Time (s),10nm_retentate,10nm_permeate,10nm_cumulative_yield,180nm_retentate,180nm_permeate,180nm_cumulative_yield,300nm_retentate,300nm_permeate,300nm_cumulative_yield,V2_{V_2},Added Buffer,Diavolumes
0,0.01,0.0,0.0,0.05,0.0,0.0,0.06,0.0,0.0,0.0,0.0,0.0
10,0.00999282415758517,1.219893210521053e-06,0.0007175842414829724,0.049968200695673405,5.405881735521371e-06,0.0006359860865319259,0.05997164544356054,4.820274594707649e-06,0.0004725759406576126,2.23971048538848e-07,2.23971048538848e-07,0.002634953512221741
20,0.009985648881139808,2.439690206232363e-06,0.001435111886019037,0.04993639944989443,1.0812093517947095e-05,0.0012720110021114228,0.05994325447754047,9.646738818120805e-06,0.0009457587076589025,4.4794209707769596e-07,4.4794209707769596e-07,0.005269907024443482
30,0.00997847412727978,3.659398362437311e-06,0.002152587272021947,0.049904586408066505,1.6220310628694445e-05,0.0019082718386699343,0.05991492477269843,1.4462788641266978e-05,0.001417920455026174,6.719131456165441e-07,6.719131456165441e-07,0.007904860536665224
40,0.009971299855847082,4.8790245059958554e-06,0.0028700144152916792,0.04987275775318741,2.163118195814069e-05,0.0025448449362518452,0.05988668983572325,1.926272792704782e-05,0.0018885027379458648,8.95884194155392e-07,8.95884194155392e-07,0.010539814048886964
50,0.009964125615270344,6.098645404041432e-06,0.003587438472965548,0.04984091392599431,2.7044632580967508e-05,0.003181721480113824,0.0598584652217539,2.406091230183762e-05,0.002358912970768394,1.11985524269424e-06,1.11985524269424e-06,0.013174767561108705
60,0.009956951287319155,7.318281155743427e-06,0.004304871268084368,0.049809055832968456,3.246050839536294e-05,0.0038188833406309335,0.05983021998523227,2.8862602510514553e-05,0.0028296669127955442,1.343826291233088e-06,1.343826291233088e-06,0.015809721073330445
70,0.009949776890221479,8.537928662348606e-06,0.00502231097785212,0.04977718373960033,3.7878764267944794e-05,0.004456325207993504,0.05980195401680309,3.3667817143475214e-05,0.003300766386615217,1.567797339771936e-06,1.567797339771936e-06,0.018444674585552188
80,0.009942602442205272,9.757584825103733e-06,0.005739755779472783,0.04974529791138041,4.329935506533086e-05,0.005094041772391865,0.05977366720711108,3.847657479111618e-05,0.0037722132148153118,1.791768388310784e-06,1.791768388310784e-06,0.021079628097773927
90,0.009935427961498496,1.0977246545255576e-05,0.006457203850150338,0.049713398613799184,4.8722235654138935e-05,0.005732027724016345,0.059745359446800976,4.328889404383407e-05,0.004244009219983733,2.015739436849632e-06,2.015739436849632e-06,0.02371458160999567
100,0.009928253466329112,1.2196910724050905e-05,0.007174653367088766,0.049681486112347135,5.41473609009868e-05,0.006370277753057269,0.059717030626517495,4.810479349202546e-05,0.004716156224708379,2.23971048538848e-06,2.23971048538848e-06,0.02634953512221741
110,0.00992107897492508,1.3416574262736476e-05,0.007892102507492045,0.049649560672514755,5.957468567249229e-05,0.007008786549704974,0.05968868063690537,5.292429172608696e-05,0.005188656051577153,2.463681533927328e-06,2.463681533927328e-06,0.02898448863443915
120,0.009913904505514357,1.4636234062559062e-05,0.008609549448564154,0.04961762255979251,6.500416483527315e-05,0.00764754880414978,0.059660309368609325,5.774740733641514e-05,0.005661510523177955,2.687652582466176e-06,2.687652582466176e-06,0.03161944214666089
130,0.009906730076324909,1.5855887024765427e-05,0.009326992367509073,0.0495856720396709,7.04357532559472e-05,0.008286559206582023,0.05963191671227408,6.257415891340663e-05,0.006134721462098688,2.9116236310050242e-06,2.9116236310050242e-06,0.034254395658882636
140,0.009899555705584692,1.707553005060234e-05,0.010044429441530786,0.0495537093776404,7.586940580113223e-05,0.008925812447192026,0.059603502558544366,6.740456504745798e-05,0.006608290690927253,3.135594679543872e-06,3.135594679543872e-06,0.036889349171104376
150,0.009892381411521666,1.8295160041316557e-05,0.010761858847833268,0.0495217348391915,8.130507733744604e-05,0.00956530321617012,0.05957506679806491,7.22386443289658e-05,0.00708222003225155,3.35956572808272e-06,3.35956572808272e-06,0.039524302683326115
160,0.009885207212363795,1.951477389815486e-05,0.011479278763620504,0.04948974868981467,8.674272273150641e-05,0.010205026203706634,0.05954660932148043,7.70764153483267e-05,0.00755651130865948,3.583536776621568e-06,3.583536776621568e-06,0.042159256195547855
170,0.009878033126339034,2.0734368522363997e-05,0.012196687366096469,0.049457751195000406,9.218229684993117e-05,0.010844976099991901,0.059518130019435664,8.191789669593726e-05,0.008031166342738948,3.807507825160416e-06,3.807507825160416e-06,0.044794209707769594
180,0.009870859171675348,2.1953940815190745e-05,0.012914082832465142,0.04942574262023919,9.762375455933808e-05,0.011485147595216244,0.05948962878257533,8.676310696219408e-05,0.00850618695707785,4.031478873699264e-06,4.031478873699264e-06,0.04742916321999134
190,0.009863685366600695,2.3173487677881872e-05,0.01363146333993051,0.0493937232310215,0.00010306705072634494,0.012125535379569992,0.059461105501544154,9.161206473749374e-05,0.008981574974264092,4.255449922238112e-06,4.255449922238112e-06,0.05006411673221308
200,0.009856511729343034,2.439300601168414e-05,0.014348827065696552,0.04936169329283783,0.0001085121402175696,0.01276613414324348,0.05943256006698687,9.646478861223282e-05,0.00945733221688557,4.479420970776961e-06,4.479420970776961e-06,0.05269907024443483
210,0.009849338278130327,2.561249271784431e-05,0.015066172186967238,0.04932965307117865,0.00011395897789962976,0.01340693857642703,0.059403992369548186,0.00010132129717680796,0.009933460507530191,4.703392019315808e-06,4.703392019315808e-06,0.05533402375665657
220,0.009842165031190534,2.6831944697609153e-05,0.015783496880946556,0.049297602831534455,0.0001194075186391433,0.014047943369310974,0.05937540229987285,0.00010618160902161575,0.010409961668785857,4.927363067854656e-06,4.927363067854656e-06,0.0579689772688783
230,0.009834992006751614,2.8051358852225434e-05,0.01650079932483849,0.04926554283939572,0.00012485771730272796,0.014689143212085639,0.05934678974860557,0.00011104574273705273,0.010886837523240463,5.151334116393505e-06,5.151334116393505e-06,0.06060393078110005
240,0.00982781922304153,2.9270732082939916e-05,0.017218077695847007,0.04923347336025293,0.00013030952875700154,0.015330532794941355,0.05931815460639109,0.00011591371691351552,0.011364089893481913,5.3753051649323526e-06,5.3753051649323526e-06,0.06323888429332179
250,0.009820646698288239,3.0490061290999373e-05,0.0179353301711761,0.04920139465959658,0.00013576290786858187,0.015972106808068452,0.059289496763874114,0.00012078555014140074,0.011841720602098111,5.599276213471202e-06,5.599276213471202e-06,0.06587383780554354
260,0.009813474450719702,3.1709343377650564e-05,0.01865255492802974,0.04916930700291714,0.00014121780950408674,0.01661385994165726,0.05926081611169939,0.00012566126101110498,0.01231973147167696,5.823247262010049e-06,5.823247262010049e-06,0.06850879131776529
270,0.00980630249856388,3.292857524414025e-05,0.01936975014361191,0.049137210655705095,0.00014667418853013393,0.017255786885898107,0.05923211254051162,0.00013054086811302478,0.01279812432480635,6.047218310548897e-06,6.047218310548897e-06,0.07114374482998702
280,0.009799131009261431,3.414772842555669e-05,0.020086899073856874,0.04910510753352974,0.00015213171929994397,0.01789784932940517,0.059203393557775416,0.00013542309517817924,0.013276774037076396,6.271189359087744e-06,6.271189359087744e-06,0.07377869834220875
290,0.009791960180718456,3.5366769277862284e-05,0.020803981928154282,0.049072999831647535,0.0001575900286199191,0.018540003367049303,0.05917466873113852,0.0001403063157064527,0.013755521147691439,6.495160407626593e-06,6.495160407626593e-06,0.0764136518544305
300,0.00978479001774599,3.658569698318172e-05,0.02152099822540101,0.04904088757594026,0.00016304911209015618,0.01918224848119484,0.05914593807164869,0.00014519052781972294,0.014234365472521856,6.71913145616544e-06,6.71913145616544e-06,0.07904860536665223
310,0.00977762052452081,3.7804510831462436e-05,0.02223794754791908,0.04900877078521951,0.00016850896651268303,0.019824584295609765,0.05911720155847392,0.00015007573505943314,0.014713307358767955,6.943102504704289e-06,6.943102504704289e-06,0.08168355887887398
320,0.009770451705219695,3.902321011265186e-05,0.022954829478030504,0.0489766494782969,0.00017396958868952744,0.020467010434062047,0.0590884591707822,0.00015496194096702634,0.015192347153630032,7.167073553243136e-06,7.167073553243136e-06,0.08431851239109571
330,0.009763283564019426,4.024179411669742e-05,0.023671643598057304,0.04894452367398402,0.0001794309754227172,0.021109526520319666,0.0590597108877415,0.0001598491490839457,0.015671485204308402,7.391044601781985e-06,7.391044601781985e-06,0.08695346590331746
340,0.009756116105096784,4.146026213354653e-05,0.024388389490321485,0.04891239339109247,0.00018489312351428007,0.021752132178150592,0.0590309566885198,0.0001647373629516343,0.016150721858003363,7.615015650320832e-06,7.615015650320832e-06,0.08958841941553919
350,0.00974894933262855,4.2678613453146645e-05,0.025105066737145083,0.04888025864843386,0.00019035602976624392,0.022394827031322808,0.059002196552285086,0.0001696265861115353,0.01663005746191522,7.83898669885968e-06,7.83898669885968e-06,0.09222337292776094
360,0.009741783250791499,4.389684736544518e-05,0.0258216749208501,0.04884811946481978,0.0001958196909806365,0.02303761070360429,0.05897343045820534,0.00017451682210509173,0.017109492363244286,8.062957747398528e-06,8.062957747398528e-06,0.09485832643998268
370,0.009734617863762413,4.511496316038957e-05,0.026538213623758567,0.04881597585906185,0.0002012841039594856,0.023680482818763008,0.05894465838544855,0.0001794080744737468,0.017589026909190862,8.286928795937377e-06,8.286928795937377e-06,0.09749327995220443
380,0.009727453175718074,4.6332960127927226e-05,0.027254682428192484,0.04878382784997165,0.00020674926550481908,0.024323443000566946,0.058915880313182685,0.00018430034675894353,0.018068661446955247,8.510899844476225e-06,8.510899844476225e-06,0.10012823346442616
390,0.00972028919083526,4.75508375580056e-05,0.027971080916473882,0.0487516754563608,0.00021221517241866466,0.02496649087278407,0.05888709622057574,0.0001891936425021251,0.018548396323737754,8.734870893015072e-06,8.734870893015072e-06,0.10276318697664791
400,0.009713125913290752,4.87685947405721e-05,0.02868740867092476,0.04871951869704088,0.00021768182150305022,0.025609626059182374,0.05885830608679568,0.00019408796524473458,0.019028231886738682,8.958841941553922e-06,8.958841941553922e-06,0.10539814048886965
410,0.009705963347261327,4.9986230965574186e-05,0.029403665273867164,0.04868735759082351,0.00022314920956000348,0.026252848183529815,0.058829509891010504,0.0001989833185282151,0.019508168483158343,9.182812990092769e-06,9.182812990092769e-06,0.10803309400109139
420,0.00969880149692377,5.120374552295925e-05,0.030119850307623083,0.04865519215652028,0.0002286173333915523,0.02689615686959438,0.05880070761238818,0.00020387970589400977,0.019988206460197035,9.406784038631617e-06,9.406784038631617e-06,0.11066804751331313
430,0.009691640366454854,5.242113770267475e-05,0.030835963354514554,0.0486230224129428,0.00023408618979972438,0.027539551741144037,0.058771899230096694,0.00020877713088356164,0.020468346165055062,9.630755087170464e-06,9.630755087170464e-06,0.11330300102553487
440,0.009684479960031364,5.36384067946681e-05,0.03155200399686358,0.04859084837890266,0.00023955577558654764,0.028183032421946776,0.058743084723304036,0.00021367559703831395,0.02094858794493274,9.854726135709313e-06,9.854726135709313e-06,0.11593795453775661
450,0.009677320281830078,5.485555208888672e-05,0.03226797181699219,0.04855867007321147,0.0002450260875540498,0.028826598535770562,0.05871426407117818,0.00021857510789970972,0.02142893214703036,1.0078697184248161e-05,1.0078697184248161e-05,0.11857290804997836
460,0.009670161336027775,5.607257287527806e-05,0.03298386639722238,0.04852648751468083,0.00025049712250425866,0.02947024970638337,0.05868543725288711,0.00022347566700919207,0.02190937911854824,1.0302668232787008e-05,1.0302668232787008e-05,0.12120786156220009
470,0.009663003126801238,5.728946844378955e-05,0.0336996873198762,0.04849430072212234,0.0002559688772392021,0.03011398555755318,0.058656604247598804,0.00022837727790820414,0.022389929206686678,1.0526639281325858e-05,1.0526639281325858e-05,0.12384281507442184
480,0.009655845658327243,5.85062380843686e-05,0.034415434167275646,0.0484621097143476,0.0002614413485609078,0.030757805713047974,0.05862776503448124,0.00023327994413818904,0.022870582758645983,1.0750610329864705e-05,1.0750610329864705e-05,0.12647776858664359
490,0.009648688934782572,5.972288108696264e-05,0.03513110652174272,0.04842991451016821,0.00026691453327140364,0.031401709796635716,0.058598919592702414,0.00023818366924058986,0.023351340121626457,1.0974581378403553e-05,1.0974581378403553e-05,0.12911272209886532
500,0.009641532960344005,6.093939674151911e-05,0.03584670396559947,0.04839771512839578,0.00027238842817271737,0.03204569743208439,0.058570067901430295,0.0002430884567568497,0.023832201642828402,1.11985524269424e-05,1.11985524269424e-05,0.13174767561108705
510,0.009634377739188321,6.215578433798545e-05,0.0365622260811679,0.0483655115878419,0.00027786303006687677,0.032689768243161964,0.058541209939832875,0.0002479943102284117,0.024313167669452133,1.1422523475481248e-05,1.1422523475481248e-05,0.13438262912330878
520,0.0096272232754923,6.337204316630906e-05,0.03727767245077003,0.04833330390731818,0.0002833383357559098,0.033333921853636435,0.058512345687078124,0.00025290123319671897,0.024794238548697937,1.1646494524020097e-05,1.1646494524020097e-05,0.13701758263553054
530,0.009620069573432722,6.458817251643739e-05,0.03799304265672787,0.04830109210563621,0.000288814342041844,0.033978157887275755,0.05848347512233403,0.0002578092292032146,0.025275414627766137,1.1870465572558944e-05,1.1870465572558944e-05,0.13965253614775228
540,0.009612916637186365,6.580417167831787e-05,0.03870833628136344,0.0482688762016076,0.0002942910457267073,0.03462247596784791,0.05845459822476858,0.00026271830178934173,0.02575669625385703,1.2094436621097794e-05,1.2094436621097794e-05,0.14228748965997404
550,0.009605764470930011,6.70200399418979e-05,0.039423552906998754,0.04823665621404395,0.0002997684436125276,0.035266875719120884,0.058425714973549744,0.0002676284544965434,0.02623808377417092,1.2318407669636641e-05,1.2318407669636641e-05,0.14492244317219577
560,0.009598613078840442,6.823577659712495e-05,0.040138692115955846,0.04820443216175686,0.00030524653250133254,0.035911356764862644,0.058396825347845516,0.0002725396908662629,0.026719577535908125,1.2542378718175489e-05,1.2542378718175489e-05,0.1475573966844175
570,0.009591462465094432,6.945138093394641e-05,0.040853753490556706,0.04817220406355794,0.00031072530919514993,0.03655591872884116,0.058367929326823866,0.0002774520144399431,0.027201177886268926,1.2766349766714336e-05,1.2766349766714336e-05,0.15019235019663923
580,0.009584312633868766,7.066685224230975e-05,0.04156873661312338,0.04813997193825878,0.0003162047704960077,0.03720056123482443,0.058339026889652784,0.0002823654287590272,0.027682885172453646,1.2990320815253184e-05,1.2990320815253184e-05,0.15282730370886097
590,0.00957716358934022,7.188218981216237e-05,0.04228364106597786,0.04810773580467098,0.00032168491320593354,0.03784528390658041,0.05831011801550025,0.0002872799373649585,0.028164699741662594,1.3214291863792031e-05,1.3214291863792031e-05,0.1554622572210827
600,0.009570015335685578,7.309739293345171e-05,0.04299846643144218,0.04807549568160614,0.0003271657341269552,0.038490086367877076,0.05828120268353424,0.0002921955437991798,0.02864662194109606,1.3438262912330882e-05,1.3438262912330882e-05,0.1580972107333045
610,0.009562867877081617,7.431246089612518e-05,0.04371321229183834,0.048043251587875875,0.0003326472300611006,0.039134968242482415,0.05825228087292274,0.0002971122516031344,0.029128652117954353,1.366223396086973e-05,1.366223396086973e-05,0.16073216424552622
620,0.009555721217705116,7.552739299013022e-05,0.044427878229488356,0.04801100354229178,0.0003381293978103974,0.039779929154164395,0.05822335256283374,0.0003020300643182654,0.029610790619437784,1.3886205009408577e-05,1.3886205009408577e-05,0.16336711775774795
630,0.009548575361732857,7.67421885054143e-05,0.04514246382671429,0.04797875156366545,0.0003436122341768736,0.040424968726691005,0.0581944177324352,0.00030694898548601596,0.030093037792746663,1.4110176057947425e-05,1.4110176057947425e-05,0.1660020712699697
640,0.009541430313341618,7.795684673192478e-05,0.0458569686658381,0.04794649567080849,0.00034909573596255685,0.04107008658383021,0.05816547636089513,0.000311869018647829,0.030575393985081273,1.4334147106486272e-05,1.4334147106486272e-05,0.16863702478219142
650,0.009534286076708181,7.917136695960913e-05,0.04657139232918184,0.0479142358825325,0.0003545798999694749,0.041715282349349986,0.058136528427381484,0.0003167901673451478,0.03105785954364194,1.4558118155025122e-05,1.4558118155025122e-05,0.17127197829441318
660,0.009527142656009324,8.038574847841477e-05,0.047285734399067504,0.04788197221764908,0.0003600647229996557,0.042360555647018315,0.05810757391106226,0.00032171243511941547,0.031540434815628966,1.478208920356397e-05,1.478208920356397e-05,0.1739069318066349
670,0.009520000055421828,8.159999057828912e-05,0.04799999445781712,0.04784970469496984,0.00036555020185512693,0.04300590610060316,0.05807861279110544,0.00032663582551207496,0.03202312014824264,1.5006060252102817e-05,1.5006060252102817e-05,0.17654188531885665
680,0.009512858279122472,8.281409254917963e-05,0.04871417208775272,0.047817433333306375,0.00037103633333791645,0.04365133333387251,0.058049645046679005,0.00033156034206456954,0.03250591588868329,1.5230031300641664e-05,1.5230031300641664e-05,0.17917683883107838
690,0.009505717331288037,8.402805368103371e-05,0.049428266871196294,0.04778515815147028,0.00037652311425005205,0.044296836970594354,0.05802067065695093,0.0003364859883183423,0.032988822384151205,1.5454002349180513e-05,1.5454002349180513e-05,0.18181179234330014
700,0.0094985772160953,8.524187326379882e-05,0.05014227839046989,0.047752879168273164,0.0003820105413935615,0.04494241663453664,0.0579916896010892,0.00034141276781483637,0.033471839981846704,1.567797339771936e-05,1.567797339771936e-05,0.18444674585552187
710,0.009491437937721045,8.645555058742232e-05,0.050856206227895474,0.047720596402526634,0.00038749861157047244,0.04558807194946734,0.0579627018582618,0.00034634068409549476,0.03395496902897007,1.590194444625821e-05,1.590194444625821e-05,0.1870816993677436
720,0.009484299500342049,8.766908494185172e-05,0.051570049965795124,0.047688309873042276,0.00039298732158281303,0.04623380253915447,0.0579337074076367,0.00035126974070176064,0.03443820987272163,1.6125915494797056e-05,1.6125915494797056e-05,0.18971665287996536
730,0.009477161908135091,8.88824756170344e-05,0.052283809186490816,0.0476560195986317,0.0003984766682326108,0.04687960802736597,0.057904706228381904,0.0003561999411750772,0.03492156286030168,1.6349886543335904e-05,1.6349886543335904e-05,0.1923516063921871
740,0.009470025165276954,9.009572190291781e-05,0.052997483472304596,0.04762372559810651,0.00040396664832189364,0.04752548803786983,0.05787569829966537,0.0003611312890568873,0.03540502833891052,1.657385759187475e-05,1.657385759187475e-05,0.19498655990440883
750,0.009462889275944415,9.130882308944937e-05,0.053711072405558447,0.047591427890278294,0.00040945725865268944,0.04817144219443405,0.05784668360065509,0.00036606378788863435,0.035888606655748466,1.67978286404136e-05,1.67978286404136e-05,0.19762151341663056
760,0.009455754244314255,9.25217784665765e-05,0.0544245755685744,0.04755912649395867,0.0004149484960270257,0.04881747012082655,0.05781766211051905,0.0003709974412117613,0.03637229815801581,1.702179968895245e-05,1.702179968895245e-05,0.20025646692885232
770,0.009448620074563254,9.373458732424663e-05,0.05513799254367448,0.047526821427959234,0.0004204403572469305,0.04946357144081535,0.05778863380842523,0.00037593225256771126,0.03685610319291287,1.7245770737491297e-05,1.7245770737491297e-05,0.20289142044107406
780,0.009441486770868193,9.494724895240722e-05,0.055851322913180707,0.04749451271109158,0.00042593283911443154,0.05010974577816841,0.05775959867354161,0.00038086822549792743,0.03734002210763994,1.7469741786030145e-05,1.7469741786030145e-05,0.20552637395329582
790,0.009434354337405849,9.615976264100567e-05,0.0565645662594151,0.04746220036216731,0.0004314259384315567,0.05075599275665372,0.05773055668503616,0.0003858053635438529,0.03782405524939734,1.7693712834568996e-05,1.7693712834568996e-05,0.20816132746551758
800,0.009427222778353003,9.73721276799894e-05,0.05727772216469964,0.04742988439999803,0.0004369196520003335,0.05140231200003923,0.05770150782207688,0.0003907436702469308,0.03830820296538537,1.7917683883107843e-05,1.7917683883107843e-05,0.2107962809777393
810,0.009420092097886437,9.858434335930586e-05,0.057990790211356384,0.04739756484339535,0.00044241397662279,0.052048703132092936,0.057672452063831744,0.00039568314914860403,0.03879246560280432,1.8141654931646687e-05,1.8141654931646687e-05,0.213431234489961
820,0.009412962300182926,9.979640896890248e-05,0.05870376998170733,0.047365241711170854,0.00044790890910095403,0.05269516577658282,0.05764338938946873,0.000400623803790316,0.03927684350885451,1.8365625980185538e-05,1.8365625980185538e-05,0.21606618800218277
830,0.009405833389419254,0.00010100832379872669,0.05941666105807451,0.04733291502213616,0.00045340444623685327,0.05334169955727685,0.05761431977815583,0.0004055656377135096,0.039761337030736234,1.8589597028724386e-05,1.8589597028724386e-05,0.21870114151440453
840,0.009398705369772201,0.0001022200871387259,0.06012946302277993,0.04730058479510285,0.00045890058483251546,0.05398830409794298,0.05758524320906101,0.00041050865445962806,0.040245946515649805,1.8813568077263233e-05,1.8813568077263233e-05,0.22133609502662627
850,0.009391578245418544,0.00010343169827884754,0.06084217545814561,0.047268251048882534,0.0004643973216899686,0.05463497902234924,0.05755615966135227,0.0004154528575701145,0.04073067231079554,1.903753912580208e-05,1.903753912580208e-05,0.223971048538848
860,0.009384452020535065,0.00010464315650903907,0.06155479794649356,0.04723591380228682,0.0004698946536112402,0.05528172395426355,0.057527069114197575,0.00042039825058641197,0.04121551476337372,1.9261510174340928e-05,1.9261510174340928e-05,0.22660600205106973
870,0.009377326699298541,0.00010585446111924788,0.06226733007014581,0.0472035730741273,0.00047539257739835845,0.05592853851745392,0.05749797154676492,0.00042534483704996355,0.04170047422058466,1.948548122287978e-05,1.948548122287978e-05,0.2292409555632915
880,0.009370202285885755,0.00010706561139942143,0.06297977141142436,0.04717122888321558,0.00048089108985335067,0.0565754223356883,0.057468866938222285,0.0004302926205022124,0.04218555102962867,1.9709452271418623e-05,1.9709452271418623e-05,0.2318759090755132
890,0.009363078784473487,0.00010827660663950715,0.06369212155265125,0.04713888124836326,0.00048639018777824495,0.05722237503273469,0.05743975526773764,0.00043524160448460175,0.04267074553770605,1.993342331995747e-05,1.993342331995747e-05,0.23451086258773493
900,0.009355956199238515,0.00010948744612945244,0.06440438007614849,0.04710653018838194,0.0004918898679750692,0.05786939623236108,0.057410636514478974,0.0004401917925385745,0.043156058092017106,2.015739436849632e-05,2.015739436849632e-05,0.23714581609995666
910,0.00934883453435762,0.00011069812915920472,0.06511654656423806,0.04707417572208323,0.0004973901272458509,0.0585164855583354,0.05738151065761427,0.0004451431882055739,0.043641489039762144,2.038136541703517e-05,2.038136541703517e-05,0.23978076961217845
920,0.00934171379400758,0.00011190865501871148,0.06582862059924205,0.04704181786827871,0.0005028909623926182,0.05916364263442566,0.05735237767631152,0.00045009579502704297,0.044127038728141464,2.0605336465574017e-05,2.0605336465574017e-05,0.24241572312440018
930,0.009334593982365176,0.00011311902299792008,0.0665406017634824,0.047009456645780004,0.0005083923702173985,0.0598108670843998,0.05732323754973868,0.0004550496165444249,0.04461270750435538,2.0829307514112864e-05,2.0829307514112864e-05,0.24505067663662192
940,0.009327475103607187,0.00011432923238677799,0.06725248963928117,0.0469770920733987,0.0005138943475222199,0.06045815853202585,0.05729409025706375,0.00046000465629916277,0.04509849571560419,2.1053278562651715e-05,2.1053278562651715e-05,0.24768563014884368
950,0.009320357161910396,0.00011553928247523264,0.06796428380896037,0.04694472416994641,0.0005193968911091101,0.06110551660107177,0.05726493577745471,0.00046496091783269976,0.04558440370908821,2.1277249611190563e-05,2.1277249611190563e-05,0.2503205836610654
960,0.00931324016145158,0.00011674917255323145,0.06867598385484203,0.04691235295423472,0.0005248999977800968,0.0617529409153055,0.05723577409007954,0.0004699184046864787,0.046070431832007715,2.150122065972941e-05,2.150122065972941e-05,0.25295553717328717
970,0.009306124106407519,0.00011795890191072183,0.06938758935924813,0.04687997844507524,0.000530403664337208,0.06240043109849505,0.057206605174106216,0.00047487712040194304,0.04655658043156304,2.1725191708268258e-05,2.1725191708268258e-05,0.2555904906855089
980,0.009299009000954992,0.00011916846983765124,0.07009909990450072,0.046847600661279576,0.0005359078875824715,0.0630479867744084,0.057177429008702735,0.0004798370685205358,0.04704284985495449,2.1949162756807105e-05,2.1949162756807105e-05,0.25822544419773064
990,0.00929189484927078,0.00012037787562396711,0.07081051507292181,0.046815219621659326,0.0005414126643179147,0.06369560756681349,0.05714824557303706,0.0004847982525837001,0.04752924044938236,2.2173133805345953e-05,2.2173133805345953e-05,0.26086039770995234
1000,0.009284781655531666,0.00012158711855961685,0.07152183444683342,0.04678283534502608,0.000546917991345566,0.06434329309947835,0.05711905484627718,0.000489760676132879,0.04801575256204695,2.23971048538848e-05,2.23971048538848e-05,0.2634953512221741
1010,0.009277669423914423,0.00012279619793454787,0.07223305760855755,0.04675044785019145,0.0005524238654674527,0.06499104299617091,0.057089856807591086,0.0004947243427095156,0.04850238654014858,2.2621075902423648e-05,2.2621075902423648e-05,0.26613030473439586
1020,0.009270558158595838,0.00012400511303870763,0.07294418414041624,0.04671805715596704,0.0005579302834856028,0.06563885688065915,0.05706065143614675,0.000499689255855053,0.04898914273088755,2.2845046950962495e-05,2.2845046950962495e-05,0.26876525824661757
1030,0.009263447863752685,0.00012521386316204352,0.07365521362473147,0.04668566328116444,0.0005634372422020442,0.06628673437671108,0.05703143871111215,0.0005046554191109343,0.049476021481464155,2.3069017999501343e-05,2.3069017999501343e-05,0.2714002117588393
1040,0.009256338543561747,0.00012642244759450302,0.0743661456438253,0.046653266244595266,0.0005689447384188044,0.06693467510809463,0.05700221861165528,0.0005096228360186027,0.049963023139078695,2.329298904804019e-05,2.329298904804019e-05,0.27403516527106103
1050,0.009249230202199803,0.0001276308656260336,0.07507697978001976,0.046620866065071105,0.0005744527689379115,0.06758267869857781,0.05697299111694411,0.0005145915101195013,0.0504501480509315,2.3516960096579038e-05,2.3516960096579038e-05,0.2766701187832828
1060,0.009242122843843632,0.00012883911654658258,0.0757877156156368,0.04658846276140357,0.0005799613305613932,0.0682307447719286,0.05694375620614663,0.0005195614449550732,0.050937396564222866,2.3740931145117886e-05,2.3740931145117886e-05,0.2793050722955045
1070,0.009235016472670015,0.00013004719964609745,0.07649835273299849,0.04655605635240425,0.0005854704200912772,0.06887887295191496,0.05691451385843082,0.0005245326440667615,0.05142476902615309,2.396490219365674e-05,2.396490219365674e-05,0.2819400258077263
1080,0.009227911092855732,0.00013125511421452558,0.0772088907144268,0.04652364685688475,0.0005909800343295914,0.06952706286230487,0.05688526405296465,0.0005295051109960093,0.051912265783922475,2.4188873242195587e-05,2.4188873242195587e-05,0.2845749793199481
1090,0.009220806708577561,0.00013246285954181453,0.07791932914224382,0.04649123429365668,0.0005964901700783636,0.0701753141268663,0.05685600676891612,0.0005344788492842596,0.05239988718473133,2.4412844290734435e-05,2.4412844290734435e-05,0.2872099328321698
1100,0.009213703324012284,0.00013367043491791154,0.07862966759877149,0.046458818681531636,0.0006020008241396216,0.07082362636936723,0.056826741985453205,0.0005394538624729556,0.05288763357577997,2.4636815339273282e-05,2.4636815339273282e-05,0.28984488634439154
1110,0.00920660094333668,0.00013487783963276418,0.07933990566633185,0.04642640003932122,0.000607511993315393,0.07147199921357564,0.05679746968174388,0.0005444301541035406,0.05337550530426868,2.486078638781213e-05,2.486078638781213e-05,0.2924798398566133
1120,0.00919949957072753,0.0001360850729763199,0.080050042927247,0.046393978385837024,0.0006130236744077058,0.07212043228325948,0.05676818983695613,0.0005494077277174575,0.053863502717397795,2.5084757436350978e-05,2.5084757436350978e-05,0.295114793368835
1130,0.00919239921036161,0.00013729213423852602,0.08076007896383881,0.046361553739890655,0.0006185358642185878,0.0727689252021868,0.05673890243025795,0.0005543865868561495,0.0543516261623676,2.5308728484889825e-05,2.5308728484889825e-05,0.29774974688105676
1140,0.009185299866415706,0.00013849902270933007,0.08147001335842943,0.046329126120293725,0.0006240485595500667,0.07341747759412548,0.056709607440817295,0.0005593667350610597,0.0548398759863784,2.5532699533428673e-05,2.5532699533428673e-05,0.30038470039327847
1150,0.009178201543066592,0.00013970573767867938,0.08217984569334079,0.046296695545857816,0.0006295617572041705,0.07406608908284358,0.056680304847802176,0.000564348175873631,0.05532825253663048,2.575667058196752e-05,2.575667058196752e-05,0.30301965390550023
1160,0.00917110424449105,0.00014091227843652138,0.08288957555089492,0.04626426203539455,0.0006350754539829268,0.07471475929210902,0.05665099463038055,0.0005693309128353067,0.05581675616032419,2.5980641630506368e-05,2.5980641630506368e-05,0.30565460741772194
1170,0.00916400797486586,0.00014211864427280362,0.08359920251341388,0.04623182560771551,0.0006405896466883632,0.07536348784568977,0.05662167676772041,0.0005743149494875301,0.05630538720465981,2.6204612679045215e-05,2.6204612679045215e-05,0.3082895609299437
1180,0.009156912738367802,0.00014332483447747346,0.08430872616321966,0.0461993862816323,0.0006461043321225081,0.07601227436735387,0.056592351238989744,0.000579300289371744,0.05679414601683763,2.6428583727584063e-05,2.6428583727584063e-05,0.3109245144421654
1190,0.009149818539173656,0.0001445308483404783,0.08501814608263429,0.046166944075956534,0.0006516195070873888,0.07666111848086925,0.056563018023356525,0.0005842869360293917,0.05728303294405801,2.665255477612291e-05,2.665255477612291e-05,0.31355946795438716
1200,0.009142725381460203,0.00014573668515176558,0.08572746185397975,0.0461344990094998,0.0006571351683850333,0.0773100198100039,0.05653367709998873,0.0005892748930019162,0.05777204833352119,2.6876525824661758e-05,2.6876525824661758e-05,0.31619442146660887
1210,0.009135633269404218,0.00014694234420128277,0.08643667305957808,0.04610205110107371,0.0006626513128174693,0.07795897797852579,0.05650432844805435,0.0005942641638307606,0.058261192532427515,2.7100496873200612e-05,2.7100496873200612e-05,0.3188293749788307
1220,0.009128542207182486,0.00014814782477897724,0.08714577928175131,0.04606960036948985,0.0006681679371867246,0.07860799261020289,0.05647497204672137,0.0005992547520573681,0.05875046588797727,2.732446792173946e-05,2.732446792173946e-05,0.32146432849105244
1230,0.009121452198971786,0.00014935312617479649,0.08785478010282145,0.04603714683355984,0.0006736850382948271,0.07925706332880318,0.056445607875157754,0.0006042466612231817,0.05923986874737075,2.75484389702783e-05,2.75484389702783e-05,0.3240992820032741
1240,0.009114363248948895,0.00015055824767868785,0.0885636751051105,0.04600469051209526,0.0006792026129438045,0.07990618975809463,0.056416235912531504,0.0006092398948696447,0.0597294014578083,2.7772410018817155e-05,2.7772410018817155e-05,0.3267342355154959
1250,0.009107275361290594,0.00015176318858059885,0.0892724638709405,0.04597223142390774,0.0006847206579356845,0.08055537152184522,0.05638685613801059,0.0006142344565382001,0.0602190643664902,2.7996381067356002e-05,2.7996381067356002e-05,0.32936918902771767
1260,0.009100188540173665,0.00015296794817047687,0.08998114598263343,0.04593976958780885,0.0006902391700724953,0.08120460824382296,0.056357468530763,0.000619230349770291,0.06070885782061677,2.822035211589485e-05,2.822035211589485e-05,0.3320041425399394
1270,0.009093102789774885,0.00015417252573826938,0.09068972102251138,0.04590730502261021,0.0006957581461562643,0.08185389954779579,0.056328073069956706,0.0006242275781073604,0.06119878216738826,2.8444323164433697e-05,2.8444323164433697e-05,0.33463909605216113
1280,0.009086018114271037,0.00015537692057392372,0.09139818857289629,0.04587483774712341,0.0007012775829890193,0.08250324505753168,0.0562986697347597,0.0006292261450908515,0.06168883775400505,2.8668294212972545e-05,2.8668294212972545e-05,0.33727404956438284
1290,0.009078934517838897,0.00015658113196738741,0.09210654821611024,0.045842367780160063,0.0007067974773727883,0.0831526443967986,0.056269258504339954,0.0006342260542622077,0.062179024927667415,2.8892265261511392e-05,2.8892265261511392e-05,0.3399090030766046
1300,0.009071852004655247,0.00015778515920860785,0.0928147995344752,0.04580989514053177,0.000712317826109599,0.08380209718936457,0.05623983935786546,0.0006392273091628717,0.06266934403557564,2.9116236310050247e-05,2.9116236310050247e-05,0.3425439565888264
1310,0.009064770578896868,0.0001589890015875324,0.09352294211031317,0.04577741984705012,0.0007178386260014792,0.08445160305899754,0.0562104122745042,0.0006442299133342867,0.06315979542493007,2.9340207358589094e-05,2.9340207358589094e-05,0.3451789101010481
1320,0.009057690244740537,0.00016019265839410857,0.09423097552594621,0.045744941918526724,0.0007233598738504568,0.08510116162946549,0.05618097723342414,0.000649233870317896,0.06365037944293098,2.9564178407127935e-05,2.9564178407127935e-05,0.3478138636132698
1330,0.009050611006363035,0.00016139612891828383,0.09493889936369636,0.045712461373773175,0.0007288815664585594,0.08575077252453639,0.056151534213793285,0.0006542391836551425,0.06414109643677866,2.978814945566679e-05,2.978814945566679e-05,0.3504488171254916
1340,0.009043532867941144,0.0001625994124500055,0.09564671320588557,0.04567997823160109,0.000734403700627815,0.08640043536797821,0.05612208319477959,0.0006592458568874694,0.06463194675367347,3.001212050420563e-05,3.001212050420563e-05,0.3530837706377133
1350,0.00903645583365164,0.00016380250827922107,0.0963544166348359,0.04564749251082205,0.0007399262731602514,0.08705014978355896,0.05609262415555106,0.0006642538935563199,0.06512293074081568,3.0236091552744484e-05,3.0236091552744484e-05,0.3557187241499351
1360,0.009029379907671305,0.00016500541569587797,0.09706200923286938,0.04561500423024767,0.0007454492808578961,0.08769991539504658,0.05606315707527566,0.000669263297203137,0.06561404874540559,3.0460062601283332e-05,3.0460062601283332e-05,0.3583536776621568
1370,0.00902230509417692,0.00016620813398992359,0.09776949058230798,0.045582513408689546,0.0007509727205227772,0.08834973182620907,0.05603368193312139,0.0006742740713693639,0.06610530111464351,3.068403364982218e-05,3.068403364982218e-05,0.36098863117437857
1380,0.009015231397345261,0.0001674106624513054,0.09847686026547375,0.04555002006495928,0.0007564965889569224,0.08899959870081438,0.056004198708256216,0.0006792862195964434,0.06659668819572974,3.090800469836103e-05,3.090800469836103e-05,0.3636235846866003
1390,0.009008158821353113,0.00016861300036997078,0.09918411786468868,0.04551752421786847,0.0007620208829623594,0.0896495156426305,0.055974707379848124,0.0006842997454258191,0.06708821033586461,3.1131975746899874e-05,3.1131975746899874e-05,0.36625853819882204
1400,0.009001087370377251,0.0001698151470358673,0.09989126296227487,0.04548502588622873,0.0007675455993411164,0.09029948227542543,0.055945207927065095,0.0006893146523989337,0.0675798678822484,3.135594679543872e-05,3.135594679543872e-05,0.36889349171104374
1410,0.008994017048594458,0.00017101710173894217,0.1005982951405542,0.04545252508885164,0.0007730707348952205,0.0909494982229671,0.05591570032907511,0.0006943309440572306,0.06807166118208142,3.157991784397757e-05,3.157991784397757e-05,0.3715284452232655
1420,0.008986947860181511,0.000172218863769143,0.1013052139818488,0.045420021844548825,0.0007785962864267002,0.09159956310902354,0.05588618456504616,0.0006993486239421527,0.06856359058256399,3.180388889251642e-05,3.180388889251642e-05,0.3741633987354872
1430,0.008979879809315193,0.0001734204324164171,0.10201201906848063,0.04538751617213187,0.0007841222507375828,0.09224967655736267,0.055856660614146215,0.0007043676955951433,0.06905565643089641,3.202785994105527e-05,3.202785994105527e-05,0.376798352247709
1440,0.008972812900172282,0.00017462180697071195,0.10271870998277173,0.045355008090412374,0.0007896486246298963,0.09289983819175249,0.055827128455543266,0.0007093881625576454,0.06954785907427896,3.225183098959412e-05,3.225183098959412e-05,0.3794333057599308
1450,0.00896574713692956,0.00017582298672197497,0.10342528630704409,0.04532249761820195,0.0007951754049056684,0.09355004763596098,0.055797588068405284,0.0007144100283711021,0.07004019885991197,3.247580203813296e-05,3.247580203813296e-05,0.38206825927215243
1460,0.008958682523763802,0.00017702397096015364,0.10413174762361978,0.04528998477431219,0.000800702588366927,0.0942003045137561,0.05576803943190026,0.0007194332965769565,0.07053267613499574,3.269977308667181e-05,3.269977308667181e-05,0.3847032127843742
1470,0.008951619064851792,0.0001782247589751953,0.10483809351482075,0.04525746957755471,0.0008062301718157,0.09485060844890586,0.05573848252519617,0.0007244579707166518,0.07102529124673057,3.292374413521066e-05,3.292374413521066e-05,0.387338166296596
1480,0.00894455676437031,0.00017942535005704746,0.10554432356296908,0.04522495204674108,0.0008117581520540153,0.09550095906517825,0.05570891732746099,0.0007294840543316311,0.07151804454231678,3.314771518374951e-05,3.314771518374951e-05,0.3899731198088177
1490,0.008937495626496133,0.00018062574349565747,0.10625043735038672,0.04519243220068294,0.0008172865258839,0.09615135598634116,0.05567934381786272,0.0007345115509633374,0.07201093636895464,3.3371686232288356e-05,3.3371686232288356e-05,0.3926080733210395
1500,0.008930435655406042,0.00018182593858097286,0.10695643445939579,0.045159910058191866,0.0008228152901073826,0.09680179883616265,0.05564976197556933,0.0007395404641532139,0.0725039670738445,3.3595657280827204e-05,3.3595657280827204e-05,0.3952430268332612
1510,0.008923376855276818,0.00018302593460294095,0.1076623144723182,0.04512738563807946,0.0008283444415264908,0.09745228723841066,0.0556201717797488,0.0007445707974427036,0.07299713700418663,3.381962832936605e-05,3.381962832936605e-05,0.39787798034548294
1520,0.00891631923028524,0.00018422573085150924,0.10836807697147602,0.04509485895915734,0.0008338739769432522,0.09810282081685318,0.05559057320956912,0.0007496025543732498,0.07349044650718135,3.40435993779049e-05,3.40435993779049e-05,0.40051293385770464
1530,0.008909262784608088,0.00018542532661662515,0.10907372153919126,0.04506233004023709,0.0008394038931596944,0.09875339919525815,0.05556096624419826,0.0007546357384862956,0.07398389593002898,3.4267570426443747e-05,3.4267570426443747e-05,0.4031478873699264
1540,0.00890220752242214,0.00018662472118823606,0.1097792477577859,0.04502979890013032,0.0008449341869778457,0.0994040219973936,0.05553135086280421,0.000759670353323284,0.0744774856199298,3.4491541474982594e-05,3.4491541474982594e-05,0.4057828408821481
1550,0.008895153447904178,0.00018782391385628946,0.11048465520958202,0.04499726555764862,0.0008504648551997336,0.10005468884702746,0.05550172704455496,0.0007647064024256582,0.07497121592408414,3.471551252352145e-05,3.471551252352145e-05,0.4084177943943699
1560,0.008888100565230983,0.00018902290391073278,0.11118994347690163,0.04496473003160361,0.0008559958946273861,0.10070539936792774,0.05547209476861847,0.000769743889334861,0.07546508718969225,3.493948357206029e-05,3.493948357206029e-05,0.41105274790659163
1570,0.008881048846909588,0.00019022169602536987,0.11189511530904109,0.04493219295168132,0.0008615271982141758,0.1013561409663736,0.055442454896848674,0.0007747826675357258,0.07595908505252214,3.516345462059914e-05,3.516345462059914e-05,0.41368770141881334
1580,0.008873998258816029,0.00019142029600127493,0.112600174118397,0.044899655091595166,0.0008670586344288222,0.1020068981680967,0.055412808515626244,0.0007798225523435386,0.07645319140622928,3.5387425669137984e-05,3.5387425669137984e-05,0.4163226549310351
1590,0.008866948805424858,0.00019261870307777396,0.11330511945751408,0.044867116489864294,0.0008725901967230697,0.10265767020271406,0.05538315565850636,0.0007848635380539201,0.07694740569156079,3.561139671767683e-05,3.561139671767683e-05,0.4189576084432568
1600,0.008859900491301684,0.00019381691647871361,0.11400995086983153,0.04483457718326248,0.0008781218788453777,0.1033084563347503,0.05535349635653335,0.0007899056193893313,0.07744172739111091,3.583536776621568e-05,3.583536776621568e-05,0.42159256195547856
1610,0.008852853321012114,0.0001950149354279406,0.11471466789878856,0.044802037208563496,0.0008836536745442056,0.10395925582873006,0.05532383064075157,0.0007949487910722333,0.07793615598747386,3.605933881475453e-05,3.605933881475453e-05,0.42422751546770027
1620,0.008845807299121756,0.00019621275914930152,0.11541927008782442,0.0447694966025411,0.0008891855775680127,0.10461006794917795,0.055294158542205374,0.000799993047825087,0.07843069096324382,3.6283309863293374e-05,3.6283309863293374e-05,0.426862468979922
1630,0.008838762430196217,0.00019741038686664307,0.11612375698037826,0.044736955401969064,0.0008947175816652583,0.10526089196061861,0.0552644800919391,0.0008050383843703536,0.07892533180101506,3.650728091183222e-05,3.650728091183222e-05,0.42949742249214373
1640,0.008831718718801106,0.00019860781780381195,0.11682812811988937,0.04470441364362116,0.0009002496805844018,0.10591172712757665,0.05523479532099709,0.000810084795430494,0.07942007798338176,3.673125196037107e-05,3.673125196037107e-05,0.4321323760043655
1650,0.00882467616950203,0.00019980505118465477,0.1175323830497969,0.044671871364271164,0.0009057818680739023,0.10656257271457673,0.05520510426042371,0.0008151322757279694,0.07991492899293817,3.695522300890992e-05,3.695522300890992e-05,0.43476732951658725
1660,0.008817634786864597,0.00020100208623301821,0.11823652131354011,0.04463932860069283,0.0009113141378822194,0.10721342798614344,0.05517540694126329,0.0008201808199852406,0.0804098843122785,3.7179194057448764e-05,3.7179194057448764e-05,0.43740228302880896
1670,0.008810594575454416,0.00020219892217274897,0.1189405424545582,0.044606785389659925,0.0009168464837578123,0.10786429220680142,0.05514570339456019,0.0008252304229247688,0.08090494342399694,3.740316510598761e-05,3.740316510598761e-05,0.4400372365410307
1680,0.008803555539837095,0.00020339555822769366,0.11964444601629037,0.044574241767946235,0.0009223788994491402,0.1085151646410753,0.05511599365135874,0.000830281079269015,0.08140010581068774,3.762713615452646e-05,3.762713615452646e-05,0.4426721900532524
1690,0.00879651768457824,0.00020459199362169898,0.12034823154217586,0.044541697772325514,0.0009279113787046627,0.10916604455348972,0.0550862777427033,0.0008353327837404401,0.0818953709549451,3.785110720306531e-05,3.785110720306531e-05,0.4453071435654742
1700,0.00878948101424346,0.00020578822757861157,0.12105189857565386,0.044509153439571535,0.0009334439152728389,0.10981693120856927,0.0550565556996382,0.0008403855310615055,0.08239073833936328,3.807507825160416e-05,3.807507825160416e-05,0.447942097077696
1710,0.008782445533398364,0.00020698425932227812,0.12175544666016358,0.04447660880645807,0.0009389765029021283,0.11046782387083859,0.05502682755320781,0.0008454393159546717,0.08288620744653644,3.829904930014301e-05,3.829904930014301e-05,0.4505770505899177
1720,0.008775411246608557,0.00020818008807654527,0.12245887533914426,0.04444406390975888,0.00094450913534099,0.11111872180482232,0.05499709333445647,0.0008504941331424002,0.08338177775905885,3.8523020348681856e-05,3.8523020348681856e-05,0.45321200410213947
1730,0.008768378158439647,0.00020937571306525973,0.12316218415603512,0.044411518786247745,0.0009500418063378836,0.11176962427504511,0.05496735307442852,0.0008555499773471518,0.08387744875952469,3.8746991397220704e-05,3.8746991397220704e-05,0.45584695761436117
1740,0.008761346273457246,0.0002105711335122681,0.12386537265427534,0.044378973472698424,0.0009555745096412683,0.11242053054603154,0.05493760680416831,0.0008606068432913875,0.0843732199305282,3.897096244575955e-05,3.897096244575955e-05,0.45848191112658293
1750,0.008754315596226957,0.0002117663486414171,0.12456844037730415,0.04434642800588468,0.0009611072389996032,0.11307143988230625,0.054907854554720185,0.0008656647256975686,0.08486909075466359,3.91949334942984e-05,3.91949334942984e-05,0.46111686463880464
1760,0.008747286131314392,0.00021296135767655337,0.1252713868685608,0.0443138824225803,0.000966639988161348,0.11372235154839387,0.054878096357128495,0.0008707236192881559,0.08536506071452508,3.9418904542837247e-05,3.9418904542837247e-05,0.4637518181510264
1770,0.008740257883285155,0.00021415615984152355,0.12597421167148443,0.044281336759559045,0.0009721727508749619,0.11437326480881903,0.054848332242437584,0.0008757835187856105,0.08586112929270691,3.9642875591376094e-05,3.9642875591376094e-05,0.46638677166324816
1780,0.008733230856704856,0.00021535075436017435,0.1266769143295143,0.04424879105359468,0.0009777055208889042,0.11502417892810636,0.05481856224169181,0.0008808444189123934,0.08635729597180326,3.986684663991494e-05,3.986684663991494e-05,0.46902172517546986
1790,0.008726205056139103,0.00021654514045635242,0.12737949438608964,0.04421624534146097,0.000983238291951634,0.11567509317078047,0.0547887863859355,0.0008859063143909656,0.08685356023440839,4.009081768845379e-05,4.009081768845379e-05,0.4716566786876916
1800,0.008719180486153503,0.0002177393173539044,0.12808195138464964,0.0441836996599317,0.0009887710578116112,0.116326006801366,0.05475900470621301,0.0008909691999437882,0.0873499215631165,4.031478873699264e-05,4.031478873699264e-05,0.4742916321999133
1810,0.008712157151313665,0.000218933284276677,0.12878428486863353,0.04415115404578062,0.0009943038122172945,0.11697691908438757,0.054729217233568696,0.0008960330702933222,0.08784637944052179,4.0538759785531484e-05,4.0538759785531484e-05,0.4769265857121351
1820,0.008705135056185195,0.00022012704044851685,0.12948649438148047,0.044118608535781506,0.0009998365489171436,0.11762782928436981,0.05469942399904689,0.0009010979201620287,0.0883429333492185,4.076273083407033e-05,4.076273083407033e-05,0.4795615392243568
1830,0.008698114205333701,0.0002213205850932706,0.13018857946662976,0.04408606316670813,0.0010053692616596177,0.11827873666583735,0.05466962503369195,0.0009061637442723688,0.08883958277180085,4.098670188260918e-05,4.098670188260918e-05,0.48219649273657855
1840,0.008691094603324793,0.00022251391743478496,0.13089053966752054,0.04405351797533426,0.0010109019441931761,0.11892964049331482,0.05463982036854822,0.0009112305373468033,0.08933632719086307,4.1210672931148034e-05,4.1210672931148034e-05,0.48483144624880037
1850,0.008684076254724078,0.00022370703669690657,0.1315923745275921,0.044020972998433654,0.0010164345902662782,0.11958054003132682,0.05461001003466004,0.0009162982941077934,0.08983316608899936,4.143464397968688e-05,4.143464397968688e-05,0.4874663997610221
1860,0.008677059164097164,0.00022489994210348212,0.13229408359028358,0.04398842827278009,0.0010219671936273834,0.12023143454439802,0.05458019406307177,0.0009213670092778001,0.09033009894880392,4.165861502822573e-05,4.165861502822573e-05,0.49010135327324383
1870,0.008670043336009656,0.00022609263287835823,0.13299566639903423,0.04395588383514735,0.0010274997480249509,0.12088232329705302,0.05455037248482774,0.0009264366775792843,0.09082712525287101,4.1882586076764576e-05,4.1882586076764576e-05,0.4927363067854656
1880,0.008663028775027167,0.00022728510824538157,0.13369712249728327,0.043923339722309176,0.00103303224720744,0.12153320555381644,0.05452054533097231,0.0009315072937347073,0.09132424448379482,4.2106557125303424e-05,4.2106557125303424e-05,0.4953712602976873
1890,0.0086560154857153,0.00022847736742839884,0.1343984514284699,0.04389079597103935,0.00103856468492331,0.12218408057921293,0.05449071263254983,0.00093657885246653,0.0918214561241696,4.233052817384227e-05,4.233052817384227e-05,0.49800621380990906
1900,0.008649003472639666,0.00022966940965125668,0.13509965273603333,0.043858252618111646,0.0010440970549210203,0.12283494763776709,0.05446087442060463,0.0009416513484972133,0.09231875965658953,4.255449922238112e-05,4.255449922238112e-05,0.5006411673221308
1910,0.00864199274036587,0.00023086123413780177,0.13580072596341278,0.04382570970029982,0.0010496293509490305,0.12348580599400358,0.05443103072618107,0.0009467247765492185,0.09281615456364888,4.2778470270919966e-05,4.2778470270919966e-05,0.5032761208343525
1920,0.008634983293459525,0.00023205284011188073,0.13650167065404747,0.04379316725437765,0.0010551615667557994,0.12413665491244696,0.05440118158032349,0.0009517991313450064,0.0933136403279418,4.3002441319458814e-05,4.3002441319458814e-05,0.5059110743465742
1930,0.008627975136486233,0.0002332442267973403,0.13720248635137663,0.0437606253171189,0.0010606936960897866,0.12478749365762193,0.05437132701407625,0.0009568744076070381,0.09381121643206256,4.322641236799766e-05,4.322641236799766e-05,0.508546027858796
1940,0.008620968274011605,0.0002344353934180271,0.13790317259883947,0.04372808392529734,0.0010662257326994515,0.1254383214940531,0.05434146705848368,0.0009619506000577747,0.09430888235860535,4.345038341653651e-05,4.345038341653651e-05,0.5111809813710178
1950,0.008613962710601247,0.00023562633919778776,0.13860372893987513,0.04369554311568674,0.0010717576703332533,0.12608913768626506,0.054311601744590134,0.0009670277034196772,0.09480663759016442,4.3674354465075356e-05,4.3674354465075356e-05,0.5138159348832394
1960,0.00860695845082077,0.00023681706336046903,0.13930415491792295,0.043663002925060874,0.0010772895027396515,0.1267399414987825,0.054281731103439965,0.0009721057124152067,0.095304481609334,4.389832551361421e-05,4.389832551361421e-05,0.5164508883954613
1970,0.008599955499235779,0.0002380075651299175,0.14000445007642207,0.0436304633901935,0.0010828212236671049,0.12739073219612998,0.05425185516607751,0.000977184621766824,0.09580241389870825,4.412229656215306e-05,4.412229656215306e-05,0.519085841907683
1980,0.008592953860411883,0.0002391978437299799,0.1407046139588117,0.04359792454785839,0.0010883528268640736,0.12804150904283215,0.05422197396354712,0.0009822644261969905,0.0963004339408814,4.4346267610691906e-05,4.4346267610691906e-05,0.5217207954199047
1990,0.00858595353891469,0.0002403878983845028,0.14140464610853104,0.043565386434829316,0.0010938843060790163,0.12869227130341365,0.05419208752689314,0.0009873451204281667,0.0967985412184477,4.457023865923075e-05,4.457023865923075e-05,0.5243557489321264
2000,0.008578954539309805,0.00024157772831733296,0.1421045460690194,0.04353284908788004,0.0010994156550603927,0.12934301824239913,0.05416219588715992,0.0009924266991828143,0.0972967352140014,4.47942097077696e-05,4.47942097077696e-05,0.5269907024443482
2010,0.00857195686616284,0.00024276733275231698,0.14280431338371585,0.043500312543784336,0.001104946867556662,0.12999374912431316,0.054132299075391806,0.0009975091571833938,0.09779501541013665,4.501818075630845e-05,4.501818075630845e-05,0.52962565595657
2020,0.008564960524039402,0.00024395671091330157,0.14350394759605972,0.04346777683931598,0.0011104779373162835,0.1306444632136804,0.05410239712263314,0.0010025924891523665,0.09829338128944769,4.5242151804847296e-05,4.5242151804847296e-05,0.5322606094687917
2030,0.008557965517505097,0.0002451458620241334,0.14420344824949022,0.04343524201124872,0.0011160088580877165,0.13129515977502546,0.05407249005992828,0.0010076766898121931,0.09879183233452873,4.5466122853386143e-05,4.5466122853386143e-05,0.5348955629810134
2040,0.008550971851125534,0.00024633478530865905,0.1449028148874465,0.04340270809635635,0.0011215396236194204,0.13194583807287297,0.05404257791832156,0.0010127617538853353,0.09929036802797404,4.569009390192499e-05,4.569009390192499e-05,0.5375305164932351
2050,0.008543979529466322,0.00024752347999072526,0.14560204705336777,0.04337017513141262,0.0011270702276598545,0.13259649737174756,0.05401266072885733,0.0010178476760942536,0.09978898785237779,4.591406495046384e-05,4.591406495046384e-05,0.5401654700054569
2060,0.008536988557093065,0.0002487119452941787,0.14630114429069332,0.0433376431531913,0.001132600663957478,0.13324713693617388,0.05398273852257995,0.001022934451161409,0.10028769129033421,4.6138035999002686e-05,4.6138035999002686e-05,0.5428004235176787
2070,0.008529998938571376,0.000249900180442866,0.14700010614286232,0.043305112198466174,0.0011381309262607504,0.1338977560306765,0.05395281133053375,0.001028022073809263,0.10078647782443755,4.6362007047541534e-05,4.6362007047541534e-05,0.5454353770299003
2080,0.008523010678466858,0.00025108818466063385,0.147698932153314,0.043272582304010994,0.0011436610083181311,0.1345483539197801,0.05392287918376308,0.001033110538760276,0.10128534693728196,4.658597809608038e-05,4.658597809608038e-05,0.5480703305421221
2090,0.008516023781345123,0.0002522759571713289,0.14839762186548758,0.043240053506599534,0.0011491909038780792,0.13519892986800927,0.053892942113312296,0.0010381998407369096,0.10178429811146172,4.680994914461923e-05,4.680994914461923e-05,0.5507052840543438
2100,0.008509038251771777,0.0002534634971987978,0.14909617482282223,0.043207525843005565,0.0011547206066890542,0.1358494831398887,0.05386300015022574,0.0010432899744616244,0.10228333082957101,4.7033920193158076e-05,4.7033920193158076e-05,0.5533402375665656
2110,0.008502054094312428,0.00025465080396688724,0.14979459056875719,0.04317499935000285,0.0011602501104995152,0.13650001299994294,0.053833053325547754,0.0010483809346568819,0.1027824445742041,4.725789124169693e-05,4.725789124169693e-05,0.5559751910787873
2120,0.008495071313532682,0.0002558378766994439,0.1504928686467317,0.043142474064365166,0.0011657794090579217,0.13715051871269665,0.05380310167032269,0.0010534727160451426,0.10328163882795516,4.748186229023577e-05,4.748186229023577e-05,0.558610144591009
2130,0.00848808991399815,0.0002570247146203144,0.1511910086001849,0.04310995002286627,0.0011713084961127332,0.13780099954267447,0.0537731452155949,0.0010585653133488677,0.10378091307341838,4.770583333877462e-05,4.770583333877462e-05,0.5612450981032308
2140,0.008481109900274439,0.0002582113169533454,0.1518890099725561,0.04307742726227995,0.0011768373654124087,0.138451454754401,0.05374318399240872,0.0010636587212905185,0.10428026679318808,4.7929804387313466e-05,4.7929804387313466e-05,0.5638800516154525
2150,0.008474131276927154,0.0002593976829223836,0.15258687230728443,0.043044905819379954,0.0011823660107054077,0.1391018836124009,0.05371321803180849,0.001068752934592556,0.10477969946985843,4.815377543585232e-05,4.815377543585232e-05,0.5665150051276743
2160,0.008467154048521906,0.0002605838117512757,0.1532845951478092,0.04301238573094006,0.0011878944257401893,0.13975228538119872,0.053683247364838586,0.001073847947977441,0.10527921058602363,4.837774648439117e-05,4.837774648439117e-05,0.569149958639896
2170,0.008460178219624304,0.0002617697026638683,0.15398217803756956,0.04297986703373404,0.0011934226042652134,0.1404026593253192,0.05365327202254333,0.0010789437561676348,0.10577879962427793,4.8601717532930016e-05,4.8601717532930016e-05,0.5717849121521178
2180,0.008453203794799951,0.0002629553548840081,0.15467962052000475,0.04294734976453565,0.0011989505400289385,0.14105300470928686,0.05362329203596707,0.001084040353885598,0.10627846606721549,4.882568858146886e-05,4.882568858146886e-05,0.5744198656643396
2190,0.00844623077861446,0.00026414076763554167,0.15537692213855392,0.04291483396011868,0.0012044782267798244,0.1417033207976264,0.05359330743615417,0.001089137735853792,0.10677820939743057,4.904965963000771e-05,4.904965963000771e-05,0.5770548191765612
2200,0.008439259175633436,0.0002653259401423158,0.15607408243665633,0.042882319657256876,0.0012100056582663307,0.1423536068548624,0.05356331825414896,0.0010942358967946774,0.1072780290975174,4.927363067854656e-05,4.927363067854656e-05,0.579689772688783
2210,0.008432288990422487,0.0002665108716281771,0.1567711009577512,0.042849806892724024,0.0012155328282369162,0.14300386214551955,0.05353332452099579,0.001099334831430716,0.10777792465007018,4.9497601727085406e-05,4.9497601727085406e-05,0.5823247262010047
2220,0.00842532022754722,0.00026769556131697226,0.15746797724527778,0.04281729570329388,0.0012210597304400405,0.14365408593412238,0.053503326267739015,0.0011044345344843683,0.10827789553768316,4.972157277562425e-05,4.972157277562425e-05,0.5849596797132265
2230,0.008418352891573246,0.0002688800084325479,0.15816471084267522,0.042784786125740215,0.0012265863586241627,0.1443042774851956,0.05347332352542297,0.0011095350006780952,0.10877794124295051,4.994554382416311e-05,4.994554382416311e-05,0.5875946332254482
2240,0.008411386987066172,0.00027006421219875074,0.15886130129338275,0.04275227819683681,0.0012321127065377424,0.14495443606326378,0.05344331632509201,0.0011146362247343583,0.1092780612484665,5.0169514872701955e-05,5.0169514872701955e-05,0.59022958673767
2250,0.008404422518591602,0.00027124817183942743,0.15955774814083964,0.04271977195335742,0.001237638767929239,0.1456045609328516,0.05341330469779048,0.0011197382013756181,0.1097782550368253,5.03934859212408e-05,5.03934859212408e-05,0.5928645402498918
2260,0.008397459490715149,0.00027243188657842456,0.16025405092848502,0.042687267432075814,0.0012431645365471114,0.14625465135848367,0.05338328867456273,0.0011248409253243358,0.11027852209062115,5.061745696977965e-05,5.061745696977965e-05,0.5954994937621135
2270,0.008390497908002417,0.0002736153556395889,0.16095020919975817,0.04265476466976577,0.0012486900061398193,0.1469047066046846,0.05335326828645311,0.0011299443913029726,0.11077886189244829,5.08414280183185e-05,5.08414280183185e-05,0.5981344472743352
2280,0.008383537775019016,0.000274798578246767,0.16164622249809824,0.042622263703201047,0.0012542151704558217,0.147554725935979,0.05332324356450595,0.0011350485940339894,0.1112792739249009,5.1065399066857345e-05,5.1065399066857345e-05,0.6007694007865569
2290,0.008376579096330553,0.0002759815536238057,0.16234209036694452,0.04258976456915542,0.0012597400232435784,0.14820470861689153,0.053293214539765606,0.0011401535282398471,0.11177975767057324,5.128937011539619e-05,5.128937011539619e-05,0.6034043542987787
2300,0.008369621876502637,0.0002771642809945515,0.16303781234973616,0.04255726730440266,0.0012652645582515482,0.14885465391194683,0.05326318124327643,0.001145259188643007,0.11228031261205951,5.151334116393504e-05,5.151334116393504e-05,0.6060393078110005
2310,0.008362666120100875,0.0002783467595828511,0.16373338798991238,0.04252477194571652,0.0012707887692281908,0.14950456108566948,0.053233143706082765,0.00115036556996593,0.1127809382319539,5.173731221247389e-05,5.173731221247389e-05,0.6086742613232222
2320,0.008355711831690874,0.0002795289886125512,0.16442881683091248,0.042492278529870794,0.0012763126499219654,0.1501544294025841,0.05320310195922896,0.001155472666931077,0.11328163401285067,5.1961283261012735e-05,5.1961283261012735e-05,0.6113092148354439
2330,0.008348759015838243,0.0002807109673074985,0.16512409841617556,0.04245978709363923,0.0012818361940813313,0.1508042581272154,0.05317305603375936,0.0011605804742609092,0.11378239943734404,5.218525430955158e-05,5.218525430955158e-05,0.6139441683476656
2340,0.00834180767710859,0.0002818926948915396,0.16581923228914094,0.0424272976737956,0.0012873593954547478,0.15145404652408795,0.05314300596071831,0.0011656889866778876,0.1142832339880282,5.240922535809043e-05,5.240922535809043e-05,0.6165791218598874
2350,0.008334857820067522,0.0002830741705885212,0.16651421799324773,0.04239481030711368,0.0012928822477906742,0.15210379385772638,0.053112951771150156,0.0011707981989044732,0.11478413714749738,5.263319640662928e-05,5.263319640662928e-05,0.6192140753721092
2360,0.008327909449280647,0.0002842553936222899,0.1672090550719352,0.042362325030367236,0.00129840474483757,0.15275349939265528,0.05308289349609925,0.0011759081056631274,0.11528510839834581,5.2857167455168125e-05,5.2857167455168125e-05,0.6218490288843308
2370,0.008320962569313573,0.0002854363632166924,0.16790374306864259,0.04232984188033003,0.0013039268803438945,0.15340316239339932,0.05305283116660994,0.0011810187016763104,0.11578614722316768,5.308113850370697e-05,5.308113850370697e-05,0.6244839823965526
2380,0.008314017184731909,0.00028661707859557544,0.16859828152680906,0.04229736089377584,0.001309448648058107,0.15405278212448312,0.053022764813726565,0.001186129981666484,0.11628725310455726,5.330510955224582e-05,5.330510955224582e-05,0.6271189359087743
2390,0.008307073300101261,0.00028779753898278555,0.16929266998987386,0.04226488210747843,0.0013149700417286665,0.15470235785043132,0.05299269446849348,0.001191241940356109,0.11678842552510872,5.352908060078467e-05,5.352908060078467e-05,0.6297538894209961
2400,0.008300130919987237,0.00028897774360216947,0.16998690800127614,0.04223240555821157,0.001320491055104033,0.15535188883576856,0.05296262016195502,0.0011963545724676464,0.1172896639674163,5.3753051649323516e-05,5.3753051649323516e-05,0.6323888429332177
2410,0.008293190048955446,0.0002901576916775739,0.17068099510445522,0.04219993128274903,0.001326011681932665,0.15600137434501937,0.05293254192515555,0.001201467872723557,0.1177909679140742,5.397702269786236e-05,5.397702269786236e-05,0.6350237964454395
2420,0.008286250691571496,0.00029133738243284545,0.17137493084285024,0.04216745931786457,0.0013315319159630226,0.1566508136427085,0.0529024597891394,0.0012065818358463023,0.11829233684767669,5.420099374640122e-05,5.420099374640122e-05,0.6376587499576614
2430,0.008279312852400994,0.00029251681509183077,0.17206871475990043,0.04213498970033197,0.0013370517509435646,0.1573002059933605,0.052872373784950924,0.0012116964565583432,0.11879377025081796,5.442496479494006e-05,5.442496479494006e-05,0.640293703469883
2440,0.008272376536009549,0.0002936959888783766,0.17276234639904503,0.042102522466924995,0.0013425711806227506,0.15794955066150004,0.05284228394363447,0.0012168117295821403,0.11929526760609219,5.464893584347891e-05,5.464893584347891e-05,0.6429286569821048
2450,0.008265441746962766,0.0002948749030163295,0.17345582530372322,0.04207005765441741,0.00134809019874904,0.15859884691165174,0.052812190296234386,0.001221927649640155,0.11979682839609362,5.487290689201776e-05,5.487290689201776e-05,0.6455636104943265
2460,0.008258508489826257,0.00029605355672953623,0.17414915101737424,0.04203759529958299,0.0013536087990708916,0.15924809400834017,0.05278209287379501,0.0012270442114548485,0.12029845210341651,5.50968779405566e-05,5.50968779405566e-05,0.6481985640065482
2470,0.008251576769165625,0.00029723194924184345,0.1748423230834373,0.0420051354391955,0.0013591269753367651,0.15989729121609,0.052751991707360696,0.0012321614097486817,0.12080013821065506,5.5320848989095455e-05,5.5320848989095455e-05,0.65083351751877
2480,0.008244646589546484,0.00029841007977709767,0.17553534104535154,0.04197267811002871,0.0013646447212951201,0.16054643779942587,0.052721886827975795,0.0012372792392441154,0.12130188620040347,5.5544820037634296e-05,5.5544820037634296e-05,0.6534684710309917
2490,0.008237717955534435,0.00029958794755914576,0.17622820444655632,0.04194022334885638,0.0013701620306944156,0.16119553302287237,0.05269177826668464,0.0012423976946636108,0.12180369555525596,5.576879108617315e-05,5.576879108617315e-05,0.6561034245432135
2500,0.008230790871695091,0.00030076555181183433,0.17692091283049077,0.04190777119245229,0.0013756788972831106,0.16184457615095416,0.0526616660545316,0.001247516770729629,0.12230556575780674,5.5992762134712e-05,5.5992762134712e-05,0.6587383780554352
2510,0.008223865342594058,0.00030194289175901,0.17761346574059408,0.041875321677590206,0.0013811953148096653,0.1624935664481959,0.052631550222561,0.0012526364621646311,0.12280749629065012,5.621673318325085e-05,5.621673318325085e-05,0.661373331567657
2520,0.008216941372796945,0.0003031199666245194,0.1783058627203055,0.04184287484104389,0.001386711277022538,0.16314250317912207,0.052601430801817194,0.0012577567636910777,0.12330948663638015,5.644070423178969e-05,5.644070423178969e-05,0.6640082850798786
2530,0.008210018966869357,0.00030429677563220925,0.17899810331306423,0.04181043071958712,0.001392226777670189,0.1637913856082575,0.05257130782334453,0.0012628776700314304,0.12381153627759123,5.666467528032855e-05,5.666467528032855e-05,0.6666432385921005
2540,0.008203098129376904,0.00030547331800592623,0.17969018706230952,0.04177798934999366,0.001397741810501077,0.16444021300012668,0.05254118131818736,0.0012679991759081497,0.12431364469687743,5.6888646328867395e-05,5.6888646328867395e-05,0.6692781921043223
2550,0.008196178864885193,0.000306649592969517,0.18038211351148056,0.041745550769037285,0.0014032563692636614,0.16508898461925425,0.05251105131739002,0.001273121276043697,0.12481581137683304,5.7112617377406235e-05,5.7112617377406235e-05,0.6719131456165439
2560,0.008189261177959834,0.00030782559974682817,0.18107388220401657,0.04171311501349175,0.0014087704477064016,0.16573769973016486,0.052480917851996864,0.0012782439651605336,0.12531803580005232,5.733658842594509e-05,5.733658842594509e-05,0.6745480991287657
2570,0.008182345073166432,0.00030900133756170644,0.1817654926833567,0.04168068212013084,0.0014142840395777571,0.16638635759738316,0.05245078095305224,0.0012833672379811197,0.12582031744912936,5.756055947448394e-05,5.756055947448394e-05,0.6771830526409874
2580,0.008175430555070596,0.0003101768056379985,0.18245694449294025,0.04164825212572831,0.0014197971386261871,0.16703495748543376,0.052420640651600486,0.001288491089227917,0.12632265580665852,5.7784530523022785e-05,5.7784530523022785e-05,0.6798180061532092
2590,0.008168517628237934,0.00031135200319955096,0.18314823717620643,0.04161582506705794,0.0014253097386001507,0.16768349865884122,0.05239049697868597,0.0012936155136233861,0.12682505035523395,5.800850157156163e-05,5.800850157156163e-05,0.682452959665431
2600,0.008161606297234055,0.0003125269294702106,0.18383937027659444,0.041583400980893484,0.0014308218332481078,0.1683319803821303,0.052360349965353006,0.0012987405058899886,0.12732750057744985,5.823247262010048e-05,5.823247262010048e-05,0.6850879131776526
2610,0.008154696566624564,0.0003137015836738239,0.18453034333754345,0.041550979904008724,0.001436333416318517,0.1689804019198255,0.05233019964264597,0.0013038660607501851,0.1278300059559005,5.845644366863933e-05,5.845644366863933e-05,0.6877228666898744
2620,0.008147788440975072,0.0003148759650342377,0.18522115590249275,0.04151856187317742,0.001441844481559838,0.1696287625364515,0.0523000460416092,0.0013089921729264368,0.12833256597318007,5.8680414717178175e-05,5.8680414717178175e-05,0.6903578202020961
2630,0.008140881924851184,0.0003160500727752985,0.18591180751488143,0.04148614692517335,0.00144735502272053,0.1702770614965329,0.05226988919328703,0.0013141188371412044,0.12883518011188277,5.890438576571702e-05,5.890438576571702e-05,0.6929927737143179
2640,0.00813397702281851,0.0003172239061208531,0.18660229771814885,0.04145373509677028,0.0014528650335490527,0.1709252980645944,0.05223972912872383,0.0013192460481169497,0.12933784785460292,5.912835681425587e-05,5.912835681425587e-05,0.6956277272265396
2650,0.008127073739442657,0.00031839746429474815,0.18729262605573418,0.04142132642474197,0.0014583745077938652,0.17157347150516059,0.05220956587896393,0.001324373800576133,0.1298405686839346,5.935232786279472e-05,5.935232786279472e-05,0.6982626807387613
2660,0.008120172079289233,0.0003195707465208302,0.18798279207107657,0.0413889209458622,0.0014638834392034265,0.172221581082756,0.05217939947505167,0.0013295020892412153,0.13034334208247209,5.9576298911333565e-05,5.9576298911333565e-05,0.7008976342509831
2670,0.008113272046923846,0.00032074375202294616,0.18867279530761538,0.04135651869690472,0.0014693918215261965,0.17286962606190542,0.05214922994803142,0.001334630908834658,0.1308461675328096,5.980026995987241e-05,5.980026995987241e-05,0.7035325877632048
2680,0.008106373646912102,0.0003219164800249424,0.1893626353087896,0.04132411971464333,0.0014748996485106339,0.17351760570713337,0.05211905732894752,0.0013397602540789221,0.1313490445175414,6.002424100841126e-05,6.002424100841126e-05,0.7061675412754266
2690,0.008099476883819613,0.0003230889297506657,0.19005231161803862,0.041291724035851775,0.0014804069139051986,0.1741655192829645,0.0520888816488443,0.001344890119696469,0.13185197251926165,6.024821205695011e-05,6.024821205695011e-05,0.7088024947876482
2700,0.008092581762211982,0.0003242611004239628,0.19074182377880164,0.04125933169730382,0.0014859136114583496,0.17481336605392345,0.052058702938766126,0.0013500205004097587,0.13235495102056458,6.0472183105488955e-05,6.0472183105488955e-05,0.71143744829987
2710,0.00808568828665482,0.00032543299126868027,0.19143117133451779,0.04122694273577326,0.0014914197349185465,0.17546114528453485,0.05202852122975733,0.001355151390941253,0.1328579795040444,6.069615415402781e-05,6.069615415402781e-05,0.7140724018120919
2720,0.008078796461713736,0.00032660460150866485,0.19212035382862636,0.04119455718803383,0.001496925278034248,0.17610885623932326,0.051998336552862276,0.001360282786013413,0.13336105745229537,6.092012520256665e-05,6.092012520256665e-05,0.7167073553243135
2730,0.008071906291954334,0.0003277759303677632,0.19280937080456653,0.04116217509085933,0.0015024302345539142,0.17675649818281342,0.0519681489391253,0.0013654146803486994,0.1338641843479117,6.114409625110551e-05,6.114409625110551e-05,0.7193423088365354
2740,0.008065017781942223,0.00032894697706982185,0.19349822180577753,0.0411297964810235,0.0015079345982260042,0.17740407037952988,0.05193795841959074,0.0013705470686695732,0.13436735967348756,6.136806729964436e-05,6.136806729964436e-05,0.7219772623487571
2750,0.008058130936243014,0.0003301177408386876,0.19418690637569858,0.041097421395300135,0.0015134383627989768,0.17805157209399725,0.05190776502530297,0.0013756799456984955,0.13487058291161722,6.15920383481832e-05,6.15920383481832e-05,0.7246122158609788
2760,0.00805124575942231,0.00033128822089820706,0.19487542405776884,0.041065049870462986,0.001518941522021292,0.1786990025907402,0.05187756878730631,0.0013808133061579278,0.13537385354489487,6.181600939672205e-05,6.181600939672205e-05,0.7272471693732006
2770,0.008044362256045722,0.0003324584164722269,0.19556377439542758,0.041032681943285826,0.001524444069641409,0.17934636113428337,0.05184736973664512,0.0013859471447703305,0.13587717105591476,6.20399804452609e-05,6.20399804452609e-05,0.7298821228854223
2780,0.008037480430678859,0.0003336283267845939,0.19625195693211403,0.04100031765054243,0.001529945999407787,0.17999364698915138,0.051817167904363734,0.001391081456258165,0.13638053492727106,6.226395149379975e-05,6.226395149379975e-05,0.7325170763976441
2790,0.008030600287887326,0.00033479795105915457,0.19693997121126738,0.04096795702900656,0.001535447305068885,0.1806408594198688,0.05178696332150652,0.001396216235343892,0.13688394464155804,6.24879225423386e-05,6.24879225423386e-05,0.7351520299098658
2800,0.00802372183223673,0.0003359672885197556,0.19762781677632682,0.040935600115451984,0.0015409479803731628,0.1812879976909603,0.051756756019117806,0.0014013514767499727,0.13738739968136987,6.271189359087744e-05,6.271189359087744e-05,0.7377869834220875
2810,0.008016845068292684,0.0003371363383902437,0.19831549317073158,0.04090324694665247,0.0015464480190690796,0.1819350610669505,0.05172654602824195,0.0014064871751988685,0.1378908995293008,6.293586463941629e-05,6.293586463941629e-05,0.7404219369343092
2820,0.00800997000062079,0.0003383050998944655,0.19900299993792084,0.040870897559381794,0.0015519474149050948,0.18258204881236406,0.0516963333799233,0.00141162332541304,0.1383944436679451,6.315983568795514e-05,6.315983568795514e-05,0.743056890446531
2830,0.00800309663378666,0.00033947357225626773,0.19969033662133395,0.04083855199041372,0.0015574461616296674,0.18322896019172555,0.05166611810520619,0.0014167599221149483,0.13889803157989689,6.338380673649399e-05,6.338380673649399e-05,0.7456918439587528
2840,0.0079962249723559,0.0003406417546994969,0.2003775027644099,0.040806210276522016,0.001562944252991257,0.1838757944695596,0.05163590023513498,0.0014218969600270541,0.1394016627477504,6.360777778503283e-05,6.360777778503283e-05,0.7483267974709744
2850,0.007989355020894118,0.0003418096464479999,0.20106449791058814,0.04077387245448045,0.001568441682738323,0.1845225509103909,0.051605679800754006,0.0014270344338718193,0.13990533665409993,6.383174883357168e-05,6.383174883357168e-05,0.7509617509831962
2860,0.007982486783966921,0.0003429772467256232,0.20175132160330772,0.040741538561062794,0.0015739384446193244,0.185169228778744,0.05157545683310762,0.0014321723383717044,0.14040905278153964,6.405571988211053e-05,6.405571988211053e-05,0.7535967044954179
2870,0.00797562026613992,0.0003441445547562135,0.2024379733860079,0.040709208633042816,0.001579434532382721,0.18581582733914362,0.05154523136324018,0.0014373106682491702,0.14091281061266375,6.427969093064938e-05,6.427969093064938e-05,0.7562316580076397
2880,0.00796875547197872,0.00034531156976361763,0.203124452802128,0.04067688270719429,0.0015849299397769716,0.18646234585611426,0.05151500342219601,0.0014424494182266783,0.1414166096300665,6.450366197918822e-05,6.450366197918822e-05,0.7588666115198615
2890,0.007961892406048929,0.0003464782909716821,0.20381075939510707,0.04064456082029096,0.0015904246605505361,0.1871087835941807,0.05148477304101948,0.0014475885830266895,0.1419204493163421,6.472763302772707e-05,6.472763302772707e-05,0.7615015650320831
2900,0.007955031072916155,0.0003476447176042535,0.2044968927083844,0.040612243009106624,0.0015959186884518732,0.1877551398178674,0.05145454025075492,0.0014527281573716644,0.14242432915408476,6.495160407626592e-05,6.495160407626592e-05,0.7641365185443049
2910,0.007948171477146007,0.0003488108488851787,0.20518285228539923,0.04057992931041504,0.0016014120172294427,0.1884014137916991,0.05142430508244668,0.0014578681359840647,0.14292824862588868,6.517557512480477e-05,6.517557512480477e-05,0.7667714720565266
2920,0.007941313623304093,0.0003499766840383042,0.20586863766959068,0.04054761976098998,0.0016069046406317036,0.1890476047802004,0.051394067567139115,0.001463008513586351,0.14343220721434813,6.539954617334361e-05,6.539954617334361e-05,0.7694064255687484
2930,0.007934457515956018,0.00035114222228747676,0.20655424840439807,0.0405153143976052,0.0016123965524071156,0.18969371204789592,0.05136382773587656,0.0014681492849009845,0.1439362044020573,6.562351722188246e-05,6.562351722188246e-05,0.77204137908097
2940,0.007927603159667394,0.00035230746285654297,0.20723968403326054,0.04048301325703448,0.0016178877463041376,0.19033973485931027,0.05133358561970337,0.0014732904446504262,0.1444402396716104,6.584748827042131e-05,6.584748827042131e-05,0.7746763325931918
2950,0.007920750559003825,0.0003534724049693496,0.20792494409961737,0.04045071637605159,0.001623378216071229,0.19098567247896808,0.0513033412496639,0.0014784319875571373,0.1449443125056017,6.607145931896016e-05,6.607145931896016e-05,0.7773112861054136
2960,0.00791389971853092,0.0003546370478497432,0.20861002814690774,0.04041842379143029,0.0016288679554568497,0.19163152417139404,0.05127309465680248,0.0014835739083435785,0.14544842238662534,6.6295430367499e-05,6.6295430367499e-05,0.7799462396176353
2970,0.00790705064281429,0.00035580139072157043,0.2092949357185708,0.040386135539944364,0.0016343569582094584,0.19227728920111273,0.05124284587216347,0.001488716201732211,0.14595256879727556,6.651940141603785e-05,6.651940141603785e-05,0.7825811931298571
2980,0.00790020333641954,0.0003569654328086781,0.20997966635804594,0.04035385165836756,0.0016398452180775146,0.19292296683264873,0.0512125949267912,0.001493858862445496,0.14645675122014665,6.67433724645767e-05,6.67433724645767e-05,0.7852161466420787
2990,0.007893357803912277,0.0003581291733349127,0.21066421960877216,0.04032157218347366,0.0016453327288094774,0.19356855633052672,0.05118234185173003,0.0014990018852058945,0.1469609691378328,6.696734351311555e-05,6.696734351311555e-05,0.7878511001543005
3000,0.00788651404985811,0.0003592926115241211,0.21134859501418884,0.04028929715203643,0.0016508194841538064,0.1942140569592713,0.05115208667802431,0.001504145264735867,0.14746522203292814,6.71913145616544e-05,6.71913145616544e-05,0.7904860536665222
3010,0.007879672078822647,0.00036045574660014984,0.21203279211773518,0.04025702660082964,0.0016563054778589614,0.1948594679834072,0.051121829436718384,0.0015092889957578751,0.14796950938802697,6.741528561019324e-05,6.741528561019324e-05,0.793121007178744
3020,0.007872831895371496,0.00036161857778684546,0.21271681046285026,0.04022476056662705,0.001661790703673401,0.1955047886674589,0.05109157015885659,0.0015144330729943798,0.1484738306857235,6.763925665873209e-05,6.763925665873209e-05,0.7957559606909657
3030,0.007865993504070265,0.0003627811043080549,0.21340064959297342,0.04019249908620244,0.0016672751553455847,0.1961500182759511,0.05106130887548328,0.001519577491167842,0.14897818540861194,6.786322770727094e-05,6.786322770727094e-05,0.7983909142031874
3040,0.007859156909484561,0.00036394332538762454,0.21408430905154383,0.040160242196329576,0.0016727588266239714,0.1967951560734084,0.05103104561764281,0.0015247222450007225,0.1494825730392865,6.808719875580978e-05,6.808719875580978e-05,0.8010258677154092
3050,0.007852322116179991,0.0003651052402494012,0.2147677883820007,0.04012798993378222,0.0016782417112570216,0.19744020132435544,0.05100078041637951,0.0015298673292154829,0.14998699306034147,6.831116980434863e-05,6.831116980434863e-05,0.8036608212276309
3060,0.007845489128722166,0.0003662668481172316,0.21545108712778327,0.04009574233533415,0.0016837238029931935,0.19808515329331686,0.05097051330273775,0.0015350127385345838,0.15049144495437095,6.853514085288748e-05,6.853514085288748e-05,0.8062957747398526
3070,0.007838657951676691,0.00036742814821496227,0.2161342048323307,0.04006349943775914,0.0016892050955809468,0.19873001124481723,0.050940244307761846,0.0015401584676804862,0.15099592820396923,6.875911190142633e-05,6.875911190142633e-05,0.8089307282520743
3080,0.007831828589609176,0.00036858913976643996,0.2168171410390823,0.04003126127783093,0.0016946855827687413,0.19937477444338128,0.05090997346249617,0.0015453045113756514,0.15150044229173054,6.898308294996519e-05,6.898308294996519e-05,0.8115656817642962
3090,0.007825001047085226,0.0003697498219955113,0.21749989529147723,0.03999902789232332,0.0017001652583050358,0.2000194421535336,0.05087970079798506,0.0015504508643425406,0.15200498670024906,6.920705399850404e-05,6.920705399850404e-05,0.814200635276518
3100,0.007818175328670452,0.000370910194126023,0.21818246713295467,0.03996679931801006,0.0017056441159382894,0.20066401363979872,0.05084942634527286,0.0015555975213036141,0.152509560912119,6.943102504704288e-05,6.943102504704288e-05,0.8168355887887397
3110,0.00781135143893046,0.00037207025538182165,0.2188648561069539,0.039934575591664925,0.0017111221494169617,0.20130848816670133,0.050819150135403925,0.0015607444769813335,0.15301416440993465,6.965499609558172e-05,6.965499609558172e-05,0.8194705423009613
3120,0.007804529382430858,0.00037323000498675396,0.21954706175691407,0.03990235675006169,0.0017165993524895125,0.20195286499876616,0.05078887219942259,0.0015658917260981597,0.15351879667629015,6.987896714412058e-05,6.987896714412058e-05,0.8221054958131833
3130,0.0077977091637372545,0.00037438944216466657,0.22022908362627444,0.039870142829974115,0.0017220757189044006,0.20259714340051768,0.050758592568373215,0.0015710392633765538,0.15402345719377977,7.010293819265941e-05,7.010293819265941e-05,0.8247404493254048
3140,0.007790890787415257,0.0003755485661394062,0.2209109212584742,0.03983793386817597,0.0017275512424100852,0.20324132263648056,0.05072831127330014,0.0015761870835389771,0.15452814544499774,7.032690924119827e-05,7.032690924119827e-05,0.8273754028376267
3150,0.007784074258030473,0.00037670737613481947,0.2215925741969526,0.039805729901441024,0.001733025916755026,0.2038854019711795,0.05069802834524771,0.0015813351813078898,0.15503286091253823,7.055088028973711e-05,7.055088028973711e-05,0.8300103563498482
3160,0.007777259580148511,0.00037786587137475297,0.22227404198514877,0.03977353096654304,0.0017384997356876821,0.20452938066913903,0.05066774381526027,0.0015864835514057536,0.15553760307899545,7.077485133827597e-05,7.077485133827597e-05,0.8326453098620702
3170,0.0077704467583349784,0.0003790240510830535,0.22295532416650204,0.039741337100255805,0.0017439726929565132,0.20517325799488387,0.05063745771438218,0.0015916321885550296,0.15604237142696367,7.099882238681482e-05,7.099882238681482e-05,0.8352802633742918
3180,0.007763635797155484,0.00038018191448356775,0.22363642028445158,0.039709148339353066,0.001749444782309978,0.20581703321293854,0.050607170073657774,0.0015967810874781786,0.15654716543903713,7.122279343535368e-05,7.122279343535368e-05,0.8379152168865138
3190,0.007756826701175633,0.00038133946080014225,0.2243173298824366,0.03967696472060861,0.0017549159974965364,0.20646070558782778,0.0505768809241314,0.0016019302428976613,0.15705198459780992,7.144676448389252e-05,7.144676448389252e-05,0.8405501703987355
3200,0.007750019474961036,0.0003824966892566237,0.22499805250389626,0.03964478628079619,0.0017603863322646473,0.2071042743840761,0.05054659029684742,0.0016070796495359393,0.1575568283858764,7.167073553243136e-05,7.167073553243136e-05,0.8431851239109571
3210,0.0077432141230773,0.0003836535990768587,0.2256785876922698,0.03961261305668959,0.0017658557803627703,0.20774773886620823,0.050516298222850156,0.0016122293021154734,0.15806169628583072,7.18947065809702e-05,7.18947065809702e-05,0.8458200774231789
3220,0.007736410650090033,0.0003848101894846942,0.22635893499099655,0.03958044508506256,0.0017713243355393644,0.20839109829874872,0.05048600473318397,0.0016173791953587248,0.15856658778026714,7.211867762950907e-05,7.211867762950907e-05,0.8484550309354008
3230,0.007729609060564843,0.00038596645970397645,0.22703909394351554,0.039548282402688886,0.0017767919915428892,0.20903435194622222,0.050455709858893215,0.001622529323988154,0.1590715023517798,7.234264867804789e-05,7.234264867804789e-05,0.8510899844476222
3240,0.007722809359067337,0.00038712240895855246,0.22771906409326612,0.039516125046342325,0.0017822587421218044,0.20967749907315344,0.05042541363102222,0.0016276796827262227,0.15957643948296302,7.256661972658675e-05,7.256661972658675e-05,0.853724937959844
3250,0.007716011550163124,0.0003882780364722688,0.2283988449836875,0.039483973052796655,0.0017877245810245688,0.21032053894406688,0.050395116080615344,0.0016328302662953916,0.16008139865641094,7.27905907751256e-05,7.27905907751256e-05,0.8563598914720658
3260,0.007709215638417811,0.00038943334146897203,0.2290784361582188,0.03945182645882563,0.0017931895019996417,0.21096347082348724,0.05036481723871693,0.001637981069418122,0.16058637935471784,7.301456182366446e-05,7.301456182366446e-05,0.8589948449842877
3270,0.0077024216283970055,0.0003905883231725088,0.22975783716029927,0.039419685301203045,0.0017986534987954827,0.21160629397593908,0.050334517136371326,0.0016431320868168743,0.16109138106047785,7.323853287220329e-05,7.323853287220329e-05,0.8616297984965092
3280,0.007695629524666317,0.00039174298080672603,0.23043704753336822,0.03938754961670264,0.0018041165651605507,0.2122490076659471,0.05030421580462288,0.00164828331321411,0.1615964032562853,7.346250392074215e-05,7.346250392074215e-05,0.8642647520087311
3290,0.007688839331791352,0.00039289731359547014,0.23111606682086477,0.0393554194420982,0.0018095786948433058,0.21289161115803593,0.05027391327451594,0.0016534347433322903,0.16210144542473434,7.3686474969281e-05,7.3686474969281e-05,0.8668997055209529
3300,0.007682051054337718,0.0003940513207625878,0.2317948945662281,0.03932329481416349,0.001815039881592206,0.21353410371673007,0.050243609577094846,0.0016585863718938758,0.1626065070484192,7.391044601781983e-05,7.391044601781983e-05,0.8695346590331745
3310,0.007675264696871024,0.0003952050015319257,0.23247353031289744,0.03929117576967228,0.0018205001191557123,0.21417648460655433,0.05021330474340395,0.001663738193621328,0.1631115876099341,7.413441706635868e-05,7.413441706635868e-05,0.8721696125453962
3320,0.007668480263956877,0.0003963583551273306,0.2331519736043121,0.03925906234539833,0.0018259594012822828,0.21481875309203324,0.0501829988044876,0.0016688902032371076,0.16361668659187328,7.435838811489754e-05,7.435838811489754e-05,0.8748045660576181
3330,0.007661697760160886,0.0003975113807726492,0.23383022398391126,0.039226954578115425,0.0018314177217203776,0.21546090843769145,0.05015269179139014,0.0016740423954636758,0.16412180347683097,7.458235916343639e-05,7.458235916343639e-05,0.8774395195698398
3340,0.007654917190048658,0.000398664077691728,0.2345082809951341,0.039194852504597325,0.0018368750742184553,0.21610294990805354,0.05012238373515592,0.001679194765023493,0.16462693774740128,7.480633021197524e-05,7.480633021197524e-05,0.8800744730820615
3350,0.0076481385581858,0.00039981644510841377,0.23518614418141984,0.03916275616161779,0.0018423314525249758,0.21674487676764417,0.05009207466682929,0.0016843473066390216,0.16513208888617859,7.503030126051409e-05,7.503030126051409e-05,0.8827094265942833
3360,0.007641361869137922,0.0004009684822465531,0.23586381308620769,0.039130665585950596,0.0018477868503883979,0.21738668828098795,0.05006176461745458,0.0016895000150327214,0.165637256375757,7.525427230905293e-05,7.525427230905293e-05,0.8853443801065051
3370,0.00763458712747063,0.0004021201883299927,0.23654128725293685,0.03909858081436952,0.0018532412615571816,0.21802838371260955,0.050031453618076156,0.0016946528849270542,0.1661424396987308,7.547824335759178e-05,7.547824335759178e-05,0.8879793336187267
3380,0.007627814337749533,0.0004032715625825793,0.2372185662250466,0.03906650188364832,0.0018586946797797853,0.21866996232703353,0.05000114169973835,0.0016998059110444803,0.16664763833769414,7.570221440613063e-05,7.570221440613063e-05,0.8906142871309485
3390,0.007621043504540238,0.00040442260422815946,0.23789564954597614,0.03903442883056077,0.0018641470988046693,0.2193114233887846,0.049970828893485524,0.0017049590881074612,0.16715285177524128,7.592618545466948e-05,7.592618545466948e-05,0.8932492406431702
3400,0.007614274632408353,0.00040557331249057985,0.2385725367591646,0.03900236169188063,0.0018695985123802926,0.21995276616238732,0.04994051523036201,0.0017101124108384576,0.16765807949396644,7.615015650320832e-05,7.615015650320832e-05,0.895884194155392
3410,0.007607507725919486,0.0004067236865936872,0.23924922740805127,0.03897030050438168,0.0018750489142551141,0.22059398991236634,0.04991020074141217,0.0017152658739599312,0.16816332097646383,7.637412755174717e-05,7.637412755174717e-05,0.8985191476676136
3420,0.007600742789639245,0.0004078737257613281,0.23992572103607532,0.03893824530483768,0.001880498298177594,0.2212350939032463,0.04987988545768034,0.0017204194721943422,0.16866857570532764,7.659809860028602e-05,7.659809860028602e-05,0.9011541011798354
3430,0.007593979828133239,0.0004090234292173493,0.240602017186676,0.03890619613002241,0.0018859466578961905,0.2218760773995518,0.04984956941021087,0.0017255732002641527,0.16917384316315223,7.682206964882487e-05,7.682206964882487e-05,0.9037890546920572
3440,0.007587218845967074,0.00041017279618559737,0.24127811540329253,0.03887415301670962,0.001891393987159364,0.22251693966580746,0.049819252630048105,0.0017307270528918225,0.16967912283253161,7.704604069736371e-05,7.704604069736371e-05,0.9064240082042789
3450,0.007580459847706358,0.000411321825889919,0.24195401522936408,0.0388421160016731,0.0018968402797155727,0.22315767996653793,0.04978893514823639,0.0017358810247998136,0.17018441419606015,7.727001174590256e-05,7.727001174590256e-05,0.9090589617165007
3460,0.007573702837916699,0.00041247051755416095,0.24262971620832993,0.038810085121686606,0.001902285529313277,0.22379829756626785,0.04975861699582008,0.0017410351107105865,0.17068971673633201,7.749398279444141e-05,7.749398279444141e-05,0.9116939152287223
3470,0.0075669478211637066,0.00041361887040216976,0.24330521788362924,0.038778060413523906,0.001907729729700936,0.22443879172952183,0.049728298203843516,0.0017461893053466026,0.17119502993594143,7.771795384298026e-05,7.771795384298026e-05,0.9143288687409441
3480,0.0075601948020129865,0.00041476688365779224,0.2439805197987013,0.03874604191395877,0.0019131728746270083,0.22507916172082446,0.04969797880335104,0.0017513436034303222,0.17170035327748256,7.79419248915191e-05,7.79419248915191e-05,0.9169638222531659
3490,0.007553443785030147,0.00041591455654487483,0.24465562149698517,0.038714029659764976,0.0019186149578399537,0.22571940680470043,0.04966765882538702,0.001756497999684207,0.1722056862435497,7.816589594005795e-05,7.816589594005795e-05,0.9195987757653876
3500,0.0075466947747807964,0.0004170618882872644,0.24533052252192022,0.03868202368771628,0.001924055973088232,0.22635952624567435,0.04963733830099577,0.0017616524888307181,0.17271102831673707,7.83898669885968e-05,7.83898669885968e-05,0.9222337292776093
3510,0.007539947775830543,0.00041820887810880756,0.24600522241694558,0.03865002403458646,0.0019294959141203018,0.22699951930827078,0.04960701726122167,0.0017668070655923163,0.17321637897963885,7.861383803713565e-05,7.861383803713565e-05,0.924868682789831
3520,0.007533202792744994,0.0004193555252333509,0.24667972072550048,0.03861803073714928,0.0019349347746846228,0.2276393852570144,0.049576695737109044,0.0017719617246914625,0.17372173771484928,7.883780908567449e-05,7.883780908567449e-05,0.9275036363020528
3530,0.007526459830089757,0.0004205018288847411,0.24735401699102413,0.0385860438321785,0.0019403725485296545,0.22827912335642989,0.04954637375970225,0.0017771164608506183,0.17422710400496258,7.906178013421334e-05,7.906178013421334e-05,0.9301385898142746
3540,0.00751971889243044,0.000421647788286825,0.24802811075695588,0.038554063356447905,0.0019458092294038559,0.22891873287104184,0.049516051360045624,0.0017822712687922439,0.1747324773325729,7.928575118275219e-05,7.928575118275219e-05,0.9327735433264963
3550,0.007512979984332651,0.00042279340266344916,0.24870200156673478,0.03852208934673126,0.0019512448110556864,0.22955821306537486,0.049485728569183526,0.001787426143238801,0.1752378571802746,7.950972223129104e-05,7.950972223129104e-05,0.935408496838718
3560,0.007506243110361998,0.00042393867123846006,0.2493756889638,0.03849012183980233,0.0019566792872336048,0.23019756320395346,0.04945540541816029,0.00179258107891275,0.17574324303066174,7.973369327982988e-05,7.973369327982988e-05,0.9380434503509397
3570,0.007499508275084089,0.0004250835932357046,0.2500491724915909,0.03845816087243487,0.0019621126516860717,0.23083678255130252,0.04942508193802028,0.0017977360705365528,0.17624863436632868,7.995766432836873e-05,7.995766432836873e-05,0.9406784038631615
3580,0.007492775483064533,0.0004262281678790293,0.2507224516935466,0.03842620648140267,0.001967544898161545,0.23147587037194645,0.049394758159807824,0.00180289111283267,0.17675403066986958,8.018163537690758e-05,8.018163537690758e-05,0.9433133573753832
3590,0.007486044738868935,0.00042737239439228096,0.2513955261131064,0.0383942587034795,0.001972976020408485,0.23211482593041,0.049364434114567285,0.001808046200523562,0.17725943142387862,8.040560642544643e-05,8.040560642544643e-05,0.9459483108876049
3600,0.007479316047062904,0.0004285162719993061,0.25206839529370945,0.03836231757543911,0.0019784060121753504,0.23275364849121766,0.04933410983334299,0.0018132013283316906,0.17776483611095006,8.062957747398529e-05,8.062957747398529e-05,0.9485832643998269
3610,0.007472589412212049,0.00042965979992395155,0.252741058778795,0.03833038313405528,0.0019838348672106014,0.23339233731889425,0.049303785347179316,0.0018183564909795172,0.17827024421367813,8.085354852252413e-05,8.085354852252413e-05,0.9512182179120485
3620,0.007465864838881977,0.00043080297739006383,0.25341351611180224,0.03829845541610178,0.0019892625792626967,0.2340308916779643,0.04927346068712058,0.0018235116831895018,0.17877565521465705,8.1077519571063e-05,8.1077519571063e-05,0.9538531714242705
3630,0.007459142331638295,0.00043194580362148954,0.2540857668361703,0.038266534458352375,0.001994689142080095,0.2346693108329523,0.04924313588421114,0.001828666899684106,0.17928106859648096,8.130149061960182e-05,8.130149061960182e-05,0.9564881249364919
3640,0.007452421895046613,0.0004330882778420756,0.2547578104953386,0.03823462029758084,0.0020001145494112577,0.2353075940483832,0.04921281096949535,0.0018338221351857907,0.17978648384174417,8.152546166814068e-05,8.152546166814068e-05,0.9591230784487138
3650,0.007445703533672536,0.0004342303992756686,0.2554296466327462,0.03820271297056093,0.0020055387950046414,0.2359457405887813,0.049182485974017545,0.0018389773844170172,0.18029190043304089,8.174943271667952e-05,8.174943271667952e-05,0.9617580319609356
3660,0.007438987252081675,0.000435372167146115,0.2561012747918323,0.03817081251406643,0.002010961872608708,0.2365837497186715,0.04915216092882208,0.001844132642100246,0.1807973178529653,8.197340376521839e-05,8.197340376521839e-05,0.9643929854731574
3670,0.007432273054839636,0.0004365135806772616,0.2567726945160362,0.03813891896487109,0.0020163837759719144,0.23722162070257813,0.049121835864953306,0.0018492879029579387,0.18130273558411164,8.219737481375722e-05,8.219737481375722e-05,0.967027938985379
3680,0.007425560946512028,0.00043765463909295515,0.25744390534879713,0.038107032359748695,0.0020218044988427218,0.23785935280502604,0.04909151081345555,0.001854443161712556,0.1818081531090741,8.242134586229607e-05,8.242134586229607e-05,0.9696628924976007
3690,0.007418850931664457,0.00043879534161704223,0.2581149068335542,0.038075152735473,0.002027224034969589,0.23849694529053986,0.04906118580537318,0.0018595984130865594,0.18231356991044698,8.264531691083491e-05,8.264531691083491e-05,0.9722978460098225
3700,0.007412143014862532,0.00043993568747336943,0.25878569851374666,0.038043280128817795,0.0020326423781009744,0.239134397423644,0.049030860871750535,0.001864753651802409,0.1828189854708244,8.286928795937376e-05,8.286928795937376e-05,0.9749327995220441
3710,0.00740543720067186,0.0004410756758857836,0.2594562799328139,0.03801141457655683,0.0020380595219853387,0.23977170846886334,0.049000536043631956,0.0018699088725825667,0.18332439927280064,8.30932590079126e-05,8.30932590079126e-05,0.9775677530342658
3720,0.00739873349365805,0.00044221530607813124,0.2601266506341948,0.03797955611546387,0.002043475460371141,0.24040887769072242,0.0489702113520618,0.001875064070149493,0.1838298107989699,8.331723005645146e-05,8.331723005645146e-05,0.9802027065464877
3730,0.007392031898386711,0.00044335457727425907,0.26079681016132883,0.037947704782312706,0.0020488901870068395,0.24104590435374576,0.048939886828084415,0.0018802192392256495,0.18433521953192641,8.35412011049903e-05,8.35412011049903e-05,0.9828376600587094
3740,0.007385332419423448,0.00044449348869801377,0.2614667580576551,0.03791586061387709,0.0020543036956408947,0.24168278772245816,0.04890956250274414,0.0018853743745334967,0.18484062495426437,8.376517215352914e-05,8.376517215352914e-05,0.985472613570931
3750,0.00737863506133387,0.00044563203957324193,0.26213649386661286,0.03788402364693079,0.0020597159800217653,0.2423195270613841,0.048879238407085315,0.0018905294707954959,0.185346026548578,8.3989143202068e-05,8.3989143202068e-05,0.9881075670831528
3760,0.007371939828683585,0.0004467702291237904,0.26280601713164137,0.03785219391824758,0.0020651270338979113,0.24295612163504834,0.048848914572152305,0.0018956845227341079,0.18585142379746156,8.421311425060685e-05,8.421311425060685e-05,0.9907425205953746
3770,0.0073652467260382016,0.0004479080565735056,0.26347532739617974,0.03782037146460123,0.002070536851017791,0.24359257070797535,0.04881859102898945,0.0019008395250717936,0.18635681618350916,8.44370852991457e-05,8.44370852991457e-05,0.9933774741075964
3780,0.007358555757963327,0.00044904552114623437,0.26414442420366724,0.0377885563227655,0.0020759454251298645,0.2442288735446899,0.04878826780864109,0.001905994472531015,0.18686220318931518,8.466105634768453e-05,8.466105634768453e-05,0.9960124276198179
3790,0.007351866929024568,0.0004501826220658233,0.2648133070975431,0.03775674852951417,0.0020813527499825915,0.24486502940971658,0.048757944942151576,0.001911149359834232,0.18736758429747372,8.48850273962234e-05,8.48850273962234e-05,0.99864738113204
3800,0.007345180243787534,0.0004513193585561191,0.2654819756212465,0.037724948121621,0.0020867588193244297,0.2455010375675799,0.04872762246056526,0.0019163041817039064,0.18787295899057904,8.510899844476224e-05,8.510899844476224e-05,1.0012823346442616
3810,0.007338495706817832,0.00045245572984096836,0.26615042931821664,0.03769315513585976,0.00209216362690384,0.24613689728280463,0.04869730039492648,0.0019214589328624986,0.18837832675122534,8.533296949330109e-05,8.533296949330109e-05,1.0039172881564833
3820,0.007331813322681071,0.00045359173514421784,0.26681866773189283,0.03766136960900423,0.0020975671664692813,0.24677260781991542,0.04866697877627958,0.0019266136080324703,0.1888836870620069,8.555694054183995e-05,8.555694054183995e-05,1.0065522416687052
3830,0.007325133095942857,0.00045472737368971414,0.26748669040571416,0.03762959157782816,0.002102969431769213,0.24740816844343677,0.048636657635668934,0.001931768201936282,0.18938903940551785,8.57809115903788e-05,8.57809115903788e-05,1.0091871951809268
3840,0.0073184550311688,0.000455862644701304,0.26815449688311993,0.03759782107910533,0.0021083704165520936,0.24804357841789335,0.048606337004138855,0.001936922709296395,0.18989438326435246,8.600488263891764e-05,8.600488263891764e-05,1.0118221486931487
3850,0.007311779132924506,0.0004569975474028339,0.2688220867075493,0.037566058149609505,0.0021137701145663833,0.24867883700780974,0.04857601691273371,0.0019420771248352701,0.19039971812110493,8.622885368745648e-05,8.622885368745648e-05,1.0144571022053703
3860,0.007305105405775583,0.0004581320810181507,0.26948945942244157,0.03753430282611446,0.0021191685195605416,0.24931394347771074,0.04854569739249783,0.0019472314432753687,0.19090504345836948,8.645282473599534e-05,8.645282473599534e-05,1.0170920557175922
3870,0.00729843385428764,0.00045926624477110107,0.2701566145712359,0.037502555145393954,0.0021245656252830273,0.24994889709212081,0.048515378474475575,0.0019523856593391517,0.19141035875874038,8.667679578453418e-05,8.667679578453418e-05,1.0197270092298139
3880,0.007291764483026285,0.0004604000378855315,0.27082355169737143,0.037470815144221764,0.0021299614254822992,0.2505836971155646,0.0484850601897113,0.00195753976774908,0.19191566350481173,8.690076683307302e-05,8.690076683307302e-05,1.0223619627420355
3890,0.007285097296557124,0.0004615334595852887,0.2714902703442874,0.037439082859371656,0.0021353559139068177,0.2512183428125668,0.04845474256924932,0.0019626937632276145,0.19242095717917787,8.712473788161187e-05,8.712473788161187e-05,1.0249969162542572
3900,0.007278432299445766,0.00046266650909421945,0.27215677005542316,0.0374073583276174,0.002140749084305042,0.25185283344765197,0.04842442564413402,0.0019678476404972165,0.19292623926443297,8.734870893015073e-05,8.734870893015073e-05,1.027631869766479
3910,0.00727176949625782,0.0004637991856361705,0.2728230503742179,0.037375641585732755,0.002146140930425431,0.2524871682853448,0.04839410944540972,0.001973001394280347,0.19343150924317126,8.757267997868957e-05,8.757267997868957e-05,1.030266823278701
3920,0.007265108891558892,0.00046493148843498817,0.27348911084411065,0.037343932670491506,0.002151531446016444,0.2531213465901699,0.04836379400412078,0.001978155019299467,0.19393676659798698,8.779665102722841e-05,8.779665102722841e-05,1.0329017767909223
3930,0.007258450489914591,0.0004660634167145194,0.27415495100854076,0.0373122316186674,0.002156920624826541,0.25375536762665185,0.04833347935131154,0.0019833085102770372,0.19444201081147422,8.802062207576727e-05,8.802062207576727e-05,1.0355367303031442
3940,0.007251794295890524,0.00046719496969861073,0.27482057041094743,0.03728053846703423,0.0021623084606041806,0.25438923065931535,0.04830316551802635,0.00198846186193552,0.19494724136622746,8.824459312430612e-05,8.824459312430612e-05,1.038171683815366
3950,0.0072451403140522995,0.00046832614661110897,0.2754859685947699,0.03724885325236575,0.002167694947097822,0.2550229349526849,0.048272852535309566,0.0019936150689973745,0.1954524577448406,8.846856417284496e-05,8.846856417284496e-05,1.0408066373275877
3960,0.007238488548965525,0.00046945694667586057,0.27615114510344735,0.03721717601143573,0.002173080078055925,0.25565647977128525,0.04824254043420551,0.0019987681261850626,0.1959576594299081,8.869253522138381e-05,8.869253522138381e-05,1.0434415908398094
3970,0.0072318390051958085,0.0004705873691167124,0.276816099480419,0.037185506781017945,0.0021784638472269486,0.25628986437964096,0.048212229245758555,0.002003921028221046,0.1964628459040241,8.891650626992266e-05,8.891650626992266e-05,1.0460765443520312
3980,0.007225191687308757,0.00047171741315751105,0.2774808312691241,0.03715384559788616,0.0021838462483593528,0.25692308804227676,0.048181919001013034,0.002009073769827784,0.19696801664978275,8.91404773184615e-05,8.91404773184615e-05,1.0487114978642529
3990,0.007218546599869981,0.0004728470780221031,0.2781453400130018,0.03712219249881414,0.0021892272752015956,0.25755615002371707,0.048151609731013297,0.00201422634572774,0.19747317114977841,8.936444836700035e-05,8.936444836700035e-05,1.0513464513764748
4000,0.007211903747445085,0.0004739763629343353,0.2788096252554913,0.037090547520575654,0.0021946069215021376,0.25818904958848676,0.04812130146680369,0.0020193787506433726,0.19797830888660514,8.95884194155392e-05,8.95884194155392e-05,1.0539814048886964
4010,0.0072052631345996794,0.00047510526711805426,0.2794736865400319,0.03705891069994448,0.002199985181009438,0.25882178600111033,0.04809099423942856,0.0020245309792971448,0.19848342934285731,8.981239046407805e-05,8.981239046407805e-05,1.056616358400918
4020,0.007198624765899371,0.00047623378979710684,0.2801375234100628,0.03702728207369438,0.002205362047471956,0.2594543585261124,0.04806068807993225,0.0020296830264115166,0.1989885320011291,9.00363615126169e-05,9.00363615126169e-05,1.05925131191314
4030,0.007191988645909767,0.00047736193019533936,0.28080113540902313,0.036995661678599114,0.0022107375146381497,0.2600867664280176,0.04803038301935912,0.0020348348867089494,0.19949361634401463,9.026033256115574e-05,9.026033256115574e-05,1.0618862654253616
4040,0.007185354779196477,0.00047848968753659874,0.28146452208035216,0.03696404955143247,0.0022161115762564807,0.2607190089713506,0.048000079088753506,0.002039986554911904,0.1999986818541082,9.048430360969459e-05,9.048430360969459e-05,1.0645212189375834
4050,0.007178723170325106,0.00047961706104473166,0.2821276829674892,0.0369324457289682,0.002221484226075407,0.261351085420636,0.04796977631915976,0.002045138025742841,0.20050372801400404,9.070827465823344e-05,9.070827465823344e-05,1.067156172449805
4060,0.007172093823861266,0.00048074404994358455,0.28279061761387325,0.03690085024798007,0.0022268554578433867,0.2619829950403984,0.04793947474162222,0.002050289293924223,0.2010087543062964,9.093224570677229e-05,9.093224570677229e-05,1.0697911259620267
4070,0.007165466744370561,0.0004818706534570044,0.2834533255629437,0.03686926314524187,0.0022322252653088816,0.2626147370951625,0.04790917438718524,0.002055440354178509,0.2015137602135793,9.115621675531113e-05,9.115621675531113e-05,1.0724260794742486
4080,0.0071588419364186015,0.0004829968708088376,0.28411580635813977,0.03683768445752735,0.0022375936422203493,0.2632463108494528,0.04787887528689316,0.002060591201228162,0.20201874521844723,9.138018780384998e-05,9.138018780384998e-05,1.0750610329864703
4090,0.0071522194045709935,0.00048412270122293093,0.28477805954290053,0.03680611422161029,0.00224296058232625,0.2638777155677941,0.047848577471790346,0.0020657418297956413,0.20252370880349424,9.160415885238883e-05,9.160415885238883e-05,1.0776959864986921
4100,0.007145599153393346,0.0004852481439231311,0.2854400846606653,0.03677455247426445,0.0022483260793750427,0.26450895051471085,0.04781828097292112,0.0020708922346034087,0.20302865045131457,9.182812990092768e-05,9.182812990092768e-05,1.0803309400109138
4110,0.007138981187451266,0.0004863731981332846,0.2861018812548733,0.036742999252263604,0.002253690127115187,0.26514001495472783,0.04778798582132985,0.0020760424103739255,0.2035335696445025,9.205210094946652e-05,9.205210094946652e-05,1.0829658935231354
4120,0.007132365511310362,0.0004874978630772383,0.28676344886896366,0.036711454592381516,0.002259052719295142,0.26577090815236953,0.047757692048060865,0.002081192351829653,0.20403846586565225,9.227607199800539e-05,9.227607199800539e-05,1.0856008470353573
4130,0.007125752129536242,0.0004886221379788387,0.28742478704637564,0.036679918531391964,0.0022644138496633664,0.2664016293721607,0.047727399684158525,0.0020863420536930506,0.2045433385973579,9.250004304654425e-05,9.250004304654425e-05,1.0882358005475794
4140,0.0071191410466945135,0.0004897460220619326,0.2880858953305485,0.0366483911060687,0.0022697735119683203,0.2670321778786259,0.04769710876066717,0.002091491510686581,0.20504818732221383,9.272401409508307e-05,9.272401409508307e-05,1.0908707540598006
4150,0.007112532267350783,0.0004908695145503666,0.2887467732649215,0.03661687235318551,0.0022751316999584633,0.26766255293628977,0.04766681930863115,0.0020966407175327046,0.2055530115228142,9.294798514362194e-05,9.294798514362194e-05,1.0935057075720227
4160,0.0071059257960706616,0.0004919926146679873,0.2894074203929337,0.036585362309516145,0.002280488407382254,0.2682927538096769,0.047636531359094805,0.002101789668953883,0.20605781068175322,9.317195619216078e-05,9.317195619216078e-05,1.0961406610842443
4170,0.0070993216374197554,0.0004931153216386414,0.29006783625802435,0.0365538610118344,0.002285843627988152,0.26892277976331197,0.0476062449431025,0.0021069383596725756,0.20656258428162505,9.339592724069962e-05,9.339592724069962e-05,1.098775614596466
4180,0.007092719795963671,0.0004942376346861758,0.29072802040363277,0.036522368496914016,0.0022911973555246167,0.26955263006171953,0.04757596009169855,0.002112086784411246,0.2070673318050241,9.361989828923848e-05,9.361989828923848e-05,1.1014105681086879
4190,0.007086120276268018,0.0004953595530344367,0.291387972373198,0.03649088480152878,0.002296549583740107,0.27018230396942433,0.047545676835927336,0.0021172349378923527,0.20757205273454438,9.384386933777733e-05,9.384386933777733e-05,1.1040455216209097
4200,0.007079523082898403,0.0004964810759072714,0.2920476917101596,0.03645940996245245,0.0023019003063830834,0.2708118007509509,0.047515395206833184,0.002122382814838358,0.20807674655278022,9.406784038631618e-05,9.406784038631618e-05,1.1066804751331314
4210,0.007072928220420435,0.0004976022025285258,0.29270717795795637,0.036427944016458796,0.0023072495172020034,0.2714411196708239,0.04748511523546045,0.002127530409971723,0.20858141274232578,9.429181143485501e-05,9.429181143485501e-05,1.109315428645353
4220,0.007066335693399721,0.0004987229321220471,0.29336643066002766,0.036396487000321595,0.002312597209945328,0.272070259993568,0.04745483695285348,0.0021326777180149087,0.20908605078577536,9.451578248339387e-05,9.451578248339387e-05,1.111950382157575
4230,0.00705974550640187,0.0004998432639116819,0.2940254493598129,0.03636503895081461,0.002317943378361516,0.27269922098370775,0.047424560390056616,0.002137824733690376,0.2095906601657231,9.473975353193272e-05,9.473975353193272e-05,1.1145853356697966
4240,0.007053157663992489,0.0005009631971212767,0.2946842336007509,0.036333599904711605,0.0023232880161990262,0.2733280019057678,0.047394285578114204,0.002142971451720585,0.2100952403647632,9.496372458047156e-05,9.496372458047156e-05,1.1172202891820182
4250,0.007046572170737186,0.0005020827309746783,0.29534278292628136,0.03630216989878636,0.0023286311172063183,0.2739566020242727,0.0473640125480706,0.002148117866827998,0.21059979086549,9.518769562901042e-05,9.518769562901042e-05,1.11985524269424
4260,0.007039989031201568,0.0005032018646957332,0.296001096879843,0.03627074896981263,0.0023339726751318516,0.27458502060374723,0.04733374133097014,0.002153263973735076,0.2111043111504976,9.541166667754926e-05,9.541166667754926e-05,1.122490196206462
4270,0.007033408249951243,0.0005043205975082884,0.2966591750048755,0.0362393371545642,0.0023393126837240857,0.27521325690871595,0.04730347195785718,0.0021584097671642796,0.21160880070238036,9.563563772608811e-05,9.563563772608811e-05,1.1251251497186836
4280,0.007026829831551822,0.0005054389286361901,0.29731701684481765,0.036207934489814825,0.00234465113673148,0.27584131020370345,0.047273204459776064,0.0021635552418380697,0.21211325900373232,9.585960877462695e-05,9.585960877462695e-05,1.1277601032309053
4290,0.007020253780568909,0.0005065568573032853,0.297974621943109,0.036176541012338276,0.0023499880279024927,0.2764691797532344,0.04724293886777113,0.002168700392478908,0.21261768553714783,9.608357982316581e-05,9.608357982316581e-05,1.1303950567431271
4300,0.007013680101568113,0.0005076743827334206,0.2986319898431886,0.03614515675890832,0.0023553233509855847,0.27709686482183343,0.04721267521288674,0.002173845213809254,0.21312207978522096,9.630755087170465e-05,9.630755087170465e-05,1.1330300102553488
4310,0.007007108799115042,0.0005087915041504427,0.2992891200884957,0.03611378176629874,0.0023606570997292144,0.27772436467402517,0.04718241352616723,0.002178989700551571,0.21362644123054617,9.65315219202435e-05,9.65315219202435e-05,1.1356649637675704
4320,0.007000539877775305,0.0005099082207781981,0.2999460122224694,0.036082416071283284,0.0023659892678818406,0.2783516785743341,0.04715215383865695,0.002184133847428318,0.21413076935571743,9.675549296878234e-05,9.675549296878234e-05,1.138299917279792
4330,0.006993973342114507,0.0005110245318405335,0.3006026657885491,0.036051059710635734,0.0023713198491919244,0.2789788057872852,0.04712189618140025,0.002189277649161957,0.2146350636433291,9.69794640173212e-05,9.69794640173212e-05,1.140934870792014
4340,0.006987409196698259,0.0005121404365612958,0.30125908033017396,0.03601971272112986,0.0023766488374079233,0.2796057455774027,0.04709164058544148,0.0021944211004749493,0.2151393235759754,9.720343506586004e-05,9.720343506586004e-05,1.1435698243042358
4350,0.006980847446092168,0.0005132559341643314,0.3019152553907832,0.035988375139539425,0.0023819762262782974,0.2802324972092114,0.047061387081824974,0.0021995641960897553,0.2156435486362505,9.742740611439888e-05,9.742740611439888e-05,1.1462047778164572
4360,0.006974288094861839,0.000514371023873487,0.3025711905138158,0.035957047002638194,0.0023873020095515063,0.28085905994723603,0.04703113570159508,0.0022047069307288363,0.21614773830674866,9.765137716293774e-05,9.765137716293774e-05,1.1488397313286791
4370,0.006967731147572884,0.0005154857049126095,0.3032268852427114,0.03592572834719994,0.0023926261809760095,0.2814854330560011,0.04700088647579616,0.0022098492991146535,0.21665189207006405,9.787534821147659e-05,9.787534821147659e-05,1.151474684840901
4380,0.0069611766087909095,0.0005165999765055452,0.3038823391209089,0.03589441920999844,0.002397948734300265,0.28211161580003113,0.04697063943547254,0.0022149912959696675,0.21715600940879093,9.809931926001543e-05,9.809931926001543e-05,1.1541096383531226
4390,0.006954624483081522,0.000517713837876141,0.30453755169184765,0.03586311962780745,0.002403269663272733,0.2827376074438509,0.046940394611668594,0.0022201329160163397,0.2176600898055235,9.832329030855428e-05,9.832329030855428e-05,1.1567445918653445
4400,0.0069480747750103305,0.0005188272882482436,0.3051925224989667,0.03583182963740074,0.0024085889616418735,0.2833634072519851,0.04691015203542864,0.0022252741539771307,0.21816413274285593,9.854726135709313e-05,9.854726135709313e-05,1.1593795453775662
4410,0.006941527489142943,0.0005199403268456996,0.3058472510857056,0.03580054927555209,0.002413906623156145,0.2839890144889582,0.04687991173779704,0.002230415004574502,0.21866813770338256,9.877123240563198e-05,9.877123240563198e-05,1.1620144988897878
4420,0.006934982630044967,0.0005210529528923556,0.3065017369955032,0.03576927857903525,0.0024192226415640067,0.2846144284192949,0.04684967374981815,0.0022355554625309144,0.21917210416969748,9.899520345417084e-05,9.899520345417084e-05,1.1646494524020097
4430,0.00692844020228201,0.0005221651656120584,0.30715597977179904,0.03573801758462401,0.0024245370106139178,0.2852396483075197,0.0468194381025363,0.0022406955225688294,0.219676031624395,9.921917450270967e-05,9.921917450270967e-05,1.1672844059142313
4440,0.00692190021041968,0.0005232769642286543,0.3078099789580319,0.03570676632909212,0.0024298497240543386,0.28586467341815747,0.04678920482699584,0.0022458351794107075,0.22017991955006935,9.944314555124852e-05,9.944314555124852e-05,1.1699193594264532
4450,0.006915362659023584,0.0005243883479659904,0.3084637340976414,0.035675524849213366,0.0024351607756337274,0.28648950301573256,0.04675897395424112,0.0022509744277790095,0.22068376742931467,9.966711659978738e-05,9.966711659978738e-05,1.172554312938675
4460,0.0069088275526593326,0.0005254993160479132,0.30911724473406654,0.0356442931817615,0.0024404701591005445,0.2871141363647699,0.046728745515316486,0.0022561132623961965,0.22118757474472514,9.989108764832622e-05,9.989108764832622e-05,1.1751892664508965
4470,0.006902294895892532,0.0005266098676982695,0.3097705104107467,0.0356130713635103,0.002445777868203248,0.28773857272979386,0.04669851954126629,0.002261251677984731,0.2216913409788952,0.00010011505869686506,0.00010011505869686506,1.1778242199631184
4480,0.00689576469328879,0.0005277200021409057,0.31042353067112094,0.035581859431233535,0.0024510838966902986,0.2883628113753292,0.04666829606313487,0.002266389669267072,0.22219506561441882,0.00010033902974540391,0.00010033902974540391,1.18045917347534
4490,0.0068892369494137125,0.0005288297185996685,0.31107630505862843,0.03555065742170497,0.002456388238310154,0.2889868515659004,0.046638075111966576,0.002271527230965682,0.22269874813389037,0.00010056300079394277,0.00010056300079394277,1.183094126987562
4500,0.0068827116688329115,0.0005299390162984048,0.3117288331167087,0.035519465371698374,0.0024616908868112758,0.2896106925660324,0.04660785671880576,0.002276664357803021,0.22320238801990402,0.0001007869718424816,0.0001007869718424816,1.1857290804997835
4510,0.006876188856111992,0.0005310478944609611,0.3123811143888006,0.03548828331798752,0.002466991835942121,0.29023433364024953,0.04657764091469676,0.002281801044501551,0.22370598475505402,0.00010101094289102045,0.00010101094289102045,1.1883640340120052
4520,0.006869668515816562,0.0005321563523111841,0.31303314841834357,0.035457111297346175,0.0024722910794511502,0.29085777405307645,0.04654742773068393,0.0022869372857837315,0.22420953782193442,0.0001012349139395593,0.0001012349139395593,1.190998987524227
4530,0.006863150652512232,0.0005332643890729205,0.3136849347487767,0.0354259493465481,0.002477588611086823,0.29148101306903795,0.046517217197811614,0.0022920730763720254,0.22471304670313974,0.00010145888498809815,0.00010145888498809815,1.1936339410364487
4540,0.006856635270764605,0.0005343720039700169,0.31433647292353933,0.03539479750236707,0.0024828844245975974,0.2921040499526585,0.046487009347124165,0.0022972084109888925,0.22521651088126393,0.00010168285603663701,0.00010168285603663701,1.1962688945486706
4550,0.006850122375139293,0.0005354791962263199,0.3149877624860705,0.035363655801576854,0.0024881785137319335,0.2927268839684627,0.046456804209665914,0.0023023432843567943,0.22571992983890138,0.00010190682708517584,0.00010190682708517584,1.1989038480608922
4560,0.006843611970201903,0.0005365859650656765,0.3156388029798097,0.035332524280951225,0.0024934708722382914,0.2933495143809754,0.04642660181648123,0.002307477691198192,0.22622330305864627,0.0001021307981337147,0.0001021307981337147,1.201538801573114
4570,0.006837104060518042,0.0005376923097119327,0.3162895939481957,0.035301402977263946,0.0024987614938651284,0.29397194045472097,0.046396402198614434,0.0023126116262355456,0.22672663002309268,0.00010235476918225354,0.00010235476918225354,1.2041737550853358
4580,0.006830598650653316,0.0005387982293889359,0.3169401349346681,0.03527029192728878,0.002504050372360906,0.2945941614542241,0.04636620538710989,0.0023177450841913175,0.22722991021483505,0.0001025787402307924,0.0001025787402307924,1.2068087085975576
4590,0.0068240957451733385,0.0005399037233205324,0.3175904254826661,0.03523919116779951,0.0025093375014740827,0.2952161766440097,0.046336011413011954,0.0023228780597879684,0.22773314311646747,0.00010280271127933125,0.00010280271127933125,1.2094436621097793
4600,0.006817595348643711,0.0005410087907305689,0.3182404651356287,0.035208100735569896,0.002514622874953117,0.295837985288602,0.04630582030736495,0.0023280105477479587,0.22823632821058418,0.0001030266823278701,0.0001030266823278701,1.212078615622001
4610,0.006811097465630046,0.0005421134308428921,0.3188902534369953,0.03517702066737371,0.0025199064865464695,0.29645958665252575,0.046275632101213236,0.0023331425427937495,0.22873946497977937,0.00010325065337640894,0.00010325065337640894,1.2147135691342228
4620,0.006804602100697949,0.0005432176428813484,0.31953978993020493,0.035145950999984715,0.0025251883300025984,0.29708098000030564,0.04624544682560116,0.002338274039647803,0.22924255290664733,0.00010347462442494779,0.00010347462442494779,1.2173485226464444
4630,0.006798109258413029,0.000544321426069785,0.32018907415869696,0.035114891770176675,0.0025304683990699643,0.29770216459646637,0.04621526451157307,0.0023434050330325786,0.22974559147378223,0.00010369859547348664,0.00010369859547348664,1.2199834761586663
4640,0.0067916189433408925,0.000545424779632048,0.3208381056659106,0.03508384301472338,0.0025357466874970256,0.29832313970553237,0.0461850851901733,0.002348535517670538,0.23024858016377822,0.00010392256652202547,0.00010392256652202547,1.2226184296708877
4650,0.006785131160047149,0.0005465277027919845,0.321486883995285,0.03505280477039857,0.002541023189032242,0.2989439045920284,0.04615490889244622,0.0023536654882841427,0.23075151845922967,0.00010414653757056433,0.00010414653757056433,1.2252533831831096
4660,0.006778645913097405,0.000547630194773441,0.32213540869025936,0.035021777073976045,0.0025462978974240724,0.2995644585204791,0.04612473564943616,0.002358794939595854,0.23125440584273077,0.00010437050861910318,0.00010437050861910318,1.2278883366953315
4670,0.006772163207057268,0.0005487322548002641,0.322783679294273,0.03499075996222954,0.002551570806420977,0.300184800755409,0.04609456549218746,0.0023639238663281316,0.23175724179687562,0.00010459447966764203,0.00010459447966764203,1.2305232902075531
4680,0.006765683046492348,0.0005498338820963006,0.32343169535076505,0.03495975347193286,0.0025568419097714134,0.30080493056134266,0.04606439845174449,0.0023690522632034373,0.23226002580425856,0.00010481845071618087,0.00010481845071618087,1.233158243719775
4690,0.006759205435968252,0.0005509350758853972,0.32407945640317476,0.03492875763985974,0.002562111201223843,0.301424847202805,0.04603423455915158,0.002374180124944232,0.23276275734747373,0.00010504242176471972,0.00010504242176471972,1.2357931972319967
4700,0.006752730380050586,0.0005520358353914001,0.32472696199494117,0.034897772502783975,0.002567378674526724,0.30204454994432045,0.046004073845453075,0.0023793074462729767,0.23326543590911533,0.00010526639281325858,0.00010526639281325858,1.2384281507442185
4710,0.00674625788330496,0.0005531361598381567,0.3253742116695039,0.034866798097479314,0.002572644323428516,0.3026640380504136,0.04597391634169334,0.002384434221912133,0.23376806097177777,0.00010549036386179742,0.00010549036386179742,1.2410631042564402
4720,0.0067397879502969806,0.0005542360484495131,0.3260212049703018,0.03483583446071954,0.0025779081416776777,0.3032833107856091,0.0459437620789167,0.002389560446584161,0.23427063201805495,0.00010571433491033626,0.00010571433491033626,1.2436980577686618
4730,0.006733320585592257,0.0005553355004493162,0.3266679414407742,0.03480488162927842,0.0025831701230226694,0.30390236741443166,0.045913611088167515,0.002394686115011523,0.23477314853054143,0.00010593830595887511,0.00010593830595887511,1.2463330112808835
4740,0.006726855793756396,0.0005564345150614125,0.3273144206243603,0.0347739396399297,0.0025884302612119497,0.3045212072014058,0.045883463400490127,0.0023998112219166786,0.23527560999183125,0.00010616227700741397,0.00010616227700741397,1.2489679647931056
4750,0.0067203935793550065,0.0005575330915096488,0.32796064206449926,0.03474300852944718,0.0025936885499939786,0.3051398294110562,0.04585331904692889,0.0024049357620220895,0.23577801588451858,0.00010638624805595281,0.00010638624805595281,1.251602918305327
4760,0.006713933946953694,0.0005586312290178719,0.3286066053046305,0.03471208833460462,0.0025989449831172145,0.3057582333079075,0.04582317805852814,0.002410059730050217,0.23628036569119773,0.00010661021910449165,0.00010661021910449165,1.2542378718175489
4770,0.0067074769011180695,0.0005597289268099281,0.32925230988819293,0.03468117909217577,0.002604199554330118,0.3063764181564844,0.04579304046633223,0.0024151831207235215,0.23678265889446287,0.0001068341901530305,0.0001068341901530305,1.2568728253297705
4780,0.006701022435072469,0.0005608261860376801,0.329897756492753,0.034650280876577906,0.0026094522509817553,0.30699438246844174,0.04576290635680128,0.0024203059193437814,0.23728489405331188,0.00010705816120156934,0.00010705816120156934,1.2595077788419922
4790,0.006694570355632408,0.0005619230395424907,0.3305429644367592,0.034619394374417536,0.0026147029563490186,0.30761211251164916,0.045732776722726375,0.002425427957136516,0.23778705462122704,0.00010728213225010818,0.00010728213225010818,1.2621427323542138
4800,0.006688120596243733,0.0005630194986385654,0.3311879403756267,0.03458851983678096,0.0026199516277472354,0.3082296032643806,0.045702651927672075,0.0024305491722957464,0.23828913453879866,0.00010750610329864703,0.00010750610329864703,1.2647776858664355
4810,0.006681673162705895,0.0005641155623399978,0.33183268372941044,0.03455765727256839,0.0026251982636633733,0.3088468545486321,0.04567253198026733,0.0024356695633545532,0.23879113366221108,0.00010773007434718588,0.00010773007434718588,1.2674126393786573
4820,0.0066752280608183435,0.0005652112296608816,0.33247719391816566,0.03452680669067999,0.0026304428625844004,0.3094638661864,0.04564241688914108,0.002440789128846016,0.23929305184764862,0.00010795404539572474,0.00010795404539572474,1.2700475928908792
4830,0.006668785296380529,0.0005663064996153101,0.33312147036194706,0.03449596810001597,0.0026356854229972844,0.3100806379996805,0.04561230666292227,0.002445907867303214,0.2397948889512955,0.00010817801644426359,0.00010817801644426359,1.2726825464031009
4840,0.0066623448751919,0.000567401371217377,0.33376551248080993,0.03446514150947651,0.0026409259433889934,0.31069716981046974,0.045582201310239844,0.0024510257772592265,0.2402966448293359,0.00010840198749280243,0.00010840198749280243,1.2753174999153227
4850,0.006655906803051908,0.0005684958434811757,0.3344093196948092,0.034434326927961785,0.0026461644222464955,0.3113134614407641,0.04555210083972274,0.0024561428572471337,0.2407983193379543,0.00010862595854134128,0.00010862595854134128,1.2779524534275444
4860,0.006649471085760001,0.0005695899154207997,0.33505289142399974,0.034403524364372,0.0026514008580567584,0.31192951271255975,0.045522005259999915,0.0024612591058000145,0.24129991233333473,0.00010884992958988013,0.00010884992958988013,1.2805874069397662
4870,0.006643037729115631,0.0005706835860503427,0.3356962270884368,0.034372733827607346,0.0026566352493067502,0.3125453234478529,0.045491914579700296,0.002466374521450949,0.24180142367166169,0.00010907390063841898,0.00010907390063841898,1.283222360451988
4880,0.006636606738918247,0.000571776854383898,0.3363393261081753,0.034341955326568,0.0026618675944834387,0.3131608934686398,0.04546182880745284,0.0024714891027330164,0.24230285320911923,0.00010929787168695782,0.00010929787168695782,1.2858573139642095
4890,0.006630178120967297,0.0005728697194355594,0.33698218790327017,0.03431118887015416,0.0026670978920737914,0.31377622259691657,0.04543174795188649,0.002476602848179297,0.24280420080189183,0.00010952184273549667,0.00010952184273549667,1.2884922674764314
4900,0.006623751881062233,0.0005739621802194202,0.3376248118937766,0.03428043446726601,0.0026723261405647773,0.3143913106546796,0.04540167202163018,0.002481715756322869,0.24330546630616365,0.00010974581378403552,0.00010974581378403552,1.291127220988653
4910,0.006617328025002505,0.0005750542357495741,0.33826719749974943,0.03424969212680374,0.0026775523384433633,0.3150061574639251,0.04537160102531286,0.002486827825696813,0.2438066495781189,0.00010996978483257437,0.00010996978483257437,1.2937621745008747
4920,0.006610906558587561,0.0005761458850401145,0.3389093441412438,0.03421896185766754,0.002682776484196518,0.31562076284664914,0.04534153497156348,0.0024919390548342082,0.24430775047394196,0.00011019375588111322,0.00011019375588111322,1.2963971280130966
4930,0.006604487487616853,0.000577237127105135,0.33955125123831464,0.03418824366875759,0.002687998576311209,0.31623512662484804,0.04531147386901097,0.0024970494422681348,0.24480876884981712,0.00011041772692965206,0.00011041772692965206,1.2990320815253182
4940,0.006598070817889829,0.000578327960958729,0.34019291821101705,0.03415753756897409,0.002693218613274404,0.3168492486205181,0.04528141772628429,0.002502158986531671,0.24530970456192852,0.00011064169797819091,0.00011064169797819091,1.30166703503754
4950,0.00659165655520594,0.0005794183856149902,0.3408343444794059,0.03412684356721722,0.0026984365935730716,0.3174631286556554,0.04525136655201237,0.002507267686157898,0.24581055746646058,0.00011086566902672976,0.00011086566902672976,1.3043019885497618
4960,0.006585244705364634,0.0005805084000880121,0.3414755294635365,0.034096161672387174,0.002703652515694179,0.3180767665522563,0.04522132035482415,0.002512375539679894,0.24631132741959744,0.0001110896400752686,0.0001110896400752686,1.3069369420619834
4970,0.006578835274165364,0.0005815980033918881,0.3421164725834636,0.03406549189338414,0.002708866378124695,0.318690162132317,0.04519127914334859,0.002517482545630739,0.24681201427752342,0.00011131361112380745,0.00011131361112380745,1.3095718955742053
4980,0.006572428267407577,0.0005826871945407119,0.34275717325924226,0.03403483423910831,0.002714078179351587,0.3193033152178337,0.04516124292621463,0.002522588702543513,0.24731261789642284,0.0001115375821723463,0.0001115375821723463,1.312206849086427
4990,0.006566023690890724,0.000583775972548577,0.34339763091092756,0.034004188718459866,0.0027192879178618225,0.3199162256308026,0.0451312117120512,0.002527694008951295,0.24781313813247988,0.00011176155322088515,0.00011176155322088515,1.3148418025986488
5000,0.006559621550414254,0.0005848643364295767,0.3440378449585745,0.033973555340338996,0.0027244955921423702,0.32052889319322,0.04510118550948726,0.002532798463387165,0.24831357484187894,0.000111985524269424,0.000111985524269424,1.3174767561108705
5010,0.006553221851777619,0.0005859522851978048,0.344677814822238,0.03394293411364589,0.0027297012006801975,0.321141317727082,0.04507116432715175,0.0025379020643842023,0.24881392788080414,0.00011220949531796284,0.00011220949531796284,1.320111709623092
5020,0.0065468246007802655,0.0005870398178673547,0.34531753992197334,0.03391232504728074,0.0027349047419622727,0.32175349905438494,0.045041148173673606,0.0025430048104754864,0.24931419710543984,0.00011243346636650169,0.00011243346636650169,1.322746663135314
5030,0.006540429803221647,0.00058812693345232,0.34595701967783526,0.03388172815014374,0.0027401062144755636,0.3223654369971251,0.04501113705768178,0.002548106700194097,0.2498143823719703,0.00011265743741504054,0.00011265743741504054,1.3253816166475356
5040,0.00653403746490121,0.0005892136309667942,0.3465962535098789,0.033851143431135065,0.002745305616707038,0.3229771313772985,0.044981130987805214,0.0025532077320731135,0.25031448353657976,0.00011288140846357939,0.00011288140846357939,1.3280165701597573
5050,0.006527647591618407,0.0005902999094248708,0.3472352408381592,0.03382057089915491,0.002750502947143664,0.3235885820169016,0.044951129972672844,0.002558307904645616,0.25081450045545256,0.00011310537951211823,0.00011310537951211823,1.3306515236719791
5060,0.006521260189172686,0.0005913857678406433,0.3478739810827313,0.03379001056310347,0.0027556982042724093,0.3241997887379304,0.044921134020913626,0.0025634072164446835,0.2513144329847729,0.00011332935056065708,0.00011332935056065708,1.3332864771842008
5070,0.0065148752633634975,0.0005924712052282053,0.3485124736636502,0.033759462431880924,0.0027608913865802423,0.3248107513623814,0.0448911431411565,0.0025685056660033952,0.251814280980725,0.00011355332160919593,0.00011355332160919593,1.3359214306964227
5080,0.006508492819990291,0.0005935562206016504,0.34915071800097075,0.03372892651438746,0.0027660824925541303,0.32542146971225056,0.044861157342030396,0.002573603251854832,0.2523140442994933,0.00011377729265773478,0.00011377729265773478,1.3385563842086443
5090,0.006502112864852518,0.0005946408129750719,0.34978871351474816,0.03369840281952328,0.0027712715206810417,0.32603194360953425,0.04483117663216428,0.002578699972532072,0.25281372279726194,0.00011400126370627362,0.00011400126370627362,1.341191337720866
5100,0.006495735403749626,0.0005957249813625635,0.3504264596250373,0.033667891356188556,0.0027764584694479444,0.3266421728762287,0.04480120102018708,0.0025837958265681957,0.25331331633021525,0.00011422523475481248,0.00011422523475481248,1.343826291233088
5110,0.006489360442481066,0.0005968087247782188,0.35106395575189336,0.03363739213328349,0.002781643337341806,0.32725215733433005,0.04477123051472775,0.0025888908124962824,0.2538128247545375,0.00011444920580335133,0.00011444920580335133,1.3464612447453097
5120,0.006482987986846288,0.0005978920422361311,0.3517012013153712,0.03360690515970826,0.0027868261228495947,0.3278618968058346,0.04474126512441522,0.002593984928849411,0.2543122479264128,0.00011467317685189018,0.00011467317685189018,1.3490961982575314
5130,0.00647661804264474,0.000598974932750394,0.3523381957355258,0.033576430444363065,0.002792006824458278,0.32847139111273854,0.044711304857878456,0.0025990781741606628,0.2548115857020257,0.00011489714790042903,0.00011489714790042903,1.3517311517697532
5140,0.006470250615675875,0.0006000573953351012,0.35297493843241246,0.033545967996148084,0.002797185440654825,0.32908064007703813,0.04468134972374638,0.0026041705469631153,0.2553108379375603,0.00011512111894896787,0.00011512111894896787,1.3543661052819749
5150,0.006463885711739141,0.000601139429004346,0.35361142882608587,0.03351551782396351,0.0028023619699262025,0.32968964352072966,0.04465139973064794,0.0026092620457898496,0.25581000448920094,0.00011534508999750672,0.00011534508999750672,1.3570010587941965
5160,0.006457523336633987,0.0006022210327722222,0.35424766633660126,0.03348507993670953,0.0028075364107593786,0.33029840126580917,0.04462145488721209,0.002614352669173944,0.2563090852131318,0.00011556906104604557,0.00011556906104604557,1.3596360123064184
5170,0.006451163496159864,0.000603302205652823,0.3548836503840135,0.03345465434328634,0.0028127087616413218,0.33090691313427306,0.044591515202067764,0.002619442415648479,0.2568080799655372,0.00011579303209458442,0.00011579303209458442,1.36227096581864
5180,0.006444806196116222,0.0006043829466602422,0.35551938038837766,0.03342424105259412,0.002817879021058999,0.33151517894811744,0.044561580683843915,0.0026245312837465343,0.25730698860260137,0.00011601700314312326,0.00011601700314312326,1.364905919330862
5190,0.006438451442302511,0.0006054632548085731,0.3561548557697488,0.03339384007353306,0.0028230471874993793,0.3321231985293387,0.04453165134116947,0.0026296192720011886,0.2578058109805087,0.00011624097419166211,0.00011624097419166211,1.3675408728430836
5200,0.006432099240518179,0.0006065431291119095,0.35679007594818196,0.03336345141500335,0.00282821325944943,0.3327309716999329,0.044501727182673395,0.002634706378945522,0.2583045469554433,0.00011646494524020096,0.00011646494524020096,1.3701758263553052
5210,0.006425749596562678,0.0006076225685843447,0.3574250403437321,0.03333307508590518,0.0028333772353961186,0.33333849828189627,0.04447180821698462,0.0026397926031126143,0.2588031963835896,0.00011668891628873981,0.00011668891628873981,1.372810779867527
5220,0.0064194025162354566,0.0006087015722399722,0.3580597483764542,0.033302711095138736,0.002838539113826414,0.33394577809722514,0.04444189445273209,0.0026448779430355445,0.2593017591211318,0.00011691288733727865,0.00011691288733727865,1.3754457333797487
5230,0.006413058005335965,0.0006097801390928857,0.35869419946640335,0.03327235945160421,0.0028436988932272838,0.3345528109679157,0.04441198589854475,0.002649962397247392,0.25980023502425414,0.0001171368583858175,0.0001171368583858175,1.3780806868919706
5240,0.006406716069663654,0.0006108582681571788,0.3593283930336345,0.03324202016420179,0.0028488565720856955,0.3351595967159641,0.04438208256305154,0.0026550459642812373,0.2602986239491409,0.00011736082943435635,0.00011736082943435635,1.3807156404041923
5250,0.006400376715017971,0.0006119359584469448,0.3599623284982028,0.03321169324183166,0.0028540121488886175,0.33576613516336673,0.04435218445488141,0.0026601286426701596,0.26079692575197644,0.0001175848004828952,0.0001175848004828952,1.383350593916414
5260,0.006394039947198368,0.0006130132089762773,0.36059600528016306,0.03318137869339401,0.0028591656221230175,0.33637242613211965,0.044322291582663306,0.002665210430947238,0.2612951402889449,0.00011780877153143404,0.00011780877153143404,1.3859855474286358
5270,0.006387705772004294,0.0006140900187592698,0.36122942279957043,0.033151076527789036,0.0028643169902758635,0.33697846944421916,0.04429240395502616,0.0026702913276455517,0.26179326741623055,0.00011803274257997289,0.00011803274257997289,1.3886205009408574
5280,0.0063813741952352,0.000615166386810016,0.36186258047647996,0.033120786753916914,0.002869466251834123,0.3375842649216615,0.04426252158059893,0.0026753713312981818,0.26229130699001785,0.00011825671362851174,0.00011825671362851174,1.3912554544530793
5290,0.006375045222690534,0.0006162423121426092,0.36249547773094654,0.03309050938067785,0.002874613405284765,0.3381898123864429,0.04423264446801055,0.0026804504404382063,0.2627892588664908,0.00011848068467705059,0.00011848068467705059,1.393890407965301
5300,0.006368718860169746,0.0006173177937711431,0.36312811398302536,0.033060244416972015,0.0028797584491147567,0.33879511166055953,0.044202772625889966,0.002685528653598706,0.26328712290183387,0.00011870465572558943,0.00011870465572558943,1.3965253614775226
5310,0.006362395113472287,0.0006183928307097112,0.3637604886527713,0.03302999187169961,0.002884901381811066,0.3394001625660077,0.04417290606286612,0.0026906059693127594,0.2637848989522313,0.00011892862677412828,0.00011892862677412828,1.3991603149897445
5320,0.006356073988397606,0.000619467421972407,0.36439260116023936,0.03299975175376081,0.002890042201860661,0.34000496492478355,0.044143044787567955,0.002695682386113447,0.2642825868738673,0.00011915259782266713,0.00011915259782266713,1.4017952685019661
5330,0.006349755490745153,0.0006205415665733239,0.36502445092548463,0.03296952407205582,0.0028951809077505095,0.3406095185588834,0.04411318880862442,0.002700757902533848,0.2647801865229263,0.00011937656887120598,0.00011937656887120598,1.4044302220141878
5340,0.006343439626314378,0.0006216152635265557,0.3656560373685621,0.03293930883548482,0.0029003174979675794,0.3412138232903034,0.04408333813466446,0.0027058325171070412,0.2652776977555923,0.00011960053991974482,0.00011960053991974482,1.4070651755264096
5350,0.0063371264009047315,0.0006226885118461957,0.3662873599095268,0.032909106052948,0.002905451970998839,0.3418178789410398,0.04405349277431701,0.002710906228366107,0.26577512042804974,0.00011982451096828367,0.00011982451096828367,1.4097001290386313
5360,0.006330815820315662,0.0006237613105463375,0.3669184179684338,0.03287891573334555,0.0029105843253312558,0.34242168533308887,0.044023652736211026,0.002715979034844125,0.26627245439648284,0.00012004848201682252,0.00012004848201682252,1.4123350825508532
5370,0.006324507890346619,0.0006248336586410746,0.36754921096533794,0.032848737885577656,0.002915714559451798,0.3430252422884468,0.043993818028975444,0.0027210509350741744,0.2667696995170759,0.00012027245306536137,0.00012027245306536137,1.4149700360630748
5380,0.006318202616797055,0.0006259055551445006,0.3681797383202945,0.0328185725185445,0.0029208426718474335,0.34362854962910977,0.043963988661239205,0.002726121927589335,0.2672668556460132,0.00012049642411390021,0.00012049642411390021,1.4176049895752965
5390,0.006311900005466417,0.000626976999070709,0.3688099994533582,0.03278841964114629,0.0029259686610051297,0.344231607177074,0.04393416464163125,0.0027311920109226863,0.267763922639479,0.00012072039516243908,0.00012072039516243908,1.4202399430875183
5400,0.006305600062154157,0.0006280479894337934,0.3694399937845843,0.032758279262283196,0.0029310925254118552,0.34483441475433585,0.04390434597878054,0.002736261183607308,0.2682609003536576,0.00012094436621097792,0.00012094436621097792,1.4228748965997402
5410,0.006299302792659722,0.0006291185252478472,0.3700697207340277,0.03272815139085542,0.002936214263554578,0.3454369721828915,0.043874532681316004,0.0027413294441762793,0.26875778864473326,0.00012116833725951677,0.00012116833725951677,1.4255098501119619
5420,0.006293008202782565,0.0006301886055269639,0.37069917972174343,0.03269803603576314,0.0029413338739202655,0.3460392792847371,0.043844724757866584,0.00274639679116268,0.2692545873688902,0.00012139230830805562,0.00012139230830805562,1.4281448036241837
5430,0.006286716298322134,0.0006312582292852372,0.3713283701677865,0.03266793320590655,0.002946451354995886,0.3466413358818689,0.043814922217061236,0.0027514632230995896,0.2697512963823127,0.00012161627935659447,0.00012161627935659447,1.4307797571364054
5440,0.0062804270850778795,0.0006323273955367605,0.37195729149221196,0.03263784291018584,0.002951566705268407,0.34724314179628313,0.04378512506752889,0.0027565287385200874,0.27024791554118505,0.00012184025040513331,0.00012184025040513331,1.433414710648627
5450,0.006274140568849251,0.0006333961032956274,0.37258594311507487,0.03260776515750119,0.002956679923224797,0.34784469684997604,0.04375533331789851,0.002761593335957254,0.27074444470169157,0.00012206422145367216,0.00012206422145367216,1.436049664160849
5460,0.006267856755435698,0.0006344643515759314,0.3732143244564302,0.0325776999567528,0.002961791007352024,0.348446000864944,0.043725546976799014,0.0027666570139441675,0.2712408837200164,0.00012228819250221102,0.00012228819250221102,1.4386846176730708
5470,0.0062615756506366705,0.000635532139391766,0.3738424349363329,0.03254764731684085,0.0029668999561370552,0.3490470536631829,0.04369576605285936,0.0027717197710139083,0.27173723245234394,0.00012251216355074984,0.00012251216355074984,1.4413195711852922
5480,0.006255297260251619,0.0006365994657572247,0.374470273974838,0.03251760724666553,0.002972006768066859,0.3496478550666892,0.043665990554708496,0.002776781605699556,0.2722334907548584,0.0001227361345992887,0.0001227361345992887,1.4439545246975138
5490,0.006249021590079993,0.0006376663296864012,0.37509784099200066,0.03248757975512703,0.0029771114416284033,0.3502484048974591,0.043636220490975354,0.0027818425165341896,0.2727296584837441,0.00012296010564782754,0.00012296010564782754,1.4465894782097357
5500,0.006242748645921242,0.0006387327301933888,0.3757251354078757,0.03245756485112555,0.002982213975308656,0.3508487029774889,0.043606455870288885,0.0027869025020508895,0.27322573549518525,0.00012318407669636639,0.00012318407669636639,1.4492244317219574
5510,0.006236478433574816,0.0006397986662922811,0.37635215664251825,0.032427562543561265,0.0029873143675945846,0.3514487491287746,0.043576696701278034,0.0027919615607827344,0.27372172164536607,0.00012340804774490523,0.00012340804774490523,1.451859385234179
5520,0.006230210958840165,0.0006408641369971718,0.3769789041159834,0.03239757284133436,0.0029924126169731577,0.35204854317331263,0.04354694299257174,0.002797019691262805,0.274217616790471,0.0001236320187934441,0.0001236320187934441,1.454494338746401
5530,0.006223946227516739,0.0006419291413221544,0.37760537724832605,0.03236759575334504,0.002997508721931343,0.3526480849330991,0.04351719475279894,0.0028020768920241795,0.27471342078668426,0.00012385598984198296,0.00012385598984198296,1.457129292258623
5540,0.006217684245403987,0.0006429936782813221,0.3782315754596012,0.03233763128849347,0.003002602680956109,0.3532473742301304,0.0434874519905886,0.002807133161599938,0.27520913349019,0.0001240799608905218,0.0001240799608905218,1.4597642457708446
5550,0.00621142501830136,0.0006440577468887687,0.3788574981698639,0.03230767945567987,0.003007694492534422,0.35384641088640256,0.04345771471456964,0.0028121884985231604,0.2757047547571726,0.00012430393193906062,0.00012430393193906062,1.462399199283066
5560,0.006205168552008308,0.0006451213461585877,0.3794831447991692,0.0322777402638044,0.0030127841551532515,0.3544451947239119,0.04342798293337102,0.002817242901326926,0.2762002844438162,0.0001245279029875995,0.0001245279029875995,1.4650341527952881
5570,0.006198914852324279,0.0006461844751048726,0.38010851476757207,0.03224781372176726,0.003017871667299565,0.3550437255646547,0.04339825665562168,0.002822296368544314,0.2766957224063053,0.00012475187403613835,0.00012475187403613835,1.4676691063075098
5580,0.0061926639250487235,0.000647247132741717,0.3807336074951276,0.03221789983846864,0.00302295702746033,0.35564200323062706,0.04336853588995056,0.002827348898708405,0.27719106850082403,0.0001249758450846772,0.0001249758450846772,1.4703040598197317
5590,0.006186415775981092,0.0006483093180832144,0.3813584224018908,0.03218799862280873,0.0030280402341225153,0.3562400275438253,0.0433388206449866,0.0028324004903522776,0.27768632258355663,0.00012519981613321604,0.00012519981613321604,1.4729390133319533
5600,0.006180170410920834,0.0006493710301434582,0.3819829589079165,0.03215811008368771,0.0030331212857730877,0.3568377983262455,0.043309110929358755,0.0028374511420090117,0.2781814845106874,0.0001254237871817549,0.0001254237871817549,1.475573966844175
5610,0.0061739278356674,0.000650432267936542,0.38260721643326,0.032128234230005784,0.0030382001808990163,0.3574353153998842,0.043279406751695955,0.0028425008522116866,0.27867655413840065,0.00012564775823029374,0.00012564775823029374,1.4782089203563968
5620,0.006167688056020238,0.0006514930304765595,0.38323119439797615,0.03209837107066313,0.003043276917987268,0.3580325785867373,0.04324970812062716,0.0028475496194933824,0.2791715313228806,0.00012587172927883258,0.00012587172927883258,1.4808438738686185
5630,0.0061614510777788,0.000652553316777604,0.38385489222211994,0.03206852061455993,0.003048351495524811,0.35862958770880127,0.043220015044781304,0.0028525974423871782,0.27966641592031155,0.00012609570032737143,0.00012609570032737143,1.4834788273808404
5640,0.006155216906742535,0.0006536131258537691,0.3844783093257465,0.032038682870596386,0.003053423911998614,0.35922634258807223,0.04319032753278733,0.002857644319426154,0.2801612077868778,0.00012631967137591028,0.00012631967137591028,1.486113780893062
5650,0.006148985548710892,0.0006546724567191483,0.3851014451289107,0.03200885784767268,0.003058494165895644,0.35982284304654627,0.043160645593274184,0.0028626902491433884,0.28065590677876356,0.00012654364242444913,0.00012654364242444913,1.4887487344052837
5660,0.006142757009483322,0.0006557313083878352,0.3857242990516677,0.031979045554689,0.003063562255702869,0.3604190889062199,0.04313096923487081,0.002867735230071962,0.28115051275215314,0.00012676761347298797,0.00012676761347298797,1.4913836879175055
5670,0.006136531294859274,0.0006567896798739234,0.38634687051407257,0.031949246000545536,0.003068628179907258,0.3610150799890891,0.04310129846620615,0.002872779260744954,0.2816450255632308,0.00012699158452152682,0.00012699158452152682,1.4940186414297272
5680,0.006130308410638198,0.0006578475701915062,0.3869691589361801,0.03191945919414248,0.0030736919369957773,0.3616108161171502,0.04307163329590915,0.002877822339695444,0.2821394450681808,0.00012721555557006567,0.00012721555557006567,1.4966535949419488
5690,0.006124088362619545,0.0006589049783546773,0.3875911637380454,0.031889685144380016,0.0030787535254553963,0.3622062971123995,0.043041973732608756,0.0028828644654565116,0.2826337711231874,0.00012743952661860452,0.00012743952661860452,1.4992885484541707
5700,0.006117871156602763,0.0006599619033775303,0.3882128843397237,0.03185992386015834,0.003083812943773082,0.3628015227968331,0.0430123197849339,0.0028879056365612357,0.28312800358443485,0.00012766349766714336,0.00012766349766714336,1.5019235019663923
5710,0.006111656798387303,0.0006610183442741584,0.3888343201612696,0.03183017535037763,0.0030888701904358026,0.3633964929924473,0.04298267146151354,0.002892945851542697,0.28362214230810756,0.0001278874687156822,0.0001278874687156822,1.5045584554786142
5720,0.006105445293772615,0.0006620743000586555,0.38945547062273844,0.03180043962393808,0.003093925263930526,0.36399120752123826,0.04295302877097662,0.0028979851089339743,0.2841161871503896,0.00012811143976422106,0.00012811143976422106,1.5071934089908359
5730,0.006099236648558147,0.0006631297697451149,0.3900763351441852,0.03177071668973988,0.00309897816274422,0.36458566620520233,0.04292339172195207,0.0029030234072681474,0.2846101379674654,0.0001283354108127599,0.0001283354108127599,1.5098283625030575
5740,0.006093030868543351,0.0006641847523476302,0.3906969131456648,0.031741006556683216,0.0031040288853638534,0.36517986886633563,0.042893760323068846,0.002908060745078296,0.28510399461551916,0.00012855938186129875,0.00012855938186129875,1.5124633160152794
5750,0.0060868279595276764,0.0006652392468802949,0.39131720404723225,0.03171130923366827,0.0031090774302763927,0.3657738153266344,0.04286413458295588,0.0029130971208974994,0.2855977569507352,0.0001287833529098376,0.0001287833529098376,1.515098269527501
5760,0.006080627927310572,0.0006662932523572026,0.39193720726894266,0.03168162472959525,0.0031141237959688072,0.36636750540809493,0.04283451451024213,0.0029181325332588368,0.2860914248292977,0.00012900732395837645,0.00012900732395837645,1.517733223039723
5770,0.006074430777691489,0.0006673467677924469,0.3925569222308511,0.03165195305336432,0.0031191679809280635,0.3669609389327133,0.04280490011355654,0.0029231669806953887,0.286584998107391,0.0001292312950069153,0.0001292312950069153,1.5203681765519446
5780,0.006068236516469876,0.0006683997922001211,0.39317634835301235,0.0316222942138757,0.0031242099836411305,0.36755411572248586,0.04277529140152803,0.002928200461740234,0.2870784766411994,0.00012945526605545414,0.00012945526605545414,1.5230031300641662
5790,0.006062045149445183,0.0006694523245943188,0.3937954850554816,0.031592648220029544,0.0031292498025949763,0.3681470355994089,0.04274568838278557,0.002933232974926452,0.28757186028690707,0.000129679237103993,0.000129679237103993,1.525638083576388
5800,0.006055856682416861,0.0006705043639891337,0.39441433175831386,0.031563015080726065,0.003134287436276568,0.36873969838547854,0.0427160910659581,0.0029382645187871234,0.28806514890069834,0.00012990320815253184,0.00012990320815253184,1.5282730370886097
5810,0.006049671121184358,0.000671555909398659,0.3950328878815641,0.031533394804865444,0.003139322883172874,0.369332103902691,0.042686499459674544,0.0029432950918553266,0.2885583423387575,0.00013012717920107069,0.00013012717920107069,1.5309079906008314
5820,0.006043488471547126,0.0006726069598369886,0.39565115284528735,0.03150378740134786,0.003144356141770862,0.3699242519730425,0.04265691357256387,0.0029483246926641418,0.2890514404572688,0.00013035115024960953,0.00013035115024960953,1.5335429441130533
5830,0.006037308739304612,0.0006736575143182159,0.39626912606953874,0.03147419287907352,0.0031493872105575003,0.37051614241852937,0.04262733341325501,0.002953353319746648,0.2895444431124165,0.00013057512129814838,0.00013057512129814838,1.536177897625275
5840,0.006031131930256269,0.0006747075718564343,0.39688680697437306,0.0314446112469426,0.0031544160880197566,0.3711077750611478,0.042597758990376905,0.0029583809716359254,0.2900373501603848,0.00013079909234668723,0.00013079909234668723,1.5388128511374968
5850,0.006024958050201545,0.0006757571314657373,0.39750419497984546,0.031415042513855296,0.0031594427726445986,0.3716991497228939,0.042568190312558506,0.0029634076468650536,0.2905301614573582,0.00013102306339522608,0.00013102306339522608,1.5414478046497184
5860,0.0060187871049398895,0.0006768061921602187,0.3981212895060109,0.03138548668871179,0.0031644672629189945,0.372290266225764,0.04253862738842876,0.0029684333439671117,0.2910228768595208,0.00013124703444376492,0.00013124703444376492,1.54408275816194
5870,0.006012619100270754,0.0006778547529539718,0.3987380899729246,0.031355943780412274,0.0031694895573299124,0.37288112439175436,0.04250907022661659,0.002973458061475179,0.2915154962230568,0.00013147100549230377,0.00013147100549230377,1.546717711674162
5880,0.006006454041993586,0.0006789028128610903,0.3993545958006413,0.03132641379785694,0.0031745096543643204,0.37347172404286116,0.04247951883575096,0.0029784817979223357,0.29200801940415055,0.00013169497654084262,0.00013169497654084262,1.5493526651863836
5890,0.006000291935907838,0.0006799503708956675,0.3999708064092161,0.031296896749945964,0.0031795275525091857,0.3740620650010806,0.04244997322446081,0.0029835045518416614,0.2925004462589864,0.00013191894758938147,0.00013191894758938147,1.5519876186986055
5900,0.005994132787812957,0.0006809974260717971,0.40058672121870414,0.031267392645579546,0.0031845432502514764,0.37465214708840894,0.042420433401375086,0.002988526321766235,0.2929927766437485,0.00013214291863792031,0.00013214291863792031,1.5546225722108271
5910,0.005987976603508396,0.0006820439774035727,0.40120233964916036,0.031237901493657873,0.0031895567460781607,0.37524197012684235,0.04239089937512272,0.0029935471062291366,0.2934850104146212,0.00013236688968645916,0.00013236688968645916,1.5572575257230488
5920,0.005981823388793602,0.0006830900239050876,0.4018176611206397,0.031208423303081136,0.0031945680384762067,0.3758315339383772,0.04236137115433267,0.002998566903763446,0.2939771474277888,0.000132590860734998,0.000132590860734998,1.5598924792352706
5930,0.005975673149468026,0.0006841355645904355,0.4024326850531973,0.031178958082749515,0.0031995771259325815,0.37642083834500956,0.04233184874763387,0.003003585712902242,0.29446918753943546,0.00013281483178353686,0.00013281483178353686,1.5625274327474923
5940,0.005969525891331118,0.0006851805984737098,0.40304741086688806,0.031149505841563205,0.0032045840069342543,0.37700988316873574,0.04230233216365527,0.0030086035321786045,0.2949611306057455,0.0001330388028320757,0.0001330388028320757,1.5651623862597142
5950,0.0059633816201823285,0.0006862251245690041,0.40366183798176714,0.031120066588422396,0.0032095886799681918,0.3775986682315519,0.042272821411025806,0.003013620360125613,0.29545297648290325,0.00013326277388061455,0.00013326277388061455,1.5677973397719358
5960,0.005957240341821105,0.0006872691418904121,0.4042759658178894,0.031090640332227273,0.003214591143521363,0.3781871933554544,0.04224331649837443,0.003018636195276347,0.2959447250270928,0.0001334867449291534,0.0001334867449291534,1.5704322932841575
5970,0.0059511020620468995,0.000688312649452027,0.40488979379531,0.031061227081878025,0.003219591396080735,0.37877545836243937,0.04221381743433007,0.0030236510361638866,0.2964363760944987,0.00013371071597769225,0.00013371071597769225,1.5730672467963793
5980,0.005944966786659162,0.0006893556462679426,0.40550332133408384,0.031031826846274844,0.003224589436133276,0.379363463074503,0.0421843242275217,0.0030286648813213114,0.29692792954130504,0.0001339346870262311,0.0001339346870262311,1.575702200308601
5990,0.00593883452145734,0.0006903981313522523,0.406116547854266,0.031002439634317914,0.003229585262165954,0.37995120731364157,0.042154836886578236,0.0030336777292817,0.2974193852236961,0.00013415865807476994,0.00013415865807476994,1.5783371538208226
6000,0.005932705272240885,0.0006914401037190495,0.4067294727759114,0.030973065454907425,0.0032345788726657367,0.38053869090185133,0.04212535542012863,0.0030386895785781323,0.29791074299785614,0.0001343826291233088,0.0001343826291233088,1.5809721073330445
6010,0.005926579044809247,0.000692481562382428,0.4073420955190752,0.030943704316943568,0.0032395702661195927,0.38112591366112847,0.04209587983680183,0.0030437004277436884,0.2984020027199694,0.00013460660017184766,0.00013460660017184766,1.5836070608452666
6020,0.0059204558449618755,0.0006935225063564812,0.40795441550381245,0.03091435622932653,0.003244559441014489,0.3817128754134692,0.042066410145226774,0.0030487102753114477,0.29889316424622037,0.00013483057122038648,0.00013483057122038648,1.586242014357488
6030,0.00591433567849822,0.0006945629346553025,0.40856643215017785,0.0308850212009565,0.0032495463958373944,0.38229957598086983,0.04203694635403241,0.0030537191198144894,0.2993842274327931,0.00013505454226892536,0.00013505454226892536,1.5888769678697099
6040,0.005908218551217731,0.0006956028462929857,0.40917814487822685,0.030855699240733666,0.0032545311290752763,0.38288601518532656,0.04200748847184769,0.003058726959785893,0.2998751921358718,0.00013527851331746418,0.00013527851331746418,1.5915119213819313
6050,0.005902104468919858,0.0006966422402836242,0.4097895531080142,0.030826390357558218,0.0032595136392151026,0.38347219284883555,0.04197803650730154,0.0030637337937587388,0.30036605821164103,0.00013550248436600303,0.00013550248436600303,1.5941468748941532
6060,0.00589599343740405,0.0006976811156413114,0.4104006562595949,0.03079709456033034,0.0032644939247438412,0.384058108793393,0.041948590469022905,0.0030687396202661054,0.30085682551628484,0.00013572645541454187,0.00013572645541454187,1.5967818284063748
6070,0.005889885462469758,0.0006987194713801411,0.4110114537530241,0.030767811857950227,0.0032694719841484606,0.3846437628409953,0.04191915036564074,0.003073744437841073,0.3013474939059876,0.00013595042646308072,0.00013595042646308072,1.5994167819185967
6080,0.005883780549916432,0.0006997573065142066,0.41162194500835675,0.030738542259318068,0.003274447815915928,0.3852291548136385,0.041889716205783994,0.0030787482450167214,0.30183806323693346,0.00013617439751161957,0.00013617439751161957,1.6020517354308184
6090,0.00587767870554352,0.0007007946200576015,0.4122321294456479,0.030709285773334045,0.003279421418533212,0.38581428453331895,0.04186028799808159,0.003083751040326129,0.30232853336530674,0.00013639836856015842,0.00013639836856015842,1.60468668894304
6100,0.0058715799351504745,0.0007018314110244193,0.4128420064849525,0.03068004240889835,0.00328439279048728,0.3863991518220329,0.04183086575116249,0.0030887528223023765,0.3028189041472918,0.0001366223396086973,0.0001366223396086973,1.607321642455262
6110,0.005865484244536743,0.0007028676784287536,0.4134515755463256,0.030650812174911172,0.0032893619302651,0.3869837565017764,0.041801449473655626,0.003093753589478543,0.3033091754390728,0.00013684631065723614,0.00013684631065723614,1.609956595967484
6120,0.0058593916395017764,0.000703903421284698,0.4140608360498223,0.0306215950802727,0.00329432883635364,0.3875680983945458,0.04177203917418995,0.0030987533403877086,0.30379934709683415,0.00013707028170577496,0.00013707028170577496,1.6125915494797052
6130,0.005853302125845025,0.0007049386386063458,0.4146697874154975,0.030592391133883123,0.003299293507239868,0.38815217732233737,0.0417426348613944,0.003103752073562952,0.30428941897676004,0.00013729425275431383,0.00013729425275431383,1.6152265029919273
6140,0.005847215709365937,0.0007059733294077907,0.41527842906340623,0.03056320034464263,0.0033042559414107526,0.3887359931071473,0.04171323654389792,0.003108749787537353,0.30477939093503464,0.00013751822380285265,0.00013751822380285265,1.6178614565041487
6150,0.005841132395863964,0.0007070074927031261,0.41588676041360356,0.030534022721451407,0.0033092161373532605,0.38931954557097176,0.04168384423032946,0.003113746480843992,0.30526926282784234,0.00013774219485139153,0.00013774219485139153,1.6204964100163708
6160,0.005835052191138555,0.0007080411275064456,0.4164947808861444,0.03050485827320964,0.00331417409355436,0.389902834535807,0.041654457929317955,0.003118742152015947,0.3057590345113673,0.00013796616589993038,0.00013796616589993038,1.6231313635285924
6170,0.00582897510098916,0.0007090742328318429,0.41710248990108395,0.030475707008817528,0.0033191298085010193,0.39048585982364925,0.04162507764949236,0.003123736799586299,0.306248705841794,0.00013819013694846922,0.00013819013694846922,1.6257663170408143
6180,0.005822901131215228,0.0007101068076934111,0.4177098868784771,0.03044656893717525,0.0033240832806802068,0.39106862125649483,0.041595703399481605,0.0031287304220881267,0.3067382766753065,0.00013841410799700807,0.00013841410799700807,1.628401270553036
6190,0.005816830287616211,0.0007111388511052442,0.4183169712383789,0.030417444067183,0.0033290345085788893,0.39165111865633984,0.041566335187914645,0.0031337230180545103,0.30722774686808924,0.00013863807904554692,0.00013863807904554692,1.6310362240652578
6200,0.005810762575991556,0.0007121703620814355,0.4189237424008444,0.030388332407740963,0.0033339834906840355,0.3922333518451806,0.041536973023420416,0.0031387145860185288,0.3077171162763263,0.00013886205009408577,0.00013886205009408577,1.6336711775774795
6210,0.005804698002140714,0.0007132013396360785,0.4195301997859285,0.03035923396774933,0.003338930225482613,0.3928153206450132,0.04150761691462787,0.0031437051245132622,0.30820638475620216,0.00013908602114262461,0.00013908602114262461,1.6363061310897011
6220,0.005798636571863136,0.0007142317827832668,0.4201363428136863,0.030330148756108292,0.00334387471146159,0.393397024877834,0.04147826687016594,0.0031486946320717895,0.30869555216390093,0.00013930999219116346,0.00013930999219116346,1.638941084601923
6230,0.005792578290958271,0.0007152616905370939,0.4207421709041728,0.03030107678171803,0.003348816947107934,0.3939784643656392,0.04144892289866358,0.003153683107227191,0.30918461835560695,0.0001395339632397023,0.0001395339632397023,1.6415760381141447
6240,0.0057865231652255685,0.0007162910619116533,0.42134768347744306,0.03027201805347874,0.0033537569309086135,0.39455963893042506,0.04141958500874973,0.003158670548512546,0.3096735831875045,0.00013975793428824116,0.00013975793428824116,1.6442109916263665
6250,0.005780471200464479,0.0007173198959210386,0.42195287995355213,0.030242972580290607,0.003358694661350596,0.39514054839418766,0.04139025320905333,0.0031636569544609334,0.3101624465157778,0.00013998190533678,0.00013998190533678,1.6468459451385882
6260,0.005774422402474451,0.0007183481915793433,0.42255775975255483,0.03021394037105382,0.0033636301369208495,0.3957211925789234,0.04136092750820333,0.0031686423236054334,0.31065120819661113,0.00014020587638531885,0.00014020587638531885,1.6494808986508098
6270,0.0057683767770549356,0.0007193759479006609,0.4231623222945064,0.03018492143466857,0.003368563356106342,0.3963015713066284,0.04133160791482867,0.003173626654479126,0.3111398680861888,0.0001404298474338577,0.0001404298474338577,1.6521158521630317
6280,0.005762334330005382,0.0007204031638990849,0.4237665669994617,0.030155915780035042,0.003373494317394042,0.39688168439929894,0.0413022944375583,0.0031786099456150895,0.311628426040695,0.00014065381848239655,0.00014065381848239655,1.6547508056752533
6290,0.005756295067125241,0.000721429838588709,0.42437049328747584,0.030126923416053428,0.003378423019270916,0.3974615316789312,0.04127298708502115,0.0031835921955464044,0.31211688191631415,0.0001408777895309354,0.0001408777895309354,1.6573857591874752
6300,0.0057502589942139614,0.0007224559709836265,0.4249741005786038,0.03009794435162392,0.0033833494602239335,0.39804111296752154,0.041243685865846175,0.00318857340280615,0.31260523556923037,0.00014110176057947424,0.00014110176057947424,1.6600207126996969
6310,0.005744226117070993,0.0007234815600979311,0.4255773882929006,0.030068978595646695,0.0033882736387400615,0.398620428087066,0.04121439078866231,0.0031935535659274065,0.31309348685562804,0.0001413257316280131,0.0001413257316280131,1.6626556662119185
6320,0.005738196441495786,0.0007245066049457163,0.4261803558504213,0.03004002615702195,0.0033931955533062683,0.3991994768595609,0.04118510186209851,0.003198532683443252,0.3135816356316914,0.00014154970267655194,0.00014154970267655194,1.6652906197241404
6330,0.005732169973287791,0.0007255311045410756,0.42678300267122093,0.03001108704464987,0.003398115202409521,0.39977825910700243,0.04115581909478372,0.003203510753886768,0.31406968175360467,0.00014177367372509078,0.00014177367372509078,1.667925573236362
6340,0.005726146718246457,0.0007265550578981024,0.42738532817535424,0.029982161267430647,0.003403032584536789,0.4003567746513869,0.04112654249534687,0.003208487775791032,0.31455762507755214,0.00014199764477362963,0.00014199764477362963,1.6705605267485837
6350,0.0057201266821712326,0.0007275784640308904,0.4279873317828766,0.029953248834264472,0.003407947698175039,0.4009350233147104,0.04109727207241691,0.0032134637476891248,0.3150454654597181,0.00014222161582216848,0.00014222161582216848,1.6731954802608056
6360,0.00571410987086157,0.0007286013219535331,0.428589012913843,0.029924349754051525,0.0034128605418112397,0.4015130049189693,0.04106800783462279,0.003218438668114126,0.3155332027562869,0.00014244558687070733,0.00014244558687070733,1.6758304337730272
6370,0.005708096290116918,0.000729623630680124,0.42919037098830815,0.029895464035692,0.0034177711139323583,0.4020907192861597,0.041038749790593444,0.0032234125355991147,0.3160208368234426,0.00014266955791924617,0.00014266955791924617,1.678465387285249
6380,0.005702085945736725,0.0007306453892247567,0.42979140542632743,0.029866591688086093,0.0034226794130253636,0.402668166238278,0.04100949794895782,0.0032283853486771708,0.31650836751736966,0.00014289352896778502,0.00014289352896778502,1.6811003407974707
6390,0.005696078843520443,0.0007316665966015247,0.4303921156479556,0.02983773272013398,0.003427585437577223,0.40324534559732034,0.04098025231834486,0.003233357105881373,0.31699579469425226,0.00014311750001632387,0.00014311750001632387,1.6837352943096924
6400,0.005690074989267521,0.0007326872518245214,0.4309925010732478,0.029808887140735853,0.003432489186074904,0.40382225718528275,0.04095101290738352,0.0032383278057448025,0.31748311821027475,0.00014334147106486272,0.00014334147106486272,1.6863702478219142
6410,0.0056840743887774095,0.0007337073539078404,0.431592561122259,0.029780054958791904,0.0034373906570053757,0.4043989008241618,0.04092177972470272,0.003243297446800537,0.31797033792162127,0.00014356544211340156,0.00014356544211340156,1.689005201334136
6420,0.005678077047849557,0.0007347269018655753,0.43219229521504426,0.029751236183202318,0.003442289848855605,0.4049752763359534,0.040892552778931425,0.0032482660275816575,0.3184574536844762,0.0001437894131619404,0.0001437894131619404,1.6916401548463578
6430,0.005672082972283414,0.0007357458947118195,0.43279170277165846,0.02972243082286729,0.0034471867601125602,0.4055513835426541,0.04086333207869857,0.0032532335466212434,0.31894446535502385,0.00014401338421047926,0.00014401338421047926,1.6942751083585794
6440,0.005666092167878431,0.0007367643314606666,0.4333907832121568,0.029693638886687,0.0034520813892632094,0.40612722226625986,0.040834117632633095,0.0032582000024523735,0.31943137278944833,0.0001442373552590181,0.0001442373552590181,1.696910061870801
6450,0.0056601046404340565,0.0007377822111262104,0.4339895359565943,0.029664860383561642,0.0034569737347945203,0.406702792328767,0.040804909449363956,0.0032631653936081276,0.31991817584393406,0.00014446132630755695,0.00014446132630755695,1.699545015383023
6460,0.0056541203957497415,0.0007387995327225439,0.4345879604250258,0.029636095322391403,0.003461863795193461,0.4072780935521718,0.040775707537520085,0.0032681297186215852,0.32040487437466525,0.0001446852973560958,0.0001446852973560958,1.7021799688952446
6470,0.005648139439624935,0.000739816295263761,0.4351860560375065,0.029607343712076472,0.003466751568946999,0.4078531257584704,0.04074651190573043,0.003273092976025827,0.32089146823782616,0.00014490926840463465,0.00014490926840463465,1.7048149224074662
6480,0.005642161777859088,0.0007408324977639551,0.4357838222140912,0.02957860556151704,0.0034716370545421027,0.4084278887696591,0.040717322562623934,0.003278055164353931,0.32137795728960106,0.0001451332394531735,0.0001451332394531735,1.707449875919688
6490,0.005636187416251649,0.0007418481392372198,0.4363812583748351,0.029549880879613293,0.0034765202504657396,0.409002382407734,0.04068813951682954,0.0032830162821389773,0.32186434138617426,0.00014535721050171234,0.00014535721050171234,1.7100848294319098
6500,0.005630216360602068,0.0007428632186976485,0.43697836393979317,0.02952116967526542,0.0034814011552048783,0.4095766064946915,0.0406589627769762,0.0032879763279140455,0.3223506203837299,0.0001455811815502512,0.0001455811815502512,1.7127197829441316
6510,0.0056242486167097944,0.0007438777351593349,0.43757513832902045,0.029492471957373607,0.003486279767246486,0.4101505608525277,0.040629792351692846,0.0032929353002122156,0.3228367941384525,0.00014580515259879004,0.00014580515259879004,1.7153547364563533
6520,0.00561828419037428,0.0007448916876363723,0.4381715809625719,0.02946378773483805,0.003491156085077531,0.41072424530323887,0.04060062824960843,0.003297893197566567,0.32332286250652614,0.0001460291236473289,0.0001460291236473289,1.717989689968575
6530,0.005612323087394973,0.0007459050751428546,0.43876769126050263,0.029435117016558928,0.003496030107184981,0.4112976596688212,0.04057147047935189,0.0033028500185101786,0.3238088253441352,0.00014625309469586774,0.00014625309469586774,1.7206246434807968
6540,0.005606365313571324,0.0007469178966928748,0.4393634686428675,0.029406459811436438,0.0035009018320558047,0.41187080377127105,0.040542319049552175,0.0033078057615761303,0.32429468250746374,0.00014647706574440658,0.00014647706574440658,1.7232595969930184
6550,0.0056004108747027825,0.000747930151300527,0.4399589125297217,0.029377816128370766,0.003505771258176969,0.41244367743258453,0.04051317396883822,0.003312760425297502,0.3247804338526963,0.00014670103679294543,0.00014670103679294543,1.7258945505052403
6560,0.005594459776588798,0.0007489418379799044,0.4405540223411201,0.0293491859762621,0.0035106383840354423,0.4130162804747578,0.04048403524583898,0.0033177140082073734,0.325266079236017,0.00014692500784148428,0.00014692500784148428,1.728529504017462
6570,0.0055885120250288205,0.0007499529557451004,0.44114879749711783,0.029320569364010625,0.003515503208118193,0.41358861271978736,0.040454902889183394,0.0033226665088388237,0.3257516185136101,0.00014714897889002313,0.00014714897889002313,1.7311644575296836
6580,0.0055825676258223,0.0007509635036102089,0.4417432374177699,0.029291966300516534,0.003520365728912188,0.41416067398966916,0.0404257769075004,0.0033276179257249318,0.32623705154165994,0.00014737294993856197,0.00014737294993856197,1.7337994110419055
6590,0.005576626584768687,0.0007519734805893232,0.4423373415231312,0.029263376794680017,0.003525225944904396,0.41473246410639947,0.04039665730941895,0.003332568257398778,0.32672237817635075,0.00014759692098710082,0.00014759692098710082,1.7364343645541271
6600,0.00557068890766743,0.0007529828856965368,0.44293110923325685,0.029234800855401262,0.003530083854581785,0.4153039828919746,0.040367544103567986,0.0033375175023934423,0.3272075982738669,0.0001478208920356397,0.0001478208920356397,1.7390693180663492
6610,0.00556475460031798,0.0007539917179459433,0.4435245399682019,0.029206238491580452,0.0035349394564313224,0.4158752301683908,0.040338437298576446,0.003342465659242003,0.3276927116903925,0.00014804486308417852,0.00014804486308417852,1.7417042715785707
6620,0.005558823668519786,0.0007549999763516364,0.44411763314802133,0.029177689712117785,0.003539792748939976,0.4164462057576442,0.040309336903073284,0.003347412726477541,0.32817771828211184,0.0001482688341327174,0.0001482688341327174,1.7443392250907928
6630,0.005552896118072298,0.0007560076599277092,0.4447103881927701,0.02914915452591344,0.003544643730594714,0.417016909481731,0.04028024292568744,0.0033523587026331354,0.32866261790520934,0.0001484928051812562,0.0001484928051812562,1.7469741786030142
6640,0.005546971954774966,0.0007570147676882557,0.44530280452250326,0.029120632941867612,0.003549492399882505,0.41758734116264756,0.04025115537504785,0.0033573035862418652,0.32914741041586915,0.00014871677622979509,0.00014871677622979509,1.7496091321152363
6650,0.005541051184427241,0.0007580212986473691,0.4458948815572759,0.029092124968880487,0.003554338755290316,0.4181575006223901,0.04022207425978347,0.0033622473758368105,0.3296320956702755,0.0001489407472783339,0.0001489407472783339,1.7522440856274575
6660,0.0055351338128285694,0.000759027251819143,0.4464866187171429,0.029063630615852258,0.0035591827953051157,0.4187273876829547,0.04019299958852323,0.003367190069951051,0.3301166735246128,0.00014916471832687278,0.00014916471832687278,1.7548790391396796
6670,0.005529219845778405,0.0007600326262176711,0.44707801542215947,0.029035149891683106,0.003564024518413871,0.4192970021663377,0.040163931369896086,0.003372131667117666,0.3306011438350653,0.0001493886893754116,0.0001493886893754116,1.757513992651901
6680,0.005523309289076195,0.0007610374208570467,0.44766907109238036,0.029006682805273225,0.0035688639231035513,0.41986634389453537,0.040134869612530974,0.0033770721658697347,0.3310855064578171,0.00014961266042395048,0.00014961266042395048,1.760148946164123
6690,0.005517402148521391,0.0007620416347513635,0.44825978514786086,0.0289782293655228,0.0035737010078611227,0.42043541268954376,0.04010581432505684,0.003382011564740337,0.33156976124905263,0.00014983663147248932,0.00014983663147248932,1.7627838996763447
6700,0.005511498429913441,0.000763045266914715,0.4488501570086558,0.028949789581332028,0.0035785357711735546,0.4210042083733593,0.04007676551610263,0.003386949862262553,0.33205390806495616,0.00015006060252102817,0.00015006060252102817,1.7654188531885666
6710,0.0055055981390517966,0.0007640483163611946,0.44944018609482034,0.028921363461601086,0.0035833682115278148,0.42157273076797813,0.04004772319429729,0.003391887056969461,0.33253794676171183,0.00015028457356956702,0.00015028457356956702,1.7680538067007883
6720,0.005499701281735906,0.0007650507821048959,0.4500298718264093,0.02889295101523017,0.00358819832741087,0.4221409796953964,0.04001868736826975,0.0033968231473941422,0.33302187719550413,0.00015050854461810587,0.00015050854461810587,1.7706887602130101
6730,0.005493807863765221,0.0007660526631599124,0.4506192136234779,0.028864552251119467,0.0035930261173096898,0.4227089549776105,0.039989658046648974,0.003401758132069674,0.33350569922251705,0.00015073251566664469,0.00015073251566664469,1.7733237137252316
6740,0.005487917890939189,0.0007670539585403378,0.451208210906081,0.02883616717816917,0.0035978515797112404,0.42327665643661644,0.03996063523806389,0.003406692009529138,0.3339894126989351,0.00015095648671518356,0.00015095648671518356,1.7759586672374534
6750,0.005482031369057262,0.0007680546672602655,0.45179686309427375,0.02880779580527946,0.0036026747131024913,0.42384408389441064,0.03993161895114345,0.003411624778305614,0.3344730174809425,0.00015118045776372238,0.00015118045776372238,1.7785936207496749
6760,0.0054761483039188884,0.0007690547883337889,0.45238516960811104,0.028779438141350526,0.00360749551597041,0.42441123717298934,0.03990260919451659,0.003416556436932179,0.33495651342472343,0.00015140442881226126,0.00015140442881226126,1.781228574261897
6770,0.005470268701323519,0.0007700543207750017,0.45297312986764804,0.028751094195282562,0.0036123139868019637,0.4249781160943486,0.03987360597681226,0.003421486983941915,0.33543990038646226,0.0001516283998608001,0.0001516283998608001,1.7838635277741188
6780,0.0054643925670706025,0.0007710532635979974,0.4535607432929396,0.028722763975975753,0.003617130124084121,0.42554472048048475,0.03984460930665941,0.0034264164178679003,0.3359231782223432,0.00015185237090933895,0.00015185237090933895,1.7864984812863405
6790,0.005458519906959591,0.0007720516158168696,0.45414800930404087,0.028694447492330293,0.0036219439263038495,0.426111050153394,0.03981561919268697,0.003431344737243215,0.33640634678855047,0.0001520763419578778,0.0001520763419578778,1.7891334347985621
6800,0.005452650726789931,0.0007730493764457117,0.45473492732100684,0.028666144753246362,0.003626755391948118,0.4266771049350726,0.03978663564352389,0.0034362719406009386,0.3368894059412685,0.00015230031300641665,0.00015230031300641665,1.791768388310784
6810,0.005446785032361075,0.0007740465444986172,0.45532149676389244,0.028637855767624155,0.0036315645195038933,0.4272428846475168,0.039757658667799116,0.0034411980264741505,0.3373723555366814,0.0001525242840549555,0.0001525242840549555,1.7944033418230056
6820,0.005440922829472472,0.0007750431189896798,0.45590771705275274,0.02860958054436386,0.0036363713074581434,0.4278083891127227,0.03972868827414159,0.00344612299339593,0.33785519543097353,0.00015274825510349434,0.00015274825510349434,1.7970382953352273
6830,0.005435064123923571,0.0007760390989329928,0.4564935876076428,0.02858131909236566,0.003641175754297837,0.4283736181526866,0.03969972447118025,0.0034510468398993577,0.3383379254803292,0.0001529722261520332,0.0001529722261520332,1.7996732488474492
6840,0.005429208921513823,0.00077703448334265,0.4570791078486176,0.028553071420529753,0.0036459778585099414,0.4289385715894048,0.039670767267544045,0.0034559695645175114,0.3388205455409325,0.00015319619720057204,0.00015319619720057204,1.8023082023596708
6850,0.005423357228042679,0.0007780292712327447,0.45766427719573205,0.02852483753775632,0.003650777618581425,0.42950324924487343,0.039641816671861924,0.0034608911657834727,0.3393030554689679,0.00015342016824911088,0.00015342016824911088,1.8049431558718927
6860,0.005417509049309585,0.0007790234616173705,0.45824909506904143,0.028496617452945554,0.0036555750329992556,0.43006765094108884,0.03961287269276283,0.0034658116422303193,0.33978545512061953,0.00015364413929764973,0.00015364413929764973,1.8075781093841143
6870,0.005411664391113994,0.0007800170535106211,0.45883356088860056,0.02846841117499764,0.0036603701002504005,0.430631776500047,0.03958393533887569,0.0034707309923911324,0.3402677443520718,0.00015386811034618858,0.00015386811034618858,1.810213062896336
6880,0.005405823259255354,0.0007810100459265897,0.4594176740744645,0.02844021871281277,0.0036651628188218285,0.4311956257437445,0.039555004618829465,0.0034756492147989906,0.3407499230195089,0.00015409208139472743,0.00015409208139472743,1.8128480164085579
6890,0.005399985659533117,0.00078200243787937,0.46000143404668814,0.02841204007529113,0.003669953187200507,0.4317591984941772,0.039526080541253096,0.0034805663079869736,0.34123199097911505,0.00015431605244326627,0.00015431605244326627,1.8154829699207795
6900,0.005394151597746731,0.0007829942283830556,0.46058484022532675,0.02838387527133291,0.0036747412038734043,0.4323224945733416,0.039497163114775524,0.0034854822704881608,0.34171394808707456,0.00015454002349180512,0.00015454002349180512,1.8181179234330014
6910,0.005388321079695647,0.00078398541645174,0.46116789203043523,0.028355724309838303,0.0036795268673274883,0.4328855138032338,0.039468252348025694,0.0034903971008356325,0.3421957941995718,0.00015476399454034397,0.00015476399454034397,1.820752876945223
6920,0.005382494111179314,0.0007849760010995167,0.4617505888820686,0.028327587199707488,0.003684310176049726,0.43344825600585,0.03943934824963254,0.003495310797562467,0.34267752917279093,0.00015498796558888282,0.00015498796558888282,1.8233878304574447
6930,0.005376670697997182,0.000785965981340479,0.46233293020028177,0.02829946394984066,0.003689091128527087,0.4340107210031866,0.03941045082822503,0.003500223359201745,0.34315915286291615,0.00015521193663742166,0.00015521193663742166,1.8260227839696666
6940,0.0053708508459487,0.0007869553561887209,0.46291491540512986,0.02827135456913801,0.003693869723246538,0.4345729086172397,0.039381560092432086,0.0035051347842865455,0.3436406651261319,0.0001554359076859605,0.0001554359076859605,1.8286577374818882
6950,0.00536503456083332,0.0007879441246583356,0.46349654391666795,0.02824325906649972,0.0036986459586950465,0.4351348186700054,0.039352676050882655,0.0035100450713499484,0.34412206581862237,0.00015565987873449936,0.00015565987873449936,1.83129269099411
6960,0.0053592218484504895,0.0007889322857634166,0.4640778151549509,0.02821517745082598,0.003703419833359582,0.4356964509834802,0.03932379871220568,0.0035149542189250333,0.34460335479657184,0.0001558838497830382,0.0001558838497830382,1.8339276445063317
6970,0.005353412714599661,0.0007899198385180578,0.4646587285400339,0.028187109731016985,0.0037081913457271114,0.4362578053796601,0.03929492808503012,0.003519862225544879,0.3450845319161646,0.00015610782083157705,0.00015610782083157705,1.8365625980185534
6980,0.005347607165080282,0.0007909067819363521,0.46523928349197174,0.028159055915972918,0.0037129604942846032,0.4368188816805415,0.03926606417798491,0.003524769089742566,0.34556559703358486,0.0001563317918801159,0.0001563317918801159,1.8391975515307752
6990,0.005341805205691802,0.0007918931150323937,0.46581947943081975,0.028131016014593967,0.003717727277519025,0.4373796797081205,0.03923720699969898,0.0035296748100511737,0.346046550005017,0.00015655576292865475,0.00015655576292865475,1.841832505042997
7000,0.0053360068422336725,0.0007928788368202756,0.4663993157766327,0.028102990035780324,0.0037224916939173442,0.43794019928439337,0.03920835655880129,0.003534579385003781,0.3465273906866452,0.0001567797339771936,0.0001567797339771936,1.8444674585552185
7010,0.005330212080505343,0.0007938639463140917,0.4669787919494656,0.028074977988432177,0.0037272537419665293,0.4385004402313563,0.039179512863920775,0.0035394828131334677,0.34700811893465366,0.00015700370502573244,0.00015700370502573244,1.8471024120674404
7020,0.005324420926306263,0.0007948484425279352,0.46755790736937364,0.02804697988144971,0.0037320134201535484,0.43906040237100563,0.03915067592368639,0.0035443850929733137,0.34748873460522683,0.0001572276760742713,0.0001572276760742713,1.849737365579662
7030,0.0053186333854358826,0.0007958323244758999,0.4681366614564117,0.02801899572373312,0.003736770726965369,0.43962008552533743,0.039121845746727064,0.003549286223056399,0.3479692375545489,0.00015745164712281014,0.00015745164712281014,1.852372319091884
7040,0.005312849463693651,0.0007968155911720793,0.46871505363063476,0.02799102552418259,0.0037415256608889593,0.44017948951634805,0.03909302234167175,0.0035541862019158018,0.3484496276388041,0.00015767561817134899,0.00015767561817134899,1.8550072726041056
7050,0.005307069166879019,0.0007977982416305669,0.4692930833120981,0.027963069291698305,0.003746278220411287,0.44073861416603366,0.03906420571714939,0.0035590850280846032,0.3489299047141768,0.00015789958921988783,0.00015789958921988783,1.8576422261163272
7060,0.005301292500791435,0.000798780274865456,0.4698707499208564,0.027935127035180463,0.0037510284040193206,0.4412974592963906,0.039035395881788934,0.0035639827000958813,0.3494100686368511,0.00015812356026842668,0.00015812356026842668,1.860277179628549
7070,0.00529551947123035,0.0007997616898908405,0.47044805287696495,0.027907198763529248,0.0037557762102000273,0.4418560247294149,0.03900659284421931,0.003568879216482717,0.34989011926301145,0.00015834753131696553,0.00015834753131696553,1.8629121331407708
7080,0.005289750083995214,0.0008007424857208135,0.4710249916004785,0.027879284485644844,0.0037605216374403754,0.44241431028710293,0.03897779661306948,0.003573774575778188,0.350370056448842,0.00015857150236550438,0.00015857150236550438,1.8655470866529926
7090,0.005283984344885476,0.000801722661369469,0.4716015655114523,0.02785138421042745,0.0037652646842273327,0.4429723157914508,0.03894900719696837,0.0035786687765153764,0.3508498800505271,0.00015879547341404322,0.00015879547341404322,1.8681820401652143
7100,0.0052782222597005865,0.0008027022158509003,0.4721777740299413,0.027823497946777246,0.0037700053490478678,0.4435300410644549,0.03892022460454494,0.00358356181722736,0.35132958992425095,0.00015901944446258207,0.00015901944446258207,1.870816993677436
7110,0.005272463834239995,0.0008036811481792008,0.4727536165760004,0.027795625703594423,0.0037747436303889473,0.44408748592811137,0.03889144884442813,0.0035884536964472186,0.3518091859261979,0.00015924341551112092,0.00015924341551112092,1.8734519471896578
7120,0.005266709074303151,0.0008046594573684644,0.47332909256968486,0.02776776748977917,0.00377947952673754,0.4446446502044164,0.03886267992524687,0.003593344412708032,0.35228866791255214,0.00015946738655965977,0.00015946738655965977,1.8760869007018794
7130,0.005260957985689505,0.0008056371424327842,0.47390420143104944,0.02773992331423168,0.0037842130365806142,0.4452015337153663,0.03883391785563012,0.0035982339645428798,0.352768035739498,0.00015969135760819861,0.00015969135760819861,1.8787218542141013
7140,0.005255210574198506,0.000806614202386254,0.47447894258014933,0.027712093185852132,0.003788944158405137,0.4457581362829572,0.03880516264420681,0.003603122350484842,0.3532472892632198,0.00015991532865673746,0.00015991532865673746,1.881356807726323
7150,0.005249466845629605,0.0008075906362429671,0.47505331543703944,0.027684277113540722,0.003793672890698076,0.4463144577291853,0.0387764142996059,0.0036080095690669968,0.35372642833990164,0.0001601392997052763,0.0001601392997052763,1.8839917612385446
7160,0.005243726805782251,0.0008085664430170173,0.47562731942177483,0.027656475106197637,0.0037983992319464005,0.44687049787604705,0.03874767283045632,0.0036128956188224252,0.35420545282572796,0.00016036327075381518,0.00016036327075381518,1.8866267147507667
7170,0.0052379904604558936,0.000809541621722498,0.4762009539544106,0.027628687172723067,0.0038031231806370776,0.44742625654553847,0.038718938245387025,0.0036177804982842057,0.3546843625768829,0.00016058724180235403,0.00016058724180235403,1.8892616682629884
7180,0.005232257815449983,0.0008105161713735028,0.47677421845500156,0.0276009133220172,0.0038078447352570756,0.44798173355965587,0.038690210553026946,0.003622664205985419,0.3551631574495509,0.00016081121285089285,0.00016081121285089285,1.8918966217752098
7190,0.00522652887656397,0.0008114900909841251,0.4773471123436029,0.02757315356298022,0.003812563894293362,0.44853692874039547,0.038661489762005036,0.0036275467404591434,0.355641837299916,0.00016103518389943173,0.00016103518389943173,1.8945315752874319
7200,0.0052208036495973035,0.0008124633795684584,0.4779196350402696,0.02754540790451232,0.0038172806562329045,0.4490918419097534,0.03863277588095024,0.003632428100238459,0.35612040198416267,0.00016125915494797055,0.00016125915494797055,1.8971665287996533
7210,0.005215082140349433,0.0008134360361405964,0.47849178596505665,0.027517676355513693,0.0038219950195626717,0.44964647288972603,0.038604068918491496,0.003637308283856446,0.3565988513584751,0.00016148312599650942,0.00016148312599650942,1.8998014823118754
7220,0.0052093643546198085,0.0008144080597146325,0.479063564538019,0.027489958924884518,0.0038267069827696313,0.4502008215023095,0.03857536888325775,0.0036421872898461825,0.3570771852790375,0.00016170709704504824,0.00016170709704504824,1.9024364358240968
7230,0.00520365029820788,0.0008153794493046604,0.479634970179212,0.02746225562152499,0.003831416544340751,0.45075488756950005,0.038546675783877944,0.0036470651167407496,0.35755540360203425,0.00016193106809358712,0.00016193106809358712,1.905071389336319
7240,0.005197939976913097,0.0008163502039247734,0.4802060023086902,0.027434566454335292,0.003836123702762999,0.4513086709132939,0.03851798962898102,0.003651941763073226,0.35803350618364954,0.00016215503914212594,0.00016215503914212594,1.9077063428485403
7250,0.00519223339653491,0.0008173203225890652,0.4807766603465089,0.02740689143221562,0.0038408284565233436,0.45186217135568746,0.03848931042719593,0.0036568172273766914,0.3585114928800678,0.0001623790101906648,0.0001623790101906648,1.9103412963607624
7260,0.005186530562872769,0.0008182898043116293,0.481346943712723,0.02737923056406616,0.0038455308041087525,0.45241538871867665,0.03846063818715161,0.0036616915081842255,0.3589893635474731,0.00016260298123920363,0.00016260298123920363,1.9129762498729839
7270,0.005180831481726123,0.0008192586481065591,0.48191685182738764,0.027351583858787096,0.0038502307440061927,0.45296832282425786,0.03843197291747701,0.003666564604028908,0.3594671180420498,0.0001628269522877425,0.0001628269522877425,1.9156112033852057
7280,0.005175136158894422,0.0008202268529879484,0.48248638411055783,0.027323951325278623,0.0038549282747026327,0.45352097349442727,0.03840331462680107,0.003671436513443818,0.3599447562199821,0.00016305092333628133,0.00016305092333628133,1.9182461568974272
7290,0.005169444600177116,0.0008211944179698903,0.48305553998228834,0.02729633297244093,0.003859623394685041,0.45407334055118126,0.03837466332375273,0.0036763072349620353,0.36042227793745446,0.0001632748943848202,0.0001632748943848202,1.9208811104096493
7300,0.005163756811373654,0.0008221613420664787,0.48362431886263446,0.0272687288091742,0.0038643161024403856,0.4546254238165159,0.03834601901696094,0.0036811767671166393,0.3608996830506509,0.00016349886543335902,0.00016349886543335902,1.9235160639218707
7310,0.005158072798283488,0.0008231276242918069,0.48419272017165105,0.027241138844378624,0.0038690063964556334,0.4551772231124274,0.038317381715054645,0.00368604510844071,0.36137697141575587,0.0001637228364818979,0.0001637228364818979,1.9261510174340928
7320,0.005152392566706066,0.0008240932636599688,0.48476074332939334,0.02721356308695439,0.0038736942752177527,0.45572873826091204,0.038288751426662784,0.0036909122574673267,0.36185414288895357,0.00016394680753043672,0.00016394680753043672,1.9287859709463142
7330,0.005146716122440839,0.0008250582591850574,0.485328387755916,0.02718600154580169,0.003878379737213712,0.456279969083966,0.0382601281604143,0.003695778212729569,0.3623311973264283,0.0001641707785789756,0.0001641707785789756,1.9314209244585363
7340,0.005141043471287255,0.0008260226098811667,0.48589565287127445,0.02715845422982071,0.0038830627809304788,0.4568309154035856,0.038231511924938136,0.003700642972760516,0.3628081345843643,0.00016439474962751444,0.00016439474962751444,1.934055877970758
7350,0.005135374619044765,0.0008269863147623898,0.4864625380955233,0.02713092114791164,0.00388774340485502,0.45738157704176696,0.038202902728863244,0.0037055065360932487,0.36328495451894594,0.0001646187206760533,0.0001646187206760533,1.9366908314829796
7360,0.005129709571512819,0.0008279493728428206,0.4870290428487179,0.027103402308974667,0.003892421607474306,0.45793195382050655,0.03817430058081856,0.003710368901260844,0.36376165698635726,0.00016484269172459213,0.00016484269172459213,1.9393257849952015
7370,0.005124048334490867,0.0008289117831365525,0.4875951665509132,0.027075897721909978,0.0038970973872753025,0.4584820455618003,0.03814570548943303,0.0037152300667963843,0.36423824184278275,0.00016506666277313098,0.00016506666277313098,1.9419607385074231
7380,0.005118390913778359,0.0008298735446576789,0.48816090862216405,0.027048407395617768,0.003901770742744979,0.45903185208764447,0.0381171174633356,0.0037200900312329478,0.3647147089444066,0.00016529063382166983,0.00016529063382166983,1.944595692019645
7390,0.005112737315174743,0.0008308346564202935,0.48872626848252554,0.027020931338998216,0.003906441672370302,0.4595813732200354,0.03808853651115521,0.0037249487931036137,0.3651910581474131,0.00016551460487020868,0.00016551460487020868,1.9472306455318666
7400,0.005107087544479472,0.0008317951174384898,0.4892912455520527,0.026993469560951524,0.00391111017463824,0.4601306087809694,0.038059962641520804,0.003729806350941463,0.36566728930798653,0.00016573857591874752,0.00016573857591874752,1.9498655990440883
7410,0.005101441607491992,0.0008327549267263613,0.48985583925080073,0.02696602207037787,0.003915776248035761,0.4606795585924425,0.03803139586306133,0.003734662703279573,0.36614340228231107,0.00016596254696728637,0.00016596254696728637,1.9525005525563102
7420,0.005095799510011756,0.0008337140832980015,0.4904200489988243,0.026938588876177443,0.003920439891049834,0.46122822247645096,0.03800283618440573,0.0037395178486510257,0.36661939692657114,0.00016618651801582522,0.00016618651801582522,1.9551355060685318
7430,0.005090161257838212,0.0008346725861675039,0.49098387421617873,0.026911169987250433,0.003925101102167425,0.4617766002549911,0.037974283614182945,0.0037443717855888993,0.3670952730969509,0.00016641048906436407,0.00016641048906436407,1.9577704595807537
7440,0.005084526856770811,0.0008356304343489621,0.49154731432291887,0.026883765412497037,0.003929759879875504,0.46232469175005925,0.03794573816102192,0.0037492245126262737,0.36757103064963464,0.00016663446011290294,0.00016663446011290294,1.9604054130929756
7450,0.0050788963126090015,0.0008365876268564697,0.49211036873909975,0.02685637516081743,0.003934416222661036,0.4628724967836512,0.0379171998335516,0.003754076028296228,0.36804666944080666,0.00016685843116144176,0.00016685843116144176,1.963040366605197
7460,0.005073269631152235,0.0008375441627041201,0.4926730368847765,0.02682899924111181,0.003939070129010991,0.46342001517776366,0.03788866864040093,0.0037589263311318425,0.3685221893266512,0.00016708240220998064,0.00016708240220998064,1.965675320117419
7470,0.00506764681819996,0.0008385000409060067,0.4932353181800039,0.026801637662280366,0.003943721597412337,0.4639672467543926,0.037860144590198846,0.0037637754196661963,0.36899759016335254,0.00016730637325851946,0.00016730637325851946,1.9683102736296405
7480,0.005062027879551626,0.0008394552604762234,0.49379721204483723,0.026774290433223276,0.003948370626352043,0.4645141913355344,0.037831627691574304,0.0037686232924323687,0.369472871807095,0.0001675303443070583,0.0001675303443070583,1.9709452271418624
7490,0.005056412821006685,0.0008404098204288635,0.49435871789933145,0.02674695756284074,0.003953017214317073,0.465060848743185,0.03780311795315623,0.00377346994796344,0.36994803411406274,0.00016775431535559715,0.00016775431535559715,1.973580180654084
7500,0.005050801648364585,0.0008413637197780205,0.49491983516354143,0.02671963906003294,0.003957661359794399,0.4656072187993409,0.03777461538357359,0.0037783153847924895,0.37042307694044013,0.00016797828640413603,0.00016797828640413603,1.9762151341663061
7510,0.005045194367424776,0.0008423169575377881,0.4954805632575223,0.026692334933700074,0.003962303061270987,0.4661533013259984,0.037746119991455315,0.0037831596014525964,0.37089800014241137,0.00016820225745267485,0.00016820225745267485,1.9788500876785275
7520,0.005039590983986708,0.0008432695327222595,0.4960409016013291,0.026665045192742317,0.003966942317233805,0.46669909614515354,0.03771763178543035,0.0037880025964768405,0.3713728035761608,0.00016842622850121372,0.00016842622850121372,1.9814850411907494
7530,0.0050339915038498315,0.0008442214443455285,0.4966008496150167,0.026637769846059867,0.003971579126169821,0.46724460307880245,0.037689150774127635,0.0037928443683983015,0.3718474870978727,0.00016865019954975254,0.00016865019954975254,1.9841199947029708
7540,0.005028395932813595,0.0008451726914216887,0.4971604067186403,0.026610508902552912,0.003976213486566004,0.46778982194894153,0.03766067696617612,0.003797684915750059,0.3723220505637313,0.00016887417059829142,0.00016887417059829142,1.986754948215193
7550,0.00502280427667745,0.0008461232729648335,0.49771957233225494,0.026583262371121637,0.003980845396909321,0.4683347525775671,0.03763221037020475,0.0038025242370651924,0.3727964938299208,0.00016909814164683024,0.00016909814164683024,1.9893899017274144
7560,0.005017216541240845,0.0008470731879890563,0.49827834587591546,0.026556030260666233,0.0039854748556867395,0.4688793947866752,0.037603750994842464,0.0038073623308767807,0.3732708167526256,0.0001693221126953691,0.0001693221126953691,1.9920248552396365
7570,0.0050116327323032304,0.0008480224355084508,0.4988367267696769,0.02652881258008689,0.003990101861385228,0.469423748398262,0.03757529884871821,0.003812199195717905,0.3737450191880299,0.00016954608374390793,0.00016954608374390793,1.9946598087518579
7580,0.005006052855664056,0.0008489710145371105,0.49939471443359434,0.026501609338283792,0.003994726412491754,0.4699678132343239,0.03754685394046092,0.003817034830121643,0.3742191009923179,0.0001697700547924468,0.0001697700547924468,1.99729476226408
7590,0.005000476917122771,0.0008499189240891289,0.4999523082877228,0.026474420544157135,0.003999348507493286,0.47051158911685703,0.037518416278699555,0.0038218692326210755,0.3746930620216741,0.00016999402584098563,0.00016999402584098563,1.9999297157763014
7600,0.0049949049224788265,0.0008508661631785996,0.5005095077521173,0.0264472462066071,0.004003968144876792,0.47105507586785783,0.03748998587206305,0.003826702401749282,0.3751669021322825,0.0001702179968895245,0.0001702179968895245,2.0025646692885233
7610,0.00498933687753167,0.000851812730819616,0.5010663122468328,0.026420086334533882,0.00400858532312924,0.47159827330932225,0.037461562729180345,0.0038315343360393406,0.37564062118032754,0.00017044196793806332,0.00017044196793806332,2.005199622800745
7620,0.004983772788080754,0.0008527586260262717,0.5016227211919245,0.026392940936837663,0.004013200040737597,0.47214118126324667,0.03743314685868039,0.0038363650340243333,0.3761142190219934,0.0001706659389866022,0.0001706659389866022,2.007834576312967
7630,0.004978212659925528,0.0008537038478126603,0.5021787340074472,0.026365810022418636,0.004017812296188831,0.4726837995516271,0.037404738269192134,0.0038411944942373377,0.3765876955134645,0.00017088991003514102,0.00017088991003514102,2.0104695298251882
7640,0.00497265649886544,0.0008546483951928751,0.5027343501134559,0.026338693600176988,0.004022422087969911,0.47322612799646,0.037376336969344504,0.003846022715211434,0.3770610505109249,0.0001711138810836799,0.0001711138810836799,2.0131044833374103
7650,0.004967104310699941,0.0008555922671810099,0.5032895689300058,0.02631159167901291,0.004027029414567804,0.47376816641974157,0.03734794296776646,0.0038508496954797024,0.37753428387055904,0.0001713378521322187,0.0001713378521322187,2.015739436849632
7660,0.004961556101228481,0.0008565354627911581,0.5038443898771517,0.026284504267826587,0.004031634274469479,0.47430991464346806,0.03731955627308693,0.003855675433575221,0.3780073954485511,0.0001715618231807576,0.0001715618231807576,2.0183743903618536
7670,0.004956011876250509,0.0008574779810374132,0.5043988123749489,0.02625743137551821,0.004036236666161903,0.47485137248963555,0.03729117689393487,0.003860499928031071,0.3784803851010854,0.0001717857942292964,0.0001717857942292964,2.0210093438740753
7680,0.0049504716415654775,0.0008584198209338689,0.5049528358434522,0.02623037301098797,0.004040836588132044,0.4753925397802403,0.03726280483893923,0.0038653231773803313,0.37895325268434615,0.00017200976527783528,0.00017200976527783528,2.0236442973862974
7690,0.004944935402972832,0.0008593609814946184,0.5055064597027167,0.026203329183136052,0.00404543403886687,0.4759334163372788,0.03723444011672894,0.0038701451801560803,0.3794259980545177,0.0001722337363263741,0.0001722337363263741,2.0262792508985186
7700,0.004939403166272026,0.0008603014617337557,0.5060596833727974,0.02617629990086265,0.00405002901685335,0.4764740019827469,0.03720608273593294,0.0038749659348913997,0.3798986210677843,0.00017245770737491298,0.00017245770737491298,2.0289142044107407
7710,0.004933874937262507,0.0008612412606653738,0.5066125062737493,0.026149285173067943,0.00405462152057845,0.4770142965386411,0.03717773270518019,0.0038797854401193673,0.38037112158033015,0.00017268167842345182,0.00017268167842345182,2.0315491579229623
7720,0.004928350721743726,0.0008621803773035666,0.5071649278256274,0.026122285008652123,0.004059211548529138,0.47755429982695735,0.037149390033099625,0.0038846036943730637,0.38084349944833956,0.00017290564947199067,0.00017290564947199067,2.0341841114351844
7730,0.004922830525515133,0.0008631188106624274,0.5077169474484867,0.026095299416515384,0.004063799099192384,0.4780940116696922,0.03712105472832019,0.003889420696185568,0.3813157545279968,0.0001731296205205295,0.0001731296205205295,2.0368190649474056
7740,0.004917314354376177,0.0008640565597560501,0.5082685645623823,0.02606832840555791,0.004068384171055155,0.47863343188884167,0.03709272679947082,0.00389423644408996,0.3817878866754862,0.00017335359156906837,0.00017335359156906837,2.0394540184596277
7750,0.004911802214126307,0.0008649936235985277,0.5088197785873692,0.02604137198467989,0.004072966762604418,0.47917256030640204,0.037064406255180475,0.003899050936619319,0.382259895746992,0.0001735775626176072,0.0001735775626176072,2.042088971971849
7760,0.004906294110564975,0.0008659300012039541,0.5093705889435024,0.026014430162781516,0.0040775468723271415,0.4797113967443696,0.03703609310407809,0.0039038641723067244,0.3827317815986984,0.00017380153366614606,0.00017380153366614606,2.044723925484071
7770,0.004900790049491631,0.0008668656915864228,0.5099209950508369,0.025987502948762974,0.004082124498710294,0.4802499410247404,0.03700778735479261,0.003908676149685256,0.38320354408678986,0.00017402550471468488,0.00017402550471468488,2.0473588789962927
7780,0.004895290036705722,0.0008678006937600272,0.5104709963294277,0.025960590351524454,0.004086699640240842,0.4807881929695108,0.03697948901595297,0.003913486867287994,0.3836751830674504,0.00017424947576322376,0.00017424947576322376,2.0499938325085147
7790,0.0048897940780067,0.0008687350067388608,0.5110205921993298,0.025933692379966136,0.004091272295405755,0.481326152400677,0.03695119809618813,0.003918296323648017,0.3841466983968644,0.0001744734468117626,0.0001744734468117626,2.0526287860207364
7800,0.004884302179194016,0.0008696686295370173,0.5115697820805983,0.025906809042988227,0.004095842462692001,0.48186381914023535,0.03692291460412703,0.003923104517298405,0.3846180899312161,0.00017469741786030145,0.00017469741786030145,2.055263739532958
7810,0.004878814346067116,0.0008706015611685903,0.5121185653932884,0.025879940349490895,0.004100410140586546,0.4824011930101818,0.0368946385483986,0.003927911446772237,0.38508935752668993,0.0001749213889088403,0.0001749213889088403,2.0578986930451797
7820,0.004873330584425453,0.0008715338006476729,0.5126669415574545,0.025853086308374344,0.00410497532757636,0.4829382738325129,0.0368663699376318,0.0039327171106025936,0.3855605010394699,0.00017514535995737915,0.00017514535995737915,2.060533646557402
7830,0.0048678509000684754,0.0008724653469883591,0.5132149099931523,0.025826246928538757,0.004109538022148411,0.4834750614292248,0.03683810878045556,0.003937521507322555,0.3860315203257406,0.000175369331005918,0.000175369331005918,2.0631686000696234
7840,0.0048623752987956344,0.0008733961992047421,0.5137624701204364,0.025799422218884323,0.004114098222789664,0.48401155562231335,0.03680985508549883,0.003942324635465198,0.38650241524168605,0.00017559330205445684,0.00017559330205445684,2.065803553581845
7850,0.0048569037864063785,0.0008743263563109156,0.5143096213593621,0.025772612188311228,0.0041186559279870905,0.4845477562337753,0.03678160886139056,0.003947126493563604,0.3869731856434906,0.0001758172731029957,0.0001758172731029957,2.0684385070940667
7860,0.004851436368700158,0.0008752558173209732,0.5148563631299842,0.025745816845719666,0.004123211136227656,0.48508366308560646,0.03675337011675969,0.003951927080150852,0.38744383138733846,0.00017604124415153454,0.00017604124415153454,2.0710734606062884
7870,0.004845973051476423,0.0008761845812490082,0.5154026948523577,0.025719036200009822,0.00412776384599833,0.4856192759998034,0.036725138860235165,0.003956726393760022,0.38791435232941385,0.00017626521520007339,0.00017626521520007339,2.0737084141185105
7880,0.004840513840534622,0.0008771126471091142,0.5159486159465377,0.025692270260081883,0.0041323140557860795,0.4861545947983622,0.03669691510044592,0.003961524432924194,0.38838474832590136,0.00017648918624861223,0.00017648918624861223,2.076343367630732
7890,0.004835058741674206,0.0008780400139153849,0.5164941258325793,0.025665519034836038,0.0041368617640778725,0.48668961930327903,0.036668698846020906,0.003966321196176447,0.388855019232985,0.00017671315729715108,0.00017671315729715108,2.0789783211429538
7900,0.004829607760694626,0.0008789666806819136,0.5170392239305374,0.025638782533172484,0.004141406969360677,0.4872243493365501,0.03664049010558906,0.0039711166820498595,0.389325164906849,0.00017693712834568993,0.00017693712834568993,2.0816132746551754
7910,0.00482416090339533,0.0008798926464227939,0.517583909660467,0.025612060763991397,0.004145949670121461,0.48775878472017187,0.036612288887779336,0.003975910889077512,0.3897951852036777,0.00017716109939422878,0.00017716109939422878,2.084248228167397
7920,0.004818718175575767,0.0008808179101521196,0.5181281824424232,0.025585353736192976,0.004150489864847193,0.48829292527614027,0.036584095201220676,0.003980703815792486,0.3902650799796555,0.00017738507044276762,0.00017738507044276762,2.0868831816796187
7930,0.004813279583035389,0.0008817424708839837,0.518672041696461,0.025558661458677405,0.00415502755202484,0.4888267708264517,0.036555909054542014,0.003985495460727857,0.3907348490909664,0.00017760904149130647,0.00017760904149130647,2.089518135191841
7940,0.004807845131573646,0.0008826663276324802,0.5192154868426353,0.025531983940344873,0.0041595627301413704,0.48936032119310235,0.0365277304563723,0.003990285822416708,0.3912044923937949,0.00017783301253984532,0.00017783301253984532,2.0921530887040625
7950,0.004802414826989986,0.0008835894794117023,0.5197585173010013,0.02550532119009557,0.004164095397683753,0.4898935761980885,0.036499559415340485,0.003995074899392118,0.39167400974432526,0.00017805698358838417,0.00017805698358838417,2.094788042216284
7960,0.00479698867508386,0.0008845119252357439,0.520301132491614,0.025478673216829683,0.0041686255531389535,0.49042653566340616,0.0364713959400755,0.003999862690187164,0.39214340099874156,0.000178280954636923,0.000178280954636923,2.0974229957285058
7970,0.004791566681654718,0.0008854336641186981,0.5208433318345282,0.025452040029447398,0.004173153194993942,0.49095919941105187,0.0364432400392063,0.004004649193334929,0.39261266601322825,0.00017850492568546186,0.00017850492568546186,2.1000579492407274
7980,0.004786148852502008,0.0008863546950746586,0.5213851147497991,0.02542542163684891,0.004177678321735685,0.4914915672630216,0.036415091721361814,0.004009434407368491,0.39308180464396963,0.0001787288967340007,0.0001787288967340007,2.1026929027529495
7990,0.004780735193425182,0.0008872750171177191,0.5219264806574818,0.025398818047934403,0.0041822009318511506,0.49202363904131174,0.036386950995171,0.00401421833082093,0.39355081674715,0.00017895286778253956,0.00017895286778253956,2.105327856265171
8000,0.004775325710223688,0.000888194629261973,0.5224674289776311,0.02537222927160407,0.004186721023827307,0.4925554145679184,0.0363588178692628,0.004019000962225324,0.3940197021789533,0.0001791768388310784,0.0001791768388310784,2.107962809777393
8010,0.004769920408696978,0.0008891135305215137,0.5230079591303022,0.025345655316758094,0.004191238596151123,0.4930868936648379,0.03633069235226616,0.004023782300114753,0.39448846079556404,0.00017940080987961725,0.00017940080987961725,2.1105977632896145
8020,0.0047645192946445,0.000890031719910435,0.5235480705355499,0.025319096192296664,0.004195753647309566,0.49361807615406655,0.03630257445281001,0.004028562343022298,0.39495709245316646,0.0001796247809281561,0.0001796247809281561,2.113232716801836
8030,0.004759122373865704,0.0008909491964428301,0.5240877626134295,0.025292551907119973,0.004200266175789604,0.4941489618576003,0.0362744641795233,0.004033341089481039,0.39542559700794494,0.00017984875197669495,0.00017984875197669495,2.115867670314058
8040,0.004753729652160041,0.0008918659591327929,0.5246270347839957,0.025266022470128206,0.004204776180078204,0.49467955059743574,0.03624636154103498,0.0040381185380240535,0.3958939743160837,0.0001800727230252338,0.0001800727230252338,2.11850262382628
8050,0.004748341135326961,0.0008927820069944166,0.5251658864673038,0.025239507890221557,0.004209283658662334,0.49520984219556863,0.03621826654597399,0.004042894687184422,0.3963622242337669,0.00018029669407377267,0.00018029669407377267,2.121137577338502
8060,0.004742956829165912,0.0008936973390417949,0.5257043170834087,0.02521300817630021,0.0042137886100289635,0.4957398364739956,0.03619017920296927,0.004047669535495224,0.3968303466171788,0.0001805206651223115,0.0001805206651223115,2.123772530850723
8070,0.004737576636537771,0.000894611971788579,0.5262423363462229,0.0251865236048264,0.004218290987179511,0.4962695279034718,0.03616209997509065,0.0040524430042345886,0.39729833374848905,0.00018074463617085036,0.00018074463617085036,2.1264074843629452
8080,0.00473219999506667,0.0008955260008386661,0.526780000493333,0.025160055654711654,0.004222790538699018,0.49679888690576673,0.036134031370485174,0.004057214667017519,0.39776614382524694,0.0001809686072193892,0.0001809686072193892,2.129042437875167
8090,0.004726826820343064,0.000896439440541679,0.5273173179656935,0.025133604552354336,0.004227287226099762,0.49732790895291307,0.036105973774110935,0.00406198445840114,0.3982337704314843,0.00018119257826792806,0.00018119257826792806,2.131677391387389
8100,0.00472145711423584,0.0008973522905799072,0.5278542885764159,0.025107170299221937,0.00423178104913227,0.4978565940155611,0.036077927189166165,0.004066752377841752,0.3987012135138972,0.0001814165493164669,0.0001814165493164669,2.1343123448996106
8110,0.004716090878613882,0.0008982645506356399,0.5283909121386117,0.02508075289678193,0.004236272007547071,0.4983849420643612,0.036049891618849084,0.004071518424795655,0.39916847301918185,0.00018164052036500575,0.00018164052036500575,2.1369472984118323
8120,0.004710728115346079,0.0008991762203911666,0.5289271884653921,0.02505435234650181,0.004240760101094692,0.49891295306996375,0.03602186706635793,0.00407628259871915,0.39963554889403435,0.0001818644914135446,0.0001818644914135446,2.139582251924054
8130,0.004705368826301315,0.0009000872995287764,0.5294631173698684,0.025027968649849044,0.004245245329525661,0.49944062700301883,0.03599385353489094,0.004081044899068539,0.40010244108515086,0.00018208846246208345,0.00018208846246208345,2.1422172054362756
8140,0.004700013013348477,0.0009009977877307589,0.5299986986651523,0.025001601808291127,0.0042497276925905075,0.49996796383417724,0.035965851027646344,0.004085805325300121,0.40056914953922745,0.0001823124335106223,0.0001823124335106223,2.1448521589484972
8150,0.004694660678356451,0.0009019076846794033,0.5305339321643548,0.024975251823295536,0.004254207190039758,0.5004949635340891,0.03593785954782237,0.004090563876870196,0.40103567420296043,0.00018253640455916114,0.00018253640455916114,2.1474871124607193
8160,0.004689311823194123,0.0009028169900569991,0.5310688176805877,0.024948918696329755,0.004258683821623941,0.5010216260734047,0.03590987909861725,0.004095320553235067,0.4015020150230457,0.0001827603756077,0.0001827603756077,2.150122065972941
8170,0.004683966449730379,0.0009037257035458355,0.531603355026962,0.024922602428861265,0.004263157587093584,0.5015479514227745,0.03588190968322921,0.0041000753538510334,0.40196817194617973,0.00018298434665623884,0.00018298434665623884,2.1527570194851626
8180,0.004678624559834106,0.000904633824828202,0.5321375440165893,0.024896303022357548,0.004267628486199216,0.5020739395528488,0.035853951304856496,0.0041048282781743954,0.4024341449190583,0.00018320831770477769,0.00018320831770477769,2.1553919729973843
8190,0.00467328615537419,0.0009055413535863878,0.532671384462581,0.024870020478286087,0.004272096518691364,0.502599590434278,0.03582600396669733,0.004109579325661454,0.4028999338883778,0.00018343228875331653,0.00018343228875331653,2.158026926509606
8200,0.004667951238219516,0.0009064482895026823,0.5332048761780483,0.02484375479811437,0.004276561684320557,0.5031249040377124,0.035798067671949936,0.00411432849576851,0.40336553880083426,0.00018365625980185538,0.00018365625980185538,2.160661880021828
8210,0.004662619810238971,0.0009073546322593748,0.5337380189761028,0.02481750598330987,0.004281023982837321,0.5036498803338024,0.03577014242381256,0.004119075787951864,0.4038309596031239,0.00018388023085039423,0.00018388023085039423,2.1632968335340497
8220,0.004657291873301442,0.0009082603815387548,0.5342708126698558,0.024791274035340077,0.004285483413992186,0.5041745192931982,0.03574222822548343,0.004123821201667816,0.4042961962419427,0.00018410420189893308,0.00018410420189893308,2.1659317870462713
8230,0.004651967429275814,0.0009091655370231116,0.5348032570724185,0.02476505895567247,0.0042899399775356796,0.5046988208865505,0.03571432508016077,0.004128564736372668,0.40476124866398705,0.00018432817294747192,0.00018432817294747192,2.168566740558493
8240,0.004646646480030973,0.0009100700983947344,0.5353353519969025,0.02473886074577453,0.004294393673218329,0.5052227850845091,0.03568643299104282,0.004133306391522719,0.40522611681595283,0.00018455214399601077,0.00018455214399601077,2.1712016940707146
8250,0.004641329027435807,0.0009109740653359128,0.5358670972564192,0.024712679407113743,0.004298844500790663,0.505746411857725,0.03565855196132781,0.004138046166574272,0.40569080064453644,0.00018477611504454962,0.00018477611504454962,2.1738366475829367
8260,0.0046360150733592,0.000911877437528936,0.5363984926640799,0.024686514941157593,0.0043032924600032085,0.506269701176848,0.035630681994213965,0.0041427840609836245,0.40615530009643375,0.00018500008609308847,0.00018500008609308847,2.1764716010951584
8270,0.004630704619670039,0.0009127802146560933,0.536929538032996,0.024660367349373553,0.004307737550606495,0.5067926530125287,0.03560282309289953,0.00414752007420708,0.4066196151183411,0.00018522405714162731,0.00018522405714162731,2.17910655460738
8280,0.00462539766823721,0.0009136823963996742,0.5374602331762789,0.02463423663322912,0.004312179772351049,0.5073152673354173,0.035574975260582724,0.0041522542057009365,0.40708374565695454,0.00018544802819016616,0.00018544802819016616,2.1817415081196017
8290,0.0046200942209296,0.000914583982441968,0.53799057790704,0.02460812279419176,0.0043166191249874,0.5078375441161646,0.035547138500461775,0.004156986454921497,0.40754769165897026,0.000185671999238705,0.000185671999238705,2.1843764616318233
8300,0.0046147942796160935,0.000915484972465264,0.5385205720383904,0.024582025833728968,0.0043210556082660745,0.5083594833254205,0.03551931281573493,0.004161716821325061,0.4080114530710844,0.00018589597028724386,0.00018589597028724386,2.1870114151440454
8310,0.004609497846165579,0.0009163853661518516,0.539050215383442,0.024555945753308224,0.004325489221937601,0.5088810849338353,0.03549149820960041,0.00416644530436793,0.40847502983999306,0.0001861199413357827,0.0001861199413357827,2.189646368656267
8320,0.004604204922446941,0.0009172851631840201,0.5395795077553058,0.024529882554397003,0.004329919965752508,0.5094023489120597,0.03546369468525645,0.004171171903506402,0.4089384219123924,0.00018634391238432155,0.00018634391238432155,2.1922813221684887
8330,0.004598915510329066,0.0009181843632440589,0.5401084489670934,0.0245038362384628,0.004334347839461323,0.5099232752307439,0.035435902245901284,0.004175896618196781,0.4094016292349785,0.0001865678834328604,0.0001865678834328604,2.1949162756807103
8340,0.00459362961168084,0.0009190829660142573,0.5406370388319159,0.024477806806973087,0.0043387728428145745,0.5104438638605381,0.035408120894733136,0.004180619447895366,0.4098646517544476,0.00018679185448139925,0.00018679185448139925,2.197551229192932
8350,0.004588347228371149,0.0009199809711769047,0.5411652771628851,0.02445179426139535,0.004343194975562789,0.5109641147720928,0.03538035063495024,0.004185340392058458,0.4103274894174958,0.0001870158255299381,0.0001870158255299381,2.200186182705154
8360,0.00458306836226888,0.0009208783784142904,0.5416931637731119,0.02442579860319707,0.004347614237456497,0.5114840279360584,0.03535259146975084,0.004190059450142357,0.4107901421708193,0.00018723979657847694,0.00018723979657847694,2.2028211362173757
8370,0.004577793015242918,0.0009217751874087039,0.5422206984757081,0.024399819833845735,0.004352030628246224,0.512003603323085,0.03532484340233315,0.004194776621603364,0.4112526099611141,0.0001874637676270158,0.0001874637676270158,2.2054560897295974
8380,0.004572521189162151,0.0009226713978424344,0.5427478810837848,0.02437385795480882,0.004356444147682499,0.5125228409038233,0.035297106435895405,0.004199491905897781,0.41171489273507655,0.00018768773867555464,0.00018768773867555464,2.208091043241819
8390,0.004567252885895464,0.0009235670093977712,0.5432747114104536,0.024347912967553814,0.004360854795515851,0.5130417406489236,0.03526938057363584,0.004204205302481906,0.41217699043940254,0.00018791170972409348,0.00018791170972409348,2.2107259967540407
8400,0.004561988107311742,0.0009244620217570038,0.5438011892688257,0.024321984873548197,0.004365262571496806,0.5135603025290358,0.035241665818752696,0.004208916810812042,0.4126389030207884,0.00018813568077263233,0.00018813568077263233,2.213360950266263
8410,0.0045567268552798735,0.0009253564346024214,0.5443273144720125,0.024296073674259448,0.004369667475375893,0.5140785265148109,0.03521396217444419,0.004213626430344487,0.41310063042593015,0.00018835965182117118,0.00018835965182117118,2.2159959037784844
8420,0.0045514691316687434,0.0009262502476163136,0.5448530868331256,0.024270179371155054,0.00437406950690364,0.5145964125768988,0.03518626964390856,0.004218334160535545,0.413562172601524,0.00018858362286971003,0.00018858362286971003,2.218630857290706
8430,0.004546214938347237,0.0009271434604809695,0.5453785061652762,0.024244301965702493,0.0043784686658305755,0.51511396068595,0.035158588230344026,0.004223040000841514,0.4140235294942661,0.00018880759391824887,0.00018880759391824887,2.2212658108029277
8440,0.004540964277184243,0.0009280360728786786,0.5459035722815756,0.024218441459369255,0.004382864951907226,0.5156311708126148,0.03513091793694884,0.004227743950718696,0.41448470105085256,0.00018903156496678772,0.00018903156496678772,2.2239007643151494
8450,0.004535717150048645,0.0009289280844917302,0.5464282849951353,0.024192597853622815,0.004387258364884121,0.5161480429275436,0.035103258766921226,0.0042324460096233914,0.41494568721797953,0.00018925553601532657,0.00018925553601532657,2.226535717827371
8460,0.004530473558809331,0.0009298194950024136,0.5469526441190669,0.024166771149930655,0.004391648904511787,0.5166645770013867,0.035075610723459404,0.004237146177011901,0.4154064879423432,0.00018947950706386542,0.00018947950706386542,2.229170671339593
8470,0.004525233505335186,0.0009307103040930183,0.5474766494664813,0.024140961349760265,0.004396036570540754,0.5171807730047946,0.03504797380976162,0.004241844452340524,0.41586710317063963,0.00018970347811240426,0.00018970347811240426,2.2318056248518148
8480,0.004519996991495097,0.0009316005114458335,0.5480003008504902,0.024115168454579124,0.004400421362721548,0.5176966309084173,0.0350203480290261,0.004246540835065563,0.416327532849565,0.0001899274491609431,0.0001899274491609431,2.2344405783640364
8490,0.00451476401915795,0.0009324901167431486,0.548523598084205,0.02408939246585471,0.004404803280804699,0.5182121506829056,0.03499273338445107,0.0042512353246433165,0.4167877769258153,0.00019015142020948196,0.00019015142020948196,2.237075531876258
8500,0.00450953459019263,0.0009333791196672529,0.5490465409807369,0.02406363338505451,0.004409182324540732,0.5187273322989095,0.03496512987923478,0.0042559279205300875,0.417247835346087,0.0001903753912580208,0.0001903753912580208,2.2397104853884797
8510,0.004504308706468024,0.0009342675199004359,0.5495691293531975,0.02403789121364601,0.004413558493680178,0.5192421757270796,0.03493753751657544,0.004260618622182175,0.4177077080570759,0.00019059936230655965,0.00019059936230655965,2.242345438900702
8520,0.004499086369853019,0.0009351553171249868,0.5500913630146981,0.02401216595309668,0.004417931787973563,0.5197566809380662,0.03490995629967129,0.0042653074290558805,0.41816739500547845,0.00019082333335509853,0.00019082333335509853,2.244980392412924
8530,0.0044938675822165,0.000936042511023195,0.5506132417783499,0.023986457604874015,0.004422302207171417,0.5202708479025195,0.03488238623172056,0.004269994340607504,0.41862689613799053,0.00019104730440363735,0.00019104730440363735,2.247615345925145
8540,0.0044886523454273535,0.0009369291012773499,0.5511347654572646,0.023960766170445492,0.004426669751024265,0.5207846765910898,0.03485482731592149,0.004274679356293346,0.4190862114013084,0.00019127127545217622,0.00019127127545217622,2.250250299437367
8550,0.004483440661354466,0.0009378150875697408,0.5516559338645534,0.023935091651278596,0.004431034419282638,0.5212981669744279,0.034827279555472296,0.004279362475569709,0.4195453407421283,0.00019149524650071507,0.00019149524650071507,2.252885252949589
8560,0.004478232531866723,0.000938700469582657,0.5521767468133276,0.023909434048840807,0.004435396211697062,0.5218113190231837,0.03479974295357123,0.004284043697892891,0.42000428410714613,0.00019171921754925392,0.00019171921754925392,2.2555202064618105
8570,0.004473027958833011,0.0009395852469983879,0.5526972041166986,0.023883793364599608,0.004439755128018066,0.5223241327080076,0.034772217513416505,0.004288723022719194,0.42046304144305824,0.00019194318859779277,0.00019194318859779277,2.2581551599740326
8580,0.004467826944122217,0.000940469419499223,0.5532173055877782,0.02385816960002248,0.0044441111679961775,0.5228366079995502,0.03474470323820636,0.004293400449504919,0.42092161269656064,0.00019216715964633161,0.00019216715964633161,2.2607901134862542
8590,0.004462629489603227,0.0009413529867674515,0.5537370510396773,0.02383256275657691,0.004448464331381925,0.5233487448684616,0.03471720013113903,0.004298075977706365,0.42137999781434954,0.00019239113069487046,0.00019239113069487046,2.263425066998476
8600,0.0044574355971449256,0.0009422359484853627,0.5542564402855074,0.023806972835730376,0.004452814617925835,0.5238605432853922,0.034689708195412734,0.0043027496067798345,0.421838196743121,0.0001926151017434093,0.0001926151017434093,2.2660600205106975
8610,0.0044522452686162,0.000943118304335246,0.5547754731383799,0.023781399838950366,0.004457162027378437,0.5243720032209925,0.034662227434225715,0.004307421336181627,0.4222962094295713,0.00019283907279194816,0.00019283907279194816,2.268694974022919
8620,0.004447058505885936,0.0009440000539993909,0.5552941494114063,0.023755843767704354,0.004461506559490259,0.5248831246459128,0.03463475785077621,0.0043120911653680444,0.42275403582039656,0.000193063043840487,0.000193063043840487,2.271329927535141
8630,0.004441875310823021,0.0009448811971600865,0.5558124689176979,0.02373030462345983,0.004465848214011828,0.5253939075308032,0.034607299448262435,0.004316759093795385,0.4232116758622927,0.00019328701488902585,0.00019328701488902585,2.273964881047363
8640,0.00443669568529634,0.0009457617334996223,0.556330431470366,0.02370478240768427,0.004470186990693673,0.5259043518463143,0.03457985222988263,0.004321425120919952,0.4236691295019561,0.0001935109859375647,0.0001935109859375647,2.2765998345595846
8650,0.004431519631174778,0.0009466416627002876,0.556848036882522,0.02367927712184516,0.0044745228892863215,0.5264144575630966,0.03455241619883503,0.0043260892461980446,0.4241263966860828,0.00019373495698610355,0.00019373495698610355,2.2792347880718062
8660,0.004426347150327224,0.0009475209844443718,0.5573652849672774,0.023653788767409985,0.004478855909540301,0.5269242246518,0.03452499135831785,0.004330751469085964,0.42458347736136903,0.0001939589280346424,0.0001939589280346424,2.281869741584028
8670,0.004421178244622563,0.0009483996984141642,0.5578821755377436,0.023628317345846226,0.004483186051206141,0.5274336530830753,0.034497577711529344,0.00433541178904001,0.42504037147451085,0.00019418289908318124,0.00019418289908318124,2.2845046950962495
8680,0.004416012915929681,0.0009492778042919543,0.5583987084070319,0.02360286285862136,0.004487513314034367,0.5279427428275725,0.034470175261667735,0.004340070205516485,0.42549707897220435,0.0001944068701317201,0.0001944068701317201,2.2871396486084716
8690,0.004410851166117463,0.0009501553017600312,0.5589148833882536,0.023577425307202877,0.0044918376977755095,0.5284514938559421,0.034442784011931245,0.0043447267179716875,0.42595359980114583,0.00019463084118025894,0.00019463084118025894,2.2897746021206933
8700,0.004405692997054797,0.0009510321905006844,0.5594307002945201,0.023552004693058258,0.004496159202180095,0.5289599061388347,0.03441540396551812,0.004349381325861919,0.42640993390803134,0.00019485481222879778,0.00019485481222879778,2.292409555632915
8710,0.004400538410610569,0.0009519084701962033,0.5599461589389431,0.02352660101765498,0.004500477826998653,0.5294679796469003,0.034388035125626576,0.0043540340286434805,0.4268660812395569,0.00019507878327733663,0.00019507878327733663,2.2950445091451366
8720,0.004395387408653664,0.0009527841405288772,0.5604612591346335,0.02350121428246053,0.004504793571981709,0.5299757143507893,0.034360677495454864,0.004358684825772673,0.42732204174241895,0.00019530275432587548,0.00019530275432587548,2.2976794626573582
8730,0.004390239993052969,0.0009536592011809953,0.5609760006947031,0.02347584448894239,0.0045091064368797925,0.530483110221152,0.0343333310782012,0.004363333716705796,0.42777781536331333,0.00019552672537441433,0.00019552672537441433,2.3003144161695803
8740,0.004385096165677369,0.0009545336518348472,0.561490383432263,0.023450491638568043,0.0045134164214434315,0.5309901672286389,0.034305995877063816,0.00436798070089915,0.4282334020489363,0.00019575069642295317,0.00019575069642295317,2.302949369681802
8750,0.004379955928395752,0.0009554074921727221,0.5620044071604248,0.02342515573280497,0.004517723525423154,0.5314968853439004,0.034278671895240954,0.0043726257778090374,0.42868880174598406,0.00019597466747149202,0.00019597466747149202,2.3055843231940236
8760,0.004374819283077003,0.0009562807218769094,0.5625180716922996,0.023399836773120655,0.004522027748569488,0.5320032645375868,0.03425135913593084,0.004377268946891757,0.42914401440115263,0.00019619863852003087,0.00019619863852003087,2.3082192767062453
8770,0.004369686231590009,0.0009571533406296985,0.563031376840999,0.023374534760982578,0.004526329090632961,0.5325093047803483,0.0342240576023317,0.004381910207603611,0.4295990399611383,0.00019642260956856972,0.00019642260956856972,2.310854230218467
8780,0.004364556775803655,0.0009580253481133786,0.5635443224196344,0.02334924969785822,0.004530627551364102,0.5330150060428355,0.034196767297641775,0.004386549559400898,0.4300538783726371,0.00019664658061710856,0.00019664658061710856,2.313489183730689
8790,0.004359430917586829,0.0009588967440102391,0.5640569082413172,0.02332398158521507,0.004534923130513437,0.5335203682956984,0.03416948822505929,0.00439118700173992,0.43050852958234515,0.0001968705516656474,0.0001968705516656474,2.3161241372429107
8800,0.004354308658808414,0.0009597675280025696,0.5645691341191584,0.02329873042452061,0.004539215827831495,0.5340253915095876,0.03414222038778248,0.004395822534076978,0.43096299353695855,0.00019709452271418626,0.00019709452271418626,2.3187590907551323
8810,0.004349190001337299,0.0009606376997726591,0.5650809998662699,0.023273496217242316,0.0045435056430688054,0.5345300756551534,0.03411496378900957,0.004400456155868372,0.4314172701831737,0.0001973184937627251,0.0001973184937627251,2.321394044267354
8820,0.00434407494704237,0.0009615072590027971,0.5655925052957629,0.02324827896484767,0.004547792575975895,0.5350344207030464,0.03408771843193881,0.0044050878665704025,0.43187135946768646,0.00019754246481126395,0.00019754246481126395,2.3240289977795756
8830,0.0043389634977925124,0.0009623762053752729,0.5661036502207487,0.023223078668804166,0.004552076626303291,0.5355384266239165,0.0340604843197684,0.0044097176656393705,0.4323252613371932,0.0001977664358598028,0.0001977664358598028,2.3266639512917977
8840,0.004333855655456612,0.000963244538572376,0.5666144344543388,0.023197895330579275,0.004556357793801522,0.5360420933884144,0.0340332614556966,0.004414345552531577,0.43277897573838986,0.00019799040690834165,0.00019799040690834165,2.3292989048040194
8850,0.004328751421903555,0.0009641122582763955,0.5671248578096444,0.023172728951640482,0.004560636078221117,0.5365454209671902,0.03400604984292164,0.004418971526703321,0.4332325026179727,0.0001982143779568805,0.0001982143779568805,2.331933858316241
8860,0.004323650799002229,0.0009649793641696211,0.567634920099777,0.02314757953345527,0.004564911479312603,0.5370484093308944,0.03397884948464173,0.004423595587610905,0.43368584192263776,0.00019843834900541935,0.00019843834900541935,2.3345688118284627
8870,0.004318553788621518,0.0009658458559343419,0.568144621137848,0.023122447077491125,0.004569183996826508,0.5375510584501773,0.033951660384055116,0.004428217734710629,0.43413899359908126,0.0001986623200539582,0.0001986623200539582,2.3372037653406843
8880,0.00431346039263031,0.0009667117332528472,0.5686539607369689,0.023097331585215528,0.00457345363051336,0.5380533682956894,0.033924482544360035,0.004432837967458794,0.4345919575939994,0.00019888629110249704,0.00019888629110249704,2.3398387188529064
8890,0.00430837061289749,0.0009675769958074266,0.5691629387102509,0.023072233058095956,0.004577720380123686,0.5385553388380806,0.033897315968754706,0.004437456285311699,0.4350447338540881,0.0001991102621510359,0.0001991102621510359,2.342473672365128
8900,0.004303284451291946,0.0009684416432803692,0.5696715548708053,0.023047151497599897,0.004581984245408017,0.5390569700480018,0.03387016066043737,0.004442072687725646,0.4354973223260437,0.00019933423319957474,0.00019933423319957474,2.3451086258773497
8910,0.004298201909682562,0.0009693056753539645,0.5701798090317438,0.023022086905194833,0.004586245226116878,0.5395582618961031,0.033843016622606255,0.004446687174156937,0.4359497229565624,0.00019955820424811358,0.00019955820424811358,2.3477435793895713
8920,0.004293122989938224,0.0009701690917105018,0.5706877010061775,0.022997039282348242,0.004590503322000798,0.5400592143530348,0.033815883858459586,0.004451299744061869,0.4364019356923401,0.00019978217529665243,0.00019978217529665243,2.350378532901793
8930,0.00428804769392782,0.0009710318920322706,0.571195230607218,0.02297200863052761,0.004594758532810305,0.5405598273894475,0.03378876237119561,0.004455910396896746,0.43685396048007313,0.00020000614634519128,0.00020000614634519128,2.3530134864140146
8940,0.004282976023520236,0.0009718940760015599,0.5717023976479764,0.022946994951200422,0.004599010858295927,0.5410601009759913,0.03376165216401254,0.0044605191321178675,0.4373057972664576,0.00020023011739373013,0.00020023011739373013,2.3556484399262367
8950,0.004277907980584357,0.0009727556433006593,0.5722092019415642,0.02292199824583416,0.004603260298208192,0.5415600350833166,0.03373455324010862,0.004465125949181533,0.4377574459981895,0.00020045408844226897,0.00020045408844226897,2.3582833934384584
8960,0.004272843566989069,0.0009736165936118582,0.572715643301093,0.022897018515896303,0.004607506852297628,0.5420596296820738,0.033707465602682084,0.004469730847544045,0.4382089066219652,0.00020067805949080782,0.00020067805949080782,2.36091834695068
8970,0.0042677827846032594,0.0009744769266174459,0.5732217215396741,0.02287205576285433,0.004611750520314763,0.5425588847429132,0.03368038925493115,0.004474333826661703,0.4386601790844807,0.00020090203053934667,0.00020090203053934667,2.3635533004629017
8980,0.0042627256352958135,0.0009753366419997116,0.5737274364704185,0.022847109988175733,0.004615991302010124,0.5430578002364851,0.03365332420005407,0.004478934885990808,0.43911126333243217,0.00020112600158788552,0.00020112600158788552,2.3661882539751233
8990,0.004257672120935619,0.0009761957394409448,0.5742327879064381,0.02282218119332799,0.004620229197134241,0.5435563761334401,0.03362627044124905,0.00448353402498766,0.4395621593125157,0.00020134997263642436,0.00020134997263642436,2.3688232074873454
9000,0.00425262224339156,0.0009770542186234349,0.574737775660844,0.02279726937977858,0.004624464205437641,0.5440546124044282,0.033599227981714344,0.004488131243108561,0.44001286697142755,0.0002015739436849632,0.0002015739436849632,2.371458160999567
9010,0.004247576004532523,0.0009779120792294711,0.5752423995467476,0.02277237454899499,0.004628696326670851,0.5445525090201,0.03357219682464817,0.00449272653980981,0.44046338625586373,0.00020179791473350206,0.00020179791473350206,2.3740931145117887
9020,0.004242533406227395,0.000978769320941343,0.5757466593772606,0.022747496702444702,0.0046329255605844,0.5450500659511057,0.03354517697324876,0.00449731991454771,0.44091371711252053,0.0002020218857820409,0.0002020218857820409,2.3767280680240104
9030,0.004237494450345062,0.0009796259434413394,0.5762505549654937,0.022722635841595194,0.004637151906928816,0.5455472831680959,0.033518168430714354,0.004501911366778559,0.441363859488094,0.00020224585683057975,0.00020224585683057975,2.379363021536232
9040,0.00423245913875441,0.0009804819464117502,0.5767540861245589,0.022697791967913956,0.004641375365454626,0.5460441606417207,0.03349117120024318,0.004506500895958658,0.44181381332928016,0.0002024698278791186,0.0002024698278791186,2.381997975048454
9050,0.004227427473324325,0.0009813373295348648,0.5772572526675673,0.022672965082868465,0.00464559593591236,0.5465406983426305,0.03346418528503347,0.0045110885015443095,0.44226357858277543,0.00020269379892765748,0.00020269379892765748,2.384632928560676
9060,0.004222399455923694,0.000982192092492972,0.5777600544076306,0.022648155187926206,0.004649813618052544,0.5470368962414757,0.03343721068828345,0.004515674182991813,0.4427131551952757,0.0002029177699761963,0.0002029177699761963,2.3872678820728974
9070,0.004217375088421402,0.0009830462349683616,0.5782624911578598,0.02262336228455466,0.004654028411625708,0.5475327543089067,0.03341024741319136,0.004520257939757469,0.44316254311347736,0.00020314174102473517,0.00020314174102473517,2.3899028355851195
9080,0.0042123543726863355,0.000983899756643323,0.5787645627313663,0.022598586374221307,0.004658240316382377,0.5480282725155736,0.033383295462955424,0.004524839771297577,0.4436117422840761,0.000203365712073274,0.000203365712073274,2.3925377890973407
9090,0.004207337310587381,0.0009847526572001452,0.5792662689412618,0.022573827458393633,0.004662449332073082,0.5485234508321272,0.03335635484077387,0.00452941967706844,0.44406075265376865,0.00020358968312181287,0.00020358968312181287,2.395172742609563
9100,0.004202323903993424,0.0009856049363211178,0.5797676096006574,0.02254908553853912,0.004666655458448348,0.5490182892292174,0.03332942554984495,0.004533997656526358,0.4445095741692508,0.00020381365417035169,0.00020381365417035169,2.3978076961217845
9110,0.004197314154773353,0.0009864565936885301,0.5802685845226647,0.02252436061612525,0.0046708586952587065,0.5495127876774948,0.03330250759336687,0.0045385737091276305,0.44495820677721865,0.00020403762521889056,0.00020403762521889056,2.4004426496340066
9120,0.004192308064796051,0.0009873076289846714,0.5807691935203948,0.02249965269261951,0.004675059042254683,0.5500069461476097,0.03327560097453788,0.004543147834328559,0.44540665042436856,0.00020426159626742938,0.00020426159626742938,2.4030776031462278
9130,0.004187305635930405,0.000988158041891831,0.5812694364069594,0.022474961769489377,0.004679256499186805,0.5505007646102124,0.033248705696556205,0.004547720031585444,0.4458549050573965,0.00020448556731596826,0.00020448556731596826,2.40571255665845
9140,0.0041823068700453025,0.0009890078320922986,0.5817693129954697,0.02245028784820233,0.004683451065805603,0.5509942430359531,0.03322182176262008,0.004552290300354586,0.4463029706229986,0.0002047095383645071,0.0002047095383645071,2.4083475101706715
9150,0.004177311769009629,0.000989856999268363,0.582268823099037,0.02242563093022586,0.004687642741861603,0.5514873813954826,0.033194949175927725,0.004556858640092286,0.44675084706787116,0.00020493350941304595,0.00020493350941304595,2.410982463682893
9160,0.004172320334692271,0.000990705543102314,0.5827679665307728,0.022400991017027444,0.004691831527105334,0.5519801796594509,0.03316808793967738,0.004561425050254845,0.4471985343387102,0.0002051574804615848,0.0002051574804615848,2.4136174171951152
9170,0.004167332568962113,0.0009915534632764407,0.5832667431037886,0.022376368110074565,0.004696017421287323,0.5524726377985084,0.033141238057067285,0.0045659895302985615,0.44764603238221184,0.00020538145151012365,0.00020538145151012365,2.416252370707337
9180,0.004162348473688043,0.0009924007594730327,0.5837651526311955,0.022351762210834708,0.004700200424158099,0.5529647557833056,0.033114399531295656,0.004570552079679738,0.4480933411450724,0.0002056054225586625,0.0002056054225586625,2.4188873242195585
9190,0.004157368050738947,0.000993247431374379,0.5842631949261051,0.022327173320775353,0.004704380535468189,0.5534565335844928,0.03308757236556073,0.004575112697854675,0.4485404605739877,0.00020582939360720134,0.00020582939360720134,2.42152227773178
9200,0.00415239130198371,0.0009940934786627693,0.584760869801629,0.022302601441363982,0.004708557754968122,0.5539479711727201,0.03306075656306074,0.004579671384279673,0.44898739061565424,0.0002060533646557402,0.0002060533646557402,2.424157231244002
9210,0.004147418229291219,0.0009949389010204927,0.5852581770708779,0.02227804657406808,0.004712732082408425,0.5544390685186382,0.03303395212699392,0.004584228138411033,0.44943413121676795,0.00020627733570427904,0.00020627733570427904,2.426792184756224
9220,0.00414244883453036,0.0009957836981298387,0.5857551165469639,0.02225350872035513,0.004716903517539627,0.5549298255928973,0.0330071590605585,0.004588782959705055,0.44988068232402495,0.00020650130675281788,0.00020650130675281788,2.4294271382684456
9230,0.00413748311957002,0.0009966278696730967,0.586251688042998,0.02222898788169261,0.004721072060112255,0.5554202423661475,0.03298037736695271,0.004593335847618039,0.4503270438841215,0.00020672527780135673,0.00020672527780135673,2.4320620917806672
9240,0.004132521086279083,0.0009974714153325559,0.5867478913720916,0.02220448405954801,0.004725237709876838,0.5559103188090396,0.03295360704937478,0.004597886801606287,0.4507732158437536,0.00020694924884989558,0.00020694924884989558,2.434697045292889
9250,0.0041275627365264375,0.0009983143347905056,0.5872437263473561,0.022179997255388804,0.0047294004665839025,0.5564000548922238,0.03292684811102294,0.004602435821126099,0.45121919814961753,0.00020717321989843443,0.00020717321989843443,2.4373319988051105
9260,0.0041226080721809685,0.0009991566277292353,0.587739192781903,0.022155527470682477,0.004733560329983978,0.5568894505863503,0.03290010055509543,0.004606982905633776,0.45166499074840943,0.00020739719094697327,0.00020739719094697327,2.4399669523173326
9270,0.004117657095111563,0.0009999982938310344,0.5882342904888437,0.022131074706896514,0.004737717299827592,0.5573785058620696,0.03287336438479048,0.004611528054585618,0.4521105935868253,0.00020762116199551212,0.00020762116199551212,2.4426019058295543
9280,0.004112709807187106,0.001000839332778192,0.5887290192812893,0.022106638965498394,0.004741871375865272,0.5578672206900319,0.03284663960330631,0.004616071267437926,0.45255600661156137,0.00020784513304405097,0.00020784513304405097,2.445236859341776
9290,0.004107766210276484,0.0010016797442529977,0.5892233789723514,0.022082220247955607,0.004746022557847547,0.5583555950408877,0.032819926213841166,0.004620612543647001,0.45300122976931384,0.00020806910409258982,0.00020806910409258982,2.4478718128539976
9300,0.004102826306248584,0.0010025195279377407,0.5897173693751415,0.022057818555735624,0.004750170845524943,0.5588436288852874,0.03279322421959327,0.004625151882669144,0.4534462630067788,0.00020829307514112866,0.00020829307514112866,2.4505067663662192
9310,0.004097890096972291,0.0010033586835147105,0.5902109903027708,0.022033433890305938,0.00475431623864799,0.559331322193881,0.03276653362376086,0.004629689283960653,0.45389110627065227,0.0002085170461896675,0.0002085170461896675,2.4531417198784413
9320,0.004092957584316492,0.0010041972106661964,0.5907042415683508,0.022009066253134025,0.004758458736967215,0.5598186749373193,0.032739854429542165,0.004634224746977831,0.4543357595076305,0.00020874101723820636,0.00020874101723820636,2.455776673390663
9330,0.0040880287701500736,0.0010050351090744875,0.5911971229849926,0.021984715645687367,0.004762598340233147,0.5603056870862525,0.032713186640135415,0.004638758271176979,0.4547802226644097,0.0002089649882867452,0.0002089649882867452,2.4584116269028846
9340,0.00408310365634192,0.0010058723784218736,0.5916896343658079,0.021960382069433453,0.004766735048196313,0.5607923586113308,0.03268653025873884,0.004643289856014397,0.4552244956876859,0.00020918895933528405,0.00020918895933528405,2.4610465804151063
9350,0.0040781822447609195,0.0010067090183906438,0.592181775523908,0.02193606552583976,0.00477086886060724,0.5612786894832046,0.032659885288550676,0.004647819500946384,0.4556685785241553,0.0002094129303838229,0.0002094129303838229,2.463681533927328
9360,0.004073264537275957,0.0010075450286630872,0.5926735462724042,0.02191176601637377,0.004774999777216458,0.5617646796725243,0.03263325173276915,0.004652347205429244,0.4561124711205141,0.00020963690143236175,0.00020963690143236175,2.46631648743955
9370,0.004068350535755919,0.0010083804089214936,0.5931649464244079,0.021887483542502965,0.004779127797774495,0.5622503291499406,0.0326066295945925,0.004656872968919274,0.4565561734234582,0.0002098608724809006,0.0002098608724809006,2.4689514409517717
9380,0.004063440242069692,0.0010092151588481522,0.5936559757930306,0.021863218105694835,0.004783252922031877,0.562735637886103,0.03258001887721895,0.004661396790872778,0.4569996853796841,0.00021008484352943944,0.00021008484352943944,2.4715863944639933
9390,0.004058533658086162,0.0010100492781253525,0.5941466341913837,0.021838969707416854,0.004787375149739134,0.5632206058516628,0.03255341958384674,0.004665918670746054,0.4574430069358876,0.0002103088145779783,0.0002103088145779783,2.474221347976215
9400,0.004053630785674216,0.0010108827664353833,0.5946369214325783,0.021814738349136508,0.004791494480646793,0.5637052330172696,0.03252683171767409,0.004670438607995404,0.45788613803876504,0.00021053278562651714,0.00021053278562651714,2.4768563014884366
9410,0.004048731626702738,0.0010117156234605346,0.5951268373297262,0.021790524032321283,0.004795610914505382,0.5641895193535743,0.032500255281899246,0.004674956602077128,0.45832907863501254,0.00021075675667505599,0.00021075675667505599,2.4794912550006587
9420,0.004043836183040616,0.0010125478488830953,0.5956163816959383,0.021766326758438655,0.004799724451065428,0.5646734648312267,0.03247369027972043,0.004679472652447526,0.4587718286713261,0.00021098072772359483,0.00021098072772359483,2.4821262085128803
9430,0.004038944456556735,0.0010133794423853551,0.5961055543443264,0.021742146528956105,0.004803835090077461,0.5651570694208777,0.03244713671433588,0.004683986758562901,0.459214388094402,0.00021120469877213368,0.00021120469877213368,2.484761162025102
9440,0.004034056449119982,0.001014210403649603,0.5965943550880017,0.021717983345341123,0.004807942831292008,0.5656403330931773,0.03242059458894381,0.004688498919879552,0.4596567568509365,0.00021142866982067253,0.00021142866982067253,2.4873961155373236
9450,0.004029172162599243,0.0010150407323581286,0.5970827837400756,0.021693837209061186,0.004812047674459597,0.5661232558187761,0.032394063906742473,0.004693009135853779,0.4600989348876254,0.00021165264086921138,0.00021165264086921138,2.4900310690495453
9460,0.004024291598863404,0.0010158704281932212,0.5975708401136595,0.02166970812158378,0.004816149619330756,0.5666058375683242,0.032367544670930094,0.004697517405941884,0.4605409221511651,0.00021187661191775022,0.00021187661191775022,2.492666022561767
9470,0.004019414759781351,0.0010166994908371702,0.5980585240218648,0.021645596084376387,0.004820248665656014,0.5670880783124721,0.032341036884704896,0.004702023729600167,0.4609827185882516,0.00021210058296628907,0.00021210058296628907,2.495300976073989
9480,0.004014541647221971,0.0010175279199722649,0.5985458352778027,0.021621501098906485,0.004824344813185897,0.5675699780218701,0.03231454055126512,0.0047065281062849285,0.46142432414558127,0.00021232455401482792,0.00021232455401482792,2.4979359295862107
9490,0.00400967226305415,0.0010183557152807945,0.599032773694585,0.021597423166641563,0.004828438061670933,0.5680515366671685,0.032288055673809,0.004711030535452469,0.46186573876984993,0.00021254852506336677,0.00021254852506336677,2.5005708830984323
9500,0.004004806609146773,0.0010191828764450485,0.5995193390853226,0.0215733622890491,0.004832528410861653,0.5685327542190179,0.03226158225553476,0.004715531016559091,0.46230696240775404,0.00021277249611190561,0.00021277249611190561,2.503205836610654
9510,0.003999944687368727,0.0010200094031473164,0.6000055312631273,0.021549318467596574,0.004836615860508582,0.5690136306480684,0.03223512029964063,0.004720029549061092,0.4627479950059894,0.00021299646716044446,0.00021299646716044446,2.5058407901228756
9520,0.003995086499588899,0.0010208352950698872,0.6004913500411101,0.021525291703751476,0.004840700410362248,0.5694941659249703,0.032208669809324846,0.004724526132414775,0.4631888365112524,0.0002132204382089833,0.0002132204382089833,2.5084757436350977
9530,0.003990232047676174,0.0010216605518950505,0.6009767952323826,0.021501281998981284,0.00484478206017318,0.569974360020374,0.03218223078778564,0.004729020766076441,0.46362948687023925,0.00021344440925752216,0.00021344440925752216,2.5111106971473194
9540,0.003985381333499437,0.0010224851733050956,0.6014618666500562,0.021477289354753484,0.004848860809691907,0.5704542129049301,0.032155803238221245,0.0047335134495023875,0.4640699460296458,0.000213668380306061,0.000213668380306061,2.513745650659541
9550,0.003980534358927577,0.001023309158982312,0.6019465641072422,0.02145331377253555,0.004852936658668956,0.5709337245492888,0.03212938716382989,0.004738004182148918,0.4645102139361684,0.00021389235135459985,0.00021389235135459985,2.5163806041717627
9560,0.003975691125829479,0.0010241325086089886,0.602430887417052,0.021429355253794975,0.0048570096068548535,0.5714128949241003,0.0321029825678098,0.004742492963472332,0.46495029053650316,0.00021411632240313873,0.00021411632240313873,2.5190155576839848
9570,0.003970851636074028,0.0010249552218674152,0.6029148363925971,0.02140541379999923,0.00486107965400013,0.5718917240000152,0.03207658945335922,0.004746979792928931,0.46539017577734615,0.00021434029345167755,0.00021434029345167755,2.5216505111962064
9580,0.003966015891530112,0.001025777298439881,0.6033984108469888,0.02138148941261581,0.004865146799855311,0.5723702117476835,0.032050207823676374,0.004751464669975015,0.46582986960539363,0.0002145642645002164,0.0002145642645002164,2.524285464708428
9590,0.003961183894066615,0.0010265987380086753,0.6038816105933384,0.021357582093112188,0.004869211044170927,0.572848358137756,0.032023837681959495,0.004755947594066885,0.46626937196734164,0.00021478823554875524,0.00021478823554875524,2.5269204182206497
9600,0.003956355645552426,0.0010274195402560876,0.6043644354447573,0.021333691842955853,0.004873272386697504,0.5733261631408828,0.03199747903140682,0.004760428564660841,0.4667086828098864,0.00021501220659729412,0.00021501220659729412,2.529555371732872
9610,0.003951531147856429,0.001028239704864407,0.604846885214357,0.021309818663614283,0.004877330827185571,0.5738036267277141,0.03197113187521656,0.004764907581213184,0.4671478020797239,0.00021523617764583294,0.00021523617764583294,2.532190325245093
9620,0.0039467104028475105,0.001029059231515923,0.6053289597152488,0.02128596255655496,0.004881386365385656,0.5742807488689007,0.03194479621658697,0.004769384643180215,0.4675867297235504,0.0002154601486943718,0.0002154601486943718,2.534825278757315
9630,0.003941893412394557,0.0010298781198929251,0.6058106587605442,0.021262123523245368,0.0048854390010482866,0.5747575295350925,0.03191847205871627,0.004773859750018233,0.4680254656880621,0.00021568411974291063,0.00021568411974291063,2.5374602322695368
9640,0.003937080178366455,0.0010306963696777025,0.6062919821633543,0.02123830156515299,0.004889488733923991,0.57523396869694,0.031892159404802695,0.004778332901183541,0.4684640099199549,0.0002159080907914495,0.0002159080907914495,2.540095185781759
9650,0.00393227070263209,0.0010315139805525445,0.6067729297367908,0.02121449668374531,0.0048935355637632965,0.5757100663250936,0.03186585825804448,0.004782804096132439,0.4689023623659253,0.00021613206183998833,0.00021613206183998833,2.54273013929398
9660,0.003927464987060349,0.0010323309521997406,0.6072535012939649,0.02119070888048981,0.004897579490316732,0.5761858223902037,0.03183956862163984,0.004787273334321226,0.4693405229726692,0.0002163560328885272,0.0002163560328885272,2.545365092806202
9670,0.003922663033520117,0.00103314728430158,0.6077336966479882,0.021166938156853967,0.004901620513334825,0.5766612368629205,0.031813290498787034,0.004791740615206205,0.4697784916868828,0.00021658000393706602,0.00021658000393706602,2.548000046318424
9680,0.003917864843880282,0.001033962976540352,0.6082135156119718,0.021143184514305267,0.004905658632568103,0.5771363097138944,0.03178702389268427,0.004796205938243673,0.4702162684552621,0.0002168039749856049,0.0002168039749856049,2.5506349998306455
9690,0.003913070420009728,0.0010347780285983462,0.608692957999027,0.0211194479543112,0.004909693847767096,0.5776110409137759,0.03176076880652979,0.004800669302889936,0.47065385322450354,0.00021702794603414372,0.00021702794603414372,2.553269953342867
9700,0.003908279763777342,0.001035592440157852,0.6091720236222657,0.021095728478339234,0.00491372615868233,0.5780854304332151,0.03173452524352182,0.00480513070860129,0.4710912459413029,0.0002172519170826826,0.0002172519170826826,2.555904906855089
9710,0.0039034928770520106,0.0010364062109011582,0.6096507122947988,0.02107202608785686,0.004917755565064333,0.5785594782428626,0.0317082932068586,0.004809590154834038,0.47152844655235665,0.00021747588813122144,0.00021747588813122144,2.558539860367311
9720,0.0038987097617026196,0.0010372193405105547,0.610129023829738,0.02104834078433156,0.004921782066663634,0.5790331843133686,0.03168207269973835,0.00481404764104448,0.4719654550043607,0.0002176998591797603,0.0002176998591797603,2.5611748138795325
9730,0.0038939304195980554,0.0010380318286683306,0.6106069580401945,0.021024672569230816,0.00492580566323076,0.5795065486153835,0.031655863725359314,0.004818503166688916,0.47240227124401135,0.0002179238302282991,0.0002179238302282991,2.563809767391754
9740,0.003889154852607204,0.0010388436750567753,0.6110845147392794,0.021001021444022112,0.00492982635451624,0.5799795711195576,0.03162966628691971,0.004822956731223648,0.4728388952180047,0.00021814780127683798,0.00021814780127683798,2.5664447209039762
9750,0.0038843830625989516,0.0010396548793581782,0.6115616937401047,0.020977387410172927,0.004933844140270601,0.5804522517965413,0.03160348038761779,0.0048274083341049755,0.4732753268730368,0.0002183717723253768,0.0002183717723253768,2.5690796744161974
9760,0.003879615051442184,0.0010404654412548286,0.6120384948557815,0.02095377046915075,0.004937859020244372,0.5809245906169849,0.03157730603065176,0.0048318579747892,0.47371156615580384,0.00021859574337391568,0.00021859574337391568,2.5717146279284195
9770,0.0038748508210057885,0.001041275360429016,0.612514917899421,0.020930170622423052,0.00494187099418808,0.5813965875515387,0.03155114321921987,0.004836305652732621,0.47414761301300207,0.00021881971442245452,0.00021881971442245452,2.574349581440641
9780,0.0038700903731586503,0.0010420846365630295,0.6129909626841349,0.020906587871457324,0.004945880061852254,0.5818682425708533,0.031524991956520344,0.004840751367391541,0.4745834673913275,0.00021904368547099337,0.00021904368547099337,2.576984534952863
9790,0.0038653337097696553,0.0010428932693391586,0.6134666290230344,0.020883022217721047,0.004949886222987422,0.5823395556455789,0.03149885224575142,0.004845195118222258,0.47501912923747625,0.00021926765651953222,0.00021926765651953222,2.579619488465085
9800,0.0038605808327076907,0.0010437012584396926,0.6139419167292309,0.020859473662681705,0.00495388947734411,0.5828105267463657,0.03147272409011132,0.004849636904681075,0.47545459849814453,0.00021949162756807107,0.00021949162756807107,2.5822544419773066
9810,0.0038558317438416416,0.001044508603546921,0.6144168256158358,0.020835942207806775,0.004957889824672847,0.5832811558438643,0.03144660749279828,0.004854076726224291,0.4758898751200285,0.00021971559861660991,0.00021971559861660991,2.5848893954895282
9820,0.003851086445040395,0.001045315304343133,0.6148913554959605,0.020812427854563744,0.004961887264724163,0.5837514429087249,0.031420502457010537,0.004858514582308208,0.4763249590498243,0.00021993956966514876,0.00021993956966514876,2.58752434900175
9830,0.0038463449381728365,0.0010461213605106178,0.6153655061827162,0.020788930604420094,0.004965881797248583,0.584221387911598,0.031394408985946316,0.004862950472389126,0.476759850234228,0.0002201635407136876,0.0002201635407136876,2.5901593025139715
9840,0.0038416072251078524,0.001046926771731665,0.6158392774892146,0.02076545045884331,0.004969873421996637,0.5846909908231337,0.03136832708280385,0.004867384395923345,0.47719454861993577,0.00022038751176222646,0.00022038751176222646,2.5927942560261936
9850,0.0038368733077143295,0.001047731537688564,0.616312669228567,0.020741987419300865,0.004973862138718852,0.5851602516139826,0.031342256750781367,0.004871816352367167,0.4776290541536438,0.0002206114828107653,0.0002206114828107653,2.5954292095384153
9860,0.0038321431878611534,0.001048535658063604,0.6167856812138847,0.02071854148726025,0.004977847947165757,0.5856291702547949,0.03131619799307711,0.004876246341176891,0.47806336678204814,0.00022083545385930415,0.00022083545385930415,2.598064163050637
9870,0.00382741686741721,0.0010493391325390744,0.617258313258279,0.02069511266418895,0.004981830847087879,0.586097746716221,0.03129015081288929,0.004880674361808819,0.478497486451845,0.000221059424907843,0.000221059424907843,2.6006991165628586
9880,0.003822694348251386,0.0010501419607972643,0.6177305651748612,0.020671700951554437,0.004985810838235745,0.586565980968911,0.03126411521341617,0.004885100413719251,0.47893141310973053,0.00022128339595638185,0.00022128339595638185,2.60333407007508
9890,0.003817975632232567,0.0010509441425204636,0.6182024367767432,0.0206483063508242,0.004989787920359885,0.5870338729835158,0.03123809119785595,0.004889524496364489,0.4793651467024008,0.0002215073670049207,0.0002215073670049207,2.6059690235873023
9900,0.00381326072122964,0.0010517456773909612,0.6186739278770359,0.020624928863465723,0.004993762093210827,0.5875014227306854,0.031212078769406876,0.004893946609200831,0.47979868717655205,0.00022173133805345954,0.00022173133805345954,2.608603977099524
9910,0.0038085496171114904,0.0010525465650910466,0.6191450382888509,0.020601568490946486,0.004997733356539097,0.58796863018107,0.031186077931267178,0.0048983667516845795,0.4802320344788803,0.0002219553091019984,0.0002219553091019984,2.6112389306117456
9920,0.003803842321747005,0.001053346805303009,0.6196157678252994,0.020578225234733967,0.005001701710095225,0.5884354953053205,0.031160088686635088,0.004902784923272035,0.48066518855608187,0.00022217928015053724,0.00022217928015053724,2.6138738841239673
9930,0.003799138837005069,0.0010541463977091381,0.620086116299493,0.02055489909629566,0.0050056671536297375,0.5889020180740867,0.031134111038708834,0.004907201123419497,0.48109814935485257,0.00022240325119907608,0.00022240325119907608,2.616508837636189
9940,0.0037944391647545695,0.0010549453419917232,0.620556083524543,0.020531590077099034,0.005009629686893164,0.5893681984580191,0.03110814499068666,0.004911615351583267,0.48153091682188887,0.00022262722224761493,0.00022262722224761493,2.619143791148411
9950,0.0037897433068643928,0.0010557436378330531,0.6210256693135606,0.02050829817861158,0.00501358930963603,0.5898340364277681,0.03108219054576678,0.004916027607219647,0.4819634909038869,0.00022285119329615378,0.00022285119329615378,2.6217787446606327
9960,0.003785051265203424,0.001056541284915418,0.6214948734796575,0.02048502340230078,0.005017546021608867,0.5902995319539843,0.031056247707147436,0.004920437889784935,0.48239587154754254,0.00022307516434469263,0.00022307516434469263,2.6244136981728543
9970,0.0037803630416405505,0.0010573382829211064,0.6219636958359448,0.020461765749634115,0.005021499822562199,0.5907646850073175,0.031030316478026856,0.004924846198735434,0.4828280586995523,0.00022329913539323148,0.00022329913539323148,2.627048651685076
9980,0.0037756786380446577,0.0010581346315324083,0.6224321361955342,0.02043852522207907,0.005025450712246558,0.5912294955584185,0.03100439686160328,0.004929252533527442,0.48326005230661195,0.00022352310644177032,0.00022352310644177032,2.6296836051972976
9990,0.0037709980562846317,0.0010589303304316127,0.6229001943715368,0.02041530182110312,0.005029398690412469,0.5916939635779375,0.03097848886107492,0.0049336568936172625,0.4836918523154179,0.00022374707749030917,0.00022374707749030917,2.6323185587095193
10000,0.003766321298229359,0.0010597253793010089,0.623367870177064,0.020392095548173752,0.0050333437568104615,0.5921580890365248,0.03095259247964003,0.004938059278461194,0.4841234586726661,0.00022397104853884802,0.00022397104853884802,2.6349535122217413
10010,0.0037616483657477258,0.0010605197778228866,0.6238351634252274,0.02036890640475845,0.0050372859111910626,0.5926218719048308,0.03092670772049683,0.004942459687515538,0.48455487132505276,0.00022419501958738687,0.00022419501958738687,2.637588465733963
10020,0.003756979260708618,0.001061313525679535,0.6243020739291382,0.020345734392324698,0.005041225153304801,0.5930853121535059,0.030900834586843548,0.004946858120236596,0.48498609021927414,0.0002244189906359257,0.0002244189906359257,2.6402234192461846
10030,0.003752313984980922,0.0010621066225532433,0.6247686015019077,0.020322579512339973,0.005045161482902204,0.5935484097532003,0.030874973081878428,0.004951254576080667,0.48541711530202614,0.00022464296168446456,0.00022464296168446456,2.6428583727584063
10040,0.003747652540433524,0.0010628990681263008,0.6252347459566475,0.02029944176627176,0.0050490948997338,0.5940111646745647,0.03084912320879969,0.004955649054504053,0.4858479465200052,0.0002248669327330034,0.0002248669327330034,2.645493326270628
10050,0.00374299492893531,0.0010636908620809972,0.6257005071064689,0.020276321155587543,0.005053025403550117,0.594473576888249,0.030823284970805567,0.004960041554963052,0.4862785838199071,0.00022509090378154226,0.00022509090378154226,2.64812827978285
10060,0.0037383411523551663,0.0010644820040996217,0.6261658847644833,0.0202532176817548,0.005056952994101683,0.5949356463649038,0.0307974583710943,0.004964432076913969,0.4867090271484283,0.0002253148748300811,0.0002253148748300811,2.6507632332950717
10070,0.003733691212561979,0.0010652724938644636,0.6266308787438021,0.020230131346241017,0.005060877671139026,0.5953973730751795,0.03077164341286411,0.004968820619813101,0.4871392764522648,0.00022553884587861995,0.00022553884587861995,2.6533981868072933
10080,0.0037290451114246337,0.0010660623310578122,0.6270954888575365,0.02020706215051368,0.005064799434412674,0.5958587569897262,0.03074584009931323,0.0049732071831167495,0.48756933167811267,0.0002257628169271588,0.0002257628169271588,2.656033140319515
10090,0.003724402850812018,0.0010668515153619568,0.627559714918798,0.020184010096040265,0.005068718283673154,0.5963197980791946,0.030720048433639898,0.004977591766281216,0.48799919277266823,0.00022598678797569765,0.00022598678797569765,2.6586680938317366
10100,0.0037197644325930165,0.001067640046459187,0.6280235567406982,0.020160975184288256,0.005072634218670996,0.5967804963142347,0.03069426841904234,0.004981974368762802,0.48842885968262756,0.0002262107590242365,0.0002262107590242365,2.6613030473439587
10110,0.0037151298586365167,0.001068427924031792,0.6284870141363482,0.02013795741672514,0.005076547239156726,0.5972408516654971,0.030668500058718788,0.004986354990017805,0.4888583323546868,0.00022643473007277534,0.00022643473007277534,2.6639380008561804
10120,0.0037104991308114037,0.0010692151477620614,0.6289500869188596,0.020114956794818388,0.005080457344880873,0.597700864103632,0.030642743355867478,0.004990733629502528,0.48928761073554194,0.0002266587011213142,0.0002266587011213142,2.666572954368402
10130,0.0037058722509865642,0.0010700017173322842,0.6294127749013435,0.020091973320035497,0.005084364535593964,0.5981605335992899,0.030616998313686635,0.004995110286673271,0.4897166947718893,0.00022688267216985306,0.00022688267216985306,2.669207907880624
10140,0.003701249221030884,0.0010707876324247496,0.6298750778969114,0.02006900699384394,0.005088268811046529,0.5986198601231211,0.030591264935374497,0.004999484960986335,0.49014558441042494,0.00022710664321839188,0.00022710664321839188,2.6718428613928453
10150,0.00369663004281325,0.0010715728927217475,0.6303369957186749,0.020046057817711203,0.0050921701709890944,0.5990788436457758,0.03056554322412929,0.00500385765189802,0.4905742795978451,0.00022733061426693076,0.00022733061426693076,2.6744778149050674
10160,0.003692014718202548,0.0010723574979055667,0.630798528179745,0.02002312579310477,0.005096068615172189,0.5995374841379044,0.030539833183149248,0.005008228358864627,0.49100278028084576,0.00022755458531546958,0.00022755458531546958,2.677112768417289
10170,0.0036874032490676638,0.0010731414476584972,0.6312596750932336,0.020000210921492116,0.005099964143346339,0.5999957815701574,0.0305141348156326,0.005012597081342457,0.4914310864061232,0.00022777855636400845,0.00022777855636400845,2.679747721929511
10180,0.0036827956372774834,0.0010739247416628277,0.6317204362722515,0.019977313204340732,0.005103856755262075,0.6004537359131852,0.030488448124777582,0.00501696381878781,0.4918591979203735,0.00022800252741254727,0.00022800252741254727,2.6823826754417324
10190,0.003678191884700894,0.001074707379600848,0.6321808115299105,0.019954432643118098,0.005107746450669923,0.6009113471376379,0.030462773113782426,0.005021328570656987,0.49228711477029286,0.00022822649846108615,0.00022822649846108615,2.6850176289539545
10200,0.003673591993206781,0.0010754893611548471,0.6326408006793217,0.019931569239291694,0.005111633229320412,0.601368615214166,0.030437109785845358,0.005025691336406289,0.4927148369025773,0.00022845046950962497,0.00022845046950962497,2.687652582466176
10210,0.0036689959646640314,0.0010762706860071147,0.6331004035335968,0.019908722994329005,0.005115517090964069,0.6018255401134197,0.030411458144164613,0.005030052115492015,0.49314236426392305,0.00022867444055816382,0.00022867444055816382,2.6902875359783978
10220,0.0036644038009415302,0.0010770513538399399,0.633559619905847,0.01988589390969751,0.005119398035351422,0.6022821218060496,0.030385818191938422,0.005034410907370467,0.49356969680102614,0.00022889841160670266,0.00022889841160670266,2.6929224894906194
10230,0.0036598155039081638,0.001077831364335612,0.6340184496091834,0.019863081986864695,0.005123276062233001,0.6027383602627059,0.030360189932365018,0.005038767711497946,0.49399683446058296,0.00022912238265524154,0.00022912238265524154,2.6955574430028415
10240,0.003655231075432819,0.0010786107171764207,0.634476892456718,0.01984028722729804,0.005127151171359332,0.603194255454039,0.03033457336864263,0.0050431225273307526,0.4944237771892895,0.00022934635370378039,0.00022934635370378039,2.698192396515063
10250,0.003650650517384382,0.0010793894120446552,0.6349349482615618,0.019817509632465032,0.005131023362480944,0.6036498073506992,0.03030896850396949,0.0050474753543251856,0.49485052493384174,0.00022957032475231923,0.00022957032475231923,2.700827350027285
10260,0.003646073831631738,0.0010801674486226045,0.6353926168368261,0.01979474920383315,0.005134892635348364,0.6041050159233368,0.030283375341543833,0.005051826191937548,0.49527707764093604,0.00022979429580085805,0.00022979429580085805,2.7034623035395065
10270,0.003641501020043774,0.0010809448265925584,0.6358498979956225,0.019772005942869875,0.005138758989712121,0.6045598811426024,0.030257793884563886,0.005056175039624139,0.49570343525726845,0.00023001826684939693,0.00023001826684939693,2.7060972570517285
10280,0.0036369320844893754,0.001081721545636806,0.6363067915510623,0.01974927985104269,0.005142622425322742,0.605014402979146,0.030232224136227885,0.005060521896841259,0.4961295977295352,0.00023024223789793575,0.00023024223789793575,2.7087322105639497
10290,0.0036323670268374295,0.001082497605437637,0.636763297316257,0.01972657092981908,0.005146482941930756,0.6054685814036183,0.030206666099734054,0.00506486676304521,0.4965555650044323,0.00023046620894647462,0.00023046620894647462,2.711367164076172
10300,0.003627805848956822,0.0010832730056773402,0.6372194151043177,0.019703879180666527,0.00515034053928669,0.6059224163866692,0.030181119778280634,0.005069209637692291,0.49698133702865604,0.00023069017999501344,0.00023069017999501344,2.714002117588393
10310,0.003623248552716439,0.0010840477460382055,0.6376751447283561,0.019681204605052512,0.005154195217141072,0.6063759078989496,0.03015558517506585,0.005073550520238805,0.4974069137489024,0.00023091415104355232,0.00023091415104355232,2.716637071100615
10320,0.003618695139985166,0.0010848218262025217,0.6381304860014833,0.01965854720444452,0.0051580469752444316,0.6068290559111095,0.030130062293287935,0.00507788941014105,0.4978322951118676,0.00023113812209209117,0.00023113812209209117,2.7192720246128372
10330,0.00361414561263189,0.0010855952458525787,0.638585438736811,0.01963590698031003,0.005161895813347295,0.6072818603937993,0.030104551136145123,0.005082226306855328,0.4982574810642479,0.00023136209314063,0.00023136209314063,2.721906978125059
10340,0.0036095999725254974,0.0010863680046706654,0.6390400027474502,0.019613283934116522,0.00516574173120019,0.6077343213176694,0.030079051706835645,0.005086561209837939,0.4986824715527391,0.00023158606418916886,0.00023158606418916886,2.7245419316372805
10350,0.0036050582215348733,0.0010871401023390716,0.6394941778465126,0.019590678067331488,0.005169584728553647,0.6081864386533701,0.03005356400855773,0.005090894118545185,0.4991072665240377,0.0002318100352377077,0.0002318100352377077,2.727176885149502
10360,0.0036005203615289048,0.0010879115385400862,0.6399479638471095,0.0195680893814224,0.005173424805158191,0.6086382123715518,0.03002808804450961,0.005095225032433366,0.4995318659248398,0.00023203400628624656,0.00023203400628624656,2.729811838661724
10370,0.0035959863943764775,0.0010886823129559987,0.6404013605623521,0.01954551787785675,0.005177261960764352,0.6090896424428648,0.03000262381788952,0.005099553950958781,0.4999562697018413,0.0002322579773347854,0.0002322579773347854,2.732446792173946
10380,0.0035914563219464784,0.0010894524252690987,0.6408543678053521,0.019522963558102013,0.005181096195122657,0.6095407288379595,0.029977171331895685,0.005103880873577733,0.5003804778017384,0.00023248194838332425,0.00023248194838332425,2.7350817456861676
10390,0.003586930146107793,0.0010902218751616753,0.6413069853892207,0.019500426423625674,0.005184927507983634,0.6099914715274862,0.02995173058972634,0.005108205799746521,0.5008044901712275,0.0002327059194318631,0.0002327059194318631,2.7377166991983892
10400,0.003582407868729307,0.0010909906623160178,0.6417592131270692,0.01947790647589522,0.0051887558990978125,0.6104418704820954,0.02992630159457972,0.0051125287289214465,0.5012283067570045,0.00023292989048040192,0.00023292989048040192,2.7403516527106104
10410,0.0035778894916799076,0.0010917587864144158,0.6422110508320092,0.019455403716378123,0.005192581368215718,0.6108919256724373,0.029900884349654055,0.0051168496605588105,0.5016519275057657,0.0002331538615289408,0.0002331538615289408,2.7429866062228325
10420,0.0035733750168284806,0.0010925262471391582,0.6426624983171518,0.019432918146541876,0.00519640391508788,0.6113416370691622,0.02987547885814757,0.005121168594114912,0.5020753523642071,0.00023337783257747964,0.00023337783257747964,2.7456215597350546
10430,0.0035688644460439116,0.001093293044172535,0.6431135553956088,0.019410449767853954,0.005200223539464827,0.6117910046429208,0.029850085123258506,0.005125485529046053,0.5024985812790248,0.0002336018036260185,0.0002336018036260185,2.7482565132472763
10440,0.003564357781195087,0.0010940591771968352,0.6435642218804912,0.019387998581781845,0.005204040241097085,0.6122400283643629,0.02982470314818509,0.005129800464808534,0.5029216141969151,0.00023382577467455734,0.00023382577467455734,2.750891466759498
10450,0.0035598550241508937,0.001094824645894348,0.6440144975849105,0.01936556458979303,0.0052078540197351844,0.6126887082041392,0.029799332936125553,0.005134113400858655,0.503344451064574,0.00023404974572309618,0.00023404974572309618,2.7535264202717196
10460,0.003555356176780217,0.001095589449947363,0.644464382321978,0.019343147793354987,0.0052116648751296514,0.6131370441329,0.02977397449027813,0.005138424336652718,0.5037670918286978,0.00023427371677163503,0.00023427371677163503,2.756161373783941
10470,0.0035508612409519444,0.0010963535890381694,0.6449138759048054,0.019320748193935203,0.005215472807031015,0.6135850361212957,0.029748627813841043,0.005142733271647022,0.5041895364359825,0.00023449768782017388,0.00023449768782017388,2.758796327296163
10480,0.00354637021853496,0.0010971170628490568,0.6453629781465039,0.019298365793001163,0.0052192778151898015,0.6140326841399765,0.029723292910012536,0.005147040205297868,0.5046117848331243,0.00023472165886871273,0.00023472165886871273,2.761431280808385
10490,0.003541883111398152,0.001097879871062314,0.6458116888601847,0.019276000592020344,0.005223079899356541,0.6144799881595929,0.029697969781990834,0.005151345137061557,0.5050338369668192,0.00023494562991725157,0.00023494562991725157,2.7640662343206066
10500,0.003537399921410405,0.001098642013360231,0.6462600078589593,0.01925365259246023,0.00522687905928176,0.6149269481507953,0.029672658432974168,0.0051556480663943905,0.5054556927837637,0.00023516960096579042,0.00023516960096579042,2.7667011878328283
10510,0.0035329206504406065,0.001099403489425097,0.6467079349559393,0.0192313217957883,0.005230675294715988,0.6153735640842338,0.029647358866160774,0.0051599489927526675,0.5058773522306537,0.00023539357201432927,0.00023539357201432927,2.76933614134505
10520,0.0035284453003576414,0.001100164298939201,0.6471554699642357,0.019209008203472044,0.005234468605409752,0.615819835930559,0.02962207108474888,0.00516424791559269,0.5062988152541853,0.00023561754306286812,0.00023561754306286812,2.7719710948572716
10530,0.003523973873030397,0.0011009244415848326,0.6476026126969603,0.019186711816978938,0.005238258991113579,0.616265763660421,0.029596795091936717,0.005168544834370757,0.5067200818010545,0.00023584151411140696,0.00023584151411140696,2.7746060483694936
10540,0.0035195063703277584,0.001101683917044281,0.648049362967224,0.019164432637776473,0.005242046451577999,0.6167113472444704,0.02957153089092252,0.005172839748543171,0.5071411518179579,0.0002360654851599458,0.0002360654851599458,2.7772410018817153
10550,0.003515042794118612,0.001102442724999836,0.6484957205881388,0.01914217066733212,0.0052458309865535385,0.6171565866533574,0.029546278484904515,0.005177132657566232,0.5075620252515913,0.00023628945620848466,0.00023628945620848466,2.779875955393937
10560,0.0035105831462718447,0.0011032008651337864,0.6489416853728155,0.01911992590711337,0.0052496125957907265,0.6176014818577324,0.02952103787708094,0.005181423560896239,0.5079827020486509,0.0002365134272570235,0.0002365134272570235,2.7825109089061586
10570,0.003506127428656342,0.001103958337128422,0.6493872571343657,0.0190976983585877,0.00525339127904009,0.6180460328282458,0.029495809070650022,0.005185712457989496,0.5084031821558328,0.00023673739830556235,0.00023673739830556235,2.7851458624183802
10580,0.0035016756431409907,0.0011047151406660316,0.6498324356859009,0.0190754880232226,0.005257167036052158,0.6184902395355479,0.029470592068809993,0.0051899993483023,0.5088234655198334,0.0002369613693541012,0.0002369613693541012,2.7877808159306023
10590,0.0034972277915946764,0.001105471275428905,0.6502772208405323,0.019053294902485543,0.0052609398665774566,0.6189341019502889,0.02944538687475909,0.005194284231290954,0.5092435520873484,0.00023718534040264005,0.00023718534040264005,2.790415769442824
10600,0.0034927838758862855,0.0011062267410993313,0.6507216124113713,0.01903111899784402,0.0052647097703665165,0.6193776200431195,0.029420193491695536,0.005198567106411758,0.5096634418050743,0.0002374093114511789,0.0002374093114511789,2.7930507229550456
10610,0.0034883438978847037,0.0011069815373596003,0.6511656102115295,0.019008960310765505,0.0052684767471698635,0.6198207937846898,0.029395011922817568,0.005202847973121013,0.5100831346197071,0.00023763328249971774,0.00023763328249971774,2.7956856764672673
10620,0.0034839078594588184,0.001107735663892001,0.6516092140541181,0.018986818842717485,0.005272240796738027,0.6202636231456502,0.029369842171323414,0.005207126830875018,0.510502630477943,0.0002378572535482566,0.0002378572535482566,2.798320629979489
10630,0.0034794757624775144,0.0011084891203788226,0.6520524237522485,0.018964694595167444,0.005276001918821533,0.6207061080966508,0.029344684240411312,0.005211403679130077,0.5109219293264781,0.00023808122459679544,0.00023808122459679544,2.800955583491711
10640,0.0034750476088096782,0.0011092419065023547,0.6524952391190322,0.018942587569582864,0.005279760113170912,0.6211482486083426,0.029319538133279484,0.005215678517342487,0.5113410311120086,0.0002383051956453343,0.0002383051956453343,2.8035905370039327
10650,0.0034706234003241965,0.0011099940219448864,0.6529376599675801,0.018920497767431224,0.005283515379536691,0.6215900446513754,0.02929440385312617,0.00521995134496855,0.5117599357812304,0.00023852916669387313,0.00023852916669387313,2.8062254905161543
10660,0.003466203138889955,0.0011107454663887076,0.6533796861110044,0.01889842519018001,0.005287267717669398,0.6220314961963996,0.029269281403149598,0.005224222161464567,0.5121786432808398,0.000238753137742412,0.000238753137742412,2.8088604440283764
10670,0.00346178682637584,0.001111496239516107,0.6538213173624158,0.018876369839296702,0.00529101712731956,0.6224726032140657,0.029244170786548,0.005228490966286839,0.5125971535575333,0.00023897710879095083,0.00023897710879095083,2.8114953975405976
10680,0.003457374464650738,0.0011122463410093745,0.6542625535349261,0.018854331716248784,0.005294763608237706,0.6229133656750241,0.02921907200651961,0.005232757758891666,0.5130154665580064,0.0002392010798394897,0.0002392010798394897,2.8141303510528197
10690,0.0034529660555835343,0.001112995770550799,0.6547033944416465,0.01883231082250374,0.005298507160174363,0.623353783549925,0.029193985066262654,0.005237022538735348,0.5134335822289557,0.00023942505088802852,0.00023942505088802852,2.8167653045650414
10700,0.0034485616010431165,0.0011137445278226702,0.6551438398956883,0.018810307159529048,0.005302247782880061,0.6237938568094188,0.02916890996897537,0.005241285305274186,0.5138515005170771,0.00023964902193656737,0.00023964902193656737,2.819400258077263
10710,0.0034441611028983693,0.0011144926125072772,0.655583889710163,0.018788320728792194,0.005305985476105326,0.6242335854241559,0.029143846717855984,0.005245546057964482,0.5142692213690668,0.00023987299298510622,0.00023987299298510622,2.8220352115894847
10720,0.0034397645630181795,0.0011152400242869095,0.656023543698182,0.01876635153176066,0.005309720239600687,0.6246729693647867,0.029118795316102727,0.005249804796262535,0.5146867447316211,0.00024009696403364507,0.00024009696403364507,2.8246701651017063
10730,0.0034353719832714335,0.0011159867628438562,0.6564628016728565,0.018744399569901926,0.005313452073116671,0.6251120086019613,0.029093755766913837,0.005254061519624647,0.5151040705514359,0.00024032093508218391,0.00024032093508218391,2.8273051186139284
10740,0.003430983365527017,0.001116732827860407,0.6569016634472982,0.01872246484468348,0.005317180976403808,0.6255507031063302,0.029068728073487538,0.005258316227507118,0.5155211987752076,0.00024054490613072276,0.00024054490613072276,2.82994007212615
10750,0.003426598711653816,0.0011174782190188513,0.6573401288346183,0.0187005473575728,0.005320906949212624,0.6259890528485439,0.02904371223902207,0.005262568919366248,0.5159381293496321,0.0002407688771792616,0.0002407688771792616,2.8325750256383717
10760,0.003422218023520717,0.001118222936001478,0.6577781976479281,0.018678647110037368,0.005324629991293647,0.6264270577992525,0.029018708266715657,0.005266819594658337,0.5163548622214056,0.00024099284822780048,0.00024099284822780048,2.835209979150594
10770,0.003417841302996607,0.0011189669784905769,0.6582158697003393,0.01865676410354467,0.005328350102397406,0.6268647179291065,0.028993716159766533,0.005271068252839689,0.5167713973372244,0.00024121681927633933,0.00024121681927633933,2.8378449326628155
10780,0.003413468551950371,0.001119710346168437,0.6586531448049627,0.01863489833956218,0.005332067282274429,0.6273020332087562,0.028968735921372932,0.005275314893366601,0.5171877346437843,0.00024144079032487818,0.00024144079032487818,2.840479886175037
10790,0.0034090997722508952,0.0011204530387173479,0.6590900227749105,0.018613049819557394,0.005335781530675243,0.627739003608852,0.02894376755473308,0.005279559515695375,0.5176038740877819,0.000241664761373417,0.000241664761373417,2.8431148396872588
10800,0.0034047349657670666,0.0011211950558195987,0.6595265034232933,0.018591218544997783,0.005339492847350376,0.6281756291000441,0.02891881106304522,0.005283802119282312,0.5180198156159129,0.00024188873242195587,0.00024188873242195587,2.845749793199481
10810,0.0034003741343677707,0.001121936397157479,0.6599625865632229,0.018569404517350833,0.005343201232050357,0.6286119096529831,0.02889386644950757,0.005288042703583712,0.5184355591748737,0.0002421127034704947,0.0002421127034704947,2.848384746711702
10820,0.003396017279921894,0.001122677062413278,0.6603982720078105,0.018547607738084032,0.005346906684525714,0.6290478452383191,0.028868933717318367,0.005292281268055877,0.5188511047113605,0.00024233667451903357,0.00024233667451903357,2.851019700223924
10830,0.003391664404298322,0.0011234170512692853,0.6608335595701678,0.018525828208664854,0.0053506092045269744,0.6294834358267027,0.028844012869675844,0.005296517812155106,0.5192664521720692,0.0002425606455675724,0.0002425606455675724,2.8536546537361454
10840,0.003387315509365942,0.0011241563634077898,0.6612684490634057,0.018504065930560785,0.005354308791804666,0.6299186813887842,0.02881910390977823,0.005300752335337699,0.5196816015036959,0.00024278461661611126,0.00024278461661611126,2.8562896072483674
10850,0.0033829705969936393,0.0011248949985110813,0.661702940300636,0.018482320905239307,0.005358005446109317,0.6303535818952136,0.02879420684082376,0.00530498483705996,0.5200965526529372,0.00024300858766465008,0.00024300858766465008,2.858924560760589
10860,0.0033786296690502997,0.001125632956261449,0.6621370330949699,0.018460593134167907,0.005361699167191455,0.6307881373166417,0.028769321666010664,0.005309215316778186,0.5205113055664888,0.00024323255871318896,0.00024323255871318896,2.861559514272811
10870,0.003374292727404811,0.001126370236341182,0.6625707272595188,0.01843888261881406,0.005365389954801609,0.6312223476237186,0.028744448388537173,0.0053134437739486805,0.520925860191047,0.0002434565297617278,0.0002434565297617278,2.864194467785033
10880,0.0033699597739260583,0.00112710683843257,0.663004022607394,0.01841718936064525,0.0053690778086903064,0.6316562127870947,0.028719587011601516,0.005317670208027741,0.5213402164733079,0.00024368050081026665,0.00024368050081026665,2.8668294212972545
10890,0.003365630810482927,0.0011278427622179023,0.6634369189517072,0.018395513361128966,0.0053727627286080755,0.6320897327774205,0.02869473753840193,0.005321894618471671,0.5217543743599677,0.0002439044718588055,0.0002439044718588055,2.869464374809476
10900,0.0033613058389443044,0.0011285780073794682,0.6638694161055695,0.01837385462173268,0.005376444714305443,0.6325229075653461,0.02866989997213664,0.00532611700473677,0.5221683337977225,0.00024412844290734435,0.00024412844290734435,2.8720993283216982
10910,0.0033569848611790768,0.001129312573599557,0.6643015138820922,0.018352213143923886,0.005380123765532938,0.632955737121522,0.028645074316003886,0.0053303373662793386,0.5225820947332684,0.0002443524139558832,0.0002443524139558832,2.87473428183392
10920,0.00335266787905613,0.0011300464605604578,0.664733212094387,0.01833058892917006,0.005383799882041089,0.6333882214165987,0.02862026057320189,0.005334555702555678,0.5229956571133018,0.00024457638500442204,0.00024457638500442204,2.8773692353461415
10930,0.0033483548944443497,0.0011307796679444605,0.665164510555565,0.018308981978938682,0.0053874730635804224,0.633820360421226,0.02859545874692889,0.005338772013022087,0.5234090208845184,0.00024480035605296087,0.00024480035605296087,2.8800041888583627
10940,0.0033440459092126226,0.001131512195433854,0.6655954090787376,0.01828739229469724,0.005391143309901468,0.634252154106055,0.028570668840383118,0.00534298629713487,0.5238221859936146,0.00024502432710149974,0.00024502432710149974,2.882639142370585
10950,0.0033397409252298345,0.001132244042710928,0.6660259074770164,0.018265819877913213,0.005394810620754753,0.6346836024417356,0.0285458908567628,0.0053471985543503235,0.5242351523872866,0.0002452482981500386,0.0002452482981500386,2.885274095882807
10960,0.003335439944364872,0.0011329752094579716,0.6664560055635126,0.018244264730054086,0.005398474995890805,0.6351147053989181,0.028521124799266176,0.00535140878412475,0.5246479200122304,0.00024547226919857743,0.00024547226919857743,2.8879090493950286
10970,0.0033311429684866212,0.0011337056953572744,0.6668857031513379,0.01822272685258734,0.005402136435060151,0.635545462948253,0.028496370671091467,0.00535561698591445,0.5250604888151421,0.00024569624024711626,0.00024569624024711626,2.8905440029072498
10980,0.003326849999463968,0.0011344355000911255,0.6673150000536031,0.018201206246980454,0.005405794938013322,0.6359758750603908,0.02847162847543691,0.005359823159175724,0.5254728587427181,0.00024592021129565513,0.00024592021129565513,2.893178956419472
10990,0.003322561039165799,0.0011351646233418143,0.6677438960834201,0.018179702914700918,0.0054094505045008436,0.6364059417059814,0.02844689821550074,0.0053640273033648735,0.5258850297416542,0.000246144182344194,0.000246144182344194,2.895813909931694
11000,0.0033182760894609996,0.00113589306479163,0.6681723910538999,0.01815821685721621,0.005413103134273244,0.6368356628556756,0.028422179894481186,0.0053682294179381975,0.5262970017586468,0.0002463681533927328,0.0002463681533927328,2.898448863443915
11010,0.0033139951522184567,0.0011366208241228623,0.6686004847781543,0.01813674807599381,0.005416752827081052,0.6372650384801236,0.02839747351557648,0.005372429502351997,0.5267087747403919,0.00024659212444127165,0.00024659212444127165,2.901083816956137
11020,0.0033097182293070565,0.0011373479010178004,0.6690281770692943,0.018115296572501206,0.005420399582674794,0.6376940685499757,0.02837277908198485,0.005376627556062575,0.5271203486335857,0.0002468160954898105,0.0002468160954898105,2.903718770468359
11030,0.0033054453225956847,0.0011380742951587336,0.6694554677404314,0.018093862348205876,0.005424043400805,0.6381227530358823,0.02834809659690453,0.00538082357852623,0.5275317233849245,0.0002470400665383494,0.0002470400665383494,2.906353723980581
11040,0.0033011764339532274,0.0011388000062279512,0.6698823566046771,0.018072445404575307,0.005427684281222197,0.6385510919084936,0.028323426063533746,0.005385017569199262,0.5279428989411041,0.0002472640375868882,0.0002472640375868882,2.908988677492802
11050,0.003296911565248571,0.0011395250339077429,0.6703088434751427,0.018051045743076977,0.0054313222236769135,0.6389790851384604,0.028298767485070743,0.005389209527537973,0.5283538752488208,0.00024748800863542704,0.00024748800863542704,2.911623631005024
11060,0.003292650718350602,0.0011402493778803976,0.6707349281649396,0.018029663365178368,0.005434957227919677,0.6394067326964324,0.028274120864713738,0.005393399452998664,0.5287646522547709,0.0002477119796839659,0.0002477119796839659,2.914258584517246
11070,0.0032883938951282065,0.001140973037828205,0.6711606104871793,0.018008298272346967,0.005438589293701015,0.6398340345530604,0.02824948620566097,0.0053975873450376344,0.5291752299056504,0.0002479359507325048,0.0002479359507325048,2.916893538029468
11080,0.00328414109745027,0.0011416960134334542,0.671585890254973,0.017986950466050255,0.005442218420771456,0.6402609906789947,0.028224863511110674,0.0054017732031111845,0.5295856081481554,0.0002481599217810436,0.0002481599217810436,2.9195284915416893
11090,0.003279892327185679,0.0011424183043784344,0.6720107672814319,0.01796561994775571,0.0054458446088815286,0.6406876010448856,0.028200252784261075,0.005405957026675616,0.529995786928982,0.0002483838928295824,0.0002483838928295824,2.9221634450539105
11100,0.00327564758620332,0.0011431399103454356,0.6724352413796679,0.01794430671893082,0.00544946785778176,0.6411138656213835,0.028175654028310407,0.00541013881518723,0.5304057661948265,0.0002486078638781213,0.0002486078638781213,2.9247983985661326
11110,0.003271406876372079,0.0011438608310167465,0.672859312362792,0.017923010781043067,0.005453088167222678,0.6415397843791384,0.028151067246456902,0.005414318568102326,0.5308155458923849,0.0002488318349266602,0.0002488318349266602,2.9274333520783546
11120,0.003267170199560842,0.0011445810660746568,0.6732829800439156,0.01790173213555993,0.0054567055369548105,0.6419653572888011,0.02812649244189879,0.005418496284877204,0.5312251259683534,0.000249055805975199,0.000249055805975199,2.9300683055905763
11130,0.0032629375576384958,0.0011453006152014559,0.6737062442361504,0.017880470783948894,0.005460319966728687,0.6423905843210219,0.028101929617834302,0.0054226719649681674,0.5316345063694281,0.0002492797770237378,0.0002492797770237378,2.9327032591027975
11140,0.003258708952473925,0.0011460194780794327,0.6741291047526073,0.017859226727677445,0.0054639314562948335,0.6428154654464509,0.028077378777461675,0.005426845607831515,0.5320436870423053,0.0002495037480722767,0.0002495037480722767,2.9353382126150196
11150,0.0032544843859360177,0.001146737654390877,0.6745515614063982,0.017837999968213055,0.00546754000540378,0.6432400006357386,0.028052839923979132,0.005431017212923547,0.532452667933681,0.00024972771912081556,0.00024972771912081556,2.9379731661272417
11160,0.0032502638598936586,0.001147455143818078,0.674973614010634,0.017816790507023214,0.005471145613806053,0.6436641898595356,0.02802831306058491,0.005435186779700564,0.5328614489902513,0.0002499516901693544,0.0002499516901693544,2.9406081196394633
11170,0.003246047376215735,0.001148171946043325,0.6753952623784264,0.017795598345575404,0.00547474828125218,0.6440880330884916,0.02800379819047724,0.005439354307618868,0.5332700301587125,0.0002501756612178932,0.0002501756612178932,2.9432430731516845
11180,0.0032418349367711323,0.0011488880607489075,0.6758165063228867,0.01777442348533711,0.005478348007492691,0.6445115302932577,0.027979295316854357,0.00544351979613476,0.5336784113857607,0.0002503996322664321,0.0002503996322664321,2.9458780266639066
11190,0.0032376265434287364,0.0011496034876171148,0.6762373456571262,0.01775326592777581,0.005481944792278112,0.6449346814444836,0.027954804442914483,0.005447683244704537,0.5340865926180918,0.00025062360331497096,0.00025062360331497096,2.9485129801761287
11200,0.0032334221980574347,0.001150318226330236,0.6766577801942564,0.017732125674358983,0.005485538635358972,0.6453574865128201,0.027930325571855853,0.0054518446527845035,0.5344945738024023,0.0002508475743635098,0.0002508475743635098,2.95114793368835
11210,0.003229221902526112,0.001151032276570561,0.6770778097473887,0.01771100272655412,0.005489129536485799,0.6457799454689174,0.02790585870687671,0.0054560040198309585,0.5349023548853881,0.00025107154541204865,0.00025107154541204865,2.953782887200572
11220,0.003225025658703656,0.0011517456380203783,0.6774974341296343,0.0176898970858287,0.005492717495409121,0.6462020582834259,0.027881403851175268,0.005460161345300203,0.5353099358137454,0.00025129551646058747,0.00025129551646058747,2.9564178407127937
11230,0.0032208334684589515,0.0011524583103619782,0.6779166531541048,0.017668808753650202,0.005496302511879465,0.6466238249269958,0.027856961007949772,0.005464316628648538,0.5357173165341704,0.00025151948750912635,0.00025151948750912635,2.9590527942250158
11240,0.003216645333660885,0.0011531702932776496,0.6783354666339114,0.017647737731486115,0.0054998845856473605,0.6470452453702776,0.027832530180398447,0.005468469869332263,0.5361244969933591,0.00025174345855766517,0.00025174345855766517,2.961687747737237
11250,0.0032124612561783422,0.0011538815864496816,0.6787538743821656,0.017626684020803918,0.005503463716463334,0.6474663195839215,0.027808111371719527,0.00547262106680768,0.5365314771380078,0.00025196742960620404,0.00025196742960620404,2.964322701249459
11260,0.0032082812378802106,0.0011545921895603642,0.6791718762119788,0.01760564762307109,0.005507039904077914,0.6478870475385781,0.02778370458511124,0.005476770220531088,0.5369382569148125,0.00025219140065474286,0.00025219140065474286,2.9669576547616807
11270,0.0032041052806353757,0.001155302102291986,0.6795894719364622,0.017584628539755117,0.005510613148241629,0.6483074292048974,0.027759309823771824,0.0054809173299587895,0.5373448362704696,0.00025241537170328174,0.00025241537170328174,2.9695926082739024
11280,0.0031999333863127234,0.0011560113243268368,0.6800066613687274,0.017563626772323482,0.005514183448705008,0.6487274645535303,0.027734927090899503,0.005485062394547084,0.5377512151516749,0.00025263934275182056,0.00025263934275182056,2.972227561786124
11290,0.00319576555678114,0.001156719855347206,0.680423444321886,0.01754264232224367,0.005517750805218576,0.6491471535551264,0.02771055638969251,0.0054892054137522725,0.5381573935051247,0.0002528633138003594,0.0002528633138003594,2.9748625152983452
11300,0.0031916017939095124,0.001157427695035383,0.6808398206090487,0.017521675190983157,0.005521315217532862,0.6495664961803366,0.027686197723349085,0.0054933463870306554,0.5385633712775152,0.00025308728484889825,0.00025308728484889825,2.9774974688105673
11310,0.003187442099566725,0.0011581348430736566,0.6812557900433273,0.01750072538000943,0.005524876685398397,0.6499854923998113,0.027661851095067448,0.005497485313838532,0.5389691484155423,0.0002533112558974371,0.0002533112558974371,2.9801324223227894
11320,0.0031832864756216658,0.0011588412991443168,0.6816713524378334,0.01747979289078997,0.005528435208565705,0.6504041421842004,0.027637516508045842,0.005501622193632207,0.5393747248659027,0.00025353522694597595,0.00025353522694597595,2.982767375835011
11330,0.0031791349239432207,0.0011595470629296525,0.6820865076056778,0.01745887772479226,0.005531990786785315,0.6508224455041547,0.027613193965482487,0.005505757025867976,0.5397801005752917,0.00025375919799451477,0.00025375919799451477,2.9854023293472323
11340,0.003174987446400275,0.0011602521341119534,0.6825012553599724,0.017437979883483782,0.005535543419807757,0.6512404023303242,0.02758888347057562,0.005509889810002144,0.5401852754904063,0.00025398316904305364,0.00025398316904305364,2.9880372828594544
11350,0.0031708440448617145,0.0011609565123735085,0.6829155955138284,0.017417099368332016,0.005539093107383556,0.6516580126333594,0.027564585026523477,0.005514020545491008,0.540590249557942,0.0002542071400915925,0.0002542071400915925,2.9906722363716765
11360,0.003166704721196427,0.0011616601973966074,0.6833295278803573,0.01739623618080445,0.005542639849263243,0.6520752763839108,0.027540298636524282,0.005518149231790871,0.5409950227245952,0.00025443111114013134,0.00025443111114013134,2.9933071898838977
11370,0.0031625694772732978,0.0011623631888635394,0.6837430522726702,0.01737539032236856,0.005546183645197344,0.6524921935526287,0.027516024303776268,0.005522275868358033,0.541399594937062,0.0002546550821886702,0.0002546550821886702,2.9959421433961198
11380,0.003158438314961213,0.0011630654864565938,0.6841561685038786,0.017354561794491838,0.005549724494936387,0.6529087641101631,0.02749176203147767,0.005526400454648795,0.5418039661420387,0.00025487905323720903,0.00025487905323720903,2.9985770969083414
11390,0.003154311236129058,0.00116376708985806,0.684568876387094,0.017333750598641756,0.005553262398230901,0.6533249880271648,0.02746751182282672,0.005530522990119456,0.5422081362862212,0.0002551030242857479,0.0002551030242857479,3.0012120504205635
11400,0.003150188242645721,0.0011644679987502272,0.6849811757354277,0.0173129567362858,0.005556797354831413,0.6537408652742838,0.027443273681021646,0.00553464347422632,0.5426121053163059,0.0002553269953342867,0.0002553269953342867,3.0038470039327847
11410,0.0031460693363800866,0.0011651682128153852,0.6853930663619913,0.017292180208891457,0.005560329364488452,0.6541563958221707,0.02741904760926068,0.005538761906425684,0.5430158731789886,0.0002555509663828256,0.0002555509663828256,3.006481957445007
11420,0.0031419545192010417,0.0011658677317358229,0.6858045480798958,0.017271421017926204,0.005563858426952544,0.6545715796414757,0.02739483361074205,0.0055428782861738505,0.5434194398209656,0.0002557749374313645,0.0002557749374313645,3.009116910957229
11430,0.003137843792977472,0.0011665665551938297,0.6862156207022526,0.01725067916485753,0.00556738454197422,0.6549864167028493,0.027370631688664,0.005546992612927119,0.5438228051889332,0.0002559989084799033,0.0002559989084799033,3.0117518644694505
11440,0.003133737159578264,0.0011672646828716953,0.6866262840421736,0.017229954651152905,0.005570907709304006,0.6554009069769418,0.02734644184622475,0.005551104886141791,0.5442259692295873,0.0002562228795284421,0.0002562228795284421,3.0143868179816717
11450,0.0031296346208723024,0.0011679621144517086,0.6870365379127696,0.017209247478279822,0.00557442792869243,0.6558150504344034,0.027322264086622534,0.005555215105274168,0.5446289318896244,0.000256446850576981,0.000256446850576981,3.017021771493894
11460,0.0031255361787284755,0.001168658849616159,0.6874463821271524,0.01718855764770576,0.00557794519989002,0.6562288470458846,0.027298098413055586,0.00555932326978055,0.5450316931157402,0.00025667082162551987,0.00025667082162551987,3.019656725006116
11470,0.0031214418350156694,0.0011693548880473362,0.687855816498433,0.017167885160898205,0.005581459522647304,0.6566422967820357,0.027273944828722134,0.005563429379117236,0.545434252854631,0.0002568947926740587,0.0002568947926740587,3.022291678518337
11480,0.0031173515916027685,0.0011700502294275292,0.6882648408397231,0.01714723001932463,0.005584970896714812,0.6570553996135072,0.027249803336820415,0.005567533432740529,0.545836611052993,0.0002571187637225975,0.0002571187637225975,3.024926632030559
11490,0.00311326545035866,0.0011707448734390277,0.6886734549641338,0.01712659222445253,0.005588479321843069,0.6574681555109492,0.027225673940548655,0.005571635430106728,0.5462387676575223,0.0002573427347711364,0.0002573427347711364,3.027561585542781
11500,0.00310918341315223,0.0011714388197641206,0.6890816586847768,0.017105971777749383,0.005591984797782605,0.6578805644450122,0.027201556643105085,0.0055757353706721345,0.5466407226149151,0.00025756670581967526,0.00025756670581967526,3.030196539055003
11510,0.0031051054818523652,0.0011721320680850979,0.6894894518147633,0.017085368680682663,0.005595487324283947,0.6582926263863466,0.027177451447687948,0.005579833253893048,0.5470424758718675,0.0002577906768682141,0.0002577906768682141,3.032831492567224
11520,0.003101031658327951,0.0011728246180842483,0.6898968341672048,0.017064782934719865,0.005598986901097622,0.6587043413056025,0.02715335835749546,0.005583929079225771,0.5474440273750756,0.0002580146479167529,0.0002580146479167529,3.035466446079446
11530,0.0030969619444478737,0.0011735164694438613,0.6903038055552124,0.017044214541328463,0.005602483527974161,0.6591157091734305,0.02712927737572586,0.0055880228461266035,0.5478453770712356,0.00025823861896529177,0.00025823861896529177,3.0381013995916675
11540,0.00309289634208102,0.0011742076218462265,0.6907103657918978,0.01702366350197595,0.0056059772046640885,0.6595267299604809,0.027105208505577384,0.005592114554051845,0.5482465249070435,0.0002584625900138306,0.0002584625900138306,3.040736353103889
11550,0.0030888348530962754,0.0011748980749736332,0.6911165146903724,0.017003129818129792,0.0056094679309179355,0.659937403637404,0.02708115175024825,0.005596204202457797,0.5486474708291957,0.00025868656106236947,0.00025868656106236947,3.043371306616111
11560,0.003084777479362526,0.0011755878285083705,0.6915222520637472,0.01698261349125748,0.005612955706486228,0.6603477301748503,0.027057107112936706,0.005600291790800759,0.5490482147843881,0.0002589105321109083,0.0002589105321109083,3.0460062601283324
11570,0.003080724222748659,0.001176276882132728,0.691927577725134,0.016962114522826498,0.005616440531119494,0.6607577095434698,0.02703307459684097,0.005604377318537034,0.549448756719317,0.00025913450315944716,0.00025913450315944716,3.0486412136405545
11580,0.0030766750851235593,0.0011769652355289948,0.692332491487644,0.016941632914304332,0.005619922404568264,0.6611673417139132,0.02700905420515928,0.005608460785122921,0.5498490965806785,0.000259358474207986,0.000259358474207986,3.051276167152776
11590,0.003072630068356114,0.0011776528883794607,0.6927369931643886,0.016921168667158454,0.005623401326583062,0.6615766266568307,0.026985045941089872,0.005612542190014721,0.5502492343151687,0.00025958244525652486,0.00025958244525652486,3.0539111206649983
11600,0.003068589174315209,0.0011783398403664145,0.6931410825684791,0.016900721782856357,0.005626877296914419,0.6619855643428727,0.026961049807830966,0.005616621532668735,0.5506491698694839,0.00025980641630506373,0.00025980641630506373,3.0565460741772204
11610,0.0030645524048697297,0.001179026091172146,0.6935447595130269,0.016880292262865512,0.005630350315312862,0.6623941547426895,0.026937065808580806,0.005620698812541262,0.5510489031903198,0.0002600303873536026,0.0002600303873536026,3.059181027689442
11620,0.0030605197618885633,0.0011797116404789441,0.6939480238111435,0.016859880108653413,0.005633820381528919,0.6628023978269315,0.02691309394653761,0.005624774029088606,0.5514484342243731,0.0002602543584021414,0.0002602543584021414,3.0618159812016637
11630,0.0030564912472405958,0.0011803964879690985,0.6943508752759402,0.016839485321687536,0.005637287495313118,0.663210293566249,0.026889134224899622,0.005628847181767063,0.5518477629183396,0.00026047832945068025,0.00026047832945068025,3.064450934713885
11640,0.003052466862794713,0.0011810806333248988,0.6947533137205285,0.016819107903435368,0.005640751656415988,0.6636178419312926,0.026865186646865068,0.005632918270032938,0.5522468892189155,0.0002607023004992191,0.0002607023004992191,3.067085888226107
11650,0.0030484466104198013,0.0011817640762286337,0.6951553389580197,0.016798747855364386,0.005644212864588054,0.664025042892712,0.026841251215632182,0.005636987293342529,0.5526458130727969,0.00026092627154775794,0.00026092627154775794,3.0697208417383286
11660,0.003044430491984747,0.001182446816362593,0.6955569508015251,0.016778405178942073,0.005647671119579848,0.6644318964211584,0.026817327934399192,0.005641054251152137,0.55304453442668,0.0002611502425962968,0.0002611502425962968,3.0723557952505507
11670,0.003040418509358436,0.001183128853409066,0.6959581490641563,0.016758079875635913,0.005651126421141894,0.6648384024872815,0.02679341680636433,0.005645119142918063,0.5534430532272611,0.00026137421364483564,0.00026137421364483564,3.074990748762772
11680,0.0030364106644097544,0.0011838101870503418,0.6963589335590245,0.016737771946913393,0.005654578769024723,0.6652445610617319,0.02676951783472583,0.005649181968096609,0.5538413694212362,0.0002615981846933745,0.0002615981846933745,3.077625702274994
11690,0.0030324069590075883,0.00118449081696871,0.6967593040992411,0.01671748139424199,0.005658028162978861,0.66565037211516,0.026745631022681918,0.005653242726144073,0.5542394829553012,0.00026182215574191333,0.00026182215574191333,3.0802606557872156
11700,0.0030284073950208245,0.0011851707428464598,0.6971592604979174,0.016697208219089182,0.005661474602754839,0.6660558356182162,0.026721756373430834,0.005657301416516758,0.5546373937761527,0.0002620461267904522,0.0002620461267904522,3.0828956092994373
11710,0.0030244119743183485,0.0011858499643658807,0.697558802568165,0.016676952422922463,0.005664918088103181,0.6664609515415505,0.026697893890170805,0.005661358038670962,0.5550351018304864,0.000262270097838991,0.000262270097838991,3.085530562811659
11720,0.003020420698769047,0.001186528481209262,0.6979579301230951,0.01665671400720931,0.005668358618774416,0.6668657198558136,0.02667404357610006,0.005665412592062989,0.5554326070649989,0.0002624940688875299,0.0002624940688875299,3.088165516323881
11730,0.003016433570241806,0.001187206293058893,0.6983566429758193,0.016636492973417204,0.005671796194519075,0.6672701405316558,0.02665020543441684,0.005669465076149137,0.5558299094263859,0.0002627180399360688,0.0002627180399360688,3.090800469836103
11740,0.0030124505906055114,0.0011878833995970632,0.6987549409394489,0.01661628932301363,0.005675230815087683,0.6676742135397273,0.02662637946831936,0.005673515490385707,0.5562270088613438,0.0002629420109846076,0.0002629420109846076,3.0934354233483243
11750,0.0030084717617290496,0.0011885598005060617,0.6991528238270951,0.016596103057466068,0.0056786624802307685,0.6680779388506786,0.02660256568100587,0.005677563834229,0.5566239053165686,0.0002631659820331464,0.0002631659820331464,3.096070376860546
11760,0.0030044970854813066,0.0011892354954681778,0.6995502914518692,0.016575934178241998,0.005682091189698859,0.6684813164351597,0.026578764075674593,0.005681610107135318,0.5570205987387566,0.0002633899530816853,0.0002633899530816853,3.098705330372768
11770,0.003000526563731169,0.0011899104841657012,0.6999473436268829,0.01655578268680891,0.005685516943242485,0.6688843462638215,0.02655497465552376,0.00568565430856096,0.5574170890746039,0.0002636139241302241,0.0002636139241302241,3.1013402838849893
11780,0.002996560198347522,0.0011905847662809213,0.7003439801652478,0.01653564858463428,0.005688939740612172,0.6692870283073142,0.026531197423751603,0.0056896964379622265,0.5578133762708065,0.000263837895178763,0.000263837895178763,3.1039752373972114
11790,0.0029925979911992525,0.0011912583414961271,0.7007402008800747,0.016515531873185593,0.005692359581558448,0.669689362536288,0.02650743238355635,0.0056937364947954195,0.5582094602740607,0.0002640618662273018,0.0002640618662273018,3.1066101909094326
11800,0.002988639944155247,0.001191931209493608,0.7011360055844752,0.016495432553930333,0.005695776465831842,0.6700913489213931,0.02648367953813624,0.005697774478516838,0.5586053410310625,0.0002642858372758407,0.0002642858372758407,3.1092451444216547
11810,0.0029846860590843913,0.0011926033699556535,0.7015313940915608,0.01647535062833598,0.005699190393182883,0.6704929874332802,0.0264599388906895,0.005701810388582784,0.5590010184885083,0.00026450980832437956,0.00026450980832437956,3.1118800979338768
11820,0.0029807363378555707,0.001193274822564553,0.7019263662144428,0.016455286097870017,0.005702601363362097,0.6708942780425996,0.02643621044441436,0.005705844224449558,0.5593964925930939,0.0002647337793729184,0.0002647337793729184,3.1145150514460984
11830,0.002976790782337673,0.0011939455670025956,0.7023209217662326,0.016435238963999926,0.005706009376120012,0.6712952207200013,0.02641249420250906,0.005709875985573459,0.5597917632915156,0.0002649577504214572,0.0002649577504214572,3.1171500049583196
11840,0.002972849394399584,0.0011946156029520709,0.7027150605600416,0.016415209228193194,0.005709414431207157,0.671695815436136,0.02638879016817182,0.00571390567141079,0.5601868305304696,0.00026518172146999607,0.00026518172146999607,3.1197849584705417
11850,0.002968912175910188,0.001195284930095268,0.703108782408981,0.016395196891917294,0.00571281652837406,0.672096062161654,0.02636509834460088,0.00571793328141785,0.5605816942566519,0.00026540569251853495,0.00026540569251853495,3.122419911982764
11860,0.0029649791287383737,0.0011959535481144766,0.7035020871261626,0.016375201956639718,0.005716215667371247,0.6724959608672054,0.02634141873499447,0.005721958815050939,0.5609763544167587,0.00026562966356707377,0.00026562966356707377,3.1250548654949855
11870,0.0029610502547530258,0.0011966214566919856,0.7038949745246974,0.016355224423827947,0.0057196118479492485,0.6728955115234408,0.026317751342550818,0.00572598227176636,0.5613708109574863,0.0002658536346156126,0.0002658536346156126,3.1276898190072067
11880,0.0029571255558230305,0.0011972886555100847,0.7042874444176968,0.016335264294949456,0.005723005069858592,0.6732947141010107,0.026294096170468156,0.005730003651020412,0.5617650638255305,0.00026607760566415146,0.00026607760566415146,3.1303247725194288
11890,0.002953205033817275,0.0011979551442510632,0.7046794966182724,0.01631532157147173,0.005726395332849805,0.6736935685705652,0.02627045322194472,0.005734022952269396,0.5621591129675878,0.00026630157671269034,0.00026630157671269034,3.132959726031651
11900,0.002949288690604644,0.0011986209225972105,0.7050711309395354,0.01629539625486226,0.0057297826366734155,0.6740920749027547,0.02624682250017874,0.005738040174969613,0.5625529583303542,0.00026652554776122916,0.00026652554776122916,3.135594679543872
11910,0.0029453765280540254,0.0011992859902308158,0.7054623471945974,0.01627548834658852,0.005733166981079951,0.6744902330682294,0.026223204008368445,0.0057420553185773635,0.5629465998605258,0.000266749518809768,0.000266749518809768,3.1382296330560937
11920,0.0029414685480343037,0.0011999503468341683,0.7058531451965696,0.016255597848117996,0.00573654836581994,0.6748880430376398,0.026199597749712065,0.005746068382548947,0.5633400375047988,0.00026697348985830685,0.00026697348985830685,3.140864586568316
11930,0.0029375647524143658,0.0012006139920895578,0.7062435247585633,0.01623572476091817,0.005739926790643911,0.6752855047816364,0.02617600372740784,0.005750079366340666,0.5637332712098693,0.0002671974609068457,0.0002671974609068457,3.143499540080538
11940,0.002933665143063098,0.0012012769256792733,0.7066334856936901,0.01621586908645652,0.005743302255302391,0.6756826182708694,0.026152421944653993,0.005754088269408821,0.5641263009224333,0.00026742143195538455,0.00026742143195538455,3.146134493592759
11950,0.0029297697218493863,0.0012019391472856042,0.7070230278150613,0.016196030826200535,0.005746674759545908,0.6760793834759891,0.026128852404648756,0.00575809509120971,0.5645191265891872,0.0002676454030039234,0.0002676454030039234,3.148769447104981
11960,0.002925878490642117,0.0012026006565908401,0.7074121509357882,0.016176209981617694,0.005750044303124991,0.676475800367646,0.02610529511059037,0.005762099831199637,0.5649117481568271,0.00026786937405246224,0.00026786937405246224,3.151404400617203
11970,0.0029219914513101764,0.00120326145327727,0.7078008548689824,0.01615640655417548,0.005753410885790167,0.6768718689164902,0.026081750065677055,0.0057661024888349,0.565304165572049,0.0002680933451010011,0.0002680933451010011,3.1540393541294245
11980,0.0029181086057224496,0.0012039215370271835,0.708189139427755,0.01613662054534138,0.005756774507291965,0.6772675890931722,0.026058217273107045,0.005770103063571801,0.5656963787815491,0.00026831731614953994,0.00026831731614953994,3.156674307641646
11990,0.0029142299557478246,0.0012045809075228698,0.7085770044252174,0.016116851956582866,0.0057601351673809125,0.6776629608683425,0.02603469673607858,0.005774101554866641,0.5660883877320235,0.00026854128719807876,0.00026854128719807876,3.1593092611538673
12000,0.0029103555032551857,0.0012052395644466184,0.7089644496744814,0.01609710078936743,0.005763492865807536,0.6780579842126512,0.02601118845778988,0.00577809796217572,0.5664801923701686,0.00026876525824661763,0.00026876525824661763,3.1619442146660894
12010,0.0029064852501134203,0.0012058975074807185,0.7093514749886579,0.01607736704516255,0.005766847602322366,0.6784526590967489,0.02598769244143919,0.005782092284955337,0.5668717926426802,0.0002689892292951565,0.0002689892292951565,3.1645791681783115
12020,0.0029026191981914133,0.0012065547363074595,0.7097380801808585,0.016057650725435708,0.005770199376675929,0.6788469854912856,0.025964208690224724,0.005786084522661796,0.5672631884962545,0.00026921320034369533,0.00026921320034369533,3.167214121690533
12030,0.002898757349358053,0.0012072112506091308,0.7101242650641945,0.016037951831654393,0.005773548188618753,0.679240963366912,0.025940737207344727,0.0057900746747513955,0.5676543798775877,0.0002694371713922342,0.0002694371713922342,3.1698490752027553
12040,0.0028948997054822237,0.0012078670500680218,0.7105100294517774,0.016018270365286077,0.005776894037901366,0.6796345926942783,0.025917277995997426,0.005794062740680437,0.5680453667333761,0.000269661142440773,0.000269661142440773,3.1724840287149765
12050,0.002891046268432813,0.001208522134366422,0.7108953731567187,0.015998606327798245,0.005780236924274297,0.6800278734440348,0.025893831059381055,0.00579804871990522,0.5684361490103156,0.0002698851134893119,0.0002698851134893119,3.1751189822271986
12060,0.0028871970400787053,0.0012091765031866201,0.7112802959921294,0.015978959720658388,0.005783576847488073,0.680420805586832,0.025870396400693843,0.005802032611882046,0.5688267266551026,0.0002701090845378507,0.0002701090845378507,3.1777539357394198
12070,0.0028833520222887885,0.001209830156210906,0.7116647977711211,0.015959330545333987,0.005786913807293222,0.6808133890933201,0.02584697402313402,0.005806014416067215,0.5692170996144328,0.00027033305558638954,0.00027033305558638954,3.1803888892516414
12080,0.002879511216931947,0.001210483093121569,0.7120488783068053,0.015939718803292514,0.005790247803440273,0.6812056239341496,0.025823563929899825,0.005809994131917029,0.5696072678350028,0.0002705570266349284,0.0002705570266349284,3.1830238427638635
12090,0.002875674625877069,0.0012111353136008982,0.712432537412293,0.015920124496001456,0.005793578835679752,0.6815975100799707,0.025800166124189478,0.005813971758887787,0.5699972312635085,0.0002707809976834673,0.0002707809976834673,3.1856587962760856
12100,0.002871842250993039,0.0012117868173311835,0.712815774900696,0.015900547624928298,0.0057969069037621885,0.6819890475014339,0.02577678060920122,0.005817947296435791,0.5703869898466462,0.0002710049687320061,0.0002710049687320061,3.188293749788307
12110,0.0028680140941487442,0.0012124376039947134,0.7131985905851255,0.015880988191540525,0.00580023200743811,0.6823802361691893,0.02575340738813328,0.005821920744017341,0.5707765435311118,0.00027122893978054493,0.00027122893978054493,3.1909287033005285
12120,0.0028641901572130707,0.0012130876732737782,0.7135809842786929,0.015861446197305618,0.005803554146458045,0.6827710760538875,0.02573004646418389,0.005825892101088738,0.5711658922636017,0.0002714529108290838,0.0002714529108290838,3.1935636568127506
12130,0.002860370442054903,0.0012137370248506666,0.7139629557945096,0.01584192164369105,0.0058068733205725205,0.6831615671261788,0.025706697840551275,0.0058298613671062816,0.5715550359908119,0.0002716768818776227,0.0002716768818776227,3.1961986103249727
12140,0.00285655495054313,0.001214385658407668,0.7143445049456869,0.01582241453216432,0.005810189529532066,0.6835517093567136,0.025683361520433677,0.005833828541526274,0.5719439746594386,0.0002719008529261615,0.0002719008529261615,3.198833563837194
12150,0.002852743684546636,0.001215033573627072,0.7147256315453363,0.015802924864192894,0.005813502773087208,0.683941502716142,0.025660037507029325,0.0058377936238050146,0.5723327082161779,0.00027212482397470037,0.00027212482397470037,3.201468517349416
12160,0.0028489366459343076,0.0012156807701911678,0.7151063354065692,0.015783452641244262,0.005816813050988474,0.6843309471751146,0.025636725803536445,0.005841756613398804,0.5727212366077259,0.0002723487950232392,0.0002723487950232392,3.204103470861637
12170,0.0028451338365750307,0.0012163272477822447,0.7154866163424969,0.01576399786478591,0.005820120362986394,0.6847200427042816,0.02561342641315327,0.005845717509763943,0.5731095597807787,0.00027257276607177807,0.00027257276607177807,3.2067384243738593
12180,0.0028413352583376928,0.0012169730060825922,0.7158664741662306,0.01574456053628532,0.005823424708831496,0.6851087892742935,0.025590139339078038,0.005849676312356732,0.5734976776820326,0.0002727967371203169,0.0002727967371203169,3.209373377886081
12190,0.0028375409130911777,0.0012176180447744998,0.7162459086908821,0.015725140657209966,0.005826726088274305,0.6854971868558005,0.02556686458450897,0.0058536330206334745,0.5738855902581838,0.00027302070816885576,0.00027302070816885576,3.212008331398303
12200,0.002833750802704374,0.0012182623635402564,0.7166249197295625,0.015705738229027336,0.005830024501065352,0.685885235419453,0.025543602152644306,0.005857587634050467,0.574273297455928,0.0002732446792173946,0.0002732446792173946,3.214643284910524
12210,0.0028299649290461663,0.0012189059620621517,0.7170035070953833,0.015686353253204912,0.0058333199469551645,0.6862729349359016,0.025520352046682276,0.005861540152064012,0.5746607992219619,0.00027346865026593346,0.00027346865026593346,3.2172782384227463
12220,0.0028261832939854414,0.001219548840022475,0.7173816706014557,0.01566698573121018,0.0058366124256942695,0.6866602853757963,0.02549711426982111,0.00586549057413041,0.5750480955029813,0.0002736926213144723,0.0002736926213144723,3.219913191934968
12230,0.002822405899391086,0.0012201909971035155,0.7177594100608914,0.015647635664510617,0.005839901937033195,0.6870472867097874,0.025473888825259042,0.005869438899705962,0.5754351862456825,0.00027391659236301115,0.00027391659236301115,3.2225481454471896
12240,0.0028186327471319845,0.0012208324329875627,0.7181367252868016,0.01562830305457371,0.00584318848072247,0.6874339389085258,0.025450675716194297,0.005873385128246968,0.5758220713967614,0.00027414056341155,0.00027414056341155,3.2251830989594117
12250,0.002814863839077025,0.0012214731473569058,0.7185136160922974,0.015608987902866934,0.005846472056512621,0.6878202419426612,0.025427474945825118,0.005877329259209729,0.5762087509029146,0.00027436453446008885,0.00027436453446008885,3.2278180524716333
12260,0.002811099177095092,0.0012221131398938343,0.7188900822904907,0.015589690210857779,0.0058497526641541776,0.6882061957828443,0.025404286517349724,0.005881271292050546,0.5765952247108378,0.00027458850550862767,0.00027458850550862767,3.2304530059838545
12270,0.0028073387630550726,0.0012227524102806375,0.7192661236944926,0.015570409980013725,0.005853030303397666,0.6885918003997252,0.025381110433966354,0.005885211226225719,0.5769814927672273,0.00027481247655716654,0.00027481247655716654,3.2330879594960766
12280,0.0028035825988258537,0.001223390958199605,0.7196417401174147,0.01555114721180226,0.005856304973993616,0.6889770557639547,0.025357946698873236,0.005889149061191548,0.5773675550187792,0.0002750364476057054,0.0002750364476057054,3.2357229130082987
12290,0.00279983068627632,0.0012240287833330254,0.7200169313723679,0.015531901907690854,0.005859576675692555,0.6893619618461828,0.02533479531526861,0.0058930847964043355,0.5777534114121897,0.00027526041865424424,0.00027526041865424424,3.2383578665205204
12300,0.002796083027275359,0.001224665885363189,0.720391697272464,0.015512674069146998,0.00586284540824501,0.6897465186170598,0.025311656286350695,0.005897018431320381,0.578139061894155,0.00027548438970278306,0.00027548438970278306,3.2409928200327416
12310,0.0027923396236918556,0.0012253022639723845,0.7207660376308143,0.015493463697638174,0.00586611117140151,0.6901307260472364,0.02528852961531773,0.0059009499653959845,0.578524506411371,0.00027570836075132193,0.00027570836075132193,3.2436277735449637
12320,0.002788600477394697,0.0012259379188429016,0.7211399522605303,0.015474270794631862,0.005869373964912583,0.6905145841073626,0.025265415305367946,0.0059048793980874485,0.5789097449105342,0.00027593233179986075,0.00027593233179986075,3.246262727057185
12330,0.0027848655902527678,0.0012265728496570294,0.721513440974723,0.015455095361595545,0.005872633788528757,0.690898092768089,0.02524231335969957,0.005908806728851072,0.5792947773383403,0.00027615630284839963,0.00027615630284839963,3.248897680569407
12340,0.0027811349641349565,0.0012272070560970575,0.7218865035865043,0.015435937399996708,0.005875890642000559,0.6912812520000657,0.02521922378151084,0.005912731957143156,0.5796796036414859,0.00027638027389693845,0.00027638027389693845,3.2515326340816286
12350,0.0027774086009101475,0.0012278405378452748,0.722259139908985,0.015416796911302832,0.005879144525078518,0.6916640617739431,0.025196146573999986,0.005916655082420002,0.5800642237666669,0.0002766042449454773,0.0002766042449454773,3.2541675875938507
12360,0.0027736865024472275,0.0012284732945839713,0.7226313497552771,0.015397673896981398,0.005882395437513162,0.6920465220603719,0.025173081740365234,0.005920576104137909,0.5804486376605793,0.0002768282159940162,0.0002768282159940162,3.256802541106073
12370,0.0027699686706150833,0.0012291053259954358,0.7230031329384916,0.015378568358499888,0.005885643379055019,0.6924286328300021,0.025150029283804824,0.005924495021753179,0.5808328452699195,0.000277052187042555,0.000277052187042555,3.259437494618294
12380,0.0027662551072826,0.001229736631761958,0.72337448927174,0.015359480297325789,0.005888888349454615,0.692810394053484,0.025126989207516985,0.0059284118347221115,0.5812168465413835,0.00027727615809109384,0.00027727615809109384,3.2620724481305157
12390,0.002762545814318664,0.0012303672115658271,0.7237454185681336,0.015340409714926579,0.005892130348462481,0.6931918057014682,0.025103961514699943,0.005932326542501009,0.5816006414216676,0.0002775001291396327,0.0002775001291396327,3.2647074016427378
12400,0.0027588407935921623,0.0012309970650893323,0.7241159206407836,0.015321356612769744,0.005895369375829143,0.693572867744605,0.025080946208551932,0.0059362391445461704,0.5819842298574677,0.00027772410018817153,0.00027772410018817153,3.267342355154959
12410,0.0027551400469719802,0.0012316261920147635,0.724485995302802,0.015302320992322765,0.00589860543130513,0.6939535801535446,0.025057943292271193,0.005940149640313897,0.5823676117954801,0.0002779480712367104,0.0002779480712367104,3.269977308667181
12420,0.0027514435763270036,0.0012322545920244094,0.7248556423672996,0.01528330285505312,0.005901838514640969,0.6943339428989374,0.02503495276905594,0.005944058029260489,0.5827507871824009,0.00027817204228524923,0.00027817204228524923,3.2726122621794023
12430,0.0027477513835261203,0.0012328822648005595,0.7252248616473879,0.0152643022024283,0.005905068625587189,0.6947139559514339,0.025011974642104418,0.005947964310842248,0.5831337559649262,0.0002783960133337881,0.0002783960133337881,3.2752472156916244
12440,0.0027440634704382146,0.0012335092100255035,0.7255936529561785,0.01524531903591578,0.005908295763894317,0.6950936192816842,0.024989008914614856,0.005951868484515474,0.5835165180897524,0.000278619984382327,0.000278619984382327,3.2778821692038465
12450,0.0027403798389321735,0.0012341354273815305,0.7259620161067826,0.015226353356983045,0.005911519929312882,0.6954729328603391,0.024966055589785485,0.005955770549736467,0.5838990735035752,0.0002788439554308658,0.0002788439554308658,3.280517122716068
12460,0.0027367004908768833,0.0012347609165509299,0.7263299509123116,0.015207405167097579,0.005914741121593412,0.6958518966580483,0.02494311467081453,0.005959670505961529,0.584281422153091,0.0002790679264794046,0.0002790679264794046,3.2831520762282893
12470,0.00273302542814123,0.0012353856772159908,0.726697457185877,0.015188474467726863,0.005917959340486433,0.6962305106454625,0.024920186160900235,0.005963568352646959,0.584663563984996,0.0002792918975279435,0.0002792918975279435,3.2857870297405114
12480,0.0027293546525940997,0.001236009709059003,0.72706453474059,0.015169561260338381,0.005921174585742475,0.6966087747932322,0.02489727006324082,0.00596746408924906,0.5850454989459862,0.00027951586857648237,0.00027951586857648237,3.2884219832527335
12490,0.0027256881661043785,0.0012366330117622557,0.727431183389562,0.015150665546399614,0.005924386857112066,0.6969866890720076,0.024874366381034525,0.005971357715224129,0.5854272269827577,0.0002797398396250212,0.0002797398396250212,3.2910569367649547
12500,0.002722025970540953,0.001237255585008038,0.7277974029459047,0.01513178732737804,0.005927596154345733,0.697364253452439,0.024851475117479576,0.00597524923002847,0.5858087480420069,0.00027996381067356,0.00027996381067356,3.2936918902771763
12510,0.002718368067772709,0.0012378774284786394,0.7281631932227289,0.015112926604741152,0.005930802477194005,0.6977414679051769,0.02482859627577421,0.005979138633118383,0.5861900620704298,0.0002801877817220989,0.0002801877817220989,3.2963268437893984
12520,0.002714714331813954,0.0012384985635916278,0.7285285668186045,0.015094083191465294,0.005934005857450899,0.6981183361706939,0.024805730087754784,0.005983025885081686,0.5865711652040868,0.0002804117527706377,0.0002804117527706377,3.2989617973016196
12530,0.0027110638043249223,0.0012391191532647632,0.7288936195675078,0.015075255673129246,0.005937206535568027,0.6984948865374149,0.02478287827040788,0.00598691069403066,0.5869520288265353,0.0002806357238191766,0.0002806357238191766,3.3015967508138417
12540,0.0027074162889093485,0.0012397392308854107,0.729258371109065,0.015056443758117046,0.005940404561120102,0.6988711248376589,0.024760041172441665,0.005990793000684917,0.5873326471259722,0.0002808596948677154,0.0002808596948677154,3.3042317043260634
12550,0.0027037717861349243,0.0012403587963570628,0.7296228213865074,0.015037647445146692,0.005943599934325062,0.699247051097066,0.02473721878985302,0.005994672805724986,0.5877130201691163,0.0002810836659162543,0.0002810836659162543,3.3068666578382855
12560,0.002700130296569341,0.001240977849583212,0.7299869703430658,0.01501886673293618,0.005946792655400848,0.6996226653412762,0.024714411118638837,0.0059985501098313975,0.588093148022686,0.0002813076369647931,0.0002813076369647931,3.3095016113505067
12570,0.0026964918207802897,0.0012415963904673507,0.730350817921971,0.015000101620203503,0.005949982724565404,0.6999979675959298,0.02469161815479599,0.006002424913684681,0.5884730307534001,0.00028153160801333197,0.00028153160801333197,3.312136564862729
12580,0.0026928563593354615,0.0012422144189129715,0.7307143640664538,0.014981352105666663,0.005953170142036667,0.7003729578866665,0.024668839894321372,0.006006297217965366,0.588852668427977,0.0002817555790618708,0.0002817555790618708,3.3147715183749504
12590,0.002689223912802549,0.0012428319348235667,0.731077608719745,0.014962618188043652,0.0059563549080325785,0.7007476362391267,0.024646076333211864,0.006010167023353983,0.5892320611131356,0.00028197955011040966,0.00028197955011040966,3.317406471887172
12600,0.002685594481749242,0.0012434489381026286,0.7314405518250756,0.014943899866052468,0.005959537022771079,0.7011220026789504,0.02462332746746435,0.0060140343305310606,0.5896112088755942,0.0002822035211589485,0.0002822035211589485,3.3200414253993937
12610,0.002681968066743233,0.0012440654286536503,0.7318031933256766,0.014925197138411107,0.0059627164864701114,0.7014960572317777,0.024600593293075713,0.006017899140177129,0.5899901117820715,0.00028242749220748736,0.00028242749220748736,3.322676378911616
12620,0.0026783446683522135,0.0012446814063801236,0.7321655331647785,0.014906510003837563,0.005965893299347613,0.7018697999232485,0.02457787380604284,0.006021761452972717,0.590368769899286,0.0002826514632560262,0.0002826514632560262,3.325311332423837
12630,0.0026747242871438736,0.0012452968711855414,0.7325275712856125,0.014887838461049838,0.005969067461621527,0.7022432307790031,0.024555169002362612,0.006025621269598355,0.5907471832939564,0.00028287543430456505,0.00028287543430456505,3.327946285936059
12640,0.0026711069236859063,0.001245911822973396,0.7328893076314092,0.014869182508765922,0.005972238973509792,0.7026163498246814,0.024532478878031918,0.006029478590734574,0.5911253520328014,0.0002830994053531039,0.0002830994053531039,3.3305812394482808
12650,0.0026674925785460015,0.0012465262616471796,0.7332507421453998,0.014850542145703813,0.0059754078352303504,0.7029891570859235,0.024509803429047638,0.006033333417061902,0.5915032761825394,0.00028332337640164275,0.00028332337640164275,3.333216192960503
12660,0.002663881252291852,0.0012471401871103852,0.7336118747708147,0.01483191737058151,0.005978574047001142,0.7033616525883695,0.024487142651406658,0.006037185749260868,0.5918809558098891,0.00028354734745018157,0.00028354734745018157,3.335851146472724
12670,0.0026602729454911476,0.0012477535992665048,0.7339727054508851,0.014813308182117006,0.005981737609040108,0.7037338363576596,0.02446449654110586,0.006041035588012004,0.5922583909815691,0.00028377131849872044,0.00028377131849872044,3.338486099984946
12680,0.002656667658711581,0.001248366498019031,0.7343332341288418,0.0147947145790283,0.005984898521565188,0.7041057084194339,0.02444186509414213,0.006044882933995837,0.5926355817642978,0.00028399528954725926,0.00028399528954725926,3.3411210534971674
12690,0.002653065392520843,0.0012489788832714566,0.7346934607479156,0.014776136560033386,0.0059880567847943236,0.7044772687993321,0.024419248306512355,0.0060487277878929,0.5930125282247941,0.00028421926059579814,0.00028421926059579814,3.3437560070093895
12700,0.002649466147486625,0.0012495907549272735,0.7350533852513373,0.01475757412385026,0.005991212398945455,0.7048485175229946,0.024396646174213412,0.0060525701503837195,0.5933892304297763,0.00028444323164433696,0.00028444323164433696,3.346390960521611
12710,0.002645869924176619,0.0012502021128899747,0.735413007582338,0.014739027269196922,0.005994365364236523,0.7052194546160614,0.024374058693242193,0.006056410022148827,0.5937656884459634,0.00028466720269287583,0.00028466720269287583,3.349025914033833
12720,0.002642276723158515,0.0012508129570630523,0.7357723276841484,0.014720495994791362,0.005997515680885468,0.7055900801041726,0.024351485859595578,0.006060247403868751,0.5941419023400737,0.00028489117374141465,0.00028489117374141465,3.3516608675460544
12730,0.002638686545000006,0.001251423287349999,0.7361313454999993,0.014701980299351582,0.00600066334911023,0.7059603940129682,0.024328927669270455,0.006064082296224022,0.5945178721788257,0.00028511514478995353,0.00028511514478995353,3.3542958210582765
12740,0.0026350993902687823,0.001252033103654307,0.7364900609731218,0.014683480181595576,0.006003808369128751,0.7063303963680883,0.0243063841182637,0.00606791469989517,0.5948935980289383,0.00028533911583849235,0.00028533911583849235,3.356930774570498
12750,0.0026315152595325353,0.001252642405879469,0.7368484740467462,0.01466499564024134,0.0060069507411589715,0.706700087195173,0.02428385520257221,0.0060717446155627245,0.5952690799571299,0.0002855630868870312,0.0002855630868870312,3.3595657280827202
12760,0.0026279341533589568,0.0012532511939289772,0.7372065846641042,0.01464652667400687,0.006010090465418831,0.7070694665198624,0.024261340918192854,0.006075572043907214,0.595644318030119,0.00028578705793557004,0.00028578705793557004,3.3622006815949415
12770,0.002624356072315738,0.0012538594677063244,0.737564392768426,0.014628073281610162,0.006013227542126271,0.7074385343677965,0.02423884126112253,0.00607939698560917,0.5960193123146245,0.0002860110289841089,0.0002860110289841089,3.3648356351071635
12780,0.0026207810169705708,0.001254467227115003,0.7379218983029429,0.014609635461769214,0.006016361971499233,0.7078072907646156,0.024216356227358113,0.00608321944134912,0.5963940628773647,0.00028623500003264774,0.00028623500003264774,3.3674705886193848
12790,0.0026172089878911454,0.0012550744720585053,0.7382791012108854,0.01459121321320202,0.006019493753755656,0.7081757357359594,0.02419388581289649,0.006087039411807596,0.5967685697850584,0.0002864589710811866,0.0002864589710811866,3.370105542131607
12800,0.002613639985645154,0.0012556812024403236,0.7386360014354844,0.01457280653462658,0.006022622889113481,0.7085438693074683,0.02417143001373455,0.006090856897665126,0.5971428331044241,0.00028668294212972543,0.00028668294212972543,3.3727404956438285
12810,0.002610074010800288,0.001256287418163951,0.7389925989199712,0.014554415424760886,0.006025749377790649,0.7089116915047821,0.02414898882586917,0.00609467189960224,0.5975168529021804,0.0002869069131782643,0.0002869069131782643,3.3753754491560506
12820,0.002606511063924239,0.0012568931191328794,0.739348893607576,0.014536039882322936,0.0060288732200051,0.709279202353541,0.024126562245297238,0.006098484418299469,0.597890629245046,0.00028713088422680313,0.00028713088422680313,3.378010402668272
12830,0.0026029511455846976,0.0012574983052506014,0.7397048854415301,0.014517679906030725,0.006031994415974776,0.7096464018793853,0.024104150268015635,0.006102294454437341,0.5982641621997393,0.000287354855275342,0.000287354855275342,3.380645356180494
12840,0.002599394256349356,0.0012581029764206094,0.7400605743650642,0.014499335494602252,0.006035112965917616,0.7100132901079548,0.024081752890021253,0.006106102008696387,0.5986374518329791,0.0002875788263238808,0.0002875788263238808,3.3832803096927155
12850,0.0025958403967859048,0.0012587071325463961,0.7404159603214093,0.014481006646755511,0.0060382288700515626,0.7103798670648896,0.024059370107310966,0.006109907081757135,0.5990104982114838,0.0002878027973724197,0.0002878027973724197,3.385915263204937
12860,0.002592289567462036,0.0012593107735314538,0.7407710432537963,0.0144626933612085,0.006041342128594554,0.7107461327758298,0.024037001915881664,0.006113709674300116,0.5993833014019722,0.0002880267684209585,0.0002880267684209585,3.388550216717159
12870,0.00258874176894544,0.001259913899279275,0.7411258231054558,0.014444395636679213,0.006044452741764533,0.7111120872664156,0.024014648311730235,0.00611750978700586,0.5997558614711627,0.0002882507394694974,0.0002882507394694974,3.391185170229381
12880,0.0025851970018038097,0.0012605165096933523,0.7414802998196188,0.01442611347188565,0.006047560709779439,0.7114777305622868,0.023992309290853553,0.006121307420554895,0.600128178485774,0.0002884747105180362,0.0002884747105180362,3.393820123741602
12890,0.0025816552666048354,0.001261118604677178,0.7418344733395165,0.014407846865545802,0.006050666032857213,0.7118430626890838,0.02396998484924851,0.006125102575627752,0.6005002525125247,0.0002886986815665751,0.0002886986815665751,3.3964550772538242
12900,0.002578116563916209,0.0012617201841342443,0.7421883436083789,0.014389595816377668,0.006053768711215796,0.7122080836724465,0.02394767498291199,0.006128895252904961,0.6008720836181335,0.0002889226526151139,0.0002889226526151139,3.399090030766046
12910,0.0025745808943056212,0.0012623212479680444,0.7425419105694377,0.014371360323099245,0.006056868745073127,0.7125727935380148,0.02392537968784087,0.0061326854530670515,0.6012436718693187,0.0002891466236636528,0.0002891466236636528,3.401724984278268
12920,0.002571048258340764,0.00126292179608207,0.7428951741659234,0.014353140384428528,0.006059966134647149,0.7129371923114292,0.023903098960032045,0.006136473176794552,0.6016150173327992,0.0002893705947121916,0.0002893705947121916,3.404359937790489
12930,0.002567518656589329,0.001263521828379814,0.743248134341067,0.014334935999083512,0.006063060880155802,0.7133012800183296,0.023880832795482393,0.0061402584247679925,0.6019861200752933,0.0002895945657607305,0.0002895945657607305,3.4069948913027113
12940,0.002563992089619007,0.0012641213447647688,0.7436007910380993,0.014316747165782198,0.006066152981817025,0.7136650566843558,0.0238585811901888,0.006144041197667904,0.60235698016352,0.0002898185368092693,0.0002898185368092693,3.4096298448149325
12950,0.002560468557997489,0.0012647203451404269,0.743953144200251,0.014298573883242576,0.0060692424398487614,0.7140285223351482,0.023836344140148145,0.006147821496174815,0.6027275976641976,0.0002900425078578082,0.0002900425078578082,3.4122647983271546
12960,0.0025569480622924675,0.0012653188294102806,0.7443051937707531,0.014280416150182648,0.006072329254468949,0.7143916769963468,0.02381412164135732,0.006151599320969255,0.6030979726440446,0.000290266478906347,0.000290266478906347,3.414899751839376
12970,0.002553430603071633,0.0012659167974778222,0.7446569396928364,0.014262273965320406,0.00607541342589553,0.7147545206935916,0.023791913689813204,0.006155374672731755,0.6034681051697799,0.00029049044995488587,0.00029049044995488587,3.4175347053515983
12980,0.0025499161809026775,0.0012665142492465447,0.7450083819097322,0.014244147327373849,0.006078494954346445,0.7151170534525229,0.023769720281512682,0.006159147552142843,0.6038379953081219,0.0002907144210034247,0.0002907144210034247,3.4201696588638195
12990,0.002546404796353292,0.0012671111846199402,0.7453595203646707,0.014226036235060972,0.006081573840039634,0.7154792752987803,0.023747541412452642,0.00616291795988305,0.6042076431257892,0.00029093839205196356,0.00029093839205196356,3.4228046123760416
13000,0.002542896449991168,0.0012677076035015015,0.7457103550008831,0.01420794068709977,0.006084650083193038,0.7158411862580043,0.023725377078629963,0.006166685896632906,0.6045770486895006,0.0002911623631005024,0.0002911623631005024,3.4254395658882633
13010,0.0025393911423839967,0.0012683035057947205,0.7460608857616002,0.014189860682208242,0.006087723684024598,0.7162027863558349,0.023703227276041534,0.0061704513630729384,0.6049462120659743,0.00029138633414904126,0.00029138633414904126,3.4280745194004854
13020,0.0025358888740994695,0.00126889889140309,0.746411112590053,0.014171796219104383,0.006090794642752254,0.7165640756179121,0.023681092000684235,0.006174214359883679,0.6053151333219293,0.0002916103051975801,0.0002916103051975801,3.4307094729127066
13030,0.002532389645705278,0.0012694937602301026,0.7467610354294721,0.014153747296506187,0.006093862959593947,0.716925054069876,0.023658971248554955,0.0061779748877456575,0.605683812524084,0.00029183427624611895,0.00029183427624611895,3.4333444264249287
13040,0.002528893457769114,0.0012700881121792506,0.7471106542230884,0.014135713913131655,0.0060969286347676175,0.7172857217373667,0.02363686501565057,0.006181732947339402,0.606052249739157,0.0002920582472946578,0.0002920582472946578,3.43597937993715
13050,0.002525400310858668,0.0012706819471540265,0.7474599689141332,0.01411769606769878,0.006099991668491207,0.7176460786460243,0.023614773297967975,0.006185488539345444,0.606420445033867,0.00029228221834319665,0.00029228221834319665,3.438614333449372
13060,0.0025219102055416315,0.0012712752650579225,0.7478089794458367,0.014099693758925558,0.006103052060982654,0.7180061248214886,0.023592696091504047,0.006189241664444312,0.6067883984749325,0.00029250618939173547,0.00029250618939173547,3.4412492869615936
13070,0.0025184231423856962,0.0012718680657944315,0.7481576857614302,0.014081706985529985,0.006106109812459902,0.7183658602894001,0.023570633392255673,0.0061929923233165355,0.6071561101290721,0.00029273016044027434,0.00029273016044027434,3.4438842404738157
13080,0.0025149391219585534,0.0012724603492670458,0.7485060878041445,0.01406373574623006,0.006109164923140889,0.7187252850753985,0.023548585196219732,0.0061967405166426445,0.6075235800630043,0.0002929541314888132,0.0002929541314888132,3.446519193986038
13090,0.0025114581448278947,0.0012730521153792578,0.7488541855172104,0.014045780039743777,0.006112217393243557,0.7190843992051242,0.023526551499393117,0.006200486245103169,0.607890808343448,0.00029317810253735204,0.00029317810253735204,3.449154147498259
13100,0.002507980211561411,0.00127364336403456,0.7492019788438586,0.014027839864789133,0.0061152672229858466,0.7194432027042171,0.023504532297772707,0.0062042295093786394,0.6082577950371215,0.0002934020735858909,0.0002934020735858909,3.451789101010481
13110,0.002504505322726794,0.001274234095136445,0.7495494677273205,0.014009915220084124,0.006118314412585698,0.7198016955983173,0.023482527587355386,0.006207970310149584,0.6086245402107435,0.00029362604463442973,0.00029362604463442973,3.4544240545227027
13120,0.002501033478891735,0.001274824308588405,0.7498966521108263,0.013992006104346746,0.0061213589622610524,0.7201598779130649,0.02346053736413804,0.006211708648096533,0.6089910439310326,0.0002938500156829686,0.0002938500156829686,3.4570590080349244
13130,0.0024975646806239256,0.0012754140042939325,0.7502435319376073,0.013974112516294995,0.00612440087222985,0.7205177496741,0.023438561624117553,0.006215444523900016,0.6093573062647074,0.00029407398673150743,0.00029407398673150743,3.459693961547146
13140,0.0024940989284910568,0.0012760031821565203,0.7505901071508941,0.013956234454646868,0.006127440142710032,0.7208753109070625,0.023416600363290806,0.006219177938240563,0.6097233272784865,0.0002942979577800463,0.0002942979577800463,3.462328915059368
13150,0.00249063622306082,0.0012765918420796604,0.7509363776939179,0.013938371918120362,0.006130476773919537,0.7212325616375925,0.02339465357765469,0.006222908891798703,0.6100891070390885,0.0002945219288285851,0.0002945219288285851,3.4649638685715893
13160,0.0024871765649009067,0.0012771799839668458,0.7512823435099091,0.013920524905433471,0.006133510766076309,0.7215895018913304,0.02337272126320608,0.006226637385254966,0.6104546456132319,0.000294745899877124,0.000294745899877124,3.4675988220838114
13170,0.0024837199545790084,0.0012777676077215683,0.7516280045420989,0.013902693415304195,0.0061365421193982864,0.7219461316939159,0.023350803415941868,0.0062303634192898815,0.6108199430676354,0.0002949698709256628,0.0002949698709256628,3.470233775596033
13180,0.002480266392662817,0.001278354713247321,0.7519733607337181,0.013884877446450526,0.00613957083410341,0.7223024510709893,0.023328900031858935,0.00623408699458398,0.6111849994690176,0.0002951938419742017,0.0002951938419742017,3.472868729108255
13190,0.0024768158797200224,0.001278941300447596,0.7523184120279977,0.01386707699759046,0.00614259691040962,0.7226584600481905,0.023307011106954167,0.006237808111817791,0.6115498148840971,0.0002954178130227405,0.0002954178130227405,3.4755036826204764
13200,0.002473368416318317,0.001279527369225886,0.7526631583681681,0.013849292067441999,0.006145620348534859,0.7230141586511598,0.023285136637224448,0.0062415267716718435,0.6119143893795925,0.0002956417840712794,0.0002956417840712794,3.4781386361326985
13210,0.0024699240030253925,0.0012801129194856833,0.7530075996974606,0.013831522654723134,0.006148641148697067,0.7233695469055371,0.02326327661866666,0.006245242974826667,0.6122787230222222,0.0002958657551198182,0.0002958657551198182,3.4807735896449197
13220,0.0024664826404089393,0.0012806979511304803,0.753351735959106,0.013813768758151863,0.0061516593111141825,0.7237246248369625,0.02324143104727769,0.0062489567219627925,0.6126428158787051,0.0002960897261683571,0.0002960897261683571,3.4834085431571418
13230,0.0024630443290366497,0.0012812824640637695,0.7536955670963349,0.01379603037644618,0.0061546748360041485,0.7240793924710761,0.023219599919054416,0.006252668013760749,0.6130066680157596,0.0002963136972168959,0.0002963136972168959,3.4860434966693634
13240,0.0024596090694762145,0.0012818664581890436,0.7540390930523785,0.013778307508324086,0.006157687723584905,0.7244338498335181,0.023197783229993732,0.006256376850901065,0.6133702795001044,0.0002965376682654348,0.0002965376682654348,3.4886784501815855
13250,0.002456176862295325,0.0012824499334097947,0.7543823137704674,0.013760600152503572,0.006160697974074392,0.7247879969499283,0.023175980976092515,0.006260083234064272,0.6137336503984581,0.0002967616393139736,0.0002967616393139736,3.4913134036938067
13260,0.002452747708061673,0.0012830328896295156,0.7547252291938326,0.01374290830770264,0.006163705587690551,0.7251418338459471,0.023154193153347654,0.006263787163930898,0.614096780777539,0.0002969856103625125,0.0002969856103625125,3.493948357206029
13270,0.0024493216073429498,0.0012836153267516985,0.7550678392657049,0.013725231972639279,0.006166710564651322,0.7254953605472142,0.023132419757756026,0.006267488641181475,0.6144596707040662,0.0002972095814110513,0.0002972095814110513,3.4965833107182505
13280,0.0024458985607068466,0.001284197244679836,0.7554101439293153,0.01370757114603149,0.006169712905174646,0.72584857707937,0.023110660785314523,0.006271187666496531,0.6148223202447579,0.00029743355245959017,0.00029743355245959017,3.4992182642304726
13290,0.0024424785687210547,0.0012847786433174207,0.7557521431278944,0.01368992582659727,0.006172712609478463,0.7262014834680544,0.023088916232020026,0.006274884240556595,0.6151847294663328,0.000297657523508129,0.000297657523508129,3.5018532177426938
13300,0.002439061631953266,0.0012853595225679447,0.7560938368046732,0.013672296013054613,0.006175709677780715,0.7265540797389075,0.02306718609386942,0.006278578364042198,0.6155468984355096,0.00029788149455666787,0.00029788149455666787,3.504488171254916
13310,0.002435647750971171,0.0012859398823349007,0.7564352249028827,0.013654681704121516,0.006178704110299341,0.7269063659175694,0.02304547036685959,0.0062822700376338695,0.6159088272190069,0.0002981054656052067,0.0002981054656052067,3.507123124767137
13320,0.002432236926342462,0.0012865197225217814,0.7567763073657537,0.013637082898515975,0.006181695907252283,0.7272583420296802,0.023023769046987413,0.006285959262012139,0.616270515883543,0.00029832943665374556,0.00029832943665374556,3.509758078279359
13330,0.00242882915863483,0.0012870990430320789,0.7571170841365169,0.013619499594955987,0.006184685068857481,0.72761000810088,0.023002082130249783,0.006289646037857536,0.6166319644958368,0.0002985534077022844,0.0002985534077022844,3.512393031791581
13340,0.002425424448415966,0.0012876778437692857,0.7574575551584032,0.01360193179215955,0.006187671595332876,0.7279613641568089,0.022980409612643582,0.006293330365850591,0.6169931731226069,0.00029877737875082326,0.00029877737875082326,3.515027985303803
13350,0.002422022796253562,0.0012882561246368943,0.7577977203746437,0.013584379488844653,0.006190655486896408,0.7283124102231068,0.02295875149016569,0.0062970122466718325,0.6173541418305718,0.0002990013497993621,0.0002990013497993621,3.517662938816024
13360,0.0024186242027153092,0.0012888338855383972,0.7581375797284688,0.0135668426837293,0.006193636743766018,0.7286631463254137,0.022937107758812993,0.00630069168100179,0.6177148706864499,0.00029922532084790095,0.00029922532084790095,3.520297892328246
13370,0.002415228668368899,0.0012894111263772872,0.7584771331631099,0.013549321375531484,0.006196615366159647,0.7290135724893702,0.02291547841458238,0.006304368669520995,0.6180753597569603,0.00029944929189643977,0.00029944929189643977,3.522932845840468
13380,0.002411836193782022,0.001289987847057056,0.7588163806217976,0.013531815562969202,0.006199591354295235,0.7293636887406157,0.022893863453470727,0.006308043212909975,0.618435609108821,0.00029967326294497865,0.00029967326294497865,3.5255677993526895
13390,0.002408446779522371,0.0012905640474811968,0.7591553220477627,0.013514325244760449,0.006202564708390723,0.7297134951047908,0.022872262871474924,0.006311715311849262,0.6187956188087512,0.00029989723399351747,0.00029989723399351747,3.528202752864911
13400,0.002405060426157636,0.0012911397275532017,0.7594939573842362,0.013496850419623223,0.006205535428664051,0.7300629916075353,0.022850676664591854,0.006315384967019384,0.619155388923469,0.00030012120504205634,0.00030012120504205634,3.5308377063771332
13410,0.0024016771342555096,0.0012917148871765633,0.7598322865744489,0.013479391086275518,0.006208503515333161,0.7304121782744895,0.022829104828818402,0.006319052179100872,0.6195149195196933,0.00030034517609059516,0.00030034517609059516,3.5334726598893544
13420,0.0023982969043836824,0.001292289526254774,0.7601703095616317,0.013461947243435333,0.0062114689686159925,0.7307610551312931,0.02280754736015145,0.006322716948774253,0.6198742106641424,0.00030056914713913404,0.00030056914713913404,3.5361076134015765
13430,0.002394919737109846,0.0012928636446913261,0.7605080262890154,0.013444518889820662,0.006214431788730487,0.7311096222035866,0.022786004254587884,0.006326379276720059,0.6202332624235352,0.00030079311818767286,0.00030079311818767286,3.538742566913798
13440,0.0023915456330016916,0.0012934372423897124,0.7608454366998307,0.013427106024149503,0.006217391975894584,0.7314578795170097,0.022764475508124587,0.00633003916361882,0.6205920748645901,0.00030101708923621173,0.00030101708923621173,3.5413775204260203
13450,0.0023881745926269105,0.001294010319253425,0.7611825407373088,0.01340970864513985,0.006220349530326225,0.7318058270972028,0.022742961116758442,0.006333696610151064,0.6209506480540259,0.00030124106028475055,0.00030124106028475055,3.5440124739382415
13460,0.002384806616553195,0.0012945828751859568,0.7615193383446804,0.013392326751509701,0.00622330445224335,0.7321534649698058,0.02272146107648634,0.006337351616997322,0.621308982058561,0.0003014650313332894,0.0003014650313332894,3.5466474274504636
13470,0.0023814417053482353,0.0012951549100908,0.7618558294651764,0.013374960341977053,0.0062262567418639005,0.7325007931604587,0.022699975383305156,0.006341004184838123,0.621667076944914,0.00030168900238182825,0.00030168900238182825,3.549282380962685
13480,0.0023780798595797233,0.001295726423871447,0.7621920140420275,0.0133576094152599,0.006229206399405816,0.7328478116948017,0.02267850403321178,0.006344654314353997,0.6220249327798035,0.0003019129734303671,0.0003019129734303671,3.551917334474907
13490,0.0023747210798153503,0.0012962974164313903,0.7625278920184648,0.013340273970076241,0.006232153425087038,0.733194520598475,0.022657047022203093,0.006348302006225473,0.6223825496299483,0.00030213694447890594,0.00030213694447890594,3.5545522879871285
13500,0.002371365366622808,0.0012968678876741225,0.762863463337719,0.013322954005144069,0.006235097819125507,0.7335409198971183,0.022635604346275984,0.006351947261133082,0.6227399275620669,0.0003023609155274448,0.0003023609155274448,3.5571872414993506
13510,0.002368012720569787,0.001297437837503136,0.7631987279430211,0.013305649519181381,0.0062380395817391646,0.7338870096163722,0.022614176001427334,0.006355590079757353,0.6230970666428778,0.00030258488657598364,0.00030258488657598364,3.559822195011572
13520,0.0023646631422239795,0.0012980072658219234,0.7635336857776018,0.013288360510906176,0.006240978713145949,0.7342327897818762,0.022592761983654026,0.006359230462778815,0.6234539669390995,0.0003028088576245225,0.0003028088576245225,3.562457148523794
13530,0.0023613166321530764,0.001298576172533977,0.7638683367846923,0.013271086979036447,0.006243915213563803,0.7345782604192709,0.022571362288952946,0.006362868410877999,0.6238106285174508,0.00030303282867306133,0.00030303282867306133,3.5650921020360156
13540,0.0023579731909247697,0.0012991445575427892,0.764202680907523,0.013253828922290193,0.006246849083210666,0.734923421554196,0.022549976913320977,0.006366503924735433,0.6241670514446502,0.0003032567997216002,0.0003032567997216002,3.5677270555482377
13550,0.00235463281910675,0.0012997124207518524,0.7645367180893249,0.013236586339385409,0.00624978032230448,0.7352682732122916,0.022528605852755006,0.006370137005031648,0.6245232357874164,0.000303480770770139,0.000303480770770139,3.570362009060459
13560,0.002351295517266709,0.0013002797620646593,0.7648704482733288,0.013219359229040089,0.006252708931063184,0.735612815419198,0.022507249103251914,0.006373767652447174,0.624879181612468,0.0003037047418186779,0.0003037047418186779,3.572996962572681
13570,0.002347961285972338,0.0013008465813847026,0.7652038714027661,0.013202147589972232,0.00625563490970472,0.7359570482005551,0.02248590666080859,0.006377395867662539,0.6252348889865235,0.0003039287128672167,0.0003039287128672167,3.575631916084902
13580,0.0023446301257913286,0.001301412878615474,0.7655369874208671,0.013184951420899834,0.006258558258447028,0.7363009715820031,0.02246457852142191,0.006381021651358274,0.6255903579763015,0.0003041526839157556,0.0003041526839157556,3.5782668695971243
13590,0.0023413020372913718,0.0013019786536604668,0.7658697962708626,0.013167770720540891,0.006261478977508048,0.7366445855891819,0.022443264681088766,0.006384645004214909,0.6259455886485205,0.0003043766549642944,0.0003043766549642944,3.580901823109346
13600,0.0023379770210401594,0.0013025439064231728,0.7662022978959839,0.013150605487613399,0.006264397067105722,0.7369878902477318,0.02242196513580604,0.006388265926912972,0.6263005810698993,0.0003046006260128333,0.0003046006260128333,3.583536776621568
13610,0.0023346550776053828,0.0013031086368070848,0.7665344922394616,0.013133455720835354,0.006267312527457989,0.7373308855832927,0.022400679881570615,0.006391884420132995,0.6266553353071563,0.0003048245970613721,0.0003048245970613721,3.586171730133789
13620,0.0023313362075547328,0.0013036728447156953,0.7668663792445265,0.013116321418924751,0.006270225358782792,0.7376735716215048,0.022379408914379374,0.006395500484555506,0.6270098514270104,0.000305048568109911,0.000305048568109911,3.5888066836460113
13630,0.0023280204114559016,0.0013042365300524968,0.7671979588544098,0.01309920258059959,0.006273135561298069,0.738015948388008,0.022358152230229206,0.006399114120861035,0.6273641294961799,0.00030527253915844986,0.00030527253915844986,3.5914416371582334
13640,0.0023247076898765795,0.0013047996927209814,0.7675292310123419,0.013082099204577863,0.006276043135221762,0.7383580159084424,0.02233690982511699,0.006402725329730111,0.6277181695813835,0.0003054965102069887,0.0003054965102069887,3.5940765906704546
13650,0.002321398043384459,0.0013053623326246418,0.767860195661554,0.01306501128957757,0.006278948080771812,0.7386997742084483,0.022315681695039613,0.006406334111843265,0.6280719717493397,0.0003057204812555275,0.0003057204812555275,3.5967115441826762
13660,0.002318091472547231,0.0013059244496669707,0.7681908527452769,0.013047938834316705,0.006281850398166159,0.7390412233136657,0.02229446783599396,0.006409940467881027,0.6284255360667673,0.0003059444523040664,0.0003059444523040664,3.5993464976948983
13670,0.0023147879779325865,0.0013064860437514603,0.7685212022067412,0.013030881837513265,0.0062847500876227445,0.7393823632497345,0.02227326824397691,0.006413544398523925,0.6287788626003848,0.00030616842335260525,0.00030616842335260525,3.6019814512071204
13680,0.0023114875601082177,0.001307047114781603,0.7688512439891781,0.013013840297885246,0.006287647149359508,0.7397231940422949,0.022252082914985354,0.006417145904452489,0.6291319514169107,0.00030639239440114407,0.00030639239440114407,3.6046164047193416
13690,0.002308190219641815,0.0013076076626608913,0.7691809780358183,0.012996814214150644,0.00629054158359439,0.7400637157169869,0.022230911845016174,0.0064207449863472495,0.6294848025830636,0.00030661636544968295,0.00030661636544968295,3.6072513582315637
13700,0.0023048959571010707,0.001308167687292818,0.7695104042898928,0.012979803585027455,0.0062934333905453315,0.7404039282994507,0.022209755030066253,0.006424341644888736,0.6298374161655623,0.00030684033649822177,0.00030684033649822177,3.6098863117437854
13710,0.002301604773053676,0.001308727188580875,0.7698395226946323,0.012962808409233676,0.006296322570430274,0.7407438318153263,0.022188612466132476,0.006427935880757478,0.6301897922311253,0.00030706430754676064,0.00030706430754676064,3.6125212652560075
13720,0.0022983166680673214,0.0013092861664285552,0.7701683331932676,0.012945828685487304,0.0062992091234671576,0.7410834262902537,0.022167484149211727,0.006431527694634006,0.6305419308464711,0.00030728827859529946,0.00030728827859529946,3.6151562187682287
13730,0.0022950316427096996,0.001309844620739351,0.7704968357290299,0.012928864412506333,0.006302093049873923,0.7414227117498731,0.022146370075300893,0.006435117087198848,0.6308938320783184,0.00030751224964383834,0.00030751224964383834,3.6177911722804508
13740,0.0022917496975485008,0.0013104025514167547,0.7708250302451498,0.012911915589008761,0.00630497434986851,0.7417616882198246,0.02212527024039685,0.006438704059132535,0.6312454959933858,0.00030773622069237716,0.00030773622069237716,3.620426125792672
13750,0.002288470833151417,0.001310959958364259,0.7711529166848582,0.012894982213712582,0.00630785302366886,0.7421003557257481,0.02210418464049649,0.006442288611115596,0.6315969226583917,0.00030796019174091603,0.00030796019174091603,3.623061079304894
13760,0.00228519505008614,0.0013115168414853562,0.7714804949913859,0.012878064285335796,0.006310729071492914,0.7424387142932839,0.022083113271596698,0.006445870743828561,0.631948112140055,0.00030818416278945485,0.00030818416278945485,3.6256960328171157
13770,0.00228192234892036,0.0013120732006835388,0.7718077651079639,0.012861161802596397,0.006313602493558612,0.7427767639480718,0.022062056129694353,0.006449450457951959,0.632299064505094,0.0003084081338379937,0.0003084081338379937,3.628330986329338
13780,0.0022786527302217693,0.001312629035862299,0.7721347269778229,0.01284427476421238,0.006316473290083894,0.7431145047157521,0.02204101321078634,0.0064530277541663215,0.6326497798202275,0.00030863210488653255,0.00030863210488653255,3.630965939841559
13790,0.0022753861945580592,0.00131318434692513,0.772461380544194,0.012827403168901744,0.006319341461286702,0.7434519366219648,0.022019984510869547,0.006456602633152176,0.6330002581521741,0.0003088560759350714,0.0003088560759350714,3.633600893353781
13800,0.002272122742496921,0.0013137391337755234,0.7727877257503079,0.012810547015382485,0.006322207007384977,0.7437890596923501,0.021998970025940857,0.0064601750955900535,0.6333504995676523,0.00030908004698361024,0.00030908004698361024,3.6362358468660028
13810,0.0022688623746060454,0.001314293396316972,0.7731137625393952,0.012793706302372596,0.006325069928596658,0.7441258739525478,0.021977969751997152,0.006463745142160484,0.6337005041333807,0.0003093040180321491,0.0003093040180321491,3.638870800378225
13820,0.002265605091453125,0.0013148471344529688,0.7734394908546874,0.012776881028590077,0.006327930225139686,0.7444623794281983,0.02195698368503532,0.006467312773543996,0.634050271916078,0.00030952798908068794,0.00030952798908068794,3.641505753890446
13830,0.00226235089360585,0.0013154003480870054,0.7737649106394149,0.01276007119275292,0.006330787897232002,0.7447985761449413,0.02193601182105224,0.006470877990421119,0.6343998029824627,0.0003097519601292268,0.0003097519601292268,3.644140707402668
13840,0.0022590997816319125,0.001315953037122575,0.7740900218368086,0.012743276793579127,0.006333642945091548,0.7451344641284173,0.021915054156044795,0.006474440793472384,0.6347490973992532,0.00030997593117776563,0.00030997593117776563,3.6467756609148894
13850,0.002255851756099004,0.0013165052014631692,0.7744148243900995,0.01272649782978669,0.006336495368936262,0.745470043404266,0.02189411068600988,0.00647800118337832,0.6350981552331686,0.0003101999022263045,0.0003101999022263045,3.6494106144271115
13860,0.002252606817574815,0.0013170568410122813,0.7747393182425184,0.012709734300093607,0.006339345168984086,0.7458053139981277,0.021873181406944366,0.006481559160819457,0.6354469765509271,0.0003104238732748433,0.0003104238732748433,3.652045567939333
13870,0.002249364966627038,0.0013176079556734034,0.7750635033372961,0.012692986203217873,0.0063421923454529605,0.7461402759356422,0.02185226631484515,0.0064851147264763246,0.6357955614192475,0.0003106478443233822,0.0003106478443233822,3.654680521451555
13880,0.0022461262038233638,0.001318158545350028,0.7753873796176635,0.012676253537877484,0.0063450368985608265,0.7464749292424501,0.021831365405709104,0.006488667881029452,0.6361439099048481,0.000310871815371921,0.000310871815371921,3.6573154749637764
13890,0.0022428905297314835,0.0013187086099456478,0.7757109470268516,0.012659536302790438,0.006347878828525624,0.7468092739441909,0.021810478675533124,0.006492218625159369,0.6364920220744479,0.0003110957864204599,0.0003110957864204599,3.6599504284759985
13900,0.002239657944919089,0.0013192581493637549,0.776034205508091,0.012642834496674731,0.006350718135565295,0.7471433100665051,0.02178960612031408,0.006495766959546605,0.6368398979947651,0.0003113197574689987,0.0003113197574689987,3.66258538198822
13910,0.0022364284499538714,0.0013198071635078417,0.7763571550046127,0.012626148118248358,0.006353554819897778,0.7474770376350326,0.021768747736048873,0.006499312884871692,0.6371875377325188,0.0003115437285175376,0.0003115437285175376,3.665220335500442
13920,0.002233202045403522,0.0013203556522814013,0.7766797954596477,0.012609477166229316,0.006356388881741015,0.7478104566754135,0.021747903518734374,0.006502856401815156,0.637534941354427,0.0003117676995660764,0.0003117676995660764,3.6678552890126634
13930,0.0022299787318357327,0.0013209036155879253,0.7770021268164266,0.0125928216393356,0.006359220321312947,0.7481435672132878,0.021727073464367475,0.0065063975110575285,0.6378821089272086,0.0003119916706146153,0.0003119916706146153,3.6704902425248855
13940,0.0022267585098181943,0.001321451053330907,0.7773241490181805,0.01257618153628521,0.006362049138831514,0.7484763692742956,0.021706257568945054,0.00650993621327934,0.6382290405175823,0.0003122156416631541,0.0003122156416631541,3.6731251960371067
13950,0.002223541379918598,0.0013219979654138382,0.77764586200814,0.012559556855796137,0.006364875334514656,0.7488088628840771,0.021685455828464,0.006513472509161119,0.6385757361922665,0.000312439612711693,0.000312439612711693,3.675760149549329
13960,0.0022203273427046366,0.0013225443517402118,0.7779672657295362,0.01254294759658638,0.006367698908580315,0.7491410480682722,0.021664668238921197,0.006517006399383396,0.63892219601798,0.0003126635837602318,0.0003126635837602318,3.6783951030615505
13970,0.0022171163987439995,0.00132309021221352,0.7782883601255999,0.012526353757373935,0.00637051986124643,0.749472924852521,0.021643894796313526,0.0065205378846267,0.6392684200614411,0.0003128875548087707,0.0003128875548087707,3.6810300565737726
13980,0.0022139085486043795,0.0013236355467372554,0.7786091451395619,0.012509775336876802,0.006373338192730943,0.7498044932624638,0.021623135496637875,0.0065240669655715604,0.6396144083893687,0.0003131115258573095,0.0003131115258573095,3.683665010085994
13990,0.0022107037928534674,0.0013241803552149105,0.7789296207146532,0.012493212333812969,0.006376153903251794,0.7501357533237404,0.021602390335891127,0.006527593642898509,0.6399601610684812,0.00031333549690584837,0.00031333549690584837,3.686299963598216
14000,0.0022075021320589546,0.0013247246375499777,0.7792497867941045,0.01247666474690044,0.006378966993026924,0.750466705061991,0.021581659310070164,0.006531117917288072,0.6403056781654972,0.0003135594679543872,0.0003135594679543872,3.688934917110437
14010,0.0022043035667885322,0.0013252683936459495,0.7795696433211466,0.012460132574857206,0.006381777462274274,0.7507973485028557,0.02156094241517187,0.006534639789420781,0.6406509597471354,0.00031378343900292607,0.00031378343900292607,3.691569870622659
14020,0.0022011080976098926,0.0013258116234063182,0.7798891902390107,0.012443615816401264,0.0063845853112117846,0.7511276836719746,0.02154023964719313,0.0065381592599771665,0.6409960058801144,0.0003140074100514649,0.0003140074100514649,3.694204824134881
14030,0.002197915725090726,0.0013263543267345765,0.7802084274909273,0.012427114470250614,0.006387390540057394,0.7514577105949874,0.021519551002130835,0.006541676329637758,0.6413408166311527,0.00031423138110000376,0.00031423138110000376,3.696839777647103
14040,0.002194726449798725,0.0013268965035342166,0.7805273550201274,0.01241062853512325,0.006390193149029047,0.7517874292975348,0.02149887647598186,0.006545190999083083,0.641685392066969,0.0003144553521485426,0.0003144553521485426,3.699474731159324
14050,0.00219154027230158,0.0013274381537087313,0.7808459727698418,0.012394158009737167,0.006392993138344681,0.7521168398052565,0.021478216064743094,0.006548703268993673,0.6420297322542816,0.00031467932319708146,0.00031467932319708146,3.702109684671546
14060,0.002188357193166982,0.0013279792771616129,0.7811642806833017,0.012377702892810363,0.006395790508222238,0.7524459421437926,0.02145756976441142,0.006552213140050058,0.6423738372598096,0.0003149032942456203,0.0003149032942456203,3.704744638183768
14070,0.002185177212962624,0.0013285198737963539,0.7814822787037375,0.012361263183060833,0.006398585258879657,0.7527747363387831,0.021436937570983722,0.006555720612932767,0.6427177071502713,0.00031512726529415915,0.00031512726529415915,3.70737959169599
14080,0.002182000332256196,0.0013290599435164467,0.7817999667743804,0.012344838879206574,0.006401377390534882,0.7531032224158684,0.021416319480456886,0.006559225688322329,0.6430613419923852,0.00031535123634269797,0.00031535123634269797,3.710014545208211
14090,0.0021788265516153897,0.0013295994862253836,0.7821173448384608,0.012328429979965581,0.00640416690340585,0.7534314004006881,0.02139571548882779,0.006562728366899275,0.6434047418528701,0.00031557520739123685,0.00031557520739123685,3.7126494987204333
14100,0.0021756558716078964,0.0013301385018266575,0.7824344128392102,0.012312036484055853,0.006406953797710504,0.7537592703188828,0.021375125592093328,0.006566228649344134,0.6437479067984445,0.0003157991784397757,0.0003157991784397757,3.7152844522326554
14110,0.0021724882928014083,0.0013306769902237604,0.782751170719859,0.012295658390195384,0.006409738073666784,0.7540868321960922,0.021354549786250378,0.006569726536337436,0.644090836895827,0.00031602314948831454,0.00031602314948831454,3.7179194057448766
14120,0.002169323815763616,0.0013312149513201852,0.7830676184236383,0.01227929569710217,0.0064125197314926306,0.7544140860579565,0.021333988067295823,0.00657322202855971,0.6444335322117363,0.00031624712053685336,0.00031624712053685336,3.720554359257098
14130,0.0021661624410622103,0.0013317523850194242,0.7833837558937788,0.01226294840349421,0.006415298771405984,0.7547410319301155,0.02131344043122655,0.006576715126691486,0.6447759928128907,0.00031647109158539224,0.00031647109158539224,3.7231893127693203
14140,0.002163004169264884,0.0013322892912249697,0.7836995830735115,0.012246616508089496,0.006418075193624785,0.7550676698382099,0.021292906874039445,0.006580205831413294,0.6451182187660092,0.00031669506263393106,0.00031669506263393106,3.7258242662815415
14150,0.0021598490009393273,0.0013328256698403142,0.7840150999060671,0.012230300009606026,0.006420848998366975,0.7553939998078792,0.021272387391731387,0.006583694143405663,0.6454602101378101,0.00031691903368246993,0.00031691903368246993,3.7284592197937636
14160,0.0021566969366532325,0.0013333615207689505,0.7843303063346766,0.012213998906761798,0.0064236201858504935,0.7557200218647638,0.021251881980299266,0.006587180063349124,0.6458019669950121,0.00031714300473100875,0.00031714300473100875,3.7310941733059853
14170,0.0021535479769742905,0.0013338968439143705,0.7846452023025707,0.012197713198274807,0.006426388756293282,0.7560457360345036,0.021231390635739963,0.006590663591924206,0.6461434894043339,0.00031736697577954763,0.00031736697577954763,3.733729126818207
14180,0.0021504021224701925,0.0013344316391800672,0.7849597877529807,0.012181442882863049,0.00642915470991328,0.7563711423427387,0.021210913354050363,0.0065941447298114375,0.6464847774324938,0.0003175909468280865,0.0003175909468280865,3.736364080330429
14190,0.00214725937370863,0.0013349659064695327,0.7852740626291368,0.012165187959244522,0.006431918046928431,0.7566962408151093,0.02119045013122735,0.00659762347769135,0.6468258311462108,0.0003178149178766253,0.0003178149178766253,3.7389990338426506
14200,0.0021441197312572946,0.0013354996456862599,0.7855880268742703,0.012148948426137219,0.006434678767556672,0.7570210314772554,0.021170000963267807,0.006601099836244472,0.6471666506122031,0.00031803888892516414,0.00031803888892516414,3.741633987354872
14210,0.002140983195683878,0.0013360328567337406,0.785901680431612,0.012132724282259137,0.006437436872015946,0.757345514354817,0.021149565846168623,0.006604573806151334,0.6475072358971895,0.000318262859973703,0.000318262859973703,3.744268940867094
14220,0.0021378497675560706,0.001336565539515468,0.7862150232443927,0.012116515526328276,0.006440192360524193,0.7576696894734344,0.021129144775926676,0.006608045388092464,0.6478475870678887,0.0003184868310222419,0.0003184868310222419,3.746903894379316
14230,0.002134719447441564,0.001337097693934934,0.7865280552558435,0.012100322157062627,0.006442945233299352,0.7579935568587471,0.02110873774853885,0.0066115145827483944,0.648187704191019,0.0003187108020707807,0.0003187108020707807,3.7495388478915377
14240,0.0021315922359080508,0.0013376293198956314,0.7868407764091948,0.012084144173180189,0.006445695490559367,0.758317116536396,0.02108834476000204,0.006614981390799653,0.6485275873332993,0.00031893477311931953,0.00031893477311931953,3.752173801403759
14250,0.002128468133523221,0.0013381604173010524,0.7871531866476777,0.012067981573398959,0.006448443132522176,0.7586403685320207,0.021067965806313114,0.00661844581292677,0.648867236561448,0.0003191587441678584,0.0003191587441678584,3.754808754915981
14260,0.002125347140854766,0.0013386909860546897,0.7874652859145234,0.012051834356436931,0.0064511881594057205,0.7589633128712611,0.02104760088346897,0.006621907849810274,0.6492066519421837,0.0003193827152163973,0.0003193827152163973,3.757443708428203
14270,0.0021222292584703786,0.0013392210260600357,0.787777074152962,0.012035702521012104,0.0064539305714279415,0.7592859495797577,0.021027249987466485,0.0066253675021306965,0.6495458335422251,0.0003196066862649361,0.0003196066862649361,3.7600786619404243
14280,0.0021191144869377484,0.0013397505372205827,0.788088551306225,0.012019586065842473,0.006456670368806779,0.7596082786831503,0.021006913114302545,0.006628824770568567,0.6498847814282908,0.000319830657313475,0.000319830657313475,3.7627136154526464
14290,0.0021160028268245677,0.0013402795194398234,0.7883997173175431,0.01200348498964603,0.006459407551760174,0.7599303002070792,0.020986590259974038,0.006632279655804414,0.6502234956670994,0.0003200546283620138,0.0003200546283620138,3.765348568964868
14300,0.002112894278698528,0.00134080797262125,0.7887105721301471,0.01198739929114078,0.006462142120506067,0.7602520141771841,0.02096628142047784,0.006635732158518767,0.6505619763253693,0.00032027859941055267,0.00032027859941055267,3.76798352247709
14310,0.0021097888431273206,0.0013413358966683554,0.7890211156872677,0.011971328969044712,0.0064648740752623985,0.7605734206191056,0.020945986591810843,0.0066391822793921565,0.6509002234698192,0.0003205025704590915,0.0003205025704590915,3.7706184759893113
14320,0.0021066865206786365,0.0013418632914846318,0.7893313479321362,0.011955274022075824,0.006467603416247109,0.7608945195584833,0.020925705769969924,0.0066426300191051125,0.6512382371671679,0.00032072654150763037,0.00032072654150763037,3.7732534295015334
14330,0.002103587311920167,0.0013423901569735715,0.7896412688079831,0.011939234448952115,0.0064703301436781395,0.7612153110209575,0.020905438950951975,0.006646075378338164,0.6515760174841337,0.0003209505125561692,0.0003209505125561692,3.775888383013755
14340,0.0021004912174196044,0.0013429164930386672,0.7899508782580394,0.011923210248391578,0.006473054257773431,0.7615357950321683,0.020885186130753873,0.006649518357771841,0.6519135644874353,0.00032117448360470806,0.00032117448360470806,3.7785233365259767
14350,0.002097398237744639,0.0013434422995834113,0.7902601762255359,0.01190720141911221,0.006475775758750924,0.7618559716177556,0.020864947305372507,0.006652958958086673,0.6522508782437914,0.0003213984546532469,0.0003213984546532469,3.7811582900381984
14360,0.0020943083734629624,0.0013439675765112963,0.7905691626537036,0.011891207959832006,0.006478494646828558,0.7621758408033596,0.020844722470804763,0.00665639717996319,0.6525879588199206,0.00032162242570178576,0.00032162242570178576,3.7837932435504205
14370,0.002091221625142267,0.0013444923237258145,0.7908778374857731,0.011875229869268967,0.006481210922224275,0.7624954026146205,0.02082451162304752,0.006659833024081921,0.6529248062825412,0.0003218463967503246,0.0003218463967503246,3.7864281970626417
14380,0.0020881379933502427,0.0013450165411304587,0.7911862006649756,0.011859267146141085,0.006483924585156014,0.762814657077178,0.020804314758097665,0.0066632664911233964,0.6532614206983721,0.00032207036779886345,0.00032207036779886345,3.7890631505748638
14390,0.002085057478654582,0.0013455402286287209,0.7914942521345416,0.011843319789166359,0.006486635635841719,0.7631336042166726,0.02078413187195208,0.006666697581768146,0.6535978021341319,0.0003222943388474023,0.0003222943388474023,3.7916981040870854
14400,0.0020819800816229755,0.001346063386124094,0.7918019918377023,0.01182738779706278,0.006489344074499326,0.7634522440587441,0.020763962960607653,0.006670126296696699,0.653933950656539,0.00032251830989594115,0.00032251830989594115,3.7943330575993075
14410,0.0020789058028231155,0.0013465860135200704,0.7921094197176883,0.011811471168548351,0.00649204990134678,0.7637705766290328,0.020743808020061264,0.006673552636589585,0.6542698663323122,0.00032274228094447997,0.00032274228094447997,3.7969680111115287
14420,0.0020758346428226926,0.0013471081107201421,0.7924165357177305,0.011795569902341064,0.006494753116602019,0.7640886019531786,0.0207236670463098,0.0066769766021273335,0.6546055492281699,0.00032296625199301884,0.00032296625199301884,3.799602964623751
14430,0.0020727666021893984,0.0013476296776278023,0.7927233397810601,0.011779683997158915,0.006497453720482983,0.7644063200568214,0.020703540035350146,0.006680398193990475,0.654940999410831,0.00032319022304155766,0.00032319022304155766,3.8022379181359724
14440,0.0020697016814909238,0.001348150714146543,0.7930298318509075,0.011763813451719903,0.006500151713207615,0.7647237309656018,0.020683426983179185,0.006683817412859538,0.6552762169470135,0.00032341419409009654,0.00032341419409009654,3.804872871648194
14450,0.002066639881294961,0.0013486712201798566,0.7933360118705038,0.011747958264742023,0.006502847094993856,0.7650408347051594,0.020663327885793798,0.006687234259415054,0.6556112019034366,0.00032363816513863536,0.00032363816513863536,3.8075078251604157
14460,0.002063581202169201,0.0013491911956312356,0.7936418797830798,0.011732118434943272,0.0065055398660596436,0.7653576313011344,0.020643242739190874,0.006690648734337551,0.6559459543468187,0.00032386213618717423,0.00032386213618717423,3.810142778672638
14470,0.0020605256446813353,0.001349710640404173,0.7939474355318664,0.011716293961041643,0.00650823002662292,0.765674120779167,0.020623171539367297,0.00669406083830756,0.6562804743438784,0.00032408610723571305,0.00032408610723571305,3.812777732184859
14480,0.002057473209399055,0.0013502295544021606,0.7942526790600943,0.011700484841755137,0.006510917576901626,0.765990303164897,0.020603114282319947,0.006697470572005608,0.6566147619613342,0.00032431007828425193,0.00032431007828425193,3.815412685697081
14490,0.002054423896890052,0.001350747937528691,0.7945576103109946,0.011684691075801744,0.006513602517113703,0.7663061784839649,0.020583070964045713,0.006700877936112229,0.6569488172659047,0.00032453404933279075,0.00032453404933279075,3.818047639209303
14500,0.0020513777077220173,0.001351265789687257,0.794862229227798,0.011668912661899468,0.00651628484747709,0.7666217467620104,0.020563041580541477,0.006704282931307949,0.6572826403243087,0.0003247580203813296,0.0003247580203813296,3.820682592721525
14510,0.0020483346424626423,0.0013517831107813507,0.7951665357537356,0.0116531495987663,0.006518964568209728,0.7669370080246737,0.020543026127804124,0.006707685558273299,0.6576162312032646,0.00032498199142986844,0.00032498199142986844,3.823317546233746
14520,0.0020452947016796185,0.0013522999007144648,0.795470529832038,0.011637401885120236,0.006521641679529559,0.7672519622975951,0.020523024601830538,0.0067110858176888085,0.657949589969491,0.0003252059624784073,0.0003252059624784073,3.825952499745968
14530,0.0020422578859406364,0.0013528161593900918,0.7957742114059362,0.011621669519679275,0.006524316181654523,0.7675666096064143,0.0205030369986176,0.006714483710235008,0.6582827166897067,0.00032542993352694614,0.00032542993352694614,3.8285874532581894
14540,0.002039224195813389,0.0013533318867117237,0.796077580418661,0.011605952501161414,0.006526988074802559,0.7678809499767716,0.0204830633141622,0.006717879236592426,0.65861561143063,0.000325653904575485,0.000325653904575485,3.8312224067704115
14550,0.0020361936318655663,0.0013538470825828536,0.7963806368134432,0.011590250828284644,0.00652965735919161,0.7681949834343069,0.020463103544461216,0.006721272397441593,0.6589482742589797,0.00032587787562402383,0.00032587787562402383,3.833857360282633
14560,0.002033166194664861,0.0013543617469069737,0.7966833805335138,0.011574564499766966,0.006532324035039615,0.7685087100046605,0.02044315768551154,0.006724663193463038,0.6592807052414743,0.0003261018466725627,0.0003261018466725627,3.8364923137948552
14570,0.0020301418847789633,0.0013548758795875761,0.7969858115221035,0.011558893514326376,0.006534988102564515,0.7688221297134723,0.020423225733310048,0.006728051625337291,0.6596129044448324,0.00032632581772110153,0.00032632581772110153,3.8391272673070764
14580,0.0020271207027755646,0.001355389480528154,0.7972879297224434,0.011543237870680866,0.006537649561984252,0.7691352425863824,0.02040330768385363,0.0067314376937448826,0.6599448719357728,0.0003265497887696404,0.0003265497887696404,3.8417622208192985
14590,0.002024102649222357,0.001355902549632199,0.7975897350777641,0.011527597567548438,0.006540308413516765,0.769448048649031,0.020383403533139166,0.006734821399366341,0.6602766077810138,0.0003267737598181792,0.0003267737598181792,3.84439717433152
14600,0.0020210877246870317,0.0013564150868032045,0.7978912275312967,0.011511972603647084,0.006542964657379995,0.7697605479270581,0.020363513277163545,0.006738202742882197,0.6606081120472742,0.0003269977308667181,0.0003269977308667181,3.8470321278437423
14610,0.0020180759297372796,0.0013569270919446623,0.7981924070262719,0.011496362977694803,0.006545618293791883,0.7700727404461037,0.02034363691192365,0.006741581724972979,0.6609393848012725,0.0003272217019152569,0.0003272217019152569,3.8496670813559635
14620,0.002015067264940793,0.0013574385649600651,0.7984932735059205,0.011480768688409589,0.006548269322970369,0.770384626231808,0.02032377443341636,0.006744958346319218,0.6612704261097272,0.0003274456729637958,0.0003274456729637958,3.8523020348681856
14630,0.0020120617308652623,0.0013579495057529053,0.7987938269134736,0.01146518973450944,0.006550917745133395,0.770696205309811,0.020303925837638567,0.006748332607601443,0.6616012360393572,0.0003276696440123346,0.0003276696440123346,3.8549369883804068
14640,0.002009059328078379,0.0013584599142266755,0.799094067192162,0.01144962611471235,0.006553563560498899,0.7710074777057527,0.020284091120587152,0.006751704509500184,0.6619318146568808,0.0003278936150608735,0.0003278936150608735,3.857571941892629
14650,0.002006060057147835,0.001358969790284868,0.7993939942852163,0.011434077827736318,0.006556206769284825,0.7713184434452734,0.020264270278258997,0.006755074052695971,0.6622621620290167,0.0003281175861094123,0.0003281175861094123,3.8602068954048505
14660,0.0020030639186413212,0.0013594791338309752,0.7996936081358677,0.01141854487229934,0.006558847371709112,0.7716291025540131,0.020244463306650987,0.006758441237869332,0.6625922782224836,0.0003283415571579512,0.0003283415571579512,3.8628418489170726
14670,0.0020000709131265293,0.00135998794476849,0.7999929086873471,0.011403027247119408,0.0065614853679897,0.7719394550576116,0.020224670201760005,0.0067618060657007985,0.6629221633039998,0.00032856552820649,0.00032856552820649,3.865476802429294
14680,0.001997081041171151,0.0013604962230009043,0.8002918958828847,0.011387524950914524,0.00656412075834453,0.7722495009817093,0.02020489095958294,0.0067651685368708995,0.6632518173402843,0.0003287894992550289,0.0003287894992550289,3.868111755941516
14690,0.0019940943033428765,0.0013610039684317109,0.8005905696657122,0.011372037982402682,0.006566753542991544,0.7725592403519462,0.020185125576116673,0.006768528652060165,0.6635812403980553,0.0003290134703035677,0.0003290134703035677,3.8707467094537376
14700,0.0019911107002093986,0.0013615111809644022,0.80088892997906,0.011356566340301875,0.00656938372214868,0.7728686731939622,0.020165374047358093,0.006771886411949124,0.6639104325440317,0.0003292374413521066,0.0003292374413521066,3.873381662965959
14710,0.0019881302323384075,0.0013620178605024706,0.801186976766159,0.011341110023330105,0.0065720112960338814,0.7731777995333977,0.020145636369304075,0.0067752418172183065,0.664239393844932,0.0003294614124006454,0.0003294614124006454,3.876016616478181
14720,0.0019851529002975956,0.0013625240069494087,0.8014847099702402,0.011325669030205364,0.006574636264865087,0.7734866193958925,0.020125912537951512,0.006778594868548243,0.6645681243674748,0.00032968538344918427,0.00032968538344918427,3.878651569990403
14730,0.0019821787046546534,0.0013630296202087088,0.8017821295345345,0.011310243359645651,0.006577258628860239,0.7737951328070868,0.02010620254929728,0.006781945566619462,0.6648966241783786,0.00032990935449772314,0.00032990935449772314,3.881286523502625
14740,0.0019792076459772727,0.0013635347001838636,0.8020792354022726,0.01129483301036896,0.006579878388237276,0.7741033397926205,0.02008650639933827,0.006785293912112494,0.6652248933443621,0.00033013332554626196,0.00033013332554626196,3.8839214770148462
14750,0.001976239724833145,0.0013640392467783654,0.8023760275166854,0.011279437981093288,0.00658249554321414,0.774411240378134,0.020066824084071365,0.006788639905707867,0.6655529319321438,0.0003303572965948008,0.0003303572965948008,3.886556430527068
14760,0.0019732749417899612,0.0013645432598957065,0.8026725058210038,0.011264058270536632,0.006585110094008772,0.7747188345892672,0.02004715559949345,0.0067919835480861135,0.6658807400084426,0.00033058126764333966,0.00033058126764333966,3.88919138403929
14770,0.0019703132974154135,0.0013650467394393797,0.8029686702584586,0.011248693877416989,0.0065877220408391115,0.77502612245166,0.020027500941601405,0.006795324839927761,0.6662083176399766,0.00033080523869187853,0.00033080523869187853,3.891826337551512
14780,0.0019673547922771924,0.0013655496853128772,0.8032645207722806,0.011233344800452351,0.0065903313839230995,0.7753331039909527,0.020007860106392116,0.0067986637819133396,0.6665356648934647,0.00033102920974041735,0.00033102920974041735,3.8944612910637333
14790,0.0019643994269429896,0.0013660520974196916,0.8035600573057008,0.011218011038360717,0.006592938123478677,0.7756397792327854,0.01998823308986247,0.00680200037472338,0.6668627818356254,0.0003312531807889562,0.0003312531807889562,3.8970962445759545
14800,0.001961447201980497,0.0013665539756633155,0.8038552798019502,0.011202692589860086,0.006595542259723784,0.7759461482027981,0.019968619888009347,0.0068053346190384105,0.6671896685331775,0.00033147715183749505,0.00033147715183749505,3.8997311980881766
14810,0.0019584981179574046,0.001367055319947241,0.8041501882042593,0.01118738945366845,0.0065981437928763625,0.7762522109266307,0.019949020496829634,0.006808666515538962,0.6675163250528394,0.0003317011228860339,0.0003317011228860339,3.9023661516003987
14820,0.0019555521754414055,0.001367556130174961,0.8044447824558593,0.011172101628503808,0.006600742723154352,0.7765579674299237,0.019929434912320215,0.006811996064905563,0.6678427514613297,0.00033192509393457274,0.00033192509393457274,3.9050011051126203
14830,0.00195260937500019,0.0013680564062499676,0.8047390624999808,0.011156829113084155,0.006603339050775692,0.7768634177383166,0.019909863130477972,0.0068153232678187445,0.6681689478253671,0.0003321490649831116,0.0003321490649831116,3.9076360586248424
14840,0.00194966971720145,0.0013685561480757534,0.8050330282798548,0.011141571906127487,0.006605932775958326,0.7771685618774501,0.019890305147299794,0.0068186481249590345,0.66849491421167,0.00033237303603165044,0.00033237303603165044,3.9102710121370636
14850,0.0019467332026128763,0.001369055355555811,0.8053266797387123,0.011126330006351801,0.006608523898920193,0.7774733998729638,0.01987076095878256,0.006821970637006965,0.6688206506869573,0.0003325970070801893,0.0003325970070801893,3.9129059656492857
14860,0.0019437998318021605,0.0013695540285936325,0.8056200168197837,0.011111103412475093,0.0066111124198792335,0.7777779317504979,0.01985123056092316,0.006825290804643063,0.6691461573179474,0.00033282097812872813,0.00033282097812872813,3.9155409191615074
14870,0.0019408696053369945,0.0013700521670927108,0.8059130394663003,0.011095892123215358,0.006613698339053388,0.7780821575356927,0.01983171394971847,0.0068286086285478595,0.6694714341713588,0.00033304494917726695,0.00033304494917726695,3.9181758726737286
14880,0.001937942523785069,0.0013705497709565382,0.8062057476214929,0.011080696137290593,0.006616281656660598,0.778386077254188,0.019812211121165383,0.006831924109401885,0.6697964813139102,0.00033326892022580583,0.00033326892022580583,3.9208108261859507
14890,0.001935018587714076,0.001371046840088607,0.8064981412285922,0.011065515453418797,0.006618862372918804,0.7786896909316239,0.019792722071260777,0.006835237247885668,0.6701212988123204,0.0003334928912743447,0.0003334928912743447,3.9234457796981728
14900,0.001932097797691706,0.00137154337439241,0.8067902202308292,0.01105035007031796,0.006621440488045946,0.7789929985936406,0.01977324679600154,0.006838548044679737,0.6704458867333075,0.0003337168623228835,0.0003337168623228835,3.926080733210394
14910,0.001929180154285651,0.0013720393737714392,0.8070819845714348,0.011035199986706087,0.006624016002259965,0.7792960002658781,0.019753785291384555,0.006841856500464625,0.6707702451435907,0.00033394083337142234,0.00033394083337142234,3.9287156867226156
14920,0.0019262656580636024,0.0013725348381291875,0.8073734341936396,0.011020065201301166,0.006626588915778801,0.7795986959739765,0.019734337553406704,0.00684516261592086,0.6710943741098881,0.0003341648044199612,0.0003341648044199612,3.9313506402348377
14930,0.0019233543095932516,0.0013730297673691472,0.8076645690406747,0.011004945712821197,0.006629159228820396,0.7799010857435759,0.019714903578064873,0.006848466391728971,0.6714182736989187,0.0003343887754685001,0.0003343887754685001,3.93398559374706
14940,0.0019204461094422896,0.0013735241613948108,0.807955389055771,0.010989841519984177,0.006631726941602689,0.7802031696003162,0.01969548336135595,0.006851767828569488,0.6717419439774007,0.0003346127465170389,0.0003346127465170389,3.936620547259281
14950,0.0019175410581784083,0.0013740180201096705,0.808245894182159,0.0109747526215081,0.0066342920543436225,0.7805049475698379,0.019676076899276813,0.006855066927122941,0.6720653850120529,0.00033483671756557773,0.00033483671756557773,3.9392555007715027
14960,0.0019146391563692983,0.0013745113434172193,0.8085360843630701,0.010959679016110963,0.006636854567261136,0.7808064196777805,0.019656684187824347,0.006858363688069861,0.6723885968695942,0.0003350606886141166,0.0003350606886141166,3.9418904542837248
14970,0.0019117404045826518,0.001375004131220949,0.8088259595417345,0.010944620702510763,0.0066394144805731695,0.7811075859497846,0.019637305222995442,0.006861658112090775,0.6727115796167427,0.0003352846596626555,0.0003352846596626555,3.9445254077959464
14980,0.00190884480338616,0.0013754963834243527,0.809115519661384,0.010929577679425496,0.006641971794497665,0.7814084464114899,0.019617940000786975,0.006864950199866214,0.673034333320217,0.0003355086307111943,0.0003355086307111943,3.947160361308168
14990,0.0019059523533475138,0.0013759880999309226,0.8094047646652485,0.010914549945573157,0.006644526509252562,0.7817090010885366,0.019598588517195835,0.006868239952076707,0.673356858046736,0.0003357326017597332,0.0003357326017597332,3.94979531482039
15000,0.0019030630550344052,0.001376479280644151,0.8096936944965594,0.010899537499671746,0.006647078625055803,0.782009250006565,0.019579250768218908,0.006871527369402785,0.6736791538630181,0.000335956572808272,0.000335956572808272,3.9524302683326114
15010,0.001900176909014525,0.0013769699254675308,0.8099823090985474,0.010884540340439253,0.006649628142125327,0.7823091931912147,0.01955992674985307,0.006874812452524978,0.6740012208357821,0.0003361805438568109,0.0003361805438568109,3.9550652218448334
15020,0.0018972939158555654,0.0013774600343045538,0.8102706084144433,0.01086955846659368,0.0066521750606790735,0.7826088306681261,0.01954061645809521,0.006878095202123813,0.6743230590317463,0.0003364045149053497,0.0003364045149053497,3.957700175357055
15030,0.0018944140761252169,0.001377949607058713,0.8105585923874781,0.010854591876853021,0.006654719380934986,0.7829081624629394,0.019521319888942217,0.006881375618879823,0.6746446685176296,0.00033662848595388857,0.00033662848595388857,3.960335128869277
15040,0.001891537390391171,0.001378438643633501,0.8108462609608827,0.010839640569935272,0.0066572611031110035,0.7832071886012943,0.01950203703839097,0.006884653703473535,0.6749660493601505,0.0003368524570024274,0.0003368524570024274,3.9629700823814984
15050,0.0018886638592211197,0.0013789271439324097,0.811133614077888,0.010824704544558429,0.006659800227425066,0.7835059091088311,0.01948276790243835,0.00688792945658548,0.6752872016260274,0.00033707642805096626,0.00033707642805096626,3.9656050358937205
15060,0.0018857934831827535,0.0013794151078589318,0.8114206516817245,0.01080978379944049,0.006662336754095116,0.7838043240111899,0.01946351247708125,0.0068912028788961875,0.6756081253819791,0.0003373003990995051,0.0003373003990995051,3.9682399894059417
15070,0.001882926262843765,0.0013799025353165599,0.8117073737156233,0.010794878333299448,0.0066648706833390935,0.7841024333340109,0.019444270758316548,0.006894473971086187,0.6759288206947242,0.00033752437014804396,0.00033752437014804396,3.970874942918164
15080,0.0018800621987718445,0.0013803894262087865,0.8119937801228155,0.010779988144853304,0.006667402015374938,0.7844002371029337,0.019425042742141126,0.006897742733836008,0.6762492876309811,0.0003377483411965828,0.0003377483411965828,3.9735098964303854
15090,0.0018772012915346833,0.0013808757804391037,0.8122798708465315,0.010765113232820048,0.006669930750420591,0.7846977353435988,0.019405828424551876,0.0069010091678261805,0.6765695262574686,0.00033797231224512165,0.00033797231224512165,3.9761448499426075
15100,0.0018743435416999738,0.0013813615979110043,0.8125656458300025,0.010750253595917681,0.006672456888693994,0.7849949280816462,0.019386627801545677,0.006904273273737235,0.6768895366409055,0.0003381962832936605,0.0003381962832936605,3.9787798034548287
15110,0.0018714889498354064,0.0013818468785279808,0.8128511050164592,0.0107354092328642,0.006674980430413085,0.7852918153427157,0.019367440869119415,0.006907535052249699,0.6772093188480096,0.00033842025434219935,0.00033842025434219935,3.981414756967051
15120,0.0018686375165086733,0.0013823316221935255,0.8131362483491327,0.010720580142377598,0.006677501375795807,0.7855883971524478,0.019348267623269973,0.006910794504044105,0.6775288729455003,0.00033864422539073817,0.00033864422539073817,3.9840497104792725
15130,0.0018657892422874651,0.0013828158288111307,0.8134210757712532,0.010705766323175872,0.006680019725060101,0.7858846735364823,0.019329108059994233,0.00691405162980098,0.6778481990000961,0.00033886819643927704,0.00033886819643927704,3.9866846639914946
15140,0.0018629441277394736,0.0013832994982842894,0.8137055872260526,0.010690967773977019,0.006682535478423906,0.7861806445204594,0.019309962175289085,0.006917306430200855,0.6781672970785152,0.00033909216748781586,0.00033909216748781586,3.9893196175037158
15150,0.0018601021734323902,0.0013837826305164937,0.8139897826567609,0.010676184493499035,0.006685048636105163,0.7864763101300191,0.01929082996515141,0.0069205589059242595,0.6784861672474763,0.00033931613853635474,0.00033931613853635474,3.991954571015938
15160,0.001857263379933906,0.0013842652254112359,0.8142736620066092,0.010661416480459915,0.006687559198321814,0.7867716703908014,0.019271711425578094,0.006923809057651723,0.6788048095736983,0.00033954010958489356,0.00033954010958489356,3.994589524528159
15170,0.0018544277478117128,0.0013847472828720088,0.8145572252188286,0.010646663733577658,0.006690067165291798,0.7870667253284467,0.019252606552566016,0.006927056886063777,0.6791232241238997,0.00033976408063343243,0.00033976408063343243,3.997224478040381
15180,0.0018515952776335014,0.0013852288028023047,0.8148404722366497,0.010631926251570258,0.006692572537233055,0.7873614749685945,0.019233515342112067,0.006930302391840948,0.6794414109647988,0.00033998805168197125,0.00033998805168197125,3.999859431552603
15190,0.0018487659699669638,0.001385709785105616,0.8151234030033034,0.010617204033155712,0.006695075314363528,0.7876559193368855,0.019214437790213125,0.006933545575663768,0.6797593701631144,0.00034021202273051013,0.00034021202273051013,4.002494385064825
15200,0.001845939825379791,0.0013861902296854354,0.8154060174620207,0.010602497077052016,0.006697575496901156,0.7879500584589595,0.01919537389286608,0.006936786438212766,0.6800771017855652,0.00034043599377904895,0.00034043599377904895,4.005129338577047
15210,0.0018431168444396745,0.0013866701364452553,0.8156883155560324,0.010587805381977167,0.00670007308506388,0.7882438923604564,0.019176323646067816,0.006940024980168471,0.6803946058988697,0.0003406599648275878,0.0003406599648275878,4.007764292089268
15220,0.0018402970277143055,0.001387149505288568,0.8159702972285693,0.010573128946649161,0.006702568079069641,0.7885374210670165,0.01915728704581521,0.0069432612022114135,0.6807118825697464,0.00034088393587612665,0.00034088393587612665,4.01039924560149
15230,0.0018374803757713759,0.001387628336118866,0.8162519624228622,0.010558467769785994,0.00670506047913638,0.7888306446042799,0.019138264088105154,0.006946495105022123,0.681028931864914,0.0003411079069246655,0.0003411079069246655,4.0130341991137115
15240,0.0018346668891785762,0.0013881066288396419,0.8165333110821422,0.010543821850105661,0.006707550285482037,0.7891235629978866,0.01911925476893453,0.006949726689281129,0.6813457538510911,0.0003413318779732044,0.0003413318779732044,4.015669152625934
15250,0.001831856568503599,0.0013885843833543882,0.81681434314964,0.01052919118632616,0.006710037498324552,0.7894161762734766,0.01910025908430022,0.006952955955668963,0.6816623485949963,0.0003415558490217432,0.0003415558490217432,4.018304106138155
15260,0.0018290494143141346,0.0013890615995665971,0.8170950585685864,0.010514575777165486,0.006712522117881867,0.7897084844566902,0.019081277030199108,0.006956182904866151,0.681978716163348,0.00034177982007028204,0.00034177982007028204,4.0209390596503765
15270,0.0018262454271778747,0.0013895382773797611,0.8173754572822123,0.010499975621341638,0.006715004144371921,0.790000487573167,0.019062308602628086,0.006959407537553225,0.6822948566228652,0.0003420037911188209,0.0003420037911188209,4.023574013162599
15280,0.0018234446076625108,0.0013900144166973732,0.8176555392337489,0.010485390717572608,0.006717483578012656,0.7902921856485475,0.01904335379758403,0.006962629854410715,0.682610770040266,0.0003422277621673598,0.0003422277621673598,4.026208966674821
15290,0.0018206469563357341,0.0013904900174229252,0.8179353043664265,0.010470821064576396,0.006719960419022012,0.7905835787084718,0.019024412611063822,0.006965849856119149,0.6829264564822695,0.0003424517332158986,0.0003424517332158986,4.028843920187042
15300,0.0018178524737652363,0.0013909650794599097,0.8182147526234761,0.010456266661070995,0.00672243466761793,0.7908746667785799,0.019005485039064355,0.006969067543359059,0.683241916015594,0.0003426757042644374,0.0003426757042644374,4.031478873699264
15310,0.0018150611605187083,0.0013914396027118196,0.818493883948129,0.010441727505774403,0.0067249063240183505,0.7911654498845117,0.018986571077582507,0.006972282916810973,0.6835571487069582,0.0003428996753129763,0.0003428996753129763,4.034113827211486
15320,0.001812273017163842,0.0013919135870821468,0.8187726982836158,0.010427203597404618,0.006727375388441214,0.7914559280519073,0.018967670722615168,0.006975495977155422,0.6838721546230805,0.0003431236463615152,0.0003431236463615152,4.036748780723707
15330,0.0018094880442683283,0.001392387032474384,0.819051195573167,0.010412694934679632,0.0067298418611044615,0.7917461013064071,0.018948783970159214,0.0069787067250729334,0.6841869338306797,0.000343347617410054,0.000343347617410054,4.039383734235929
15340,0.001806706242399859,0.001392859938792024,0.819329375760014,0.010398201516317445,0.006732305742226033,0.7920359696736508,0.018929910816211534,0.006981915161244039,0.6845014863964743,0.0003435715884585928,0.0003435715884585928,4.0420186877481505
15350,0.001803927612126125,0.0013933323059385587,0.8196072387873874,0.010383723341036051,0.0067347670320238705,0.7923255331792787,0.018911051256769014,0.006985121286349268,0.684815812387183,0.0003437955595071317,0.0003437955595071317,4.044653641260372
15360,0.0018011521540148186,0.0013938041338174808,0.819884784598518,0.010369260407553448,0.006737225730715913,0.7926147918489308,0.018892205287828534,0.006988325101069149,0.6851299118695244,0.00034401953055567056,0.00034401953055567056,4.047288594772595
15370,0.00179837986863363,0.0013942754223322828,0.8201620131366368,0.010354812714587632,0.006739681838520101,0.7929037457082471,0.018873372905386984,0.006991526606084213,0.685443784910217,0.0003442435016042094,0.0003442435016042094,4.049923548284816
15380,0.0017956107565502513,0.0013947461713864572,0.8204389243449747,0.010340380260856596,0.006742135355654377,0.7931923947828678,0.01885455410544124,0.006994725802074988,0.6857574315759792,0.0003444674726527482,0.0003444674726527482,4.052558501797037
15390,0.0017928448183323735,0.0013952163808834965,0.8207155181667626,0.010325963045078341,0.006744586282336681,0.793480739098433,0.018835748883988195,0.006997922689722007,0.6860708519335301,0.0003446914437012871,0.0003446914437012871,4.05519345530926
15400,0.0017900820545476885,0.0013956860507268929,0.8209917945452311,0.010311561065970861,0.006747034618784953,0.7937687786805826,0.01881695723702473,0.007001117269705796,0.6863840460495879,0.00034491541474982595,0.00034491541474982595,4.057828408821481
15410,0.0017873224657638871,0.001396155180820139,0.8212677534236111,0.010297174322252151,0.006749480365217133,0.7940565135549567,0.01879817916054772,0.007004309542706887,0.6866970139908711,0.0003451393857983648,0.0003451393857983648,4.060463362333703
15420,0.0017845660525486612,0.0013966237710667274,0.8215433947451336,0.01028280281264021,0.006751923521851164,0.7943439437471955,0.018779414650554067,0.007007499509405809,0.6870097558240988,0.0003453633568469036,0.0003453633568469036,4.063098315845925
15430,0.001781812815469702,0.0013970918213701505,0.8218187184530297,0.010268446535853033,0.006754364088904984,0.7946310692829391,0.01876066370304064,0.007010687170483091,0.6873222716159892,0.00034558732789544247,0.00034558732789544247,4.065733269358146
15440,0.0017790627550947004,0.001397559331633901,0.8220937244905299,0.010254105490608616,0.006756802066596535,0.7949178901878274,0.018741926314004332,0.007013872526619263,0.6876345614332611,0.00034581129894398134,0.00034581129894398134,4.068368222870369
15450,0.0017763158719913484,0.0013980263017614708,0.822368412800865,0.010239779675624953,0.006759237455143757,0.7952044064875007,0.018723202479442022,0.007017055578494856,0.6879466253426328,0.00034603526999252017,0.00034603526999252017,4.07100317638259
15460,0.001773572166727337,0.0013984927316563526,0.822642783327266,0.010225469089620045,0.006761670254764591,0.7954906182075988,0.018704492195350596,0.007020236326790398,0.6882584634108233,0.000346259241041059,0.000346259241041059,4.073638129894811
15470,0.0017708316398703581,0.0013989586212220391,0.8229168360129641,0.010211173731311885,0.006764100465676979,0.7957765253737621,0.01868579545772694,0.007023414772186419,0.6885700757045509,0.00034648321208959786,0.00034648321208959786,4.076273083407034
15480,0.0017680942919881025,0.0013994239703620226,0.8231905708011897,0.010196893599418468,0.00676652808809886,0.7960621280116303,0.01866711226256794,0.00702659091536345,0.6888814622905343,0.00034670718313813674,0.00034670718313813674,4.078908036919255
15490,0.0017653601236482617,0.0013998887789797953,0.8234639876351736,0.010182628692657795,0.006768953122248174,0.7963474261468438,0.018648442605870473,0.007029764757002019,0.689192623235492,0.00034693115418667556,0.00034693115418667556,4.081542990431477
15500,0.0017626291354185275,0.0014003530469788503,0.823737086458147,0.010168379009747859,0.006771375568342863,0.7966324198050426,0.01862978648363143,0.007032936297782656,0.6895035586061428,0.00034715512523521443,0.00034715512523521443,4.084177943943699
15510,0.0017599013278665906,0.0014008167742626796,0.8240098672133408,0.010154144549406656,0.0067737954266008675,0.7969171090118666,0.01861114389184769,0.007036105538385892,0.6898142684692051,0.00034737909628375325,0.00034737909628375325,4.08681289745592
15520,0.0017571767015601427,0.0014012799607347757,0.8242823298439855,0.010139925310352182,0.006776212697240128,0.7972014937929561,0.01859251482651614,0.007039272479492256,0.6901247528913976,0.0003476030673322921,0.0003476030673322921,4.089447850968142
15530,0.0017544552570668754,0.0014017426062986312,0.8245544742933124,0.010125721291302438,0.006778627380478585,0.797485574173951,0.01857389928363367,0.0070424371217822765,0.6904350119394388,0.00034782703838083095,0.00034782703838083095,4.092082804480364
15540,0.0017517369949544802,0.0014022047108577383,0.8248263005045519,0.010111532490975413,0.006781039476534179,0.7977693501804916,0.01855529725919715,0.0070455994659364835,0.6907450456800474,0.0003480510094293698,0.0003480510094293698,4.094717757992586
15550,0.0017490219157906477,0.0014026662743155899,0.825097808420935,0.010097358908089108,0.006783448985624851,0.7980528218382177,0.018536708749203476,0.007048759512635408,0.691054854179942,0.00034827498047790864,0.00034827498047790864,4.097352711504807
15560,0.00174631002014307,0.001403127296575678,0.8253689979856929,0.010083200541361519,0.006785855907968541,0.7983359891727694,0.01851813374964953,0.0070519172625595795,0.6913644375058411,0.0003484989515264475,0.0003484989515264475,4.0999876650170295
15570,0.001743601308579438,0.0014035877775414956,0.8256398691420562,0.01006905738951064,0.006788260243783191,0.798618852209787,0.018499572256532194,0.007055072716389527,0.6916737957244634,0.00034872292257498634,0.00034872292257498634,4.102622618529251
15580,0.0017408957816674436,0.0014040477171165346,0.8259104218332555,0.010054929451254468,0.006790661993286739,0.7989014109749103,0.018481024265848356,0.0070582258748057795,0.6919829289025274,0.0003489468936235252,0.0003489468936235252,4.105257572041473
15590,0.0017381934399747776,0.0014045071152042877,0.8261806560025221,0.010040816725311002,0.006793061156697129,0.7991836654937797,0.01846248977359489,0.0070613767384888676,0.6922918371067517,0.00034917086467206403,0.00034917086467206403,4.107892525553694
15600,0.001735494284069132,0.0014049659717082475,0.8264505715930867,0.010026719210398233,0.0067954577342322995,0.7994656157920351,0.018443968775768697,0.007064525308119321,0.692600520403855,0.0003493948357206029,0.0003493948357206029,4.110527479065916
15610,0.0017327983145181975,0.0014054242865319064,0.8267201685481802,0.010012636905234162,0.006797851726110192,0.7997472618953165,0.018425461268366645,0.00706767158437767,0.6929089788605558,0.0003496188067691417,0.0003496188067691417,4.113162432578138
15620,0.0017301055318896658,0.0014058820595787567,0.8269894468110331,0.009998569808536783,0.006800243132548746,0.8000286038292642,0.01840696724738563,0.007070815567944443,0.6932172125435728,0.0003498427778176806,0.0003498427778176806,4.115797386090359
15630,0.0017274159367512288,0.001406339290752291,0.827258406324877,0.009984517919024093,0.006802631953765903,0.8003096416195179,0.018388486708822527,0.00707395725950017,0.6935252215196245,0.0003500667488662194,0.0003500667488662194,4.118432339602581
15640,0.001724729529670577,0.001406795979956002,0.8275270470329422,0.009970481235414087,0.0068050181899796044,0.8005903752917181,0.018370019648674227,0.007077096659725381,0.6938330058554294,0.0003502907199147583,0.0003502907199147583,4.121067293114804
15650,0.0017220463112154025,0.0014072521270933815,0.8277953688784596,0.009956459756424764,0.006807401841407789,0.8008708048715044,0.018351566062937613,0.007080233769300606,0.6941405656177064,0.0003505146909632971,0.0003505146909632971,4.123702246627024
15660,0.001719366281953396,0.0014077077320679226,0.8280633718046603,0.009942453480774117,0.006809782908268399,0.8011509303845173,0.018333125947609566,0.007083368588906373,0.6944479008731738,0.000350738662011836,0.000350738662011836,4.126337200139247
15670,0.001716689442452249,0.0014081627947831175,0.828331055754775,0.009928462407180145,0.006812161390779375,0.8014307518563969,0.01831469929868697,0.007086501119223214,0.6947550116885504,0.00035096263306037487,0.00035096263306037487,4.1289721536514685
15680,0.0017140157932796537,0.0014086173151424588,0.8285984206720345,0.009914486534360842,0.006814537289158656,0.8017102693127829,0.018296286112166715,0.007089631360931658,0.6950618981305546,0.0003511866041089137,0.0003511866041089137,4.13160710716369
15690,0.0017113453350033005,0.001409071293049439,0.8288654664996699,0.009900525861034204,0.006816910603624184,0.8019894827793157,0.018277886384045684,0.007092759314712233,0.6953685602659052,0.0003514105751574525,0.0003514105751574525,4.134242060675912
15700,0.0017086780681908815,0.00140952472840755,0.8291321931809117,0.00988658038591823,0.0068192813343939,0.802268392281635,0.018259500110320757,0.007095884981245471,0.6956749981613207,0.0003516345462059914,0.0003516345462059914,4.1368770141881335
15710,0.0017060139934100876,0.0014099776211202852,0.8293986006589912,0.009872650107730915,0.006821649481685744,0.8025469978453815,0.018241127286988817,0.0070990083612119,0.6959812118835196,0.0003518585172545302,0.0003518585172545302,4.139511967700355
15720,0.0017033531112286102,0.0014104299710911363,0.829664688877139,0.009858735025190253,0.006824015045717656,0.8028252994961947,0.018222767910046754,0.007102129455292051,0.6962872014992206,0.0003520824883030691,0.0003520824883030691,4.142146921212577
15730,0.001700695422214141,0.001410881778223596,0.8299304577785858,0.009844835137014243,0.006826378026707578,0.803103297259715,0.018204421975491453,0.007105248264166452,0.6965929670751424,0.0003523064593516079,0.0003523064593516079,4.144781874724798
15740,0.0016980409269343707,0.001411333042421157,0.8301959073065628,0.009830950441920883,0.00682873842487345,0.8033809911615822,0.01818608947931979,0.007108364788515635,0.6968985086780035,0.00035253043040014677,0.00035253043040014677,4.147416828237021
15750,0.0016953896259569916,0.0014117837635873112,0.8304610374043007,0.009817080938628164,0.006831096240433212,0.8036583812274366,0.018167770417528657,0.007111479029020128,0.6972038263745223,0.0003527544014486856,0.0003527544014486856,4.150051781749242
15760,0.0016927415198496945,0.001412233941625552,0.8307258480150305,0.009803226625854086,0.006833451473604805,0.803935467482918,0.018149464786114934,0.007114590986360461,0.6975089202314178,0.00035297837249722447,0.00035297837249722447,4.152686735261464
15770,0.001690096609180171,0.001412683576439371,0.8309903390819828,0.009789387502316641,0.00683580412460617,0.8042122499536669,0.018131172581075508,0.007117700661217164,0.6978137903154082,0.0003532023435457633,0.0003532023435457633,4.155321688773685
15780,0.0016874548945161123,0.0014131326679322608,0.8312545105483886,0.009775563566733831,0.006838154193655248,0.8044887286653232,0.018112893798407262,0.007120808054270765,0.6981184366932123,0.00035342631459430216,0.00035342631459430216,4.1579566422859076
15790,0.00168481637642521,0.0014135812160077142,0.8315183623574789,0.00976175481782365,0.006840501680969979,0.8047649036435268,0.018094628434107078,0.007123913166201796,0.6984228594315486,0.00035365028564284104,0.00035365028564284104,4.160591595798129
15800,0.0016821810554751553,0.0014140292205692235,0.8317818944524843,0.009747961254304095,0.006842846586768304,0.805040774913918,0.018076376484171843,0.007127015997690786,0.6987270585971359,0.00035387425669137986,0.00035387425669137986,4.163226549310351
15810,0.0016795489322336396,0.0014144766815202812,0.8320451067766359,0.009734182874893159,0.006845188911268162,0.8053163425021366,0.018058137944598443,0.007130116549418265,0.6990310342566927,0.0003540982277399187,0.0003540982277399187,4.1658615028225725
15820,0.0016769200072683545,0.0014149235987643797,0.8323079992731645,0.00972041967830884,0.006847528654687496,0.805591606433823,0.018039912811383757,0.007133214822064761,0.6993347864769374,0.00035432219878845755,0.00035432219878845755,4.168496456334794
15830,0.0016742942811469909,0.0014153699722050115,0.8325705718853008,0.009706671663269134,0.006849865817244246,0.8058665667346171,0.01802170108052467,0.007136310816310805,0.6996383153245888,0.00035454616983699637,0.00035454616983699637,4.171131409847016
15840,0.0016716717544372403,0.001415815801745669,0.8328328245562758,0.00969293882849204,0.006852200399156352,0.8061412234301589,0.018003502748018072,0.007139404532836928,0.6999416208663654,0.00035477014088553525,0.00035477014088553525,4.1737663633592375
15850,0.0016690524277067948,0.0014162610872898449,0.8330947572293204,0.00967922117269555,0.006854532400641756,0.8064155765460889,0.017985317809860846,0.007142495972323656,0.7002447031689859,0.0003549941119340741,0.0003549941119340741,4.17640131687146
15860,0.001666436301523345,0.0014167058287410314,0.8333563698476655,0.009665518694597666,0.006856861821918397,0.8066896261080465,0.01796714626204987,0.007145585135451522,0.7005475622991687,0.00035521808298261294,0.00035521808298261294,4.179036270383682
15870,0.0016638233764545824,0.0014171500260027209,0.8336176623545415,0.009651831392916378,0.006859188663204215,0.8069633721416722,0.01794898810058203,0.007148672022901054,0.7008501983236327,0.0003554420540311518,0.0003554420540311518,4.181671223895903
15880,0.0016612136530681986,0.001417593678978406,0.8338786346931799,0.009638159266369684,0.006861512924717153,0.8072368146726061,0.017930843321454216,0.007151756635352783,0.7011526113090963,0.00035566602507969064,0.00035566602507969064,4.184306177408125
15890,0.0016586071319318848,0.0014180367875715795,0.8341392868068114,0.009624502313675582,0.00686383460667515,0.8075099537264881,0.017912711920663307,0.007154838973487237,0.7014548013222781,0.00035588999612822946,0.00035588999612822946,4.186941130920347
15900,0.0016560038136133328,0.0014184793516857333,0.8343996186386665,0.009610860533552068,0.006866153709296148,0.8077827893289584,0.01789459389420619,0.007157919037984947,0.7017567684298968,0.00035611396717676833,0.00035611396717676833,4.189576084432568
15910,0.0016534036986802331,0.0014189213712243604,0.8346596301319766,0.009597233924717136,0.006868470232798086,0.8080553215056571,0.017876489238079746,0.0071609968295264425,0.7020585126986708,0.0003563379382253072,0.0003563379382253072,4.192211037944791
15920,0.0016508067877002782,0.0014193628460909527,0.834919321229972,0.009583622485888786,0.006870784177398906,0.808327550282224,0.01785839794828086,0.007164072348792253,0.7023600341953189,0.000356561909273846,0.000356561909273846,4.1948459914570115
15930,0.001648213081241158,0.0014198037761890031,0.8351786918758841,0.00957002621578501,0.006873095543316547,0.8085994756842995,0.01784032002080642,0.007167145596462908,0.7026613329865596,0.0003567858803223849,0.0003567858803223849,4.197480944969234
15940,0.0016456225798705654,0.0014202441614220038,0.8354377420129433,0.009556445113123806,0.006875404330768952,0.8088710977375236,0.017822255451653307,0.007170216573218938,0.7029624091391116,0.0003570098513709237,0.0003570098513709237,4.200115898481455
15950,0.0016430352841561911,0.0014206840016934474,0.8356964715843808,0.009542879176623172,0.00687771053997406,0.8091424164675363,0.017804204236818406,0.007173285279740871,0.7032632627196932,0.0003572338224194626,0.0003572338224194626,4.202750851993677
15960,0.0016404511946657265,0.0014211232969068264,0.8359548805334273,0.009529328405001102,0.006880014171149812,0.8094134318999776,0.0177861663722986,0.007176351716709238,0.7035638937950233,0.0003574577934680014,0.0003574577934680014,4.205385805505899
15970,0.001637870311966863,0.0014215620469656331,0.8362129688033134,0.009515792796975595,0.0068823152245141486,0.8096841440604879,0.017768141854090775,0.007179415884804568,0.7038643024318203,0.00035768176451654024,0.00035768176451654024,4.20802075901812
15980,0.0016352926366272921,0.0014220002517733603,0.8364707363372705,0.009502272351264645,0.00688461370028501,0.8099545529747069,0.017750130678191815,0.007182477784707391,0.704164488696803,0.0003579057355650791,0.0003579057355650791,4.210655712530342
15990,0.0016327181692147048,0.0014224379112335,0.8367281830785293,0.009488767066586246,0.006886909598680337,0.8102246586682749,0.017732132840598602,0.007185537417098237,0.7044644526566899,0.000358129706613618,0.000358129706613618,4.213290666042564
16000,0.0016301469102967929,0.0014228750252495452,0.8369853089703205,0.009475276941658398,0.006889202919918072,0.8104944611668319,0.017714148337308024,0.007188594782657635,0.7047641943781995,0.0003583536776621568,0.0003583536776621568,4.215925619554786
16010,0.0016275788604412475,0.0014233115937249878,0.837242113955875,0.009461801975199096,0.006891493664216153,0.8107639604960178,0.017696177164316963,0.007191649882066116,0.7050637139280506,0.0003585776487106956,0.0003585776487106956,4.218560573067007
16020,0.00162501402021576,0.0014237476165633207,0.8374985979784239,0.009448342165926334,0.006893781831792522,0.811033156681473,0.017678219317622302,0.007194702716004208,0.7053630113729615,0.0003588016197592345,0.0003588016197592345,4.221195526579229
16030,0.001622452390188022,0.001424183093668036,0.8377547609811976,0.009434897512558115,0.00689606742286512,0.8113020497488375,0.01766027479322093,0.007197753285152442,0.7056620867796511,0.0003590255908077734,0.0003590255908077734,4.2238304800914515
16040,0.0016198939709257249,0.0014246180249426266,0.8380106029074272,0.00942146801381243,0.006898350437651886,0.8115706397237512,0.017642343587109723,0.007200801590191347,0.7059609402148379,0.0003592495618563122,0.0003592495618563122,4.226465433603672
16050,0.00161733876299656,0.0014250524102905847,0.8382661237003438,0.009408053668407272,0.006900630876370763,0.8118389266318543,0.01762442569528557,0.0072038476318014525,0.7062595717452403,0.00035947353290485107,0.00035947353290485107,4.229100387115895
16060,0.0016147867669682185,0.0014254862496154027,0.8385213233031779,0.009394654475060644,0.0069029087392396896,0.8121069104987869,0.01760652111374536,0.007206891410663288,0.7065579814375772,0.0003596975039533899,0.0003596975039533899,4.231735340628116
16070,0.001612237983408392,0.0014259195428205733,0.8387762016591607,0.00938127043249054,0.006905184026476607,0.812374591350189,0.01758862983848597,0.007209932927457384,0.706856169358567,0.00035992147500192877,0.00035992147500192877,4.234370294140338
16080,0.0016096924128847715,0.0014263522898095887,0.8390307587115228,0.009367901539414955,0.006907456738299457,0.8126419692117007,0.01757075186550429,0.00721297218286427,0.7071541355749285,0.0003601454460504676,0.0003601454460504676,4.23700524765256
16090,0.0016071500559650487,0.0014267844904859417,0.8392849944034951,0.009354547794551886,0.006909726874926179,0.812909044108962,0.0175528871907972,0.007216009177564476,0.70745188015338,0.0003603694170990064,0.0003603694170990064,4.239640201164781
16100,0.0016046109132169149,0.0014272161447531242,0.8395389086783083,0.009341209196619328,0.006911994436574713,0.8131758160676131,0.01753503581036158,0.007219043912238531,0.7077494031606403,0.0003605933881475453,0.0003605933881475453,4.242275154677003
16110,0.0016020749852080618,0.0014276472525146294,0.8397925014791937,0.009327885744335278,0.0069142594234630015,0.8134422851132942,0.017517197720194326,0.007222076387566965,0.7080467046634279,0.00036081735919608416,0.00036081735919608416,4.244910108189225
16120,0.0015995422725061804,0.0014280778136739492,0.8400457727493817,0.009314577436417736,0.006916521835808985,0.813708451271645,0.017499372916292312,0.007225106604230307,0.7083437847284614,0.000361041330244623,0.000361041330244623,4.247545061701446
16130,0.0015970127756789621,0.0014285078281345764,0.8402987224321036,0.009301284271584692,0.006918781673830601,0.8139743145683059,0.01748156139465243,0.007228134562909087,0.7086406434224595,0.00036126530129316185,0.00036126530129316185,4.250180015213669
16140,0.0015944864952940983,0.0014289372958000033,0.8405513504705902,0.009288006248554147,0.006921038937745794,0.8142398750289168,0.017463763151271555,0.007231160264283836,0.7089372808121407,0.00036148927234170067,0.00036148927234170067,4.25281496872589
16150,0.0015919634319192806,0.0014293662165737223,0.8408036568080719,0.009274743366044096,0.006923293627772503,0.8145051326791178,0.01744597818214658,0.0072341837090350814,0.7092336969642237,0.00036171324339023955,0.00036171324339023955,4.255449922238112
16160,0.0015894435861222003,0.0014297945903592258,0.8410556413877798,0.009261495622772533,0.006925545744128668,0.814770087544549,0.017428206483274384,0.007237204897843354,0.7095298919454268,0.00036193721443877837,0.00036193721443877837,4.258084875750334
16170,0.0015869269584705484,0.0014302224170600068,0.8413073041529452,0.009248263017457455,0.006927795287032232,0.8150347396508506,0.017410448050651853,0.0072402238313891846,0.7098258658224691,0.00036216118548731724,0.00036216118548731724,4.260719829262555
16180,0.0015844135495320167,0.001430649696579557,0.8415586450467981,0.00923504554881686,0.0069300422567011325,0.8152990890236625,0.017392702880275872,0.0072432405103531015,0.7101216186620688,0.00036238515653585606,0.00036238515653585606,4.263354782774777
16190,0.0015819033598742961,0.0014310764288213696,0.8418096640125702,0.009221843215568744,0.006932286653353313,0.8155631356886249,0.017374970968143322,0.007246254935415634,0.7104171505309446,0.00036260912758439494,0.00036260912758439494,4.265989736286999
16200,0.0015793963900650786,0.0014315026136889366,0.842060360993492,0.009208656016431104,0.006934528477206712,0.8158268796713778,0.017357252310251092,0.007249267107257314,0.7107124614958151,0.00036283309863293376,0.00036283309863293376,4.26862468979922
16210,0.0015768926406720556,0.0014319282510857506,0.8423107359327943,0.009195483950121933,0.006936767728479271,0.8160903209975611,0.017339546902596065,0.007252277026558669,0.7110075516233989,0.00036305706968147263,0.00036305706968147263,4.271259643311442
16220,0.001574392112262918,0.001432353340915304,0.8425607887737081,0.00918232701535923,0.00693900440738893,0.8163534596928151,0.017321854741175122,0.007255284694000229,0.7113024209804146,0.00036328104073001145,0.00036328104073001145,4.273894596823664
16230,0.0015718948054053573,0.0014327778830810893,0.8428105194594642,0.009169185210860992,0.006941238514153631,0.8166162957827799,0.01730417582198515,0.007258290110262524,0.7115970696335807,0.0003635050117785503,0.0003635050117785503,4.276529550335886
16240,0.0015694007206670647,0.0014332018774865988,0.8430599279332933,0.00915605853534521,0.006943470048991314,0.8168788292930956,0.01728651014102303,0.007261293276026084,0.7118914976496161,0.00036372898282708915,0.00036372898282708915,4.279164503848107
16250,0.0015669098586157323,0.0014336253240353255,0.8433090141384267,0.009142946987529883,0.006945699012119919,0.8171410602494021,0.017268857694285655,0.007264294191971438,0.712185705095239,0.000363952953875628,0.000363952953875628,4.2817994573603295
16260,0.0015644222198190505,0.0014340482226307613,0.8435577780180947,0.009129850566133014,0.0069479254037573875,0.8174029886773396,0.0172512184777699,0.007267292858779117,0.7124796920371683,0.00036417692492416684,0.00036417692492416684,4.284434410872551
16270,0.0015619378048447115,0.001434470573176399,0.8438062195155287,0.00911676926987259,0.00695014922412166,0.817664614602548,0.017233592487472648,0.007270289277129649,0.7127734585421224,0.0003644008959727057,0.0003644008959727057,4.287069364384773
16280,0.0015594566142604063,0.0014348923755757308,0.8440543385739592,0.009103703097466609,0.006952370473430676,0.8179259380506676,0.017215979719390793,0.007273283447703565,0.71306700467682,0.00036462486702124454,0.00036462486702124454,4.2897043178969945
16290,0.0015569786486338264,0.0014353136297322495,0.8443021351366173,0.00909065204763307,0.0069545891519023776,0.8181869590473384,0.017198380169521212,0.007276275371181393,0.7133603305079798,0.0003648488380697834,0.0003648488380697834,4.292339271409216
16300,0.001554503908532663,0.0014357343355494473,0.8445496091467336,0.00907761611908997,0.006956805259754705,0.8184476776182004,0.017180793833860793,0.007279265048243665,0.7136534361023201,0.0003650728091183223,0.0003650728091183223,4.294974224921439
16310,0.0015520323945246077,0.0014361544929308166,0.844796760547539,0.009064595310555302,0.0069590187972055975,0.8187080937888938,0.017163220708406413,0.007282252479570909,0.7139463215265597,0.0003652967801668611,0.0003652967801668611,4.297609178433659
16320,0.0015495641071773519,0.00143657410177985,0.8450435892822648,0.009051589620747064,0.006961229764472998,0.8189682075850584,0.017145660789154964,0.007285237665843656,0.7142389868474173,0.00036552075121539993,0.00036552075121539993,4.300244131945881
16330,0.0015470990470585868,0.0014369931620000402,0.8452900952941411,0.00903859904838325,0.006963438161774847,0.8192280190323348,0.017128114072103327,0.007288220607742433,0.7145314321316111,0.0003657447222639388,0.0003657447222639388,4.302879085458104
16340,0.0015446372147360035,0.0014374116734948792,0.8455362785263995,0.009025623592181859,0.006965643989329083,0.8194875281563625,0.01711058055324839,0.007291201305947773,0.7148236574458601,0.0003659686933124776,0.0003659686933124776,4.305514038970324
16350,0.001542178610777294,0.00143782963616786,0.8457821389222705,0.009012663250860888,0.006967847247353648,0.819746734982782,0.01709306022858703,0.007294179761140204,0.7151156628568828,0.0003661926643610165,0.0003661926643610165,4.308148992482547
16360,0.0015397232357501492,0.0014382470499224745,0.8460276764249849,0.008999718023138332,0.006970047936066483,0.8200056395372332,0.01707555309411614,0.007297155974000256,0.7154074484313976,0.0003664166354095553,0.0003664166354095553,4.3107839459947686
16370,0.0015372710902222609,0.0014386639146622155,0.8462728909777737,0.008986787907732184,0.006972246055685528,0.8202642418453561,0.017058059145832596,0.007300129945208458,0.7156990142361234,0.0003666406064580942,0.0003666406064580942,4.31341889950699
16380,0.0015348221747613201,0.0014390802302905754,0.8465177825238678,0.008973872903360443,0.006974441606428724,0.820522541932791,0.017040578379733284,0.007303101675445341,0.7159903603377785,0.00036686457750663307,0.00036686457750663307,4.316053853019212
16390,0.0015323764899350188,0.0014394959967110467,0.846762351006498,0.008960973008741107,0.006976634588514011,0.8207805398251776,0.017023110791815094,0.007306071165391434,0.7162814868030817,0.0003670885485551719,0.0003670885485551719,4.3186888065314335
16400,0.0015299340363110472,0.001439911213827122,0.8470065963688951,0.00894808822259217,0.00697882500215933,0.8210382355481564,0.017005656378074906,0.0073090384157272655,0.7165723936987515,0.0003673125196037107,0.0003673125196037107,4.321323760043655
16410,0.0015274948144570978,0.0014403258815422933,0.8472505185542901,0.008935218543631628,0.006981012847582622,0.8212956291273672,0.0169882151345096,0.007312003427133367,0.7168630810915065,0.0003675364906522496,0.0003675364906522496,4.323958713555877
16420,0.0015250588249408614,0.0014407399997600535,0.8474941175059137,0.008922363970577479,0.006983198125001828,0.8215527205884502,0.01697078705711607,0.007314966200290268,0.7171535490480654,0.00036776046170078846,0.00036776046170078846,4.326593667068099
16430,0.0015226260683300298,0.0014411535683838948,0.8477373931669968,0.008909524502147721,0.006985380834634887,0.8218095099570453,0.016953372141891195,0.007317926735878497,0.7174437976351467,0.0003679844327493273,0.0003679844327493273,4.329228620580321
16440,0.001520196545192294,0.00144156658731731,0.8479803454807705,0.008896700137060343,0.006987560976699741,0.8220659972587929,0.016935970384831855,0.007320885034578584,0.717733826919469,0.0003682084037978661,0.0003682084037978661,4.331863574092542
16450,0.0015177702560953453,0.0014419790564637912,0.8482229743904653,0.008883890874033348,0.0069897385514143305,0.8223221825193329,0.016918581781934942,0.00732384109707106,0.718023636967751,0.00036843237484640497,0.00036843237484640497,4.334498527604764
16460,0.0015153472016068755,0.0014423909757268311,0.8484652798393124,0.008871096711784727,0.006991913558996595,0.8225780657643051,0.016901206329197335,0.007326794924036453,0.718313227846711,0.00036865634589494385,0.00036865634589494385,4.337133481116986
16470,0.0015129273822945758,0.001442802345009922,0.8487072617705422,0.008858317649032485,0.006994085999664477,0.8228336470193501,0.016883844022615918,0.007329746516155294,0.718602599623068,0.00036888031694348267,0.00036888031694348267,4.339768434629208
16480,0.0015105107987261374,0.0014432131642165566,0.8489489201273861,0.008845553684494608,0.006996255873635916,0.8230889263101077,0.01686649485818758,0.007332695874108111,0.7188917523635403,0.00036910428799202154,0.00036910428799202154,4.342403388141429
16490,0.0015080974514692519,0.0014436234332502271,0.8491902548530746,0.008832804816889098,0.0069984231811288525,0.8233439036622178,0.016849158831909204,0.007335642998575435,0.7191806861348465,0.00036932825904056036,0.00036932825904056036,4.345038341653651
16500,0.0015056873410916108,0.0014440331520144262,0.8494312658908388,0.00882007104493395,0.007000587922361228,0.8235985791013208,0.01683183593977767,0.0073385878902377955,0.7194694010037054,0.00036955223008909924,0.00036955223008909924,4.347673295165873
16510,0.0015032804681609053,0.001444442320412646,0.8496719531839094,0.00880735236734716,0.007002750097550982,0.8238529526530567,0.016814526177789862,0.007341530549775723,0.7197578970368356,0.00036977620113763806,0.00036977620113763806,4.350308248678094
16520,0.0015008768332448264,0.0014448509383483794,0.8499123166755171,0.008794648782846725,0.007004909706916056,0.8241070243430654,0.016797229541942675,0.007344470977869745,0.7200461743009554,0.00037000017218617693,0.00037000017218617693,4.352943202190317
16530,0.0014984764369110658,0.0014452590057251187,0.8501523563088932,0.008781960290150638,0.00700706675067439,0.8243607941969869,0.016779946028232975,0.007347409175200393,0.7203342328627836,0.00037022414323471575,0.00037022414323471575,4.355578155702538
16540,0.001496079279727315,0.0014456665224463563,0.8503920720272683,0.008769286887976901,0.007009221229043926,0.8246142622404617,0.016762675632657664,0.007350345142448197,0.7206220727890389,0.00037044811428325463,0.00037044811428325463,4.35821310921476
16550,0.0014936853622612655,0.0014460734884155849,0.8506314637738733,0.008756628575043508,0.007011373142242603,0.8248674284991295,0.01674541835121362,0.007353278880293685,0.7209096941464397,0.00037067208533179345,0.00037067208533179345,4.360848062726982
16560,0.0014912946850806086,0.0014464799035362964,0.8508705314919389,0.008743985350068453,0.007013522490488362,0.8251202929986307,0.01672817417989772,0.007356210389417387,0.7211970970017046,0.0003708960563803323,0.0003708960563803323,4.363483016239203
16570,0.0014889072487530351,0.001446885767711984,0.8511092751246965,0.008731357211769736,0.007015669273999144,0.8253728557646051,0.016710943114706854,0.007359139670499834,0.7214842814215524,0.00037112002742887114,0.00037112002742887114,4.366117969751425
16580,0.0014865230538462374,0.0014472910808461395,0.8513476946153761,0.008718744158865348,0.00701781349299289,0.8256251168226928,0.01669372515163791,0.007362066724221555,0.7217712474727015,0.00037134399847741,0.00037134399847741,4.368752923263647
16590,0.0014841421009279062,0.0014476958428422558,0.8515857899072091,0.008706146190073288,0.007019955147687541,0.825877076198534,0.01667652028668777,0.007364991551263079,0.7220579952218705,0.00037156796952594884,0.00037156796952594884,4.371387876775868
16600,0.0014817643905657325,0.0014481000536038253,0.8518235609434265,0.008693563304111553,0.007022094238301035,0.8261287339177686,0.016659328515853312,0.007367914152304936,0.722344524735778,0.0003717919405744877,0.0003717919405744877,4.374022830288091
16610,0.001479389923327409,0.0014485037130343404,0.8520610076672589,0.008680995499698141,0.007024230765051315,0.826380090006037,0.01664214983513143,0.007370834528027656,0.7226308360811428,0.00037201591162302653,0.00037201591162302653,4.376657783800312
16620,0.0014770186997806255,0.0014489068210372935,0.8522981300219372,0.008668442775551044,0.007026364728156322,0.8266311444889789,0.016624984240519003,0.007373752679111769,0.7229169293246833,0.0003722398826715654,0.0003722398826715654,4.379292737312534
16630,0.0014746507204930744,0.0014493093775161774,0.8525349279506924,0.00865590513038826,0.0070284961278339955,0.8268818973922346,0.01660783172801291,0.007376668606237805,0.7232028045331181,0.00037246385372010423,0.00037246385372010423,4.381927690824756
16640,0.0014722859860324467,0.0014497113823744839,0.8527714013967551,0.008643382562927786,0.007030624964302276,0.827132348741444,0.016590692293610043,0.007379582310086292,0.7234884617731658,0.0003726878247686431,0.0003726878247686431,4.384562644336977
16650,0.001469924496966434,0.001450112835515706,0.8530075503033564,0.008630875071887617,0.007032751237779105,0.8273824985622474,0.01657356593330729,0.0073824937913377605,0.723773901111545,0.0003729117958171819,0.0003729117958171819,4.387197597849199
16660,0.0014675662538627277,0.0014505137368433362,0.8532433746137271,0.00861838265598575,0.007034874948482422,0.8276323468802848,0.016556452643101523,0.007385403050672741,0.7240591226149745,0.0003731357668657208,0.0003731357668657208,4.389832551361421
16670,0.001465211257289019,0.0014509140862608667,0.8534788742710979,0.00860590531394018,0.0070369960966301685,0.8278818937211961,0.016539352418989635,0.007388310088771761,0.7243441263501726,0.0003733597379142596,0.0003733597379142596,4.392467504873642
16680,0.0014628595078129988,0.0014513138836717901,0.8537140492187,0.008593443044468907,0.007039114682440286,0.8281311391106218,0.016522265256968507,0.007391214906315353,0.7246289123838581,0.0003735837089627985,0.0003735837089627985,4.395102458385864
16690,0.0014605110060023597,0.0014517131289795988,0.8539488993997639,0.008580995846289925,0.007041230706130712,0.8283800830742013,0.016505191153035025,0.007394117503984045,0.7249134807827495,0.0003738076800113373,0.0003738076800113373,4.397737411898086
16700,0.0014581657524247922,0.0014521118220877853,0.8541834247575207,0.008568563718121227,0.007043344167919391,0.8286287256375753,0.016488130103186067,0.007397017882458367,0.7251978316135654,0.0003740316510598762,0.0003740316510598762,4.400372365410308
16710,0.0014558237476479878,0.001452509962899842,0.854417625235201,0.008556146658680812,0.007045455068024261,0.8288770668263834,0.01647108210341853,0.007399916042418849,0.7254819649430244,0.000374255622108415,0.000374255622108415,4.403007318922529
16720,0.0014534849922396382,0.0014529075513192615,0.8546515007760361,0.008543744666686679,0.007047563406663264,0.8291251066662662,0.01645404714972929,0.007402811984546021,0.7257658808378452,0.0003744795931569539,0.0003744795931569539,4.4056422724347515
16730,0.0014511494867674342,0.0014533045872495362,0.8548850513232565,0.00853135774085682,0.00704966918405434,0.8293728451828634,0.01643702523811523,0.007405705709520411,0.7260495793647461,0.0003747035642054927,0.0003747035642054927,4.408277225946972
16740,0.0014488172317990674,0.0014537010705941585,0.8551182768200931,0.008518985879909232,0.0070517724004154295,0.8296202824018151,0.016420016364573235,0.00740859721802255,0.726333060590446,0.0003749275352540316,0.0003749275352540316,4.410912179459195
16750,0.0014464882279022298,0.0014540970012566208,0.8553511772097769,0.008506629082561914,0.007053873055964473,0.8298674183487613,0.01640302052510019,0.007411486510732967,0.7266163245816635,0.0003751515063025704,0.0003751515063025704,4.413547132971416
16760,0.001444162475644612,0.0014544923791404158,0.8555837524355386,0.008494287347532862,0.007055971150919413,0.8301142530493426,0.01638603771569298,0.007414373588332192,0.7268993714051168,0.0003753754773511093,0.0003753754773511093,4.416182086483638
16770,0.0014418399755939057,0.001454887204149036,0.8558160024406093,0.008481960673540068,0.007058066685498188,0.8303607865291984,0.01636906793234849,0.007417258451500756,0.7271822011275252,0.0003755994483996481,0.0003755994483996481,4.41881703999586
16780,0.001439520728317802,0.0014552814761859736,0.8560479271682198,0.008469649059301532,0.007060159659918739,0.8306070188139691,0.016352111171063603,0.007420141100919187,0.7274648138156066,0.00037582341944818697,0.00037582341944818697,4.421451993508081
16790,0.0014372047343839923,0.0014556751951547212,0.8562795265616006,0.008457352503535246,0.007062250074399008,0.8308529499292948,0.016335167427835202,0.007423021537268015,0.7277472095360799,0.0003760473904967258,0.0003760473904967258,4.424086947020303
16800,0.0014348919943601688,0.0014560683609587712,0.8565108005639829,0.008445071004959212,0.007064337929156933,0.8310985799008155,0.01631823669866017,0.00742589976122777,0.7280293883556637,0.00037627136154526466,0.00037627136154526466,4.426721900532526
16810,0.0014325825088140221,0.0014564609735016163,0.8567417491185977,0.008432804562291424,0.007066423224410458,0.8313439087541714,0.0163013189795354,0.007428775773478982,0.7283113503410766,0.0003764953325938035,0.0003764953325938035,4.429356854044746
16820,0.0014302762783132436,0.0014568530326867486,0.8569723721686756,0.008420553174249876,0.00706850596037752,0.8315889365150022,0.01628441426645777,0.007431649574702179,0.7285930955590372,0.00037671930364234236,0.00037671930364234236,4.431991807556969
16830,0.0014279733034255246,0.0014572445384176606,0.8572026696574474,0.008408316839552569,0.007070586137276062,0.8318336632089484,0.016267522555424158,0.007434521165577893,0.728874624076264,0.0003769432746908812,0.0003769432746908812,4.43462676106919
16840,0.0014256735847185571,0.0014576354905978452,0.8574326415281441,0.008396095556917494,0.007072663755324025,0.8320780888616499,0.01625064384243146,0.007437390546786651,0.7291559359594756,0.00037716724573942005,0.00037716724573942005,4.437261714581412
16850,0.001423377122760032,0.0014580258891307945,0.8576622877239968,0.008383889325062652,0.0070747388147393495,0.8323222134987468,0.016233778123476553,0.007440257719008986,0.7294370312753907,0.00037739121678795893,0.00037739121678795893,4.439896668093634
16860,0.0014210839181176408,0.001458415733920001,0.8578916081882357,0.008371698142706033,0.007076811315739974,0.8325660371458792,0.01621692539455632,0.0074431226829254245,0.7297179100907278,0.00037761518783649775,0.00037761518783649775,4.4425316216058555
16870,0.0014187939713590746,0.0014588050248689572,0.8581206028640924,0.008359522008565639,0.007078881258543841,0.8328095598286871,0.016200085651667653,0.007445985439216499,0.7299985724722057,0.00037783915888503657,0.00037783915888503657,4.445166575118077
16880,0.0014165072830520254,0.0014591937618811557,0.8583492716947974,0.008347360921359463,0.00708094864336889,0.8330527815728105,0.016183258890807427,0.007448845988562737,0.7302790184865428,0.00037806312993357544,0.00037806312993357544,4.447801528630299
16890,0.0014142238537641837,0.0014595819448600888,0.8585776146235815,0.008335214879805505,0.007083013470433063,0.8332957024038896,0.016166445107972535,0.007451704331644669,0.7305592482004577,0.0003782871009821143,0.0003782871009821143,4.450436482142521
16900,0.0014119436840632417,0.001459969573709249,0.8588056315936757,0.008323083882621757,0.007085075739954301,0.8335383223475646,0.016149644299159854,0.007454560469142824,0.730839261680669,0.00037851107203065314,0.00037851107203065314,4.453071435654742
16910,0.0014096667745168905,0.0014603566483321285,0.8590333225483108,0.008310967928526218,0.007087135452150542,0.8337806414294754,0.01613285646036627,0.007457414401737733,0.7311190589938954,0.00037873504307919196,0.00037873504307919196,4.455706389166964
16920,0.0014073931256928214,0.0014607431686322202,0.8592606874307177,0.008298867016236881,0.007089192607239729,0.8340226596752621,0.01611608158758867,0.0074602661301099256,0.7313986402068554,0.00037895901412773083,0.00037895901412773083,4.458341342679186
16930,0.0014051227381587255,0.0014611291345130166,0.8594877261841273,0.008286781144471747,0.0070912472054398025,0.8342643771105648,0.016099319676823938,0.00746311565493993,0.7316780053862676,0.0003791829851762697,0.0003791829851762697,4.460976296191408
16940,0.0014028556124822949,0.0014615145458780098,0.8597144387517703,0.00827471031194881,0.0070932992469687015,0.8345057937610236,0.016082570724068955,0.007465962976908277,0.7319571545988507,0.00037940695622480853,0.00037940695622480853,4.4636112497036295
16950,0.0014005917492312201,0.0014618994026306925,0.8599408250768779,0.008262654517386066,0.007095348732044368,0.8347469096522785,0.01606583472532061,0.007468808096695497,0.7322360879113232,0.00037963092727334735,0.00037963092727334735,4.466246203215851
16960,0.0013983311489731934,0.001462283704674557,0.8601668851026805,0.008250613759501509,0.007097395660884742,0.8349877248099695,0.01604911167657578,0.007471651014982117,0.7325148053904036,0.0003798548983218862,0.0003798548983218862,4.468881156728073
16970,0.0013960738122759057,0.0014626674519130959,0.8603926187724092,0.00823858803701314,0.007099440033707766,0.8352282392597371,0.016032401573831352,0.007474491732448669,0.7327933071028107,0.0003800788693704251,0.0003800788693704251,4.471516110240295
16980,0.0013938197397070484,0.0014630506442498018,0.860618026029295,0.00822657734863895,0.0071014818507313775,0.8354684530272207,0.01601570441308422,0.007477330249775683,0.7330715931152629,0.0003803028404189639,0.0003803028404189639,4.474151063752516
16990,0.0013915689318343125,0.001463433281588167,0.8608431068165686,0.00821458169309694,0.007103521112173519,0.835708366138061,0.01599902019033125,0.007480166567643687,0.733349663494479,0.00038052681146750274,0.00038052681146750274,4.476786017264738
17000,0.00138932138922539,0.0014638153638316836,0.8610678610774608,0.008202601069105104,0.007105557818252131,0.8359479786178977,0.01598234890156934,0.007483000686733212,0.7336275183071777,0.0003807507825160416,0.0003807507825160416,4.479420970776959
17010,0.0013870771124479724,0.0014641968908838446,0.8612922887552026,0.008190635475381439,0.007107591969185155,0.8361872904923711,0.015965690542795372,0.007485832607724786,0.733905157620077,0.0003809747535645805,0.0003809747535645805,4.482055924289182
17020,0.0013848361020697504,0.0014645778626481425,0.8615163897930249,0.00817868491064394,0.00710962356519053,0.836426301787121,0.01594904511000623,0.007488662331298941,0.7341825814998961,0.0003811987246131193,0.0003811987246131193,4.484690877801404
17030,0.0013825983586584155,0.0014649582790280692,0.8617401641341583,0.008166749373610603,0.007111652606486197,0.8366650125277877,0.015932412599198795,0.007491489858136205,0.7344597900133534,0.00038142269566165813,0.00038142269566165813,4.487325831313624
17040,0.0013803638827816597,0.0014653381399271177,0.8619636117218339,0.008154828862999428,0.0071136790932900965,0.8369034227400112,0.01591579300636995,0.007494315188917107,0.7347367832271673,0.000381646666710197,0.000381646666710197,4.489960784825847
17050,0.0013781326750071736,0.0014657174452487804,0.8621867324992825,0.008142923377528404,0.00711570302582017,0.8371415324494316,0.015899186327516586,0.007497138324322181,0.7350135612080569,0.0003818706377587359,0.0003818706377587359,4.492595738338069
17060,0.0013759047359026492,0.0014660961948965495,0.8624095264097348,0.008131032915915534,0.007117724404294358,0.837379341681689,0.015882592558635583,0.007499959265031951,0.7352901240227403,0.0003820946088072747,0.0003820946088072747,4.49523069185029
17070,0.0013736800660357777,0.0014664743887739177,0.8626319933964222,0.008119157476878814,0.0071197432289306015,0.8376168504624235,0.015866011695723825,0.007502778011726949,0.7355664717379362,0.0003823185798558135,0.0003823185798558135,4.497865645362512
17080,0.0013714586659742505,0.0014668520267843775,0.862854133402575,0.008107297059136237,0.007121759499946839,0.837854058817275,0.015849443734778194,0.007505594565087706,0.7358426044203633,0.0003825425509043524,0.0003825425509043524,4.5005005988747335
17090,0.0013692405362857583,0.0014672291088314209,0.8630759463714239,0.008095451661405798,0.007123773217561013,0.8380909667718838,0.015832888671795584,0.00750840892579475,0.7361185221367401,0.00038276652195289127,0.00038276652195289127,4.503135552386956
17100,0.0013670256775379936,0.001467605634818541,0.8632974322462004,0.0080836212824055,0.007125784381991064,0.8383275743518898,0.015816346502772867,0.007511221094528612,0.7363942249537855,0.0003829904930014301,0.0003829904930014301,4.505770505899177
17110,0.001364814090298647,0.00146798160464923,0.8635185909701352,0.008071805920853332,0.007127792993454933,0.8385638815829332,0.015799817223706936,0.00751403107196982,0.7366697129382176,0.0003832144640499689,0.0003832144640499689,4.5084054594113985
17120,0.0013626057751354103,0.0014683570182269803,0.8637394224864589,0.008060005575467294,0.00712979905217056,0.8387998884906539,0.015783300830594673,0.007516838858798905,0.7369449861567554,0.0003834384350985078,0.0003834384350985078,4.511040412923621
17130,0.0013604007326159743,0.0014687318754552843,0.8639599267384025,0.00804822024496538,0.0071318025583558846,0.8390355951006921,0.01576679731943296,0.007519644455696397,0.7372200446761173,0.00038366240614704666,0.00038366240614704666,4.513675366435843
17140,0.001358198963308031,0.0014691061762376347,0.8641801036691967,0.00803644992806559,0.007133803512228849,0.8392710014386879,0.015750306686218678,0.007522447863342824,0.7374948885630219,0.0003838863771955855,0.0003838863771955855,4.516310319948064
17150,0.0013560004677792715,0.0014694799204775237,0.8643999532220727,0.008024694623485916,0.007135801914007394,0.8395061075302815,0.015733828926948717,0.007525249082418717,0.737769517884188,0.00038411034824412435,0.00038411034824412435,4.518945273460286
17160,0.0013538052465973875,0.0014698531080784441,0.8646194753402612,0.008012954329944356,0.007137797763909459,0.8397409134011126,0.015717364037619967,0.007528048113604606,0.7380439327063338,0.0003843343192926632,0.0003843343192926632,4.521580226972508
17170,0.00135161330033007,0.001470225738943888,0.8648386699669929,0.008001229046158909,0.007139791062152985,0.8399754190768217,0.015700912014229303,0.007530844957581019,0.7383181330961783,0.00038455829034120205,0.00038455829034120205,4.524215180484729
17180,0.0013494246295450102,0.0014705978129773481,0.8650575370454988,0.007989518770847567,0.007141781808955913,0.8402096245830485,0.015684472852773607,0.007533639615028487,0.73859211912044,0.00038478226138974087,0.00038478226138974087,4.526850133996951
17190,0.0013472392348099001,0.0014709693300823169,0.8652760765190098,0.007977823502728326,0.007143770004536184,0.8404435299454333,0.01566804654924977,0.007536432086627539,0.7388658908458372,0.0003850062324382797,0.0003850062324382797,4.529485087509173
17200,0.0013450571166924307,0.0014713402901622866,0.8654942883307567,0.007966143240519186,0.007145755649111738,0.8406771351896161,0.01565163309965467,0.007539222373058705,0.7391394483390887,0.00038523020348681856,0.00038523020348681856,4.532120041021394
17210,0.0013428782757602938,0.00147171069312075,0.8657121724239705,0.007954477982938142,0.007147738742900515,0.840910440341237,0.015635232499985198,0.007542010475002516,0.7394127916669132,0.00038545417453535744,0.00038545417453535744,4.534754994533617
17220,0.0013407027125811799,0.0014720805388611993,0.8659297287418818,0.007942827728703188,0.007149719286120458,0.841143445425936,0.015618844746238232,0.0075447963931395,0.7396859208960294,0.00038567814558389626,0.00038567814558389626,4.537389948045838
17230,0.001338530427722781,0.001472449827287127,0.8661469572277217,0.00793119247653232,0.0071516972789895045,0.8413761504693533,0.015602469834410665,0.0075475801281501866,0.7399588360931555,0.00038590211663243513,0.00038590211663243513,4.54002490155806
17240,0.0013363614217527882,0.001472818558302026,0.866363857824721,0.007919572225143542,0.0071536727217255975,0.841608555497129,0.015586107760499375,0.007550361680715106,0.7402315373250103,0.00038612608768097395,0.00038612608768097395,4.542659855070282
17250,0.0013341956952388932,0.001473186731809388,0.8665804304761104,0.007907966973254842,0.007155645614546676,0.8418406605349029,0.015569758520501244,0.007553141051514788,0.7405040246583126,0.00038635005872951283,0.00038635005872951283,4.545294808582503
17260,0.0013320332487487875,0.001473554347712706,0.866796675125121,0.007896376719584217,0.007157615957670682,0.8420724656083154,0.01555342211041316,0.007555918241229763,0.7407762981597806,0.00038657402977805165,0.00038657402977805165,4.547929762094725
17270,0.001329874082850162,0.0014739214059154725,0.8670125917149837,0.007884801462849665,0.0071595837513155555,0.8423039707430063,0.015537098526232009,0.007558693250540559,0.7410483578961331,0.0003867980008265905,0.0003867980008265905,4.550564715606947
17280,0.001327718198110708,0.0014742879063211795,0.8672281801889289,0.007873241201769184,0.007161548995699238,0.842535175964616,0.015520787763954672,0.007561466080127706,0.7413202039340888,0.00038702197187512934,0.00038702197187512934,4.553199669119168
17290,0.0013255655950981176,0.0014746538488333199,0.867443440490188,0.007861695935060767,0.007163511691039669,0.8427660812987845,0.01550448981957803,0.007564236730671734,0.7415918363403661,0.0003872459429236682,0.0003872459429236682,4.555834622631391
17300,0.0013234162743800816,0.001475019233355386,0.8676583725619916,0.00785016566144241,0.007165471837554789,0.8429966867711515,0.015488204689098973,0.007567005202853174,0.7418632551816837,0.00038746991397220704,0.00038746991397220704,4.558469576143612
17310,0.0013212702365242915,0.0014753840597908703,0.8678729763475707,0.007838650379632113,0.0071674294354625405,0.8432269924073575,0.015471932368514385,0.007569771497352554,0.7421344605247602,0.0003876938850207459,0.0003876938850207459,4.561104529655834
17320,0.0013191274820984389,0.0014757483280432653,0.8680872517901559,0.00782715008834787,0.007169384484980862,0.8434569982330424,0.015455672853821148,0.007572535614850405,0.7424054524363142,0.00038791785606928473,0.00038791785606928473,4.563739483168056
17330,0.0013169880116702148,0.0014761120380160635,0.8683011988329784,0.007815664786307677,0.007171336986327694,0.8436867042738463,0.015439426141016144,0.0075752975560272546,0.7426762309830641,0.0003881418271178236,0.0003881418271178236,4.566374436680277
17340,0.0013148518258073105,0.001476475189612757,0.8685148174192687,0.00780419447222953,0.007173286939720979,0.8439161105554092,0.015423192226096264,0.007578057321563634,0.7429467962317288,0.00038836579816636243,0.00038836579816636243,4.569009390192499
17350,0.001312718925077418,0.0014768377827368388,0.868728107492258,0.0077927391448314245,0.007175234345378657,0.8441452171033713,0.015406971105058388,0.0075808149121400735,0.7432171482490268,0.0003885897692149013,0.0003885897692149013,4.571644343704721
17360,0.0013105893100482282,0.001477199817291801,0.868941068995177,0.007781298802831362,0.007177179203518668,0.8443740239433725,0.015390762773899398,0.007583570328437102,0.7434872871016766,0.0003888137402634401,0.0003888137402634401,4.574279297216942
17370,0.0013084629812874329,0.0014775612931811363,0.8691537018712566,0.007769873444947332,0.007179121514358953,0.8446025311010532,0.015374567228616182,0.007586323571135249,0.743757212856397,0.000389037711311979,0.000389037711311979,4.576914250729164
17380,0.0013063399393627227,0.0014779222103083372,0.8693660060637276,0.007758463069897333,0.0071810612781174525,0.8448307386020532,0.015358384465205625,0.007589074640915044,0.7440269255799062,0.0003892616823605178,0.0003892616823605178,4.579549204241386
17390,0.0013042201848417895,0.0014782825685768957,0.8695779815158209,0.007747067676399363,0.007182998495012108,0.8450586464720126,0.015342214479664605,0.007591823538457017,0.7442964253389232,0.0003894856534090567,0.0003894856534090567,4.582184157753608
17400,0.0013021037182923247,0.0014786423678903047,0.8697896281707673,0.007735687263171415,0.007184933165260858,0.8452862547365715,0.015326057267990013,0.007594570264441698,0.7445657122001664,0.00038970962445759557,0.00038970962445759557,4.58481911126583
17410,0.0012999905402820199,0.0014790016081520565,0.8700009459717978,0.007724321828931491,0.007186865289081646,0.8455135634213701,0.01530991282617873,0.007597314819549616,0.7448347862303545,0.0003899335955061344,0.0003899335955061344,4.5874540647780515
17420,0.001297880651378566,0.0014793602892656436,0.8702119348621432,0.007712971372397581,0.007188794866692411,0.8457405725520482,0.01529378115022764,0.007600057204461301,0.745103647496206,0.0003901575665546732,0.0003901575665546732,4.590089018290273
17430,0.0012957740521496548,0.0014797184111345586,0.8704225947850344,0.007701635892287685,0.007190721898311093,0.8459672821542461,0.01527766223613363,0.007602797419857282,0.7453722960644394,0.0003903815376032121,0.0003903815376032121,4.592723971802495
17440,0.0012936707431629771,0.0014800759736622938,0.8706329256837021,0.007690315387319797,0.007192646384155634,0.8461936922536039,0.015261556079893584,0.00760553546641809,0.7456407320017735,0.0003906055086517509,0.0003906055086517509,4.5953589253147165
17450,0.0012915707249862248,0.0014804329767523416,0.8708429275013774,0.007679009856211914,0.007194568324443974,0.8464198028757615,0.015245462677504382,0.007608271344824255,0.745908955374927,0.0003908294797002898,0.0003908294797002898,4.597993878826938
17460,0.0012894739981870892,0.0014807894203081946,0.8710526001812908,0.007667719297682033,0.0071964877193940536,0.8466456140463591,0.01522938202496291,0.007611005055756305,0.746176966250618,0.0003910534507488286,0.0003910534507488286,4.60062883233916
17470,0.0012873805633332618,0.0014811453042333454,0.8712619436666736,0.0076564437104481515,0.007198404569223814,0.8468711257910368,0.015213314118266055,0.00761373659989477,0.7464447646955658,0.0003912774217973675,0.0003912774217973675,4.603263785851381
17480,0.0012852904209924333,0.0014815006284312864,0.8714709579007566,0.007645183093228261,0.007200318874151195,0.8470963381354346,0.0151972589534107,0.007616465977920181,0.7467123507764882,0.00039150139284590635,0.00039150139284590635,4.605898739363604
17490,0.0012832035717322955,0.0014818553928055097,0.8716796428267704,0.007633937444740361,0.0072022306343941375,0.8473212511051925,0.015181216526393726,0.007619193190513067,0.7469797245601046,0.00039172536389444517,0.00039172536389444517,4.608533692875826
17500,0.0012811200161205402,0.001482209597259508,0.8718879983879458,0.0076227067637024476,0.007204139850170583,0.8475458647259508,0.01516518683321202,0.0076219182383539565,0.747246886113133,0.00039194933494298404,0.00039194933494298404,4.611168646388047
17510,0.0012790397547248584,0.001482563241696774,0.8720960245275141,0.007611491048832519,0.007206046521698471,0.8477701790233494,0.015149169869862467,0.0076246411221233806,0.7475138355022922,0.00039217330599152286,0.00039217330599152286,4.613803599900269
17520,0.0012769627881129414,0.0014829163260208,0.8723037211887057,0.007600290298848568,0.007207950649195743,0.8479941940230284,0.015133165632341952,0.007627361842501868,0.7477805727943008,0.00039239727704006174,0.00039239727704006174,4.6164385534124905
17530,0.0012748891168524808,0.0014832688501350783,0.8725110883147519,0.007589104512468593,0.007209852232880338,0.8482179097506279,0.015117174116647356,0.007630080400169949,0.7480470980558773,0.00039262124808860056,0.00039262124808860056,4.619073506924712
17540,0.0012728187415111674,0.0014836208139431015,0.8727181258488831,0.007577933688410588,0.007211751272970199,0.848441326231788,0.015101195318775563,0.007632796795808154,0.7483134113537405,0.0003928452191371394,0.0003928452191371394,4.621708460436934
17550,0.0012707516626566935,0.001483972217348362,0.8729248337343305,0.007566777825392552,0.007213647769683265,0.8486644434921488,0.01508522923472346,0.007635511030097012,0.748579512754609,0.00039306919018567826,0.00039306919018567826,4.6243434139491555
17560,0.0012686878808567496,0.0014843230602543524,0.8731312119143249,0.007555636922132478,0.0072155417232374775,0.8488872615573502,0.01506927586048793,0.007638223103717052,0.7488454023252011,0.00039329316123421713,0.00039329316123421713,4.626978367461378
17570,0.0012666273966790277,0.0014846733425645652,0.8733372603320971,0.007544510977348365,0.0072174331338507765,0.8491097804530323,0.015053335192065857,0.007640933017348804,0.7491110801322356,0.00039351713228275595,0.00039351713228275595,4.629613320973599
17580,0.0012645702106912193,0.0014850230641824927,0.873542978930878,0.007533399989758209,0.007219322001741104,0.8493320002048356,0.015037407225454127,0.007643640771672799,0.7493765462424312,0.0003937411033312948,0.0003937411033312948,4.632248274485821
17590,0.001262516323461015,0.0014853722250116274,0.8737483676538983,0.007522303958080008,0.007221208327126398,0.8495539208383996,0.015021491956649622,0.007646346367369564,0.7496418007225062,0.00039396507437983365,0.00039396507437983365,4.634883227998043
17600,0.0012604657355561066,0.0014857208249554619,0.8739534264443892,0.0075112228810317525,0.0072230921102246015,0.8497755423793647,0.01500558938164923,0.0076490498051196305,0.7499068436391795,0.0003941890454283725,0.0003941890454283725,4.637518181510265
17610,0.0012584184475441858,0.0014860688639174884,0.8741581552455813,0.007500156757331443,0.007224973351253654,0.8499968648533709,0.014989699496449826,0.0076517510856035295,0.7501716750591695,0.00039441301647691134,0.00039441301647691134,4.640153135022486
17620,0.0012563744599929437,0.0014864163418011995,0.8743625540007055,0.007489105585697075,0.007226852050431496,0.8502178882860583,0.014973822297048304,0.007654450209501788,0.7504362950491948,0.0003946369875254502,0.0003946369875254502,4.642788088534708
17630,0.0012543337734700712,0.0014867632585100878,0.8745666226529928,0.0074780693648466455,0.00722872820797607,0.850438612703067,0.014957957779441545,0.007657147177494937,0.7507007036759742,0.00039486095857398904,0.00039486095857398904,4.64542304204693
17640,0.0012522963885432607,0.0014871096139476457,0.8747703611456739,0.007467048093498149,0.007230601824105314,0.8506590381300367,0.014942105939626435,0.007659841990263506,0.750964901006226,0.0003950849296225279,0.0003950849296225279,4.648057995559151
17650,0.0012502623057802026,0.0014874554080173655,0.8749737694219797,0.007456041770369582,0.0072324728990371704,0.850879164592608,0.014926266773599851,0.007662534648488025,0.7512288871066691,0.0003953089006710668,0.0003953089006710668,4.650692949071374
17660,0.001248231525748589,0.0014878006406227398,0.875176847425141,0.007445050394178942,0.007234341432989579,0.8510989921164209,0.014910440277358687,0.007665225152849023,0.7514926620440218,0.0003955328717196056,0.0003955328717196056,4.653327902583595
17670,0.001246204049016111,0.0014881453116672612,0.8753795950983888,0.007434073963644225,0.007236207426180481,0.8513185207271153,0.014894626446899822,0.00766791350402703,0.7517562258850029,0.0003957568427681445,0.0003957568427681445,4.655962856095817
17680,0.0012441798761504597,0.0014884894210544218,0.8755820123849538,0.007423112477483428,0.007238070878827817,0.8515377504503312,0.01487882527822014,0.007670599702702576,0.752019578696331,0.0003959808138166833,0.0003959808138166833,4.658597809608039
17690,0.0012421590077193268,0.0014888329686877143,0.8757840992280671,0.007412165934414544,0.007239931791149527,0.8517566813117089,0.014863036767316526,0.00767328374955619,0.7522827205447246,0.0003962047848652221,0.0003962047848652221,4.6612327631202595
17700,0.0012401414442904037,0.0014891759544706314,0.8759858555709594,0.007401234333155572,0.0072417901633635515,0.8519753133368883,0.014847260910185865,0.007675965645268403,0.7525456514969022,0.000396428755913761,0.000396428755913761,4.663867716632482
17710,0.0012381271864313815,0.001489518378306665,0.8761872813568617,0.007390317672424509,0.007243645995687833,0.8521936465515096,0.01483149770282504,0.007678645390519743,0.7528083716195827,0.0003966527269622998,0.0003966527269622998,4.666502670144704
17720,0.0012361162347099522,0.001489860240099308,0.8763883765290047,0.0073794159509393475,0.007245499288340311,0.8524116809812129,0.014815747141230937,0.00768132298599074,0.7530708809794844,0.0003968766980108387,0.0003968766980108387,4.669137623656925
17730,0.0012341085896938064,0.001490201539752053,0.8765891410306192,0.007368529167418086,0.007247350041538925,0.852629416651638,0.014800009221400437,0.007683998432361925,0.7533331796433259,0.00039710066905937756,0.00039710066905937756,4.671772577169148
17740,0.0012321042519506358,0.0014905422771683918,0.8767895748049364,0.0073576573205787225,0.0072491982555016165,0.8528468535884253,0.014784283939330426,0.007686671730313827,0.7535952676778261,0.0003973246401079164,0.0003973246401079164,4.674407530681369
17750,0.0012301032220481318,0.0014908824522518174,0.8769896777951867,0.007346800409139251,0.007251043930446326,0.8530639918172147,0.014768571291017794,0.007689342880526974,0.7538571451497033,0.00039754861115645526,0.00039754861115645526,4.677042484193591
17760,0.0012281055005539862,0.0014912220649058222,0.8771894499446012,0.007335958431817669,0.007252887066590996,0.8532808313636464,0.014752871272459417,0.007692011883681899,0.7541188121256762,0.0003977725822049941,0.0003977725822049941,4.679677437705813
17770,0.00122611108803589,0.0014915611150338988,0.877388891196411,0.007325131387331972,0.0072547276641535645,0.8534973722533603,0.014737183879652178,0.007694678740459129,0.7543802686724635,0.00039799655325353295,0.00039799655325353295,4.682312391218034
17780,0.0012241199850615344,0.0014918996025395392,0.8775880014938464,0.007314319274400156,0.007256565723351973,0.8537136145119967,0.01472150910859297,0.007697343451539195,0.7546415148567837,0.0003982205243020718,0.0003982205243020718,4.684947344730256
17790,0.0012221321921986102,0.001492237527326236,0.8777867807801388,0.007303522091740217,0.007258401244404163,0.8539295581651954,0.014705846955278672,0.007700006017602626,0.7549025507453554,0.0003984444953506106,0.0003984444953506106,4.687582298242477
17800,0.0012201477100148104,0.0014925748892974822,0.8779852289985188,0.007292739838070152,0.007260234227528074,0.8541452032385968,0.014690197415706166,0.007702666439329951,0.7551633764048973,0.00039866846639914947,0.00039866846639914947,4.690217251754699
17810,0.0012181665390778253,0.0014929116883567696,0.8781833460922173,0.007281972512107958,0.007262064672941646,0.8543605497578406,0.01467456048587234,0.007705324717401702,0.7554239919021275,0.0003988924374476883,0.0003988924374476883,4.692852205266921
17820,0.0012161886799553464,0.0014932479244075911,0.8783811320044652,0.007271220112571629,0.007263892580862822,0.8545755977485672,0.014658936161774078,0.007707980852498407,0.7556843973037654,0.00039911640849622717,0.00039911640849622717,4.695487158779143
17830,0.001214214133215065,0.0014935835973534388,0.8785785866784933,0.007260482638179164,0.007265717951509542,0.8547903472364166,0.014643324439408262,0.007710634845300595,0.7559445926765289,0.00039934037954476604,0.00039934037954476604,4.698122112291365
17840,0.0012122428994246724,0.0014939187070978056,0.8787757100575326,0.007249760087648556,0.007267540785099745,0.8550047982470287,0.01462772531477178,0.007713286696488797,0.7562045780871369,0.00039956435059330486,0.00039956435059330486,4.700757065803586
17850,0.0012102749791518608,0.0014942532535441836,0.8789725020848137,0.007239052459697803,0.007269361081851373,0.8552189508060437,0.014612138783861512,0.007715936406743543,0.756464353602308,0.00039978832164184374,0.00039978832164184374,4.7033920193158085
17860,0.0012083103729643209,0.0014945872365960654,0.8791689627035678,0.007228359753044903,0.0072711788419823654,0.8554328049391017,0.014596564842674346,0.007718583976745361,0.7567239192887609,0.00040001229269038256,0.00040001229269038256,4.706026972828029
17870,0.001206349081429744,0.0014949206561569433,0.8793650918570254,0.00721768196640785,0.007272994065710665,0.8556463606718429,0.014581003487207162,0.007721229407174782,0.756983275213214,0.00040023626373892143,0.00040023626373892143,4.708661926340252
17880,0.0012043911051158218,0.0014952535121303102,0.8795608894884176,0.007207019098504642,0.007274806753254211,0.8558596180299071,0.01456545471345685,0.007723872698712336,0.7572424214423858,0.00040046023478746025,0.00040046023478746025,4.7112968798524735
17890,0.0012024364445902453,0.0014955858044196583,0.8797563555409753,0.007196371148053271,0.007276616904830943,0.8560725770389344,0.014549918517420287,0.007726513852038551,0.7575013580429952,0.0004006842058359991,0.0004006842058359991,4.713931833364695
17900,0.0012004851004207059,0.0014959175329284798,0.8799514899579292,0.007185738113771737,0.007278424520658805,0.8562852377245651,0.014534394895094362,0.007729152867833959,0.7577600850817607,0.000400908176884538,0.000400908176884538,4.716566786876918
17910,0.0011985370731748956,0.0014962486975602677,0.8801462926825103,0.007175119994378035,0.007280229600955733,0.856497600112439,0.014518883842475959,0.007731789746779087,0.7580186026254007,0.0004011321479330768,0.0004011321479330768,4.719201740389138
17920,0.0011965923634205053,0.0014965792982185142,0.8803407636579494,0.007164516788590165,0.007282032145939671,0.8567096642281965,0.01450338535556196,0.007734424489554467,0.7582769107406339,0.00040135611898161564,0.00040135611898161564,4.72183669390136
17930,0.0011946509717252263,0.0014969093348067115,0.8805349028274772,0.007153928495126116,0.007283832155828559,0.8569214300974773,0.014487899430349253,0.007737057096840626,0.758535009494179,0.0004015800900301545,0.0004015800900301545,4.724471647413583
17940,0.00119271289865675,0.0014972388072283524,0.8807287101343249,0.007143355112703892,0.0072856296308403375,0.8571328977459219,0.01447242606283472,0.007739687569318098,0.7587928989527547,0.00040180406107869334,0.00040180406107869334,4.727106600925803
17950,0.0011907781447827682,0.0014975677153869294,0.8809221855217231,0.007132796640041484,0.007287424571192947,0.85734406719917,0.014456965249015243,0.007742315907667408,0.7590505791830792,0.0004020280321272322,0.0004020280321272322,4.729741554438026
17960,0.001188846710670972,0.0014978960591859347,0.8811153289329026,0.007122253075856889,0.007289216977104328,0.857554938482862,0.014441516984887711,0.007744942112569089,0.7593080502518714,0.00040225200317577103,0.00040225200317577103,4.732376507950247
17970,0.0011869185968890529,0.001498223838528861,0.8813081403110946,0.007111724418868103,0.007291006848792421,0.8577655116226376,0.014426081266449006,0.007747566184703669,0.7595653122258499,0.00040247597422430985,0.00040247597422430985,4.735011461462468
17980,0.0011849938040047019,0.0014985510533192007,0.8815006195995297,0.007101210667793125,0.007292794186475168,0.8579757866441373,0.014410658089696007,0.0077501881247516785,0.7598223651717331,0.0004026999452728487,0.0004026999452728487,4.737646414974691
17990,0.0011830723325856102,0.0014988777034604462,0.8816927667414388,0.007090711821349949,0.007294578990370508,0.8581857635730008,0.014395247450625604,0.007752807933393647,0.7600792091562398,0.0004029239163213876,0.0004029239163213876,4.7402813684869125
18000,0.0011811541831994697,0.00149920378885609,0.8818845816800528,0.007080227878256573,0.007296361260696382,0.8583954424348684,0.014379849345234685,0.007755425611310103,0.7603358442460886,0.0004031478873699264,0.0004031478873699264,4.742916321999134
18010,0.0011792393564139722,0.0014995293094096245,0.8820760643586026,0.00706975883723099,0.007298140997670731,0.8586048232553799,0.014364463769520129,0.007758041159181578,0.7605922705079978,0.00040337185841846524,0.00040337185841846524,4.745551275511356
18020,0.0011773278527968084,0.0014998542650245424,0.8822672147203189,0.0070593046969912,0.007299918201511496,0.8588139060601758,0.014349090719478815,0.007760654577688601,0.7608484880086863,0.00040359582946700417,0.00040359582946700417,4.748186229023578
18030,0.0011754196729156698,0.001500178655604336,0.8824580327084328,0.0070488654562551965,0.007301692872436616,0.8590226908748958,0.01433373019110764,0.0077632658675117015,0.7611044968148727,0.000403819800515543,0.000403819800515543,4.7508211825358
18040,0.0011735148173382477,0.0015005024810524977,0.882648518266175,0.007038441113740974,0.007303465010664034,0.8592311777251803,0.014318382180403478,0.007765875029331409,0.7613602969932753,0.0004040437715640818,0.0004040437715640818,4.753456136048021
18050,0.0011716132866322335,0.0015008257412725203,0.8828386713367765,0.007028031668166535,0.007305234616411688,0.859439366636669,0.014303046683363217,0.007768482063828253,0.761615888610613,0.00040426774261262063,0.00040426774261262063,4.756091089560242
18060,0.0011697150813653192,0.0015011484361678957,0.883028491863468,0.007017637118249872,0.0073070016898975215,0.8596472576350024,0.01428772369598374,0.007771086971682764,0.7618712717336042,0.0004044917136611595,0.0004044917136611595,4.758726043072464
18070,0.0011678202021051954,0.0015014705656421167,0.8832179797894802,0.00700725746270898,0.007308766231339473,0.8598548507458202,0.014272413214261934,0.007773689753575471,0.7621264464289678,0.0004047156847096984,0.0004047156847096984,4.761360996584687
18080,0.0011659286494195534,0.0015017921295986758,0.8834071350580445,0.0069968927002618565,0.007310528240955483,0.8600621459947626,0.014257115234194678,0.007776290410186904,0.7623814127634219,0.0004049396557582372,0.0004049396557582372,4.763995950096908
18090,0.0011640404238760847,0.0015021131279410655,0.8835959576123914,0.0069865428296264995,0.007312287718963494,0.8602691434074698,0.014241829751778859,0.007778888942197594,0.7626361708036856,0.000405163626806776,0.000405163626806776,4.766630903609129
18100,0.0011621555260424817,0.0015024335605727782,0.8837844473957518,0.0069762078495209014,0.0073140446655814454,0.8604758430095816,0.014226556763011365,0.007781485350288067,0.7628907206164771,0.00040538759785531495,0.00040538759785531495,4.769265857121352
18110,0.0011602739564864342,0.001502753427397306,0.8839726043513564,0.006965887758663063,0.007315799081027278,0.8606822448267385,0.014211296263889077,0.007784079635138857,0.7631450622685153,0.00040561156890385377,0.00040561156890385377,4.771900810633573
18120,0.001158395715775635,0.001503072728318142,0.8841604284224364,0.006955582555770978,0.007317550965518933,0.8608883488845802,0.014196048250408877,0.007786671797430491,0.7633991958265187,0.0004058355399523926,0.0004058355399523926,4.774535764145795
18130,0.0011565208044777746,0.0015033914632387783,0.8843479195522224,0.006945292239562641,0.00731930031927435,0.8610941552087469,0.014180812718567653,0.007789261837843499,0.7636531213572058,0.0004060595110009314,0.0004060595110009314,4.7771707176580165
18140,0.0011546492231605443,0.0015037096320627073,0.8845350776839453,0.006935016808756052,0.00732104714251147,0.8612996638248788,0.014165589664362287,0.007791849757058411,0.763906838927295,0.00040628348204947034,0.00040628348204947034,4.779805671170239
18150,0.001152780972391636,0.0015040272346934216,0.8847219027608362,0.006924756262069204,0.007322791435448235,0.8615048747586158,0.014150379083789662,0.007794435555755757,0.7641603486035056,0.00040650745309800916,0.00040650745309800916,4.782440624682461
18160,0.001150916052738741,0.001504344271034414,0.8849083947261258,0.0069145105982200954,0.007324533198302583,0.8617097880355978,0.014135180972846665,0.007797019234616067,0.7644136504525555,0.000406731424146548,0.000406731424146548,4.785075578194681
18170,0.0011490544647695506,0.0015046607409891764,0.8850945535230448,0.006904279815926721,0.007326272431292457,0.8619144036814653,0.014119995327530182,0.007799600794319869,0.7646667445411636,0.00040695539519508686,0.00040695539519508686,4.787710531706904
18180,0.001147196209051756,0.0015049766444612013,0.8852803790948242,0.006894063913907079,0.0073280091346357955,0.8621187217218582,0.014104822143837093,0.007802180235547695,0.7649196309360485,0.00040717936624362573,0.00040717936624362573,4.790345485219126
18190,0.0011453412861530488,0.0015052919813539818,0.8854658713846951,0.006883862890879165,0.0073297433085505416,0.8623227421824166,0.014089661417764283,0.007804757558980071,0.7651723097039286,0.00040740333729216455,0.00040740333729216455,4.792980438731347
18200,0.00114348969664112,0.0015056067515710095,0.8856510303358879,0.006873676745560971,0.007331474953254634,0.8625264650887804,0.014074513145308637,0.007807332765297532,0.7654247809115227,0.00040762730834070337,0.00040762730834070337,4.795615392243569
18210,0.0011416414410836614,0.0015059209550157774,0.8858358558916336,0.006863505476670499,0.007333204068966015,0.8627298904665899,0.01405937732246704,0.007809905855180602,0.7656770446255492,0.0004078512793892422,0.0004078512793892422,4.798250345755791
18220,0.0011397965200483642,0.001506234591591778,0.8860203479951634,0.006853349082925746,0.007334930655902623,0.862933018341485,0.014044253945236375,0.007812476829309816,0.765929100912727,0.0004080752504377811,0.0004080752504377811,4.800885299268013
18230,0.00113795493410292,0.0015065476612025036,0.886204506589708,0.0068432075630447,0.0073366547142824,0.8631358487391058,0.014029143009613528,0.007815045688365701,0.7661809498397746,0.00040829922148631994,0.00040829922148631994,4.803520252780234
18240,0.0011361166838150195,0.0015068601637514465,0.8863883316184978,0.006833080915745365,0.007338376244323287,0.8633383816850925,0.01401404451159538,0.007817612433028785,0.7664325914734103,0.00040852319253485876,0.00040852319253485876,4.8061552062924555
18250,0.001134281769752355,0.0015071720991420995,0.8865718230247643,0.006822969139745736,0.007340095246243224,0.863540617205085,0.013998958447178817,0.0078201770639796,0.766684025880353,0.00040874716358339764,0.00040874716358339764,4.808790159804678
18260,0.0011324501924826174,0.001507483467277955,0.8867549807517382,0.006812872233763806,0.007341811720260152,0.8637425553247237,0.013983884812360724,0.007822739581898677,0.7669352531273212,0.0004089711346319365,0.0004089711346319365,4.8114251133169
18270,0.0011306219525734984,0.0015077942680625052,0.88693780474265,0.006802790196517574,0.007343525666592012,0.8639441960696482,0.013968823603137984,0.007825299987466542,0.7671862732810334,0.00040919510568047533,0.00040919510568047533,4.814060066829121
18280,0.0011287970505926889,0.0015081045013992428,0.8871202949407309,0.006792723026725036,0.007345237085456743,0.864145539465499,0.013953774815507485,0.007827858281363727,0.7674370864082086,0.00040941907672901415,0.00040941907672901415,4.816695020341343
18290,0.0011269754871078804,0.0015084141671916603,0.8873024512892118,0.006782670723104189,0.007346945977072287,0.864346585537916,0.013938738445466104,0.007830414464270762,0.7676876925755648,0.000409643047777553,0.000409643047777553,4.819329973853565
18300,0.0011251572626867646,0.00150872326534325,0.8874842737313234,0.006772633284373025,0.007348652341656585,0.8645473343125392,0.013923714489010731,0.007832968536868176,0.7679380918498212,0.0004098670188260919,0.0004098670188260919,4.821964927365786
18310,0.0011233423778970325,0.0015090317957575045,0.8876657622102966,0.006762610709249547,0.007350356179427577,0.8647477858150089,0.01390870294213825,0.007835520499836497,0.7681882842976958,0.0004100909898746307,0.0004100909898746307,4.824599880878008
18320,0.0011215308333063756,0.001509339758337916,0.8878469166693622,0.006752602996451744,0.0073520574906032025,0.8649479400709649,0.01389370380084554,0.007838070353856258,0.7684382699859075,0.00041031496092316954,0.00041031496092316954,4.82723483439023
18330,0.001119722629482485,0.0015096471529879776,0.8880277370517514,0.006742610144697615,0.007353756275401405,0.8651477971060475,0.01387871706112949,0.007840618099607986,0.768688048981175,0.0004105389319717084,0.0004105389319717084,4.829869787902451
18340,0.001117917766993053,0.0015099539796111809,0.8882082233006945,0.0067326321527051616,0.007355452534040122,0.8653473569458966,0.013863742718986986,0.007843163737772212,0.7689376213502167,0.0004107629030202473,0.0004107629030202473,4.832504741414674
18350,0.00111611624640577,0.001510260238111019,0.8883883753594228,0.006722669019192374,0.0073571462667372965,0.8655466196161524,0.013848780770414909,0.007845707269029466,0.7691869871597515,0.0004109868740687861,0.0004109868740687861,4.835139694926895
18360,0.0011143180682883277,0.0015105659283909843,0.8885681931711671,0.006712720742877248,0.007358837473710867,0.8657455851424549,0.01383383121141014,0.007848248694060277,0.7694361464764976,0.00041121084511732493,0.00041121084511732493,4.837774648439116
18370,0.0011125232332084177,0.001510871050354569,0.8887476766791581,0.006702787322477782,0.007360526155178777,0.8659442535504442,0.013818894037969572,0.007850788013545173,0.7696850993671738,0.0004114348161658638,0.0004114348161658638,4.840409601951339
18380,0.0011107317417337317,0.0015111756039052657,0.8889268258266267,0.006692868756711974,0.007362212311358965,0.8661426248657604,0.013803969246090082,0.007853325228164686,0.7699338458984987,0.0004116587872144027,0.0004116587872144027,4.84304455546356
18390,0.0011089435944319594,0.001511479588946567,0.8891056405568039,0.006682965044297816,0.00736389594246937,0.8663406991140434,0.013789056831768554,0.007855860338599346,0.7701823861371908,0.0004118827582629415,0.0004118827582629415,4.845679508975782
18400,0.001107158791870794,0.0015117830053819649,0.8892841208129205,0.0066730761839533075,0.007365577048727937,0.8665384763209336,0.01377415679100188,0.00785839334552968,0.7704307201499685,0.0004121067293114803,0.0004121067293114803,4.848314462488004
18410,0.0011053773346179265,0.0015120858531149524,0.8894622665382071,0.0066632021743964435,0.007367255630352604,0.8667359565120709,0.013759269119786937,0.007860924249636221,0.7706788480035511,0.0004123307003600192,0.0004123307003600192,4.850949416000225
18420,0.0011035992232410476,0.0015123881320490218,0.8896400776758951,0.00665334301434522,0.007368931687561312,0.8669331397130954,0.013744393814120607,0.007863453051599497,0.7709267697646566,0.00041255467140855807,0.00041255467140855807,4.853584369512448
18430,0.0011018244583078495,0.0015126898420876654,0.8898175541692149,0.006643498702517634,0.007370605220572001,0.867130025949647,0.013729530869999779,0.007865979752100037,0.7711744855000036,0.0004127786424570969,0.0004127786424570969,4.856219323024669
18440,0.0011000530403860232,0.001512990983134376,0.8899946959613976,0.0066336692376316835,0.0073722762296026135,0.8673266152473662,0.01371468028342134,0.007868504351818371,0.771421995276311,0.00041300261350563577,0.00041300261350563577,4.858854276536891
18450,0.0010982849700432596,0.0015132915550926458,0.8901715029956739,0.00662385461840536,0.007373944714871088,0.8675229076318925,0.013699842050382171,0.007871026851435032,0.7716692991602973,0.0004132265845541746,0.0004132265845541746,4.861489230049113
18460,0.001096520247847251,0.0015135915578659673,0.8903479752152748,0.006614054843556665,0.007375610676595366,0.8677189031288665,0.013685016166879152,0.007873547251630544,0.7719163972186808,0.00041345055560271346,0.00041345055560271346,4.8641241835613345
18470,0.0010947588743656879,0.001513890991357833,0.890524112563431,0.006604269911803592,0.0073772741149933894,0.867914601763928,0.013670202628909176,0.00787606555308544,0.7721632895181804,0.0004136745266512523,0.0004136745266512523,4.866759137073556
18480,0.0010930008501662625,0.0015141898554717353,0.8906999149833735,0.006594499821864134,0.007378935030283097,0.8681100035627172,0.01365540143246912,0.007878581756480249,0.7724099761255145,0.0004138984976997911,0.0004138984976997911,4.869394090585778
18490,0.0010912461758166652,0.0015144881501111668,0.8908753824183333,0.0065847445724562925,0.007380593422682429,0.8683051085508738,0.01364061257355587,0.007881095862495502,0.772656457107402,0.00041412246874833,0.00041412246874833,4.872029044097999
18500,0.0010894948518845884,0.0015147858751796198,0.891050514811541,0.006575004162298063,0.007382249292409328,0.8684999167540385,0.013625836048166312,0.007883607871811726,0.7729027325305614,0.00041434643979686885,0.00041434643979686885,4.874663997610221
18510,0.0010877468789377233,0.001515083030580587,0.8912253121062276,0.006565278590107441,0.007383902639681734,0.8686944281978509,0.013611071852297329,0.007886117785109455,0.7731488024617112,0.00041457041084540767,0.00041457041084540767,4.877298951122443
18520,0.0010860022575437606,0.0015153796162175608,0.8913997742456238,0.006555567854602422,0.007385553464717588,0.8688886429079513,0.013596319981945805,0.007888625603069212,0.7733946669675699,0.00041479438189394655,0.00041479438189394655,4.879933904634665
18530,0.0010842609882703927,0.0015156756319940332,0.8915739011729606,0.006545871954501001,0.007387201767734829,0.8690825609099797,0.013581580433108625,0.007891131326371533,0.7736403261148561,0.00041501835294248537,0.00041501835294248537,4.882568858146886
18540,0.0010825230716853091,0.0015159710778134973,0.8917476928314688,0.0065361908885211775,0.0073888475489513996,0.8692761822295763,0.013566853201782672,0.007893634955696945,0.7738857799702887,0.00041524232399102424,0.00041524232399102424,4.8852038116591086
18550,0.0010807885083562038,0.0015162659535794454,0.8919211491643795,0.0065265246553809445,0.007390490808585238,0.8694695068923808,0.013552138283964834,0.007896136491725977,0.774131028600586,0.00041546629503956306,0.00041546629503956306,4.88783876517133
18560,0.001079057298850766,0.0015165602591953697,0.8920942701149233,0.006516873253798303,0.007392131546854288,0.8696625349240338,0.013537435675651988,0.007898635935139162,0.7743760720724667,0.0004156902660881019,0.0004156902660881019,4.890473718683551
18570,0.0010773294437366884,0.0015168539945647629,0.8922670556263309,0.006507236682491244,0.007393769763976488,0.8698552663501748,0.013522745372841026,0.007901133286617025,0.7746209104526495,0.00041591423713664076,0.00041591423713664076,4.8931086721957735
18580,0.001075604943581662,0.0015171471595911174,0.8924395056418336,0.006497614940177766,0.00739540546016978,0.8700477011964445,0.01350806737152883,0.007903628546840099,0.7748655438078528,0.00041613820818517963,0.00041613820818517963,4.895743625707995
18590,0.0010738837989533775,0.0015174397541779258,0.8926116201046622,0.006488008025575866,0.007397038635652102,0.8702398394884824,0.01349340166771228,0.007906121716488912,0.7751099722047952,0.00041636217923371845,0.00041636217923371845,4.898378579220217
18600,0.0010721660104195268,0.0015177317782286803,0.8927833989580471,0.006478415937403536,0.007398669290641398,0.870431681251929,0.013478748257388264,0.007908612796243995,0.7753541957101955,0.0004165861502822573,0.0004165861502822573,4.9010135327324384
18610,0.0010704515785478017,0.0015180232316468736,0.8929548421452196,0.00646883867437878,0.007400297425355607,0.8706232265124242,0.013464107136553665,0.007911101786785876,0.7755982143907721,0.00041681012133079615,0.00041681012133079615,4.90364848624466
18620,0.0010687405039058932,0.0015183141143359981,0.8931259496094106,0.006459276235219587,0.00740192304001267,0.8708144752956081,0.013449478301205369,0.007913588688795088,0.7758420283132438,0.000417034092379335,0.000417034092379335,4.906283439756883
18630,0.0010670327870614931,0.0015186044261995461,0.8932967212938506,0.006449728618643959,0.0074035461348305265,0.8710054276271206,0.013434861747340257,0.007916073502952157,0.776085637544329,0.00041725806342787384,0.00041725806342787384,4.908918393269103
18640,0.0010653284285822916,0.0015188941671410103,0.8934671571417706,0.006440195823369887,0.007405166710027118,0.8711960835326019,0.013420257470955217,0.007918556229937613,0.7763290421507463,0.0004174820344764127,0.0004174820344764127,4.911553346781326
18650,0.0010636274290359812,0.001519183337063883,0.8936372570964016,0.0064306778481153706,0.007406784765820387,0.8713864430376924,0.013405665468047131,0.007921036870431988,0.7765722421992145,0.00041770600552495154,0.00041770600552495154,4.914188300293548
18660,0.001061929788990253,0.001519471935871657,0.8938070211009745,0.0064211746915984035,0.007408400302428271,0.8715765061680316,0.013391085734612885,0.00792351542511581,0.7768152377564519,0.0004179299765734904,0.0004179299765734904,4.916823253805769
18670,0.0010602355090127984,0.001519759963467824,0.89397644909872,0.0064116863525369855,0.007410013320068712,0.8717662729492601,0.01337651826664936,0.00792599189466961,0.7770580288891774,0.00041815394762202923,0.00041815394762202923,4.919458207317991
18680,0.0010585445896713081,0.0015200474197558775,0.894145541032869,0.006402212829649107,0.007411623818959651,0.8719557434070176,0.01336196306015344,0.007928466279773914,0.7773006156641092,0.0004183779186705681,0.0004183779186705681,4.9220931608302125
18690,0.0010568570315334746,0.0015203343046393094,0.8943142968466524,0.006392754121652773,0.007413231799319028,0.8721449175669442,0.013347420111122015,0.007930938581109256,0.7775429981479663,0.000418601889719107,0.000418601889719107,4.924728114342435
18700,0.0010551728351669884,0.0015206206180216118,0.8944827164833009,0.006383310227265975,0.007414837261364784,0.8723337954546804,0.013332889415551965,0.007933408799356166,0.7777851764074672,0.0004188258607676458,0.0004188258607676458,4.927363067854656
18710,0.0010534920011395416,0.001520906359806278,0.8946507998860458,0.006373881145206706,0.00741644020531486,0.8725223770958657,0.013318370969440172,0.007935876935195171,0.7780271505093305,0.0004190498318161846,0.0004190498318161846,4.9299980213668775
18720,0.0010518145300188251,0.0015211915298967997,0.8948185469981174,0.006364466874192967,0.007418040631387195,0.8727106625161405,0.013303864768783527,0.0079383429893068,0.7782689205202745,0.0004192738028647235,0.0004192738028647235,4.9326329748791
18730,0.0010501404223725306,0.0015214761281966698,0.8949859577627468,0.006355067412942752,0.007419638539799732,0.8728986517411448,0.013289370809578909,0.007940806962371585,0.7785104865070182,0.0004194977739132623,0.0004194977739132623,4.935267928391321
18740,0.0010484696787683486,0.0015217601546093807,0.895153032123165,0.0063456827601740574,0.00742123393077041,0.8730863447965186,0.013274889087823202,0.007943268855070056,0.77875184853628,0.0004197217449618012,0.0004197217449618012,4.937902881903543
18750,0.0010468022997739718,0.0015220436090384248,0.8953197700226028,0.006336312914604882,0.00742282680451717,0.8732737417079022,0.013260419599513294,0.007945728668082741,0.7789930066747786,0.00041994571601034,0.00041994571601034,4.940537835415764
18760,0.0010451382859570904,0.0015223264913872946,0.8954861714042909,0.006326957874953217,0.007424417161257952,0.8734608425009354,0.013245962340646065,0.00794818640209017,0.7792339609892324,0.0004201696870588789,0.0004201696870588789,4.943172788927987
18770,0.0010434770071443083,0.0015226089087854674,0.8956522992855689,0.006317626205657048,0.007426003545038301,0.8736474758868588,0.013231531875604318,0.007950639581147266,0.7794744687399281,0.0004203936581074177,0.0004203936581074177,4.945807742440208
18780,0.0010418160792725947,0.0015228912665236588,0.8958183920727404,0.006308350167361061,0.007427580471548619,0.8738329966527786,0.013217183119199548,0.007953078869736077,0.7797136146800075,0.0004206176291559566,0.0004206176291559566,4.94844269595243
18790,0.0010401552972381994,0.001523173599469506,0.8959844702761799,0.006299132279552874,0.007429147512476011,0.8740173544089423,0.01320292046255541,0.00795550352136558,0.7799513256240765,0.0004208416002044954,0.0004208416002044954,4.951077649464652
18800,0.0010384946895338042,0.0015234559027792532,0.8961505310466193,0.006289971882742476,0.007430704779933779,0.8742005623451503,0.01318874289269224,0.00795791370824232,0.7801876184551293,0.0004210655712530343,0.0004210655712530343,4.953712602976873
18810,0.0010368342846520907,0.0015237381716091444,0.8963165715347907,0.006280868317439853,0.007432252386035224,0.8743826336512027,0.013174649396630371,0.007960309602572836,0.7804225100561603,0.0004212895423015731,0.0004212895423015731,4.956347556489095
18820,0.0010351741110857402,0.0015240204011154241,0.896482588891426,0.006271820924154996,0.007433790442893651,0.8745635815169,0.013160638961390142,0.007962691376563675,0.7806560173101642,0.00042151351335011197,0.00042151351335011197,4.958982510001317
18830,0.0010335141973274347,0.001524302586454336,0.8966485802672564,0.006262829043397889,0.007435319062622358,0.8747434191320419,0.01314671057399189,0.007965059202421378,0.780888157100135,0.0004217374843986508,0.0004217374843986508,4.961617463513538
18840,0.0010318545718698555,0.0015245847227821244,0.8968145428130142,0.006253892015678522,0.007436838357334651,0.8749221596864293,0.013132863221455945,0.00796741325235249,0.7811189463090675,0.00042196145544718967,0.00042196145544718967,4.964252417025761
18850,0.0010301952632056843,0.0015248668052550336,0.8969804736794313,0.0062450091815068835,0.007438348439143829,0.8750998163698621,0.013119095890802651,0.007969753698563549,0.7813484018199558,0.0004221854264957285,0.0004221854264957285,4.9668873705379815
18860,0.0010285362998276027,0.0015251488290293075,0.8971463700172396,0.006236179881392959,0.007439849420163197,0.8752764023721407,0.013105407569052338,0.007972080713261102,0.7815765405157944,0.00042240939754426736,0.00042240939754426736,4.969522324050204
18870,0.001026877710228292,0.0015254307892611902,0.8973122289771707,0.006227403455846738,0.007441341412506054,0.875451930883065,0.013091797243225345,0.007974394468651691,0.7818033792795775,0.0004226333685928062,0.0004226333685928062,4.972157277562426
18880,0.0010252195229004343,0.001525712681106926,0.8974780477099564,0.006218679245378208,0.007442824528285704,0.8756264150924357,0.013078263900342007,0.007976695136941858,0.7820289349942998,0.00042285733964134506,0.00042285733964134506,4.974792231074647
18890,0.0010235617663367105,0.0015259944997227592,0.8976438233663288,0.0062100065904973556,0.007444298879615449,0.8757998681900527,0.013064806527422661,0.007978982890338148,0.7822532245429555,0.0004230813106898839,0.0004230813106898839,4.977427184586869
18900,0.0010219044690298028,0.0015262762402649334,0.8978095530970195,0.00620138483171417,0.00744576457860859,0.8759723033657164,0.013051424111487641,0.0079812579010471,0.7824762648085392,0.00042330528173842275,0.00042330528173842275,4.980062138099091
18910,0.0010202476594723924,0.0015265578978896932,0.8979752340527605,0.006192813309538638,0.007447221737378431,0.876143733809227,0.013038115639557285,0.00798352034127526,0.7826980726740451,0.0004235292527869616,0.0004235292527869616,4.982697091611312
18920,0.0010185913661571611,0.0015268394677532824,0.8981408633842836,0.006184291364480748,0.007448670468038272,0.8763141727103848,0.013024880098651928,0.007985770383229172,0.7829186650224679,0.00042375322383550045,0.00042375322383550045,4.985332045123534
18930,0.0010169356175767903,0.0015271209450119455,0.8983064382423208,0.006175818337050489,0.0074501108827014165,0.87648363325899,0.013011716475791905,0.007988008199115375,0.7831380587368014,0.00042397719488403927,0.00042397719488403927,4.9879669986357555
18940,0.0010152804422239618,0.0015274023248219263,0.8984719557776036,0.006167393567757846,0.007451543093481166,0.876652128644843,0.012998623757997556,0.007990233961140415,0.7833562707000407,0.00042420116593257814,0.00042420116593257814,4.990601952147978
18950,0.001013625868591357,0.0015276836023394693,0.8986374131408641,0.006159016397112809,0.007452967212490822,0.8768196720577436,0.012985600932289213,0.007992447841510833,0.7835733177951797,0.00042442513698111696,0.00042442513698111696,4.993236905660199
18960,0.0010119719251716576,0.001527964772720818,0.8988028074828339,0.006150686165625364,0.007454383351843688,0.8769862766874926,0.012972646985687212,0.007994650012433173,0.783789216905213,0.00042464910802965584,0.00042464910802965584,4.995871859172421
18970,0.001010318640457545,0.0015282458311222172,0.8989681359542453,0.0061424022138055,0.007455791623653065,0.8771519557238898,0.01295976090521189,0.007996840646113978,0.784003984913135,0.00042487307907819466,0.00042487307907819466,4.998506812684643
18980,0.0010086660429417006,0.0015285267726999107,0.8991333957058297,0.006134163882163205,0.0074571921400322545,0.8773167223567356,0.012946941677883586,0.00799901991475979,0.7842176387019402,0.00042509705012673353,0.00042509705012673353,5.001141766196865
18990,0.0010070141611168066,0.0015288075926101427,0.8992985838883191,0.006125970511208467,0.00745858501309456,0.8774805897758305,0.012934188290722631,0.008001187990577153,0.7844301951546228,0.00042532102117527235,0.00042532102117527235,5.003776719709086
19000,0.0010053630234755442,0.0015290882860091574,0.8994636976524454,0.006117821441451272,0.007459970354953284,0.8776435711709744,0.012921499730749365,0.008003345045772608,0.7846416711541773,0.00042554499222381123,0.00042554499222381123,5.006411673221308
19010,0.001003712658510595,0.0015293688480531988,0.8996287341489403,0.006109716013401609,0.007461348277721726,0.8778056797319677,0.012908874984984121,0.0080054912525527,0.7848520835835979,0.00042576896327235005,0.00042576896327235005,5.00904662673353
19020,0.0010020630947146405,0.001529649273898511,0.8997936905285358,0.0061016535675694665,0.007462718893513191,0.8779669286486105,0.012896313040447237,0.008007626783123969,0.7850614493258793,0.0004259929343208889,0.0004259929343208889,5.011681580245751
19030,0.0010004143605803625,0.0015299295587013382,0.8999585639419635,0.006093633444464831,0.007464082314440978,0.8781273311107032,0.012883812884159048,0.008009751809692961,0.7852697852640158,0.00042621690536942774,0.00042621690536942774,5.014316533757973
19040,0.0009987664846004426,0.0015302096976179246,0.9001233515399555,0.006085654984597691,0.007465438652618392,0.878286900308046,0.01287137350313989,0.008011866504466218,0.7854771082810018,0.0004264408764179666,0.0004264408764179666,5.0169514872701955
19050,0.0009971194952675619,0.0015304896858045144,0.9002880504732437,0.006077717528478034,0.0074667880201587334,0.8784456494304391,0.0128589938844101,0.008013971039650283,0.7856834352598316,0.0004266648474665055,0.0004266648474665055,5.019586440782417
19060,0.0009954734210744025,0.0015307695184173515,0.9004526578925596,0.006069820416615848,0.007468130529175305,0.8786035916676828,0.012846673014990012,0.008016065587451698,0.7858887830834997,0.0004268888185150443,0.0004268888185150443,5.022221394294639
19070,0.000993828290513646,0.0015310491906126802,0.9006171709486354,0.00606196298952112,0.007469466291781409,0.8787607402095774,0.012834409881899964,0.008018150320077005,0.7860931686350004,0.0004271127895635832,0.0004271127895635832,5.02485634780686
19080,0.0009921841320779732,0.0015313286975467445,0.9007815867922025,0.006054144587703839,0.007470795420090347,0.878917108245923,0.012822203472160293,0.00802022540973275,0.7862966087973284,0.000427336760612122,0.000427336760612122,5.027491301319082
19090,0.0009905409742600668,0.0015316080343757885,0.9009459025739931,0.0060463645516739915,0.007472118026215421,0.87907270896652,0.012810052772791332,0.008022291028625473,0.7864991204534777,0.0004275607316606609,0.0004275607316606609,5.030126254831304
19100,0.0009888988455526075,0.0015318871962560566,0.9011101154447391,0.006038622221941566,0.0074734342222699335,0.8792275555611685,0.012797956770813418,0.008024347348961718,0.7867007204864429,0.0004277847027091997,0.0004277847027091997,5.032761208343525
19110,0.0009872577744482775,0.0015321661783437928,0.9012742225551722,0.006030916939016551,0.007474744120367186,0.8793816612196688,0.012785914453246889,0.00802639454294803,0.7869014257792185,0.0004280086737577386,0.0004280086737577386,5.035396161855748
19120,0.0009856177894397578,0.001532444975795241,0.901438221056024,0.006023248043408934,0.007476047832620481,0.8795350391318212,0.012773924807112078,0.008028432782790947,0.7871012532147986,0.0004282326448062774,0.0004282326448062774,5.038031115367969
19130,0.0009839789190197305,0.0015327235837666456,0.9016021080980268,0.006015614875628701,0.00747734547114312,0.8796877024874258,0.012761986819429322,0.008030462240697015,0.7873002196761779,0.0004284566158548163,0.0004284566158548163,5.040666068880191
19140,0.0009823411916808768,0.0015330019974142508,0.9017658808319122,0.006008016776185842,0.007478637148048407,0.8798396644762829,0.012750099477218958,0.008032483088872777,0.7874983420463506,0.0004286805869033551,0.0004286805869033551,5.043301022392413
19150,0.0009807046359158785,0.0015332802118943006,0.901929536408412,0.006000453085590344,0.007479922975449641,0.879990938288193,0.012738261767501322,0.008034495499524775,0.7876956372083113,0.00042890455795189397,0.00042890455795189397,5.0459359759046345
19160,0.000979069280217417,0.001533558222363039,0.9020930719782582,0.005992923144352194,0.0074812030654601265,0.880141537112956,0.012726472677296749,0.008036499644859552,0.787892122045054,0.0004291285290004328,0.0004291285290004328,5.048570929416856
19170,0.000977435153078174,0.0015338360239767104,0.9022564846921824,0.005985426292981382,0.007482477530193165,0.8802914741403722,0.012714731193625576,0.008038495697083653,0.7880878134395737,0.00042935250004897166,0.00042935250004897166,5.051205882929078
19180,0.0009758022829908313,0.0015341136118915586,0.9024197717009168,0.005977961871987892,0.007483746481762058,0.880440762560242,0.012703036303508136,0.008040483828403616,0.7882827282748643,0.0004295764710975105,0.0004295764710975105,5.0538408364412994
19190,0.00097417069844807,0.001534390981263828,0.902582930155193,0.005970529221881716,0.007485010032280108,0.8805894155623655,0.01269138699396477,0.00804246421102599,0.7884768834339205,0.00042980044214604936,0.00042980044214604936,5.056475789953521
19200,0.000972540427942572,0.0015346681272497627,0.9027459572057427,0.005963127683172839,0.007486268293860617,0.880737446336543,0.012679782252015812,0.008044437017157312,0.7886702957997364,0.0004300244131945882,0.0004300244131945882,5.059110743465743
19210,0.0009709114999670188,0.0015349450450056067,0.9029088500032979,0.00595575659637125,0.007487521378616887,0.8808848680725748,0.012668221064681595,0.008046402419004128,0.7888629822553066,0.00043024838424312705,0.00043024838424312705,5.061745696977965
19220,0.000969283943014092,0.0015352217296876042,0.9030716056985906,0.005948415301986936,0.007488769398662221,0.8810316939602612,0.012656702418982459,0.008048360588772981,0.7890549596836255,0.0004304723552916659,0.0004304723552916659,5.064380650490186
19230,0.0009676577855764731,0.0015354981764519994,0.9032342214423525,0.005941103140529885,0.007490012466109919,0.8811779371894021,0.012645225301938737,0.008050311698670414,0.7892462449676876,0.00043069632634020475,0.00043069632634020475,5.067015604002409
19240,0.0009660330561468438,0.0015357743804550363,0.9033966943853154,0.005933819452510085,0.007491250693073285,0.881323610949798,0.012633788700570768,0.00805225592090297,0.7894368549904871,0.00043092029738874357,0.00043092029738874357,5.06965055751463
19250,0.0009644097832178857,0.0015360503368529593,0.9035590216782112,0.005926563578437524,0.007492484191665621,0.8814687284312493,0.012622391601898887,0.008054193427677188,0.7896268066350184,0.00043114426843728244,0.00043114426843728244,5.072285511026852
19260,0.0009627879952822802,0.0015363260408020123,0.9037212004717718,0.00591933485882219,0.007493713074000227,0.8816133028235559,0.012611032992943428,0.008056124391199617,0.7898161167842761,0.00043136823948582126,0.00043136823948582126,5.0749204645390735
19270,0.0009611677208327089,0.0015366014874584394,0.9038832279167289,0.00591213263417407,0.007494937452190408,0.8817573473165184,0.01259971186072473,0.008058048983676796,0.7900048023212545,0.00043159221053436014,0.00043159221053436014,5.077555418051295
19280,0.0009595489883618536,0.0015368766719784847,0.9040451011638145,0.005904956245003152,0.007496157438349464,0.8819008750999368,0.012588427192263127,0.008059967377315269,0.7901928801289478,0.00043181618158289896,0.00043181618158289896,5.080190371563517
19290,0.0009579318263623957,0.0015371515895183927,0.9042068173637603,0.005897805031819424,0.007497373144590698,0.8820438993636114,0.012577177974578956,0.008061879744321578,0.7903803670903506,0.00043204015263143783,0.00043204015263143783,5.0828253250757385
19300,0.0009563162633270168,0.001537426235234407,0.904368373667298,0.005890678335132873,0.0074985846830274115,0.8821864332973424,0.012565963194692551,0.008063786256902267,0.7905672800884574,0.00043226412367997665,0.00043226412367997665,5.08546027858796
19310,0.0009547023277483985,0.0015377006042827722,0.90452976722516,0.005883575495453488,0.007499792165772907,0.8823284900909301,0.012554781839624251,0.008065687087263877,0.7907536360062625,0.00043248809472851553,0.00043248809472851553,5.088095232100183
19320,0.0009530900481192223,0.001537974691819732,0.9046909951880776,0.005876495853291257,0.007500995704940486,0.8824700829341747,0.01254363289639439,0.008067582407612954,0.7909394517267601,0.00043271206577705435,0.00043271206577705435,5.090730185612403
19330,0.0009514794529321699,0.001538248493001531,0.9048520547067828,0.005869438749156166,0.007502195412643451,0.8826112250168765,0.012532515352023304,0.008069472390156037,0.7911247441329448,0.0004329360368255932,0.0004329360368255932,5.093365139124626
19340,0.0009498705706799228,0.001538522002984413,0.9050129429320075,0.005862403523558204,0.007503391400995105,0.8827519295288357,0.012521428193531331,0.008071357207099674,0.7913095301078111,0.00043316000787413204,0.00043316000787413204,5.096000092636848
19350,0.0009482634298551627,0.0015387952169246223,0.9051736570144835,0.005855389517007359,0.007504583782108749,0.8828922096598526,0.012510370407938804,0.008073237030650403,0.7914938265343532,0.0004333839789226709,0.0004333839789226709,5.098635046149069
19360,0.0009466580589505711,0.0015390681299784028,0.9053341941049426,0.005848396070013618,0.007505772668097685,0.8830320785997274,0.012499340982266061,0.008075112033014769,0.7916776502955655,0.00043360794997120974,0.00043360794997120974,5.101269999661291
19370,0.0009450544864588295,0.001539340737301999,0.9054945513541168,0.005841422523086969,0.007506958171075215,0.8831715495382604,0.012488338903533439,0.008076982386399315,0.7918610182744427,0.0004338319210197486,0.0004338319210197486,5.103904953173513
19380,0.0009434527408726196,0.0015396130340516545,0.9056547259127378,0.005834468216737401,0.007508140403154642,0.8833106356652518,0.012477363158761271,0.008078848263010583,0.7920439473539788,0.00043405589206828743,0.00043405589206828743,5.106539906685734
19390,0.0009418528506846229,0.001539885015383614,0.9058147149315375,0.0058275324914749,0.007509319476449267,0.8834493501705019,0.012466412734969895,0.008080709835055117,0.7922264544171683,0.0004342798631168263,0.0004342798631168263,5.109174860197956
19400,0.000940254844387521,0.0015401566764541212,0.9059745155612478,0.005820614687809454,0.007510495503072393,0.8835877062438108,0.012455486619179649,0.00808256727473946,0.7924085563470057,0.00043450383416536513,0.00043450383416536513,5.1118098137101775
19410,0.0009386587504739954,0.0015404280124194207,0.9061341249526003,0.005813714146251052,0.0075116685951373205,0.8837257170749787,0.012444583798410864,0.008084420754270153,0.7925902700264856,0.000434727805213904,0.000434727805213904,5.1144447672224
19420,0.000937064597436728,0.0015406990184357562,0.9062935402563271,0.005806830207309681,0.007512838864757353,0.8838633958538061,0.01243370325968388,0.00808627044585374,0.792771612338602,0.0004349517762624428,0.0004349517762624428,5.117079720734621
19430,0.0009354724137683999,0.0015409696896593718,0.9064527586231599,0.00579996221149533,0.007514006424045793,0.8840007557700933,0.01242284399001903,0.008088116521696765,0.7929526001663495,0.0004351757473109817,0.0004351757473109817,5.119714674246843
19440,0.0009338822279616931,0.001541240021246512,0.9066117772038306,0.005793109499317984,0.007515171385115942,0.8841378100136401,0.012412004976436653,0.008089959154005769,0.7931332503927224,0.0004353997183595205,0.0004353997183595205,5.122349627759065
19450,0.0009322940685092889,0.0015415100083534209,0.906770593149071,0.005786271411287633,0.007516333860081102,0.8842745717742471,0.012401185205957083,0.008091798514987295,0.793313579900715,0.0004356236894080594,0.0004356236894080594,5.124984581271287
19460,0.000930707963903869,0.0015417796461363422,0.906929203609613,0.0057794472879142645,0.0075174939610545746,0.8844110542417145,0.012390383665600656,0.008093634776847889,0.7934936055733224,0.0004358476604565982,0.0004358476604565982,5.127619534783508
19470,0.0009291239426381149,0.0015420489297515204,0.9070876057361883,0.005772636469707866,0.007518651800149662,0.8845472706058425,0.01237959934238771,0.00809546811179409,0.7936733442935382,0.0004360716315051371,0.0004360716315051371,5.13025448829573
19480,0.0009275420332047084,0.0015423178543551995,0.907245796679529,0.005765838297178425,0.007519807489479668,0.8846832340564313,0.01236883122333858,0.008097298692032441,0.793852812944357,0.0004362956025536759,0.0004362956025536759,5.132889441807952
19490,0.0009259622640963308,0.0015425864151036237,0.9074037735903667,0.00575905211083593,0.007520961141157891,0.8848189577832811,0.0123580782954736,0.008099126689769488,0.7940320284087733,0.0004365195736022148,0.0004365195736022148,5.135524395320173
19500,0.0009243846638056637,0.001542854607153037,0.9075615336194335,0.005752277251190368,0.0075221128672976366,0.8849544549761924,0.012347339545813109,0.00810095227721177,0.7942110075697814,0.0004367435446507536,0.0004367435446507536,5.138159348832395
19510,0.000922809260825389,0.0015431224256596838,0.907719073917461,0.005745513058751727,0.007523262780012206,0.8850897388249652,0.012336613961377443,0.008102775626565835,0.794389767310376,0.0004369675156992925,0.0004369675156992925,5.140794302344617
19520,0.000921236083648188,0.001543389865779808,0.907876391635181,0.005738758874029996,0.0075244109914149,0.8852248225193999,0.012325900529186935,0.00810459691003822,0.794568324513551,0.0004371914867478313,0.0004371914867478313,5.143429255856838
19530,0.0009196651607667422,0.0015436569226696538,0.9080334839233256,0.00573201403753516,0.007525557613619022,0.8853597192492966,0.012315198236261923,0.008106416299835472,0.7947466960623011,0.0004374154577963702,0.0004374154577963702,5.146064209369061
19540,0.0009180965206737335,0.0015439235914854652,0.9081903479326264,0.00572527788977721,0.0075267027587378734,0.8854944422044555,0.012304506069622743,0.008108233968164133,0.7949248988396209,0.000437639428844909,0.000437639428844909,5.1486991628812815
19550,0.0009165301918618432,0.0015441898673834865,0.9083469808138155,0.005718549771266132,0.0075278465388847575,0.8856290045746772,0.01229382301628973,0.008110050087230746,0.7951029497285045,0.00043786339989344787,0.00043786339989344787,5.151334116393504
19560,0.0009149662028237529,0.0015444557455199619,0.9085033797176245,0.005711829022511914,0.007528989066172974,0.8857634195497616,0.012283148063283221,0.008111864829241852,0.7952808656119463,0.0004380873709419867,0.0004380873709419867,5.153969069905726
19570,0.0009134045820521444,0.0015447212210511353,0.9086595417947854,0.005705114984024544,0.007530130452715827,0.8858977003195089,0.012272480197623553,0.008113678366403995,0.7954586633729406,0.00043831134199052556,0.00043831134199052556,5.156604023417947
19580,0.0009118453580396991,0.0015449862891332511,0.90881546419603,0.005698406996314009,0.0075312708106266175,0.8860318600737196,0.01226181840633106,0.00811549087092372,0.7956363598944822,0.00043853531303906444,0.00043853531303906444,5.15923897693017
19590,0.0009102885592790985,0.0015452509449225531,0.9089711440720899,0.0056917043998902985,0.007532410252018649,0.8861659120021937,0.012251161676426078,0.008117302515007566,0.7958139720595653,0.00043875928408760326,0.00043875928408760326,5.161873930442391
19600,0.0009087342142630244,0.0015455151835752857,0.9091265785736974,0.005685006535263398,0.007533548889005222,0.8862998692947319,0.012240508994928945,0.00811911347086208,0.7959915167511842,0.00043898325513614213,0.00043898325513614213,5.164508883954613
19610,0.0009071823514841583,0.001545779000247693,0.9092817648515841,0.005678312742943298,0.007534686833699639,0.8864337451411338,0.012229859348859996,0.0081209239106938,0.7961690108523334,0.00043920722618468095,0.00043920722618468095,5.167143837466835
19620,0.0009056329994351816,0.001546042390096019,0.9094367000564816,0.005671622363439983,0.007535824198215202,0.8865675527312,0.012219211725239567,0.008122734006709273,0.7963464712460072,0.00043943119723321983,0.00043943119723321983,5.1697787909790565
19630,0.0009040861866087762,0.0015463053482765079,0.9095913813391221,0.005664934737263444,0.007536961094665214,0.8867013052547309,0.012208565111087992,0.00812454393111504,0.7965239148152,0.00043965516828175865,0.00043965516828175865,5.172413744491278
19640,0.0009025419414976233,0.001546567869945404,0.9097458058502375,0.005658249204923667,0.007538097635162976,0.8868350159015264,0.01219791849342561,0.008126353856117647,0.7967013584429066,0.0004398791393302975,0.0004398791393302975,5.1750486980035
19650,0.0009010002925944049,0.001546829950258951,0.9098999707405593,0.0056515651069306404,0.007539233931821791,0.8869686978613871,0.012187270859272755,0.008128163953923632,0.7968788190121207,0.00044010311037883634,0.00044010311037883634,5.177683651515721
19660,0.0008994612683918023,0.0015470915843733934,0.9100538731608195,0.0056448817837943515,0.00754037009675496,0.8871023643241128,0.012176621195649766,0.008129974396739539,0.797056313405837,0.0004403270814273752,0.0004403270814273752,5.180318605027943
19670,0.0008979248973824971,0.0015473527674449753,0.9102075102617501,0.005638198576024787,0.0075415062420757855,0.887236028479504,0.012165968489576975,0.008131785356771913,0.7972338585070503,0.00044055105247591404,0.00044055105247591404,5.182953558540165
19680,0.0008963912080591709,0.001547613494629941,0.9103608791940828,0.005631514824131938,0.00754264247989757,0.887369703517361,0.01215531172807472,0.008133597006227298,0.7974114711987547,0.0004407750235244529,0.0004407750235244529,5.185588512052387
19690,0.0008948602289145053,0.001547873761084534,0.9105139771085492,0.00562482986862579,0.007543778922333615,0.887503402627484,0.012144649898163338,0.008135409517312233,0.7975891683639443,0.00044099899457299173,0.00044099899457299173,5.188223465564608
19700,0.000893331988441182,0.001548133561964999,0.9106668011558816,0.00561814305001633,0.007544915681497223,0.8876371389996732,0.012133981986863163,0.008137223062233263,0.7977669668856139,0.0004412229656215306,0.0004412229656215306,5.1908584190768305
19710,0.0008918065151318824,0.00154839289242758,0.9108193484868117,0.0056114537088135475,0.0075460528695016965,0.8877709258237289,0.012123306981194532,0.00813903781319693,0.7979448836467578,0.00044144693667006943,0.00044144693667006943,5.193493372589051
19720,0.0008902838374792881,0.001548651747628521,0.910971616252071,0.00560476118552743,0.0075471905984603365,0.8879047762894512,0.01211262386817778,0.008140853942409777,0.7981229355303703,0.0004416709077186083,0.0004416709077186083,5.196128326101274
19730,0.0008887639839760808,0.001548910122724066,0.9111236016023917,0.005598064820667965,0.0075483289804864455,0.8880387035866405,0.012101931634833247,0.008142671622078348,0.7983011394194459,0.0004418948787671471,0.0004418948787671471,5.1987632796134955
19740,0.0008872469831149418,0.0015491680128704598,0.9112753016885056,0.005591363954745139,0.007549468127693326,0.888172720905097,0.012091229268181264,0.008144491024409185,0.798479512196979,0.000442118849815686,0.000442118849815686,5.201398233125717
19750,0.0008857328633885531,0.0015494254132239458,0.9114267136611445,0.005584657928268942,0.007550608152194279,0.8883068414346209,0.012080515755242167,0.008146312321608831,0.7986580707459638,0.0004423428208642248,0.0004423428208642248,5.204033186637939
19760,0.0008842216532895961,0.0015496823189407685,0.9115778346710403,0.005577946081749361,0.007551749166102608,0.8884410783650126,0.012069790083036297,0.00814813568588383,0.798836831949395,0.0004425667919127637,0.0004425667919127637,5.20666814015016
19770,0.0008827133813107521,0.001549938725177172,0.9117286618689247,0.005571227755696383,0.007552891281531615,0.8885754448860722,0.012059051238583987,0.008149961289440722,0.7990158126902669,0.0004427907629613025,0.0004427907629613025,5.209303093662382
19780,0.000881208065798597,0.0015501946288142383,0.9118791934201401,0.0055645024960350505,0.007554034575674041,0.8887099500792988,0.012048298527304848,0.008151789250358175,0.7991950245449191,0.00044301473400984134,0.00044301473400984134,5.211938047174604
19790,0.0008797053038019645,0.0015504500983536658,0.9120294696198032,0.005557778384381494,0.007555177674655146,0.8888444323123699,0.012037544483778355,0.00815361743775768,0.799374258603694,0.0004432387050583802,0.0004432387050583802,5.214573000686825
19800,0.0008782048725274022,0.0015507051716703414,0.9121795127472596,0.005551059872662171,0.00755631982164743,0.8889788025467563,0.012026796012446835,0.008155444677884037,0.7995533997925526,0.00044346267610691903,0.00044346267610691903,5.217207954199047
19810,0.0008767067692290064,0.0015509598492310687,0.9123293230770991,0.00554434696084567,0.007557461016656236,0.8891130607830865,0.012016053116396577,0.008157270970212582,0.7997324480600569,0.0004436866471554579,0.0004436866471554579,5.219842907711269
19820,0.0008752109911608742,0.0015512141315026512,0.9124789008839123,0.005537639648900577,0.007558601259686902,0.8892472070219883,0.01200531579871387,0.008159096314218642,0.7999114033547688,0.0004439106182039967,0.0004439106182039967,5.22247786122349
19830,0.0008737175355771017,0.0015514680189518924,0.9126282464422895,0.00553093793679548,0.007559740550744768,0.8893812412640901,0.011994584062485004,0.008160920709377548,0.8000902656252498,0.0004441345892525356,0.0004441345892525356,5.225112814735713
19840,0.0008722263997317861,0.001551721512045596,0.9127773600268211,0.005524241824498968,0.007560878889835175,0.8895151635100205,0.011983857910796269,0.008162744155164634,0.8002690348200622,0.0004443585603010744,0.0004443585603010744,5.227747768247934
19850,0.0008707375808790237,0.0015519746112505658,0.9129262419120975,0.005517551311979629,0.007562016276963463,0.8896489737604073,0.011973137346733954,0.008164566651055227,0.8004477108877673,0.0004445825313496133,0.0004445825313496133,5.230382721760156
19860,0.0008692510762729113,0.0015522273170336049,0.9130748923727087,0.005510866399206048,0.007563152712134972,0.8897826720158788,0.011962422373384346,0.00816638819652466,0.8006262937769274,0.0004448065023981521,0.0004448065023981521,5.233017675272378
19870,0.0008677668831675455,0.001552479629861517,0.9132233116832452,0.005504187086146816,0.007564288195355041,0.8899162582770634,0.011951712993833739,0.008168208791048263,0.8008047834361042,0.000445030473446691,0.000445030473446691,5.2356526287845995
19880,0.000866284998817023,0.001552731550201106,0.9133715001182975,0.005497513372770518,0.007565422726629012,0.8900497325445894,0.011941009211168419,0.008170028434101367,0.8009831798138596,0.0004452544444952298,0.0004452544444952298,5.238287582296821
19890,0.0008648054204754402,0.0015529830785191749,0.9135194579524557,0.005490845259045743,0.007566556305962224,0.8901830948190851,0.011930311028474676,0.008171847125159304,0.8011614828587553,0.0004454784155437687,0.0004454784155437687,5.240922535809043
19900,0.0008633281453968942,0.0015532342152825278,0.9136671854603103,0.005484182744941079,0.007567688933360016,0.8903163451011783,0.0119196184488388,0.008173664863697402,0.8013396925193532,0.0004457023865923075,0.0004457023865923075,5.243557489321264
19910,0.0008618531708354814,0.0015534849609579679,0.9138146829164516,0.005477525830425113,0.007568820608827731,0.8904494833914977,0.011908931475347079,0.008175481649190996,0.8015178087442154,0.0004459263576408464,0.0004459263576408464,5.246192442833486
19920,0.0008603804940452984,0.0015537353160122991,0.9139619505954699,0.005470874515466432,0.007569951332370707,0.8905825096906712,0.011898250111085803,0.008177297481115413,0.8016958314819032,0.0004461503286893852,0.0004461503286893852,5.248827396345708
19930,0.0008589101122804418,0.0015539852809123246,0.9141089887719556,0.005464228800033626,0.007571081103994283,0.8907154239993273,0.011887574359141263,0.008179112358945985,0.8018737606809789,0.0004463742997379241,0.0004463742997379241,5.25146234985793
19940,0.0008574420227950085,0.0015542348561248484,0.9142557977204989,0.005457588684095281,0.007572209923703802,0.8908482263180942,0.011876904222599747,0.008180926282158042,0.802051596290004,0.00044659827078646295,0.00044659827078646295,5.254097303370152
19950,0.000855976222843095,0.0015544840421166737,0.9144023777156903,0.005450954167619985,0.007573337791504603,0.8909809166476002,0.011866239704547542,0.008182739250226917,0.802229338257541,0.00044682224183500177,0.00044682224183500177,5.2567322568823736
19960,0.000854512709678798,0.0015547328393546041,0.9145487290321199,0.005444325250576326,0.0075744647074020245,0.8911134949884734,0.011855580808070943,0.008184551262627938,0.8024069865321509,0.00044704621288354065,0.00044704621288354065,5.259367210394595
19970,0.000853051480556214,0.0015549812483054435,0.9146948519443784,0.005437701932932891,0.0075755906714014085,0.891245961341342,0.011844927536256234,0.008186362318836439,0.8025845410623961,0.00044727018393207947,0.00044727018393207947,5.262002163906817
19980,0.0008515925327294399,0.001555229269435995,0.9148407467270558,0.005431084214658269,0.007576715683508094,0.8913783157068345,0.011834279892189707,0.00818817241832775,0.8027620017968382,0.00044749415498061834,0.00044749415498061834,5.2646371174190385
19990,0.0008501358634525722,0.0015554769032130626,0.9149864136547425,0.005424472095721046,0.007577839743727422,0.8915105580855789,0.011823637878957651,0.008189981560577198,0.802939368684039,0.00044771812602915716,0.00044771812602915716,5.26727207093126
20000,0.0008486814699797075,0.0015557241501034495,0.915131853002029,0.00541786557608981,0.007578962852064732,0.8916426884782036,0.011813001499646354,0.00819178974506012,0.8031166416725607,0.00044794209707769604,0.00044794209707769604,5.269907024443483
20010,0.0008472293495649425,0.0015559710105739596,0.9152770650435055,0.005411264655733151,0.007580085008525364,0.8917747068853368,0.011802370757342107,0.00819359697125184,0.8032938207109647,0.00044816606812623486,0.00044816606812623486,5.2725419779557035
20020,0.000845779499462374,0.0015562174850913962,0.9154220500537624,0.005404669334619654,0.007581206213114659,0.8919066133076067,0.0117917456551312,0.008195403238627694,0.8034709057478132,0.00044839003917477373,0.00044839003917477373,5.275176931467926
20030,0.0008443319169260983,0.001556463574122563,0.9155668083073899,0.005398079612717909,0.007582326465837955,0.8920384077456416,0.01178112619609992,0.008197208546663013,0.8036478967316679,0.00044861401022331255,0.00044861401022331255,5.277811884980148
20040,0.0008428865992102124,0.0015567092781342638,0.9157113400789786,0.005391495489996501,0.007583445766700595,0.8921700902000698,0.011770512383334559,0.008199012894833125,0.8038247936110905,0.0004488379812718514,0.0004488379812718514,5.280446838492369
20050,0.0008414435435688129,0.0015569545975933016,0.9158556456431185,0.00538491696642402,0.007584564115707917,0.8923016606715195,0.011759904219921404,0.008200816282613361,0.8040015963346432,0.00044906195232039025,0.00044906195232039025,5.283081792004591
20060,0.0008400027472559963,0.0015571995329664804,0.9159997252744001,0.0053783440419690525,0.007585681512865261,0.8924331191606187,0.011749301708946745,0.008202618709479052,0.8041783048508874,0.0004492859233689291,0.0004492859233689291,5.285716745516813
20070,0.0008385642075258593,0.0015574440847206036,0.9161435792474139,0.005371776716600186,0.007586797958177968,0.8925644656679961,0.011738704853496871,0.008204420174905531,0.8043549191083853,0.00044950989441746794,0.00044950989441746794,5.288351699029034
20080,0.0008371279216324986,0.001557688253322475,0.9162872078367499,0.00536521499028601,0.007587913451651378,0.8926957001942796,0.011728113656658073,0.008206220678368126,0.8045314390556986,0.0004497338654660068,0.0004497338654660068,5.290986652541256
20090,0.0008356938868300109,0.0015579320392388979,0.9164306113169985,0.005358658862995111,0.007589027993290831,0.8928268227400975,0.01171752812151664,0.00820802021934217,0.8047078646413891,0.00044995783651454564,0.00044995783651454564,5.2936216060534775
20100,0.0008342621003724927,0.001558175442936676,0.9165737899627504,0.005352108334696076,0.007590141583101667,0.8929578333060783,0.011706948251158861,0.008209818797302993,0.8048841958140189,0.0004501818075630845,0.0004501818075630845,5.2962565595657
20110,0.0008328325595140407,0.0015584184648826129,0.9167167440485956,0.0053455634053574935,0.007591254221089226,0.89308873189285,0.011696374048671025,0.008211616411725926,0.8050604325221495,0.00045040577861162333,0.00045040577861162333,5.298891513077921
20120,0.0008314052615087516,0.001558661105543512,0.9168594738491245,0.005339024074947951,0.007592365907258848,0.8932195185010409,0.01168580551713942,0.008213413062086297,0.8052365747143428,0.0004506297496601622,0.0004506297496601622,5.301526466590143
20130,0.000829980203610722,0.001558903365386177,0.9170019796389275,0.005332490343436036,0.007593476641615873,0.8933501931312791,0.011675242659650338,0.008215208747859441,0.8054126223391608,0.000450853720708701,0.000450853720708701,5.304161420102365
20140,0.0008285573830740488,0.0015591452448774116,0.9171442616925949,0.0053259622107903375,0.007594586424165642,0.8934807557841931,0.011664685479290067,0.008217003468520688,0.8055885753451655,0.0004510776917572399,0.0004510776917572399,5.306796373614587
20150,0.0008271367971528281,0.001559386744484019,0.9172863202847169,0.005319439676979442,0.007595695254913494,0.8936112064604109,0.011654133979144898,0.008218797223545366,0.8057644336809182,0.0004513016628057787,0.0004513016628057787,5.309431327126808
20160,0.0008257184431011571,0.001559627864672803,0.917428155689884,0.0053129227419719365,0.007596803133864771,0.8937415451605611,0.011643588162301117,0.00822059001240881,0.8059401972949813,0.0004515256338543176,0.0004515256338543176,5.31206628063903
20170,0.0008243023181731322,0.0015598686059105672,0.9175697681826864,0.00530641140573641,0.00759791006102481,0.8938717718852716,0.011633048031845016,0.008222381834586347,0.8061158661359163,0.0004517496049028564,0.0004517496049028564,5.314701234151252
20180,0.0008228884196228501,0.0015601089686641152,0.9177111580377146,0.005299905668241451,0.007599016036398953,0.8940018866351709,0.011622513590862884,0.008224172689553309,0.806291440152285,0.0004519735759513953,0.0004519735759513953,5.317336187663473
20190,0.0008214767447044073,0.0015603489534002505,0.917852325529559,0.005293405529455645,0.00760012105999254,0.894131889410887,0.01161198484244101,0.008225962576785028,0.8064669192926497,0.0004521975469999341,0.0004521975469999341,5.319971141175695
20200,0.0008200672906719007,0.0015605885605857767,0.9179932709328098,0.005286910989347581,0.007601225131810911,0.8942617802130483,0.011601461789665682,0.008227751495756833,0.806642303505572,0.000452421518048473,0.000452421518048473,5.3226060946879175
20210,0.0008186600547794268,0.0015608277906874971,0.918133994522057,0.005280422047885847,0.007602328251859406,0.8943915590422828,0.011590944435623193,0.008229539445944057,0.8068175927396134,0.0004526454890970118,0.0004526454890970118,5.325241048200138
20220,0.0008172550342810823,0.0015610666441722158,0.9182744965718915,0.0052739387050390295,0.007603430420143365,0.8945212258992192,0.01158043278339983,0.008231326426822028,0.806992786943336,0.0004528694601455507,0.0004528694601455507,5.327876001712361
20230,0.0008158522264309638,0.001561305121506736,0.9184147773569034,0.0052674609607757175,0.007604531636668128,0.8946507807844856,0.01156992683608188,0.00823311243786608,0.8071678860653019,0.0004530934311940895,0.0004530934311940895,5.330510955224582
20240,0.0008144516284831681,0.0015615432231578612,0.918554837151683,0.005260988815064498,0.007605631901439035,0.8947802236987098,0.011559426596755636,0.00823489747855154,0.8073428900540724,0.0004533174022426284,0.0004533174022426284,5.333145908736804
20250,0.0008130532376917916,0.0015617809495923952,0.9186946762308206,0.0052545222678739584,0.007606731214461427,0.8949095546425208,0.011548932068507387,0.008236681548353744,0.8075177988582102,0.0004535413732911672,0.0004535413732911672,5.335780862249026
20260,0.0008116570513109311,0.0015620183012771416,0.9188342948689067,0.005248061319172687,0.007607829575740643,0.895038773616546,0.01153844325442342,0.008238464646748017,0.8076926124262762,0.00045376534433970607,0.00045376534433970607,5.338415815761247
20270,0.0008102630665946833,0.0015622552786789035,0.9189736933405314,0.005241605968929271,0.007608926985282024,0.8951678806214144,0.011527960157590028,0.008240246773209694,0.8078673307068327,0.0004539893153882449,0.0004539893153882449,5.341050769273469
20280,0.0008088712807971447,0.0015624918822644853,0.9191128719202853,0.005235156217112299,0.007610023443090909,0.8952968756577538,0.011517482781093498,0.008242027927214105,0.8080419536484416,0.00045421328643678377,0.00045421328643678377,5.343685722785691
20290,0.0008074816911724121,0.0015627281125006897,0.9192518308827586,0.005228712063690358,0.007611118949172639,0.8954257587261926,0.011507011128020118,0.00824380810823658,0.8082164811996646,0.0004544372574853226,0.0004544372574853226,5.346320676297912
20300,0.0008060942949745822,0.0015629639698543209,0.9193905705025416,0.005222273508632035,0.007612213503532554,0.8955545298273592,0.01149654520145618,0.008245587315752449,0.8083909133090635,0.00045466122853386146,0.00045466122853386146,5.348955629810135
20310,0.0008047090894577515,0.0015631994547921821,0.9195290910542246,0.00521584055190592,0.007613307106175993,0.8956831889618814,0.011486085004487973,0.008247365549237044,0.8085652499252004,0.0004548851995824003,0.0004548851995824003,5.351590583322356
20320,0.0008033260718760166,0.001563434567781077,0.9196673928123982,0.005209413193480599,0.007614399757108298,0.8958117361303879,0.011475630540201785,0.008249142808165695,0.8087394909966368,0.00045510917063093916,0.00045510917063093916,5.354225536834578
20330,0.0008019452394834743,0.001563669309287809,0.9198054760516523,0.00520299143332466,0.007615491456334808,0.8959401713335067,0.011465181811683907,0.008250919092013734,0.8089136364719347,0.000455333141679478,0.000455333141679478,5.3568604903468
20340,0.0008005665895342212,0.0015639036797791821,0.9199433410465776,0.00519657527140669,0.007616582203860862,0.896068494571866,0.011454738822020626,0.008252694400256493,0.8090876862996561,0.00045555711272801685,0.00045555711272801685,5.359495443859021
20350,0.0007991901192823539,0.0015641376797219996,0.9200809880717644,0.005190164707695277,0.007617671999691803,0.8961967058460942,0.011444301574298234,0.0082544687323693,0.8092616404283628,0.00045578108377655567,0.00045578108377655567,5.362130397371243
20360,0.0007978158259819691,0.001564371309583065,0.9202184174018029,0.00518375974215901,0.007618760843832968,0.8963248051568196,0.01143387007160302,0.008256242087827485,0.8094354988066161,0.00045600505482509455,0.00045600505482509455,5.364765350883465
20370,0.0007964437068871635,0.001564604569829182,0.9203556293112833,0.005177360374766476,0.007619848736289699,0.8964527925046702,0.01142344431702127,0.008258014466106384,0.8096092613829788,0.00045622902587363337,0.00045622902587363337,5.367400304395686
20380,0.0007950737592520336,0.001564837460927154,0.9204926240747964,0.005170966605486263,0.007620935677067335,0.8965806678902746,0.011413024313639277,0.008259785866681323,0.8097829281060119,0.00045645299692217224,0.00045645299692217224,5.370035257907908
20390,0.0007937059803306762,0.0015650699833437848,0.9206294019669321,0.005164578434286957,0.007622021666171217,0.8967084313142607,0.01140261006454333,0.008261556289027633,0.8099564989242778,0.00045667696797071106,0.00045667696797071106,5.37267021142013
20400,0.000792340367377188,0.0015653021375458779,0.920765963262281,0.005158195861137147,0.007623106703606684,0.8968360827772568,0.011392201572819716,0.008263325732620647,0.8101299737863379,0.00045690093901924994,0.00045690093901924994,5.375305164932352
20410,0.0007909769176456655,0.0015655339240002366,0.9209023082354332,0.005151818886005421,0.007624190789379078,0.8969636222798913,0.011381798841554729,0.008265094196935696,0.8103033526407545,0.00045712491006778876,0.00045712491006778876,5.377940118444573
20420,0.0007896156283902053,0.0015657653431736648,0.9210384371609792,0.005145447508860366,0.007625273923493737,0.8970910498227924,0.011371401873834654,0.008266861681448108,0.8104766354360889,0.00045734888111632763,0.00045734888111632763,5.3805750719567955
20430,0.0007882564968649042,0.001565996395532966,0.9211743503135094,0.005139081729670571,0.007626356105956003,0.8972183654065884,0.01136101067274578,0.008268628185633217,0.8106498221209036,0.00045757285216486645,0.00045757285216486645,5.383210025469016
20440,0.0007868995203238588,0.0015662270815449439,0.921310047967614,0.005132721548404622,0.007627437336771214,0.8973455690319073,0.0113506252413744,0.008270393708966352,0.8108229126437599,0.0004577968232134053,0.0004577968232134053,5.385844978981239
20450,0.0007855446960211658,0.0015664574016764016,0.9214455303978832,0.005126366965031108,0.0076285176159447115,0.8974726606993777,0.011340245582806802,0.008272158250922843,0.8109959069532199,0.00045802079426194415,0.00045802079426194415,5.3884799324934605
20460,0.0007841920212109219,0.0015666873563941431,0.9215807978789076,0.005120017979518616,0.007629596943481835,0.8975996404096276,0.011329871700129272,0.008273921810978023,0.8111688049978453,0.000458244765310483,0.000458244765310483,5.391114886005682
20470,0.0007828414931472235,0.0015669169461649717,0.9217158506852774,0.0051136745918357335,0.007630675319387925,0.897726508163285,0.011319503596428105,0.008275684388607221,0.811341606726198,0.0004584687363590219,0.0004584687363590219,5.393749839517905
20480,0.0007814931090841674,0.0015671461714556914,0.921850689091583,0.005107336801951049,0.007631752743668322,0.8978532639609789,0.011309141274789585,0.00827744598328577,0.8115143120868402,0.0004586927074075607,0.0004586927074075607,5.396384793030125
20490,0.0007801468662758503,0.0015673750327331053,0.9219853133724147,0.005101004609833149,0.007632829216328364,0.8979799078033368,0.011298784738300005,0.008279206594488999,0.8116869210283332,0.00045891667845609954,0.00045891667845609954,5.399019746542347
20500,0.0007788027619763688,0.001567603530464017,0.9221197238023628,0.0050946780154506235,0.007633904737373394,0.8981064396909875,0.011288433990045655,0.008280966221692238,0.8118594334992391,0.0004591406495046384,0.0004591406495046384,5.40165470005457
20510,0.0007774607934398196,0.0015678316651152305,0.9222539206560177,0.005088357018772058,0.00763497930680875,0.8982328596245587,0.011278089033112821,0.00828272486437082,0.8120318494481195,0.0004593646205531773,0.0004593646205531773,5.404289653566791
20520,0.0007761209579202993,0.001568059437153549,0.9223879042079699,0.00508204161976604,0.007636052924639773,0.8983591676046789,0.011267749870587793,0.008284482522000074,0.8122041688235367,0.0004595885916017161,0.0004595885916017161,5.406924607079013
20530,0.0007747832526719046,0.001568286847045776,0.9225216747328093,0.005075731818401159,0.007637125590871803,0.8984853636319767,0.011257416505556863,0.008286239194055332,0.8123763915740521,0.000459812562650255,0.000459812562650255,5.4095595605912346
20540,0.000773447674948732,0.0015685138952587154,0.9226552325051266,0.005069427614646003,0.007638197305510179,0.8986114477070797,0.011247088941106318,0.008287994880011924,0.8125485176482278,0.0004600365336987938,0.0004600365336987938,5.412194514103456
20550,0.0007721142220048783,0.0015687405822591705,0.9227885777995118,0.005063129008469157,0.007639268068560243,0.8987374198306167,0.01123676718032245,0.008289749579345182,0.8127205469946257,0.0004602605047473327,0.0004602605047473327,5.414829467615678
20560,0.0007707828910944401,0.001568966908513945,0.9229217108905557,0.0050568359998392105,0.007640337880027334,0.8988632800032156,0.011226451226291545,0.008291503291530437,0.8128924795618075,0.0004604844757958715,0.0004604844757958715,5.4174644211278995
20570,0.0007694536794715141,0.0015691928744898424,0.9230546320528484,0.005050548588724751,0.007641406739916792,0.8989890282255047,0.011216141082099894,0.008293256016043016,0.8130643152983349,0.00046070844684441037,0.00046070844684441037,5.420099374640122
20580,0.000768126584390197,0.0015694184806536663,0.9231873415609801,0.005044266775094367,0.007642474648233958,0.8991146644981125,0.011205836750833784,0.008295007752358256,0.8132360541527701,0.0004609324178929492,0.0004609324178929492,5.422734328152343
20590,0.0007668016031045853,0.0015696437274722204,0.9233198396895412,0.005037990558916645,0.00764354160498417,0.8992401888216668,0.011195538235579509,0.008296758499951483,0.8134076960736748,0.00046115638894148807,0.00046115638894148807,5.425369281664565
20600,0.0007654787328687756,0.001569868615412308,0.9234521267131223,0.005031719940160172,0.00764460761017277,0.8993656011967964,0.011185245539423355,0.008298508258298028,0.8135792410096107,0.0004613803599900269,0.0004613803599900269,5.428004235176786
20610,0.0007641579709368648,0.0015700931449407329,0.9235842029063134,0.005025454918793538,0.007645672663805099,0.899490901624129,0.011174958665451613,0.008300257026873224,0.8137506889091396,0.00046160433103856576,0.00046160433103856576,5.430639188689009
20620,0.0007628393145629493,0.0015703173165242984,0.9237160685437049,0.00501919549478533,0.0076467367658864934,0.8996160901042932,0.01116467761675057,0.008302004805152401,0.8139220397208237,0.0004618283020871046,0.0004618283020871046,5.43327414220123
20630,0.000761522761001126,0.0015705411306298084,0.9238477238998871,0.005012941668104134,0.007647799916422297,0.8997411666379171,0.01115440239640652,0.00830375159261089,0.8140932933932247,0.00046205227313564346,0.00046205227313564346,5.435909095713452
20640,0.0007602083075054913,0.0015707645877240663,0.9239791692494507,0.005006693438718539,0.007648862115417848,0.899866131225629,0.011144133007505747,0.008305497388724022,0.814264449874904,0.0004622762441841823,0.0004622762441841823,5.438544049225674
20650,0.0007588959513301419,0.0015709876882738756,0.9241104048669856,0.005000450806597134,0.007649923362878487,0.8999909838680571,0.011133869453134543,0.008307242192967126,0.8144355091144241,0.00046250021523272115,0.00046250021523272115,5.441179002737895
20660,0.0007575856897291748,0.0015712104327460401,0.9242414310270823,0.0049942137717085035,0.007650983658809554,0.9001157245658297,0.011123611736379197,0.008308986004815536,0.8146064710603467,0.00046272418628125997,0.00046272418628125997,5.443813956250117
20670,0.0007562775199566862,0.001571432821607363,0.9243722480043312,0.004987982334021238,0.00765204300321639,0.9002403533195752,0.011113359860325998,0.00831072882374458,0.8147773356612332,0.00046294815732979885,0.00046294815732979885,5.446448909762339
20680,0.0007549714392667729,0.0015716548553246484,0.9245028560733225,0.004981756493503925,0.007653101396104332,0.9003648701299214,0.011103113828061237,0.008312470649229589,0.8149481028656459,0.00046317212837833767,0.00046317212837833767,5.44908386327456
20690,0.0007536674449135317,0.0015718765343646995,0.9246332555086466,0.00497553625012515,0.007654158837478725,0.9004892749974968,0.0110928736426712,0.008314211480745895,0.8151187726221465,0.00046339609942687654,0.00046339609942687654,5.451718816786783
20700,0.000752365534151059,0.0015720978591943198,0.924763446584894,0.004969321603853502,0.007655215327344905,0.9006135679229299,0.011082639307242181,0.008315951317768829,0.8152893448792969,0.00046362007047541536,0.00046362007047541536,5.4543537702990035
20710,0.0007510655818797029,0.0015723188510804503,0.9248934418120295,0.00496311246813387,0.0076562708804172415,0.9007377506373223,0.011072410880266923,0.008317690150354622,0.8154598186622178,0.00046384404152395424,0.00046384404152395424,5.456988723811226
20720,0.0007497674145549919,0.0015725395395256511,0.9250232585445006,0.004956908721001021,0.007657325517429826,0.9008618255799793,0.011062188441076285,0.00831942796501703,0.8156301926487285,0.00046406801257249306,0.00046406801257249306,5.459623677323448
20730,0.0007484710300373658,0.0015727599248936475,0.9251528969962631,0.004950710360960601,0.007658379238636697,0.9009857927807876,0.01105197199067618,0.00832116476158505,0.8158004668220635,0.00046429198362103193,0.00046429198362103193,5.462258630835669
20740,0.0007471764273836886,0.0015729800073447727,0.9252823572616309,0.004944517387361763,0.0076594320441485,0.9011096522527645,0.011041761529528295,0.008322900539980188,0.8159706411745282,0.00046451595466957075,0.00046451595466957075,5.464893584347891
20750,0.0007458836056508238,0.0015731997870393596,0.9254116394349173,0.004938329799553663,0.007660483934075877,0.9012334040089265,0.011031557058094318,0.008324635300123966,0.8161407156984279,0.00046473992571810963,0.00046473992571810963,5.467528537860113
20760,0.0007445925638956355,0.0015734192641377418,0.9255407436104363,0.004932147596885455,0.007661534908529472,0.9013570480622908,0.011021358576835939,0.00832636904193789,0.8163106903860677,0.00046496389676664845,0.00046496389676664845,5.470163491372334
20770,0.0007433033011749874,0.0015736384388002518,0.925669669882501,0.004925970778706294,0.0076625849676199296,0.901480584425874,0.011011166086214842,0.008328101765343477,0.8164805652297527,0.0004651878678151873,0.0004651878678151873,5.472798444884556
20780,0.0007420158165457433,0.0015738573111872235,0.9257984183454254,0.004919799344365335,0.007663634111457892,0.9016040131126931,0.011000979586692716,0.008329833470262237,0.816650340221788,0.00046541183886372614,0.00046541183886372614,5.475433398396778
20790,0.0007407301090647671,0.0015740758814589894,0.9259269890935231,0.004913633293211732,0.007664682340154005,0.9017273341357651,0.010990799078731251,0.008331564156615687,0.8168200153544791,0.000465635809912265,0.000465635809912265,5.478068351909
20800,0.0007394461777889226,0.0015742941497758828,0.9260553822211074,0.004907472624594641,0.00766572965381891,0.901850547508107,0.010980624562792134,0.008333293824325337,0.816989590620131,0.00046585978096080384,0.00046585978096080384,5.480703305421221
20810,0.0007381640217750735,0.0015745121162982372,0.9261835978224925,0.004901317337863217,0.0076667760525632525,0.9019736532427355,0.010970456039337051,0.0083350224733127,0.817159066011049,0.0004660837520093427,0.0004660837520093427,5.483338258933443
20820,0.0007368836400800838,0.0015747297811863855,0.9263116359919914,0.004895167432366614,0.007667821536497675,0.9020966513526676,0.010960293508827691,0.008336750103499291,0.8173284415195382,0.00046630772305788153,0.00046630772305788153,5.485973212445665
20830,0.0007356050317608171,0.0015749471446006608,0.926439496823918,0.004889022907453986,0.007668866105732822,0.90221954185092,0.010950136971725742,0.008338476714806623,0.8174977171379041,0.0004665316941064204,0.0004665316941064204,5.488608165957887
20840,0.0007343281958741375,0.0015751642067013964,0.9265671804125861,0.004882883762474489,0.007669909760379337,0.9023423247505101,0.010939986428492894,0.008340202307156208,0.8176668928584516,0.00046675566515495923,0.00046675566515495923,5.491243119470108
20850,0.0007330531314769085,0.0015753809676489253,0.9266946868523089,0.004876749996777278,0.007670952500547863,0.9024650000644543,0.010929841879590832,0.008341926880469558,0.817835968673486,0.0004669796362034981,0.0004669796362034981,5.49387807298233
20860,0.0007317798376259941,0.0015755974276035808,0.9268220162374003,0.0048706216097115064,0.007671994326349043,0.9025875678057695,0.010919703325481244,0.008343650434668188,0.8180049445753126,0.0004672036072520369,0.0004672036072520369,5.496513026494552
20870,0.0007305083133782581,0.001575813586725696,0.9269491686621739,0.004864498600626331,0.007673035237893523,0.9027100279874731,0.010909570766625819,0.00834537296967361,0.8181738205562363,0.0004674275783005758,0.0004674275783005758,5.499147980006773
20880,0.0007292385577905642,0.001576029445175604,0.9270761442209433,0.004858380968870904,0.0076740752352919455,0.9028323806225818,0.010899444203486245,0.008347094485407337,0.8183425966085623,0.0004676515493491146,0.0004676515493491146,5.501782933518995
20890,0.0007279705699197764,0.0015762450031136378,0.9272029430080222,0.004852268713794383,0.007675114318654954,0.902954625724112,0.01088932363652421,0.008348814981790884,0.8185112727245963,0.0004678755203976535,0.0004678755203976535,5.5044178870312175
20900,0.0007267043488227583,0.0015764602607001308,0.9273295651177239,0.0048461618347459216,0.007676152488093193,0.9030767633050814,0.0108792090662014,0.008350534458745762,0.8186798488966432,0.00046809949144619237,0.00046809949144619237,5.507052840543439
20910,0.000725439893556374,0.0015766752180954161,0.9274560106443623,0.004840060331074674,0.007677189743717305,0.9031987933785063,0.010869100492979504,0.008352252916193483,0.8188483251170082,0.0004683234624947312,0.0004683234624947312,5.509687794055661
20920,0.0007241772031774871,0.001576889875459827,0.927582279682251,0.004833964202129795,0.007678226085637934,0.9033207159574039,0.010858997917320212,0.008353970354055563,0.8190167013779963,0.00046854743354327,0.00046854743354327,5.512322747567882
20930,0.0007229162767429615,0.0015771042329536962,0.9277083723257036,0.00482787344726044,0.007679261513965725,0.9034425310547909,0.010848901339685208,0.008355686772253514,0.8191849776719131,0.0004687714045918089,0.0004687714045918089,5.514957701080104
20940,0.0007216571133096609,0.0015773182907373574,0.9278342886690336,0.004821788065815765,0.007680296028811319,0.9035642386836845,0.010838810760536183,0.008357402170708848,0.8193531539910635,0.00046899537564034776,0.00046899537564034776,5.517592654592326
20950,0.0007203997119344494,0.0015775320489711433,0.9279600288065548,0.004815708057144923,0.007681329630285363,0.9036858388571013,0.010828726180334824,0.00835911654934308,0.8195212303277529,0.0004692193466888866,0.0004692193466888866,5.520227608104547
20960,0.0007191440716741905,0.0015777455078153874,0.9280855928325806,0.004809633420597068,0.007682362318498497,0.9038073315880583,0.010818647599542817,0.00836082990807772,0.8196892066742864,0.00046944331773742545,0.00046944331773742545,5.52286256161677
20970,0.000717890191585748,0.0015779586674304225,0.928210980841425,0.004803564155521358,0.007683394093561368,0.9039287168895727,0.010808575018621853,0.008362542246834285,0.819857083022969,0.00046966728878596427,0.00046966728878596427,5.525497515128991
20980,0.0007166380707259861,0.0015781715279765821,0.9283361929274011,0.004797500261266944,0.007684424955584619,0.9040499947746609,0.010798508438033616,0.008364253565534285,0.8200248593661064,0.00046989125983450315,0.00046989125983450315,5.528132468641213
20990,0.0007153877081517682,0.001578384089614199,0.9284612291848229,0.004791441737182984,0.007685454904678892,0.9041711652563402,0.010788447858239798,0.008365963864099234,0.8201925356960034,0.00047011523088304197,0.00047011523088304197,5.530767422153435
21000,0.0007141391029199583,0.0015785963525036069,0.9285860897080039,0.004785388582618631,0.007686483940954832,0.9042922283476271,0.010778393279702085,0.008367673142450644,0.8203601120049651,0.00047033920193158084,0.00047033920193158084,5.5334023756656565
21010,0.0007128922540874203,0.0015788083168051382,0.9287107745912576,0.0047793407969230406,0.007687512064523083,0.9044131840615389,0.010768344702882167,0.008369381400510032,0.8205275882852971,0.00047056317298011966,0.00047056317298011966,5.536037329177878
21020,0.0007116471607110178,0.0015790199826791267,0.9288352839288979,0.004773298379445367,0.007688539275494287,0.9045340324110924,0.010758302128241727,0.008371088638198906,0.8206949645293045,0.00047078714402865854,0.00047078714402865854,5.5386722826901
21030,0.0007104038218476148,0.0015792313502859053,0.9289596178152383,0.004767261329534766,0.007689565573979089,0.9046547734093044,0.010748265556242457,0.008372794855438782,0.8208622407292923,0.00047101111507719736,0.00047101111507719736,5.5413072362023215
21040,0.000709162236554075,0.001579442419785807,0.9290837763445922,0.004761229646540391,0.007690590960088133,0.904775407069192,0.010738234987346043,0.008374500052151172,0.8210294168775658,0.00047123508612573623,0.00047123508612573623,5.543942189714543
21050,0.0007079224038872623,0.001579653191339165,0.9292077596112734,0.004755203329811397,0.007691615433932062,0.9048959334037718,0.010728210422014174,0.00837620422825759,0.8211964929664304,0.00047145905717427505,0.00047145905717427505,5.546577143226765
21060,0.0007066843229040405,0.0015798636651063128,0.9293315677095957,0.00474918237869694,0.007692638995621519,0.9050163524260608,0.010718191860708536,0.008377907383679549,0.821363468988191,0.00047168302822281393,0.00047168302822281393,5.549212096738987
21070,0.0007054479926612734,0.0015800738412475833,0.9294552007338723,0.004743166792546175,0.00769366164526715,0.9051366641490763,0.010708179303890819,0.008379609518338561,0.821530344935153,0.00047190699927135275,0.00047190699927135275,5.551847050251208
21080,0.0007042134122158247,0.0015802837199233096,0.9295786587784173,0.004737156570708254,0.007694683382979596,0.9052568685858347,0.01069817275202271,0.00838131063215614,0.8216971207996215,0.0004721309703198916,0.0004721309703198916,5.554482003763431
21090,0.0007029805806245585,0.0015804933012938248,0.9297019419375439,0.0047311517125323355,0.007695704208869503,0.9053769657493531,0.010688172205565899,0.008383010725053796,0.8218637965739015,0.00047235494136843044,0.00047235494136843044,5.557116957275652
21100,0.0007017494969443383,0.0015807025855194621,0.9298250503055658,0.004725152217367572,0.0076967241230475126,0.9054969556526484,0.01067817766498207,0.008384709796953048,0.8220303722502988,0.0004725789124169693,0.0004725789124169693,5.559751910787874
21110,0.0007005201602320281,0.0015809115727605549,0.9299479839767969,0.004719158084563118,0.00769774312562427,0.9056168383087374,0.010668189130732912,0.008386407847775404,0.822196847821118,0.00047280288346550814,0.00047280288346550814,5.5623868643000955
21120,0.0006992925695444918,0.001581120263177436,0.9300707430455506,0.00471316931346813,0.007698761216710417,0.9057366137306371,0.010658206603280115,0.00838810487744238,0.8223632232786646,0.000473026854514047,0.000473026854514047,5.565021817812317
21130,0.0006980667239385929,0.001581328656930439,0.9301933276061405,0.004707185903431761,0.0076997783964166,0.9058562819313646,0.010648230083085367,0.008389800885875487,0.8225294986152437,0.00047325082556258583,0.00047325082556258583,5.567656771324539
21140,0.0006968426224711955,0.0015815367541798964,0.9303157377528801,0.004701207853803167,0.007700794664853461,0.9059758429239364,0.010638259570610351,0.00839149587299624,0.8226956738231608,0.0004734747966111247,0.0004734747966111247,5.5702917248367605
21150,0.0006956202641991633,0.001581744555086142,0.9304379735800834,0.004695235163931503,0.007701810022131644,0.9060952967213696,0.01062829506631676,0.00839318983872615,0.8228617488947206,0.00047369876765966353,0.00047369876765966353,5.572926678348982
21160,0.0006943996481793602,0.0015819520598095084,0.9305600351820636,0.004689267833165922,0.0077028244683617925,0.9062146433366812,0.01061833657066628,0.008394882782986732,0.8230277238222286,0.0004739227387082024,0.0004739227387082024,5.575561631861205
21170,0.0006931807734686499,0.0015821592685103293,0.9306819226531347,0.004683305860855582,0.007703838003654551,0.9063338827828881,0.010608384084120601,0.008396574705699498,0.8231935985979899,0.0004741467097567412,0.0004741467097567412,5.578196585373425
21180,0.0006919636391238963,0.0015823661813489374,0.9308036360876102,0.004677349246349634,0.007704850628120562,0.906453015073007,0.010598437607141407,0.00839826560678596,0.8233593732143097,0.0004743706808052801,0.0004743706808052801,5.580831538885648
21190,0.000690748244201963,0.001582572798485666,0.9309251755798035,0.004671397988997236,0.007705862341870469,0.906572040220055,0.010588497140190388,0.008399955486167633,0.8235250476634933,0.0004745946518538189,0.0004745946518538189,5.58346649239787
21200,0.0006895345877597142,0.0015827791200808483,0.9310465412240283,0.004665452088147541,0.007706873145014917,0.9066909582370489,0.010578562683729233,0.00840164434376603,0.8236906219378459,0.0004748186229023578,0.0004748186229023578,5.586101445910091
21210,0.0006883226688540135,0.0015829851462948175,0.9311677331145984,0.004659511543149705,0.00770788303766455,0.9068097691370056,0.010568634238219627,0.008403332179502662,0.8238560960296727,0.0004750425939508966,0.0004750425939508966,5.588736399422313
21220,0.0006871124865417247,0.0015831908772879065,0.9312887513458272,0.004653576353352881,0.00770889201993001,0.9069284729329423,0.01055871180412326,0.008405018993299046,0.824021469931279,0.0004752665649994355,0.0004752665649994355,5.591371352934535
21230,0.0006859040398797116,0.0015833963132204489,0.9314095960120286,0.0046476465181062255,0.007709900091921941,0.9070470696378752,0.010548795381901819,0.00840670478507669,0.8241867436349696,0.0004754905360479743,0.0004754905360479743,5.594006306446756
21240,0.0006846973279248382,0.0015836014542527773,0.931530267207516,0.004641722036758893,0.007710907253750988,0.9071655592648219,0.010538884972016991,0.00840838955475711,0.82435191713305,0.0004757145070965132,0.0004757145070965132,5.596641259958978
21250,0.0006834923497339681,0.001583806300545225,0.9316507650266029,0.0046358029086600375,0.007711913505527793,0.9072839418267991,0.010528980574930466,0.00841007330226182,0.8245169904178254,0.000475938478145052,0.000475938478145052,5.5992762134711995
21260,0.0006822891043639652,0.0015840108522581257,0.9317710895636032,0.004629889133158815,0.007712918847363001,0.9074022173368236,0.010519082191103932,0.00841175602751233,0.824681963481601,0.0004761624491935909,0.0004761624491935909,5.601911166983422
21270,0.0006810875908716933,0.0015842151095518118,0.9318912409128303,0.0046239807096043785,0.007713923279367255,0.9075203858079122,0.010509189820999076,0.008413437730430157,0.824846836316682,0.0004763864202421297,0.0004763864202421297,5.604546120495643
21280,0.0006798878083140162,0.001584419072586617,0.9320112191685982,0.004618077637345884,0.007714926801651199,0.9076384472530821,0.010499303465077586,0.00841511841093681,0.8250116089153735,0.0004766103912906686,0.0004766103912906686,5.607181074007865
21290,0.0006786897557477978,0.001584622741522874,0.9321310244252199,0.0046121799157324865,0.0077159294143254765,0.90775640168535,0.010489423123801148,0.008416798068953804,0.8251762812699808,0.0004768343623392074,0.0004768343623392074,5.609816027520087
21300,0.0006774934322299019,0.0015848261165209165,0.9322506567770096,0.004606287544113341,0.007716931117500731,0.9078742491177328,0.010479548797631452,0.008418476704402652,0.8253408533728089,0.00047705833338774627,0.00047705833338774627,5.612450981032309
21310,0.0006762988368171921,0.0015850291977410772,0.9323701163182806,0.004600400521837601,0.007717931911287607,0.9079919895632478,0.010469680487030186,0.008420154317204867,0.8255053252161634,0.0004772823044362851,0.0004772823044362851,5.61508593454453
21320,0.0006751059685665326,0.0015852319853436891,0.9324894031433464,0.004594518848254423,0.007718931795796748,0.9081096230349115,0.010459818192459036,0.008421830907281963,0.8256696967923494,0.00047750627548482396,0.00047750627548482396,5.617720888056752
21330,0.0006739148265347869,0.001585434479489086,0.9326085173465211,0.00458864252271296,0.007719930771138796,0.9082271495457406,0.010449961914379692,0.008423506474555451,0.8258339680936717,0.0004777302465333628,0.0004777302465333628,5.620355841568974
21340,0.0006727254097788189,0.0015856366803376006,0.9327274590221178,0.0045827715445623685,0.0077209288374243965,0.9083445691087523,0.01044011165325384,0.008425181018946846,0.8259981391124358,0.00047795421758190166,0.00047795421758190166,5.622990795081195
21350,0.0006715377173554925,0.001585838588049566,0.9328462282644505,0.004576905913151802,0.007721925994764193,0.9084618817369638,0.01043026740954317,0.00842685454037766,0.826162209840947,0.0004781781886304405,0.0004781781886304405,5.625625748593417
21360,0.0006703517483216715,0.0015860402027853156,0.9329648251678326,0.004571045627830415,0.007722922243268829,0.9085790874433914,0.010420429183709369,0.008428527038769406,0.8263261802715103,0.00047840215967897935,0.00047840215967897935,5.6282607021056394
21370,0.0006691675017342196,0.0015862415247051825,0.9330832498265778,0.004565190687947365,0.007723917583048947,0.9086961862410523,0.010410596976214125,0.0084301985140436,0.8264900503964313,0.0004786261307275182,0.0004786261307275182,5.63089565561786
21380,0.0006679849766500007,0.0015864425539694996,0.9332015023349997,0.004559341092851804,0.007724912014215193,0.9088131781429636,0.010400770787519125,0.008431868966121749,0.8266538202080145,0.00047885010177605705,0.00047885010177605705,5.633530609130083
21390,0.0006668041721258786,0.0015866432907386003,0.9333195827874118,0.004553496841892888,0.0077259055368782085,0.908930063162142,0.010390950618086056,0.00843353839492537,0.8268174896985656,0.00047907407282459587,0.00047907407282459587,5.6361655626423035
21400,0.0006656250872187172,0.001586843735172818,0.933437491278128,0.00454765793441977,0.007726898151148638,0.9090468413116044,0.01038113646837661,0.008435206800375976,0.8269810588603899,0.00047929804387313474,0.00047929804387313474,5.638800516154526
21410,0.0006644477209853801,0.0015870438874324851,0.9335552279014617,0.004541824369781608,0.007727889857137126,0.9091635126043677,0.01037132833885247,0.00843687418239508,0.8271445276857922,0.00047952201492167356,0.00047952201492167356,5.641435469666748
21420,0.0006632720724827313,0.0015872437476779355,0.9336727927517267,0.004535996147327554,0.007728880654954315,0.9092800770534486,0.010361526229975326,0.008438540540904194,0.8273078961670779,0.00047974598597021244,0.00047974598597021244,5.644070423178969
21430,0.0006620981407676346,0.001587443316069502,0.9337901859232364,0.004530173266406765,0.007729870544710849,0.9093965346718644,0.010351730142206868,0.008440205875824832,0.8274711642965521,0.00047996995701875126,0.00047996995701875126,5.646705376691191
21440,0.0006609259248969537,0.0015876425927675176,0.9339074075103044,0.004524355726368393,0.007730859526517373,0.9095128854726319,0.01034194007600878,0.008441870187078508,0.8276343320665204,0.00048019392806729013,0.00048019392806729013,5.649340330203413
21450,0.0006597554239275525,0.0015878415779323157,0.9340244576072445,0.004518543526561596,0.0077318476004845284,0.909629129468768,0.010332156031842751,0.008443533474586732,0.8277973994692874,0.00048041789911582895,0.00048041789911582895,5.651975283715634
21460,0.0006585866369162949,0.0015880402717242297,0.9341413363083703,0.004512736666335527,0.0077328347667229595,0.9097452666732891,0.01032237801017047,0.00844519573827102,0.8279603664971588,0.00048064187016436783,0.00048064187016436783,5.654610237227857
21470,0.0006574195629200446,0.0015882386743035922,0.9342580437079954,0.004506935145039341,0.007733821025343312,0.9098612970992129,0.010312606011453626,0.008446856978052883,0.8281232331424394,0.00048086584121290665,0.00048086584121290665,5.657245190740078
21480,0.0006562542009956654,0.0015884367858307366,0.9343745799004332,0.004501138962022193,0.007734806376456227,0.9099772207595559,0.010302840036153905,0.008448517193853835,0.8282859993974346,0.0004810898122614455,0.0004810898122614455,5.6598801442523
21490,0.0006550905502000213,0.0015886346064659961,0.9344909449799976,0.0044953481166332375,0.0077357908201723495,0.910093037667335,0.010293080084732995,0.008450176385595391,0.8284486652544502,0.0004813137833099844,0.0004813137833099844,5.662515097764522
21500,0.0006539286095899758,0.0015888321363697038,0.9346071390410021,0.004489562608221629,0.007736774356602322,0.9102087478355673,0.010283326157652584,0.00845183455319906,0.8286112307057901,0.0004815377543585232,0.0004815377543585232,5.665150051276743
21510,0.000652768378222393,0.001589029375702193,0.9347231621777604,0.004483782436136524,0.0077377569858567904,0.9103243512772693,0.010273578255374359,0.008453491696586359,0.8287736957437606,0.0004817617254070621,0.0004817617254070621,5.667785004788965
21520,0.0006516098551541367,0.0015892263246237966,0.9348390144845862,0.004478007599727075,0.007738738708046397,0.9104398480054583,0.01026383637836001,0.008455147815678798,0.8289360603606664,0.0004819856964556009,0.0004819856964556009,5.670419958301187
21530,0.0006504530394420704,0.0015894229832948477,0.9349546960557926,0.004472238098342438,0.007739719523281785,0.910555238033151,0.010254100527071224,0.008456802910397892,0.8290983245488128,0.0004822096675041398,0.0004822096675041398,5.673054911813409
21540,0.0006492979301430583,0.0015896193518756799,0.9350702069856939,0.004466473931331769,0.007740699431673599,0.9106705213733644,0.010244370701969686,0.008458456980665153,0.8292604883005051,0.0004824336385526786,0.0004824336385526786,5.67568986532563
21550,0.000648144526313964,0.001589815430526626,0.9351855473686034,0.004460715098044221,0.007741678433332482,0.9107856980391154,0.01023464690351709,0.008460110026402094,0.8294225516080485,0.0004826576096012175,0.0004826576096012175,5.678324818837853
21560,0.0006469928270116514,0.001590011219408019,0.9353007172988347,0.004454961597828948,0.007742656528369078,0.9109007680434209,0.010224929132175119,0.00846176204753023,0.8295845144637479,0.0004828815806497563,0.0004828815806497563,5.680959772350073
21570,0.0006458428312929843,0.0015902067186801924,0.9354157168707014,0.004449213430035107,0.007743633716894031,0.9110157313992976,0.010215217388405463,0.008463413043971071,0.8297463768599088,0.0004831055516982952,0.0004831055516982952,5.683594725862296
21580,0.0006446945382148265,0.0015904019285034791,0.935530546178517,0.004443470594011852,0.007744609999017985,0.9111305881197628,0.010205511672669807,0.008465063015646132,0.8299081387888364,0.000483329522746834,0.000483329522746834,5.6862296793745175
21590,0.0006435479468340418,0.0015905968490382127,0.9356452053165957,0.004437733089108338,0.007745585374851582,0.9112453382178332,0.010195811985429843,0.008466711962476926,0.8300698002428358,0.0004835534937953729,0.0004835534937953729,5.688864632886739
21600,0.000642403056207494,0.0015907914804447257,0.9357596943792502,0.004432000914673719,0.007746559844505467,0.9113599817065254,0.010186118327147255,0.008468359884384966,0.8302313612142124,0.0004837774648439117,0.0004837774648439117,5.691499586398961
21610,0.000641259865392047,0.0015909858228833518,0.935874013460795,0.00442627407005715,0.007747533408090284,0.9114745185988569,0.010176430698283735,0.008470006781291764,0.830392821695271,0.00048400143589245057,0.00048400143589245057,5.6941345399111825
21620,0.0006401183734445645,0.0015911798765144238,0.9359881626555433,0.004420552554607786,0.007748506065716676,0.911588948907844,0.010166749099300966,0.008471652653118835,0.8305541816783171,0.0004842254069409894,0.0004842254069409894,5.696769493423404
21630,0.0006389785794219105,0.001591373641498275,0.9361021420578087,0.004414836367674782,0.007749477817495286,0.9117032726465042,0.010157073530660641,0.00847329749978769,0.8307154411556559,0.00048444937798952826,0.00048444937798952826,5.699404446935627
21640,0.0006378404823809486,0.0015915671179952385,0.9362159517619049,0.004409125508607293,0.0077504486635367595,0.9118174898278539,0.010147403992824443,0.008474941321219844,0.8308766001195924,0.0004846733490380671,0.0004846733490380671,5.702039400447847
21650,0.0006367040813785428,0.0015917603061656475,0.9363295918621455,0.004403419976754474,0.007751418603951739,0.9119316004649104,0.010137740486254066,0.00847658411733681,0.8310376585624323,0.00048489732008660596,0.00048489732008660596,5.70467435396007
21660,0.0006355693754715567,0.001591953206169835,0.936443062452844,0.004397719771465479,0.007752387638850868,0.9120456045706902,0.010128083011411191,0.008478225888060097,0.8311986164764801,0.0004851212911351448,0.0004851212911351448,5.707309307472291
21670,0.0006344363637168543,0.0015921458181681345,0.9365563636283143,0.004392024892089463,0.0077533557683447905,0.9121595021582105,0.01011843156875751,0.008479866633311222,0.8313594738540413,0.00048534526218368365,0.00048534526218368365,5.709944260984513
21680,0.0006333050451712994,0.0015923381423208788,0.9366694954828697,0.004386335337975581,0.007754322992544151,0.9122732932404881,0.01010878615875471,0.0084815063530117,0.8315202306874214,0.0004855692332322225,0.0004855692332322225,5.712579214496735
21690,0.0006321754188917558,0.0015925301787884012,0.9367824581108241,0.004380651108472987,0.007755289311559592,0.9123869778305401,0.01009914678186448,0.008483145047083038,0.8316808869689252,0.00048579320428076135,0.00048579320428076135,5.7152141680089565
21700,0.0006310474839350873,0.0015927219277310349,0.9368952516064909,0.004374972202930837,0.007756254725501757,0.912500555941383,0.010089513438548504,0.008484782715446754,0.8318414426908582,0.00048601717532930017,0.00048601717532930017,5.717849121521178
21710,0.0006299212393581577,0.001592913389309113,0.937007876064184,0.004369298620698285,0.007757219234481291,0.912614027586034,0.010079886129268474,0.008486419358024359,0.8320018978455253,0.00048624114637783904,0.00048624114637783904,5.7204840750334
21720,0.0006287966842178309,0.0015931045636829685,0.9371203315782167,0.0043636303611244865,0.007758182838608837,0.9127273927775101,0.010070264854486076,0.008488054974737367,0.832162252425232,0.00048646511742637786,0.00048646511742637786,5.7231190285456215
21730,0.0006276738175709704,0.0015932954510129347,0.9372326182429027,0.004357967423558596,0.0077591455379950386,0.912840651528828,0.010060649614662999,0.00848968956550729,0.8323225064222833,0.00048668908847491674,0.00048668908847491674,5.725753982057843
21740,0.0006265526384744405,0.001593486051459345,0.9373447361525556,0.004352309807349767,0.0077601073327505385,0.9129538038530044,0.01005104041026093,0.008491323130255642,0.8324826598289844,0.00048691305952345556,0.00048691305952345556,5.728388935570065
21750,0.0006254331459851046,0.001593676365182532,0.9374566854014893,0.004346657511847157,0.007761068222985982,0.9130668497630565,0.010041437241741558,0.008492955668903934,0.8326427126376406,0.00048713703057199443,0.00048713703057199443,5.731023889082287
21760,0.0006243153391598268,0.0015938663923428292,0.9375684660840171,0.004341010536399919,0.0077620282088120135,0.9131797892720014,0.010031840109566568,0.008494587181373683,0.8328026648405572,0.00048736100162053325,0.00048736100162053325,5.733658842594508
21770,0.0006231992170554708,0.0015940561331005698,0.9376800782944527,0.004335368880357208,0.007762987290339274,0.9132926223928557,0.01002224901419765,0.008496217667586398,0.832962516430039,0.00048758497266907213,0.00048758497266907213,5.736293796106731
21780,0.0006220847787289004,0.0015942455876160866,0.9377915221271097,0.004329732543068178,0.007763945467678409,0.9134053491386362,0.010012663956096493,0.008497847127463596,0.8331222673983918,0.00048780894371761095,0.00048780894371761095,5.738928749618952
21790,0.0006209720232369794,0.0015944347560497133,0.9379027976763019,0.004324101523881986,0.007764902740940062,0.91351796952236,0.010003084935724785,0.008499475560926787,0.8332819177379203,0.0004880329147661498,0.0004880329147661498,5.741563703131174
21800,0.0006198609496365717,0.0015946236385617825,0.9380139050363426,0.004318475822147785,0.007765859110234876,0.913630483557044,0.00999351195354421,0.008501102967897484,0.8334414674409297,0.00048825688581468864,0.00048825688581468864,5.744198656643396
21810,0.000618751556984541,0.0015948122353126278,0.9381248443015456,0.00431285543721473,0.007766814575673495,0.9137428912557053,0.00998394501001646,0.008502729348297202,0.8336009164997257,0.0004884808568632275,0.0004884808568632275,5.746833610155617
21820,0.0006176438443377514,0.001595000546462582,0.9382356155662246,0.004307240368431976,0.007767769137366563,0.9138551926313603,0.00997438410560322,0.008504354702047452,0.8337602649066128,0.0004887048279117663,0.0004887048279117663,5.749468563667839
21830,0.0006165378107530663,0.0015951885721719784,0.938346218924693,0.004301630615148678,0.007768722795424724,0.9139673876970262,0.00996482924076618,0.008505979029069749,0.833919512653897,0.0004889287989603052,0.0004889287989603052,5.7521035171800605
21840,0.0006154334552873498,0.0015953763126011502,0.9384566544712647,0.004296026176713992,0.0077696755499586205,0.9140794764657199,0.009955280415967025,0.008507602329285605,0.8340786597338828,0.0004891527700088441,0.0004891527700088441,5.754738470692283
21850,0.0006143307769974656,0.0015955637679104307,0.9385669223002533,0.00429042705247707,0.007770627401078898,0.9141914589504584,0.009945737631667445,0.008509224602616534,0.8342377061388758,0.0004893767410573829,0.0004893767410573829,5.757373424204505
21860,0.0006132297749402775,0.0015957509382601527,0.9386770225059721,0.004284833241787069,0.007771578348896198,0.9143033351642584,0.00993620088832913,0.008510845848984048,0.8343966518611812,0.0004896007121059217,0.0004896007121059217,5.7600083777167255
21870,0.0006121304481726494,0.0015959378238106494,0.9387869551827348,0.004279244743993142,0.007772528393521165,0.9144151051201369,0.009926670186413765,0.00851246606830966,0.8345554968931039,0.0004898246831544606,0.0004898246831544606,5.762643331228947
21880,0.0006110327957514451,0.001596124424722254,0.9388967204248553,0.004273661558444446,0.007773477535064443,0.9145267688311107,0.009917145526383038,0.008514085260514883,0.8347142412269494,0.0004900486542029995,0.0004900486542029995,5.76527828474117
21890,0.0006099368167335284,0.0015963107411553,0.9390063183266469,0.0042680836844901345,0.007774425773636677,0.914638326310197,0.009907626908698638,0.00851570342552123,0.8348728848550226,0.0004902726252515383,0.0004902726252515383,5.767913238253391
21900,0.0006088425101757631,0.00159649677327012,0.9391157489824234,0.004262511121479362,0.007775373109348508,0.9147497775704124,0.009898114333822252,0.008517320563250217,0.835031427769629,0.0004904965963000771,0.0004904965963000771,5.770548191765613
21910,0.000607749875135013,0.0015966825212270475,0.9392250124864984,0.004256943868761284,0.007776319542310581,0.9148611226247741,0.009888607802215567,0.008518936673623353,0.8351898699630739,0.0004907205673486159,0.0004907205673486159,5.773183145277835
21920,0.000606658910668142,0.0015968679851864156,0.9393341089331855,0.004251381925685056,0.00777726507263354,0.9149723614862986,0.009879107314340274,0.008520551756562153,0.835348211427662,0.0004909445383971549,0.0004909445383971549,5.775818098790057
21930,0.0006055696158320139,0.0015970531653085574,0.9394430384167983,0.004245825291599831,0.007778209700428028,0.9150834941680032,0.009869612870658058,0.00852216581198813,0.835506452155699,0.0004911685094456937,0.0004911685094456937,5.778453052302278
21940,0.0006044819896834923,0.001597238061753806,0.9395518010316505,0.004240273965854764,0.00777915342580469,0.9151945206829046,0.009860124471630607,0.008523778839822796,0.8356645921394897,0.0004913924804942325,0.0004913924804942325,5.7810880058144996
21950,0.0006033960312794414,0.0015974226746824948,0.9396603968720557,0.004234727947799012,0.007780096248874167,0.9153054410440196,0.009850642117719612,0.008525390839987665,0.8358226313713396,0.0004916164515427713,0.0004916164515427713,5.783722959326721
21960,0.0006023117396767246,0.0015976070042549567,0.9397688260323274,0.004229187236781728,0.007781038169747106,0.9154162552643653,0.009841165809386756,0.00852700181240425,0.835980569843554,0.0004918404225913103,0.0004918404225913103,5.786357912838944
21970,0.0006012291139322061,0.0015977910506315247,0.9398770886067792,0.004223651832152066,0.007781979188534148,0.9155269633569585,0.009831695547093731,0.008528611756994065,0.8361384075484377,0.0004920643936398491,0.0004920643936398491,5.788992866351165
21980,0.0006001481531027494,0.0015979748139725324,0.9399851846897249,0.0042181217332591826,0.007782919305345939,0.9156375653348161,0.009822231331302222,0.008530220673678621,0.8362961444782961,0.0004922883646883879,0.0004922883646883879,5.791627819863387
21990,0.0005990688562452185,0.0015981582944383126,0.9400931143754778,0.004212596939452232,0.00778385852029312,0.9157480612109552,0.00981277316247392,0.008531828562379433,0.8364537806254345,0.0004925123357369267,0.0004925123357369267,5.794262773375608
22000,0.0005979912224164772,0.0015983414921891986,0.9402008777583519,0.004207077450080369,0.0077847968334863364,0.9158584509983924,0.00980332104107051,0.008533435423018014,0.8366113159821582,0.0004927363067854656,0.0004927363067854656,5.79689772688783
22010,0.0005969152506733893,0.0015985244073855236,0.9403084749326608,0.004201563264492748,0.0077857342450362325,0.9159687347101447,0.00979387496755368,0.008535041255515874,0.836768750540772,0.0004929602778340045,0.0004929602778340045,5.799532680400052
22020,0.0005958409400728187,0.0015987070401876206,0.940415905992718,0.004196054382038524,0.00778667075505345,0.9160789123592293,0.009784434942385121,0.008536646059794529,0.8369260842935812,0.0004931842488825433,0.0004931842488825433,5.802167633912274
22030,0.0005947682896716289,0.001598889390755823,0.9405231710328369,0.0041905508020668525,0.0077876063636486345,0.9161889839586628,0.009775000966026518,0.008538249835775492,0.8370833172328912,0.0004934082199310821,0.0004934082199310821,5.804802587424495
22040,0.0005936972985266841,0.0015990714592504635,0.9406302701473314,0.004185052523926887,0.007788541070932429,0.916298949521462,0.00976557303893956,0.008539852583380275,0.8372404493510074,0.000493632190979621,0.000493632190979621,5.807437540936718
22050,0.0005926279656948478,0.0015992532458318756,0.940737203430515,0.004179559546967783,0.007789474877015476,0.9164088090606441,0.009756151161585933,0.008541454302530392,0.8373974806402346,0.0004938561620281599,0.0004938561620281599,5.8100724944489395
22060,0.0005915602902329841,0.0015994347506603924,0.9408439709767012,0.004174071870538696,0.007790407782008421,0.9165185625892259,0.009746735334427327,0.008543054993147354,0.8375544110928778,0.0004940801330766987,0.0004940801330766987,5.81270744796116
22070,0.0005904942711979567,0.001599615973896347,0.940950572880204,0.00416858949398878,0.007791339786021907,0.9166282101202242,0.00973732555792543,0.008544654655152677,0.8377112407012428,0.0004943041041252376,0.0004943041041252376,5.815342401473384
22080,0.0005894299076466293,0.0015997969157000727,0.9410570092353367,0.0041631124166671895,0.007792270889166578,0.916737751666656,0.009727921832541928,0.008546253288467871,0.8378679694576344,0.0004945280751737764,0.0004945280751737764,5.817977354985604
22090,0.0005883671986358658,0.0015999775762319025,0.941163280136413,0.00415764063792308,0.007793201091553076,0.9168471872415382,0.00971852415873851,0.008547850893014453,0.8380245973543582,0.0004947520462223153,0.0004947520462223153,5.820612308497826
22100,0.0005873061432225301,0.0016001579556521696,0.9412693856777467,0.004152174157105605,0.007794130393292046,0.9169565168578877,0.009709132536976865,0.008549447468713932,0.8381811243837187,0.0004949760172708541,0.0004949760172708541,5.823247262010048
22110,0.000586246740463486,0.001600338054121207,0.9413753259536511,0.004146712973563921,0.0077950587944941325,0.9170657405287213,0.009699746967718678,0.008551043015487824,0.838337550538022,0.0004951999883193929,0.0004951999883193929,5.8258822155222685
22120,0.0005851889894155971,0.0016005178717993483,0.9414811010584401,0.004141257086647182,0.007795986295269978,0.917174858267056,0.00969036745142564,0.008552637533257641,0.8384938758095727,0.0004954239593679318,0.0004954239593679318,5.828517169034492
22130,0.0005841328891357275,0.001600697408846926,0.941586711086427,0.004135806495704543,0.007796912895730227,0.917283870085909,0.009680993988559438,0.008554231021944895,0.8386501001906759,0.0004956479304164706,0.0004956479304164706,5.831152122546713
22140,0.0005830784386807408,0.0016008766654242738,0.9416921561319257,0.004130361200085159,0.007797838595985523,0.9173927759982967,0.009671626579581758,0.008555823481471101,0.8388062236736373,0.0004958719014650095,0.0004958719014650095,5.833787076058934
22150,0.000582025637107501,0.0016010556416917246,0.9417974362892497,0.004124921199138184,0.007798763396146508,0.9175015760172361,0.00966226522495429,0.008557414911757771,0.8389622462507618,0.0004960958725135484,0.0004960958725135484,5.836422029571157
22160,0.0005809744834728718,0.0016012343378096114,0.9419025516527124,0.0041194864922127735,0.007799687296323828,0.9176102701557443,0.00965290992513872,0.008559005312726417,0.8391181679143547,0.0004963198435620872,0.0004963198435620872,5.8390569830833785
22170,0.000579924976833717,0.001601412753938268,0.9420075023166281,0.004114057078658083,0.007800610296628125,0.9177188584268382,0.00964356068059674,0.008560594684298553,0.8392739886567208,0.000496543814610626,0.000496543814610626,5.8416919365956
22180,0.0005788771162469006,0.0016015908902380267,0.9421122883753097,0.004108632957823264,0.007801532397170044,0.9178273408435345,0.009634217491790033,0.008562183026395694,0.8394297084701661,0.0004967677856591649,0.0004967677856591649,5.844326890107821
22190,0.0005778309007692861,0.0016017687468692211,0.9422169099230712,0.004103214129057476,0.007802453598060229,0.9179357174188504,0.009624880359180289,0.00856377033893935,0.8395853273469951,0.0004969917567077038,0.0004969917567077038,5.846961843620044
22200,0.0005767863294577375,0.0016019463239921844,0.942321367054226,0.004097800591709871,0.007803373899409322,0.9180439881658025,0.009615549283229195,0.008565356621851036,0.8397408452795133,0.0004972157277562426,0.0004972157277562426,5.849596797132265
22210,0.0005757434013691187,0.0016021236217672497,0.9424256598630879,0.004092392345129603,0.007804293301327967,0.9181521530974078,0.009606224264398439,0.008566941875052265,0.8398962622600259,0.0004974396988047814,0.0004974396988047814,5.852231750644487
22220,0.0005747021155602933,0.0016023006403547498,0.9425297884439703,0.00408698938866583,0.007805211803926808,0.9182602122266832,0.009596905303149711,0.008568526098464549,0.8400515782808382,0.0004976636698533202,0.0004976636698533202,5.854866704156708
22230,0.0005736624710881253,0.0016024773799150184,0.9426337528911872,0.004081591721667703,0.00780612940731649,0.9183681655666457,0.009587592399944696,0.0085701092920094,0.8402067933342549,0.0004978876409018592,0.0004978876409018592,5.857501657668931
22240,0.0005726244670094785,0.0016026538406083883,0.9427375532990518,0.00407619934348438,0.007807046111607655,0.9184760131303122,0.009578285555245085,0.008571691455608335,0.8403619074125818,0.000498111611950398,0.000498111611950398,5.860136611181153
22250,0.0005715881023812166,0.0016028300225951928,0.942841189761878,0.004070812253465014,0.007807961916910947,0.9185837549306994,0.009568984769512562,0.008573272589182864,0.8405169205081239,0.0004983355829989368,0.0004983355829989368,5.862771564693374
22260,0.0005705533762602036,0.0016030059260357652,0.9429446623739793,0.00406543045095876,0.00780887682333701,0.9186913909808244,0.00955969004320882,0.0085748526926545,0.8406718326131863,0.0004985595540474756,0.0004985595540474756,5.865406518205595
22270,0.000569520287703303,0.0016031815510904382,0.9430479712296694,0.004060053935314774,0.007809790830996488,0.9187989212937043,0.009550401376795541,0.008576431765944758,0.8408266437200743,0.0004987835250960146,0.0004987835250960146,5.8680414717178175
22280,0.0005684888357673789,0.0016033568979195454,0.9431511164232618,0.004054682705882209,0.007810703940000024,0.9189063458823555,0.009541118770734417,0.008578009808975148,0.840981353821093,0.0004990074961445534,0.0004990074961445534,5.870676425230039
22290,0.0005674590195092951,0.0016035319666834196,0.9432540980490702,0.004049316762010221,0.007811616150458262,0.9190136647597953,0.009531842225487133,0.008579586821667188,0.8411359629085478,0.0004992314671930922,0.0004992314671930922,5.873311378742261
22300,0.0005664308379859153,0.0016037067575423941,0.9433569162014083,0.004043956103047965,0.007812527462481846,0.9191208779390406,0.00952257174151538,0.008581162803942385,0.8412904709747436,0.000499455438241631,0.000499455438241631,5.8759463322544825
22310,0.0005654042902541033,0.0016038812706568022,0.9434595709745894,0.0040386007283445945,0.007813437876181419,0.919227985433108,0.009513307319280843,0.008582737755722256,0.8414448780119859,0.00049967940929017,0.00049967940929017,5.878581285766705
22320,0.0005643793753707231,0.0016040555061869767,0.9435620624629274,0.004033250637249266,0.007814347391667625,0.9193349872550144,0.009504048959245214,0.008584311676928313,0.8415991840125797,0.0004999033803387088,0.0004999033803387088,5.881216239278927
22330,0.0005633560923926383,0.0016042294642932512,0.9436643907607359,0.004027905829111132,0.007815256009051107,0.9194418834177771,0.009494796661870175,0.00858588456748207,0.8417533889688305,0.0005001273513872476,0.0005001273513872476,5.883851192791147
22340,0.0005623344403767129,0.0016044031451359585,0.9437665559623284,0.00402256630327935,0.00781616372844251,0.9195486739344129,0.00948555042761742,0.008587456427305039,0.8419074928730429,0.0005003513224357864,0.0005003513224357864,5.886486146303369
22350,0.0005613144183798105,0.001604576548875432,0.9438685581620186,0.004017232059103073,0.007817070549952477,0.9196553588179383,0.00947631025694863,0.008589027256318733,0.8420614957175229,0.0005005752934843253,0.0005005752934843253,5.889121099815592
22360,0.0005602960254587952,0.0016047496756720046,0.9439703974541201,0.004011903095931456,0.007817976473691653,0.9197619380813707,0.0094670761503255,0.008590597054444664,0.8422153974945749,0.0005007992645328642,0.0005007992645328642,5.891756053327813
22370,0.0005592792606705305,0.0016049225256860096,0.9440720739329467,0.004006579413113654,0.007818881499770678,0.9198684117377266,0.009457848108209713,0.008592165821604348,0.8423691981965046,0.000501023235581403,0.000501023235581403,5.894391006840035
22380,0.0005582641230718805,0.00160509509907778,0.9441735876928117,0.004001261009998823,0.0078197856283002,0.9199747798000232,0.009448626131062959,0.008593733557719297,0.8425228978156173,0.0005012472066299418,0.0005012472066299418,5.897025960352256
22390,0.0005572506117197088,0.0016052673960076493,0.9442749388280289,0.003995947885936116,0.00782068885939086,0.9200810422812774,0.009439410219346927,0.008595300262711022,0.8426764963442177,0.0005014711776784807,0.0005014711776784807,5.899660913864479
22400,0.0005562387256708794,0.0016054394166359503,0.9443761274329119,0.003990640040274688,0.007821591193153302,0.920187199194506,0.009430200373523302,0.008596865936501039,0.8428299937746117,0.0005016951487270196,0.0005016951487270196,5.9022958673767
22410,0.0005552284639822559,0.0016056111611230162,0.9444771536017742,0.003985337472363695,0.00782249262969817,0.9202932505527258,0.009420996594053772,0.008598430579010859,0.8429833900991038,0.0005019191197755584,0.0005019191197755584,5.9049308208889215
22420,0.0005542198257107023,0.0016057826296291804,0.9445780174289296,0.003980040181552291,0.00782339316913611,0.9203991963689538,0.009411798881400027,0.008599994190161995,0.8431366853099995,0.0005021430908240972,0.0005021430908240972,5.907565774401143
22430,0.0005532128099130824,0.0016059538223147758,0.9446787190086915,0.00397474816718963,0.007824292811577762,0.920505036656207,0.009402607236023753,0.008601556769875961,0.843289879399604,0.0005023670618726361,0.0005023670618726361,5.910200727913366
22440,0.0005522074156462599,0.0016061247393401356,0.9447792584353738,0.003969461428624869,0.007825191557133772,0.9206107714275025,0.009393421658386641,0.00860311831807427,0.8434429723602225,0.0005025910329211749,0.0005025910329211749,5.912835681425587
22450,0.0005512036419670987,0.001606295380865593,0.9448796358032899,0.003964179965207161,0.007826089405914782,0.9207164006958566,0.009384242148950376,0.008604678834678435,0.8435959641841603,0.0005028150039697138,0.0005028150039697138,5.915470634937808
22460,0.0005502014879324626,0.001606465747051481,0.9449798512067534,0.003958903776285661,0.007826986358031437,0.9208219244742867,0.009375068708176644,0.008606238319609969,0.8437488548637224,0.0005030389750182526,0.0005030389750182526,5.91810558845003
22470,0.0005492009525992155,0.001606635838058133,0.9450799047400782,0.003953632861209524,0.00782788241359438,0.9209273427758093,0.009365901336527139,0.008607796772790386,0.8439016443912144,0.0005032629460667915,0.0005032629460667915,5.920740541962252
22480,0.000548202035024221,0.0016068056540458821,0.9451797964975776,0.003948367219327906,0.007828777572714255,0.9210326556134416,0.009356740034463542,0.008609354194141198,0.8440543327589409,0.0005034869171153303,0.0005034869171153303,5.923375495474474
22490,0.0005472047342643431,0.0016069751951750615,0.9452795265735655,0.0039431068499899595,0.007829671835501706,0.9211378630002005,0.009347584802447547,0.008610910583583917,0.8442069199592075,0.0005037108881638692,0.0005037108881638692,5.926010448986696
22500,0.0005462090493764456,0.001607144461606004,0.9453790950623552,0.003937851752544841,0.007830565202067376,0.921242964949103,0.009338435640940838,0.008612465941040056,0.8443594059843192,0.000503934859212408,0.000503934859212408,5.928645402498917
22510,0.0005452149794173923,0.001607313453499043,0.9454785020582605,0.003932601926341705,0.00783145767252191,0.9213479614731658,0.009329292550405103,0.008614020266431132,0.8445117908265816,0.0005041588302609469,0.0005041588302609469,5.93128035601114
22520,0.0005442225234440469,0.0016074821710145117,0.945577747655595,0.003927357370729706,0.007832349246975949,0.9214528525854057,0.009320155531302032,0.008615573559678654,0.8446640744782993,0.0005043828013094857,0.0005043828013094857,5.933915309523361
22530,0.0005432316805132733,0.0016076506143127432,0.9456768319486724,0.003922118085057998,0.00783323992554014,0.9215576382988399,0.009311024584093311,0.008617125820704136,0.8448162569317781,0.0005046067723580245,0.0005046067723580245,5.936550263035582
22540,0.0005422424496819354,0.0016078187835540708,0.9457757550318062,0.003916884068675738,0.007834129708325125,0.9216623186264851,0.009301899709240629,0.008618677049429093,0.8449683381793228,0.0005048307434065635,0.0005048307434065635,5.939185216547805
22550,0.0005412548300068969,0.0016079866788988272,0.9458745169993099,0.003911655320932078,0.007835018595441546,0.9217668935813581,0.009292780907205674,0.008620227245775035,0.8451203182132387,0.0005050547144551023,0.0005050547144551023,5.941820170060026
22560,0.0005402688205450217,0.001608154300507346,0.9459731179454977,0.003906431841176176,0.00783590658700005,0.9218713631764763,0.009283668178450132,0.008621776409663476,0.845272197025831,0.0005052786855036411,0.0005052786855036411,5.944455123572248
22570,0.0005392844203531736,0.0016083216485399602,0.9460715579646825,0.003901213628757183,0.007836793683111277,0.921975727424856,0.009274561523435693,0.008623324541015932,0.845423974609405,0.0005055026565521799,0.0005055026565521799,5.94709007708447
22580,0.0005383016284882163,0.001608488723157003,0.9461698371511781,0.003896000683024258,0.007837679883885876,0.9220799863395146,0.009265460942624044,0.008624871639753912,0.8455756509562659,0.0005057266276007188,0.0005057266276007188,5.9497250305966904
22590,0.0005373204440070139,0.0016086555245188074,0.9462679555992983,0.0038907930033265526,0.007838565189434486,0.9221841399334688,0.009256366436476874,0.00862641770579893,0.8457272260587186,0.0005059505986492577,0.0005059505986492577,5.952359984108914
22600,0.0005363408659664298,0.0016088220527857068,0.9463659134033569,0.0038855905890132227,0.007839449599867751,0.9222881882197352,0.009247278005455868,0.008627962739072502,0.8458786999090687,0.0005061745696977965,0.0005061745696977965,5.954994937621135
22610,0.0005353628934233281,0.001608988308118034,0.9464637106576669,0.003880393439433423,0.007840333115296317,0.9223921312113313,0.009238195650022717,0.008629506739496138,0.8460300724996214,0.0005063985407463353,0.0005063985407463353,5.957629891133356
22620,0.0005343865254345726,0.0016091542906761225,0.9465613474565426,0.003875201553936309,0.007841215735830827,0.9224959689212737,0.009229119370639107,0.008631049706991351,0.8461813438226815,0.0005066225117948743,0.0005066225117948743,5.960264844645579
22630,0.000533411761057027,0.001609320000620305,0.9466588238942969,0.003870014931871034,0.007842097461581923,0.9225997013625791,0.009220049167766727,0.008632591641479656,0.8463325138705545,0.0005068464828434131,0.0005068464828434131,5.9628997981578005
22640,0.0005324385993475552,0.0016094854381109153,0.9467561400652441,0.0038648335725867547,0.00784297829266025,0.9227033285482645,0.009210985041867265,0.008634132542882565,0.8464835826355455,0.0005070704538919519,0.0005070704538919519,5.965534751670022
22650,0.0005314670393630211,0.0016096506033082862,0.9468532960636976,0.0038596574754326245,0.007843858229176453,0.9228068504913471,0.009201926993402406,0.00863567241112159,0.8466345501099598,0.0005072944249404907,0.0005072944249404907,5.968169705182243
22660,0.0005304970801602883,0.0016098154963727507,0.9469502919839708,0.003854486639757798,0.007844737271241175,0.922910267204844,0.009192875022833842,0.008637211246118246,0.8467854162861025,0.0005075183959890296,0.0005075183959890296,5.970804658694466
22670,0.0005295287207962209,0.0016099801174646422,0.9470471279203777,0.0038493210649114314,0.007845615418965056,0.9230135787017711,0.00918382913062326,0.008638749047794046,0.8469361811562789,0.0005077423670375685,0.0005077423670375685,5.973439612206687
22680,0.0005285619603276824,0.0016101444667442938,0.9471438039672315,0.0038441607502426784,0.007846492672458745,0.9231167849951464,0.009174789317232345,0.0086402858160705,0.8470868447127942,0.0005079663380861073,0.0005079663380861073,5.976074565718909
22690,0.0005275967978115367,0.0016103085443720385,0.9472403202188461,0.003839005695100694,0.007847369031832882,0.9232198860979859,0.009165755583122787,0.008641821550869126,0.8472374069479535,0.0005081903091346461,0.0005081903091346461,5.97870951923113
22700,0.0005266332323046478,0.0016104723505082096,0.947336676769535,0.003833855898834633,0.007848244497198112,0.9233228820233071,0.009156727928756275,0.008643356252111432,0.847387867854062,0.000508414280183185,0.000508414280183185,5.981344472743353
22710,0.0005256712628638794,0.0016106358853131403,0.9474328737136118,0.0038287113607936504,0.007849119068665079,0.9234257727841269,0.009147706354594495,0.008644889919718936,0.847538227423425,0.0005086382512317239,0.0005086382512317239,5.9839794262555746
22720,0.0005247108885460954,0.0016107991489471636,0.9475289111453903,0.0038235720803269013,0.007849992746344426,0.9235285583934617,0.009138690861099134,0.008646422553613147,0.8476884856483478,0.0005088622222802627,0.0005088622222802627,5.986614379767795
22730,0.0005237521084081593,0.0016109621415706127,0.9476247891591838,0.0038184380567835396,0.007850865530346798,0.9236312388643291,0.009129681448731882,0.00864795415371558,0.8478386425211353,0.0005090861933288015,0.0005090861933288015,5.989249333280017
22740,0.0005227949215069354,0.0016111248633438207,0.9477205078493063,0.0038133092895127206,0.007851737420782837,0.9237338142097453,0.009120678117954428,0.008649484719947746,0.8479886980340927,0.0005093101643773403,0.0005093101643773403,5.991884286792239
22750,0.000521839326899287,0.001611287314427121,0.947816067310071,0.0038081857778635994,0.007852608417763187,0.9238362844427277,0.009111680869228455,0.008651014252231162,0.8481386521795257,0.0005095341354258792,0.0005095341354258792,5.994519240304461
22760,0.0005208853236420784,0.0016114494949808465,0.9479114676357919,0.0038030675211853304,0.007853478521398493,0.9239386495762931,0.009102689703015655,0.008652542750487338,0.848288504949739,0.0005097581064744181,0.0005097581064744181,5.997154193816683
22770,0.0005199329107921731,0.0016116114051653303,0.9480067089207824,0.003797954518827068,0.007854347731799398,0.9240409096234585,0.009093704619777716,0.008654070214637788,0.8484382563370381,0.0005099820775229569,0.0005099820775229569,5.9997891473289044
22780,0.0005189820874064349,0.0016117730451409057,0.9481017912593562,0.003792846770137968,0.007855216049076545,0.9241430645972404,0.009084725619976324,0.008655596644604024,0.8485879063337278,0.0005102060485714958,0.0005102060485714958,6.002424100841127
22790,0.0005180328525417278,0.001611934415067906,0.9481967147458269,0.0037877442744671842,0.007856083473340578,0.9242451145106562,0.009075752704073167,0.00865712204030756,0.8487374549321138,0.0005104300196200346,0.0005104300196200346,6.005059054353348
22800,0.0005170852052549157,0.0016120955151066642,0.9482914794745082,0.0037826470311638724,0.007856950004702141,0.9243470593767223,0.009066785872529935,0.00865864640166991,0.8488869021245009,0.0005106539906685735,0.0005106539906685735,6.007694007865569
22810,0.0005161391446028621,0.0016122563454175132,0.9483860855397136,0.0037775550395771867,0.007857815643271877,0.9244488992084561,0.009057825125808314,0.008660169728612586,0.8490362479031945,0.0005108779617171123,0.0005108779617171123,6.010328961377791
22820,0.000515194669642431,0.0016124169061607866,0.9484805330357567,0.0037724682990562825,0.007858680389160431,0.924550634018874,0.009048870464369991,0.0086616920210571,0.8491854922605,0.0005111019327656512,0.0005111019327656512,6.012963914890014
22830,0.0005142517794304862,0.001612577197496817,0.9485748220569512,0.0037673868089503136,0.007859544242478447,0.9246522638209935,0.009039921888676656,0.008663213278924968,0.8493346351887222,0.00051132590381419,0.00051132590381419,6.015598868402235
22840,0.0005133104730238914,0.0016127372195859381,0.9486689526976106,0.003762310568608435,0.007860407203336566,0.9247537886278312,0.009030979399189995,0.0086647335021377,0.8494836766801668,0.0005115498748627288,0.0005115498748627288,6.018233821914457
22850,0.0005123707494795106,0.001612896972588483,0.9487629250520487,0.003757239577379803,0.007861269271845432,0.9248552084524035,0.009022042996371698,0.008666252690616811,0.8496326167271383,0.0005117738459112677,0.0005117738459112677,6.020868775426678
22860,0.0005114326078542075,0.0016130564566647844,0.9488567392145789,0.0037521738346135702,0.007862130448115692,0.9249565233077283,0.00901311268068345,0.008667770844283813,0.8497814553219425,0.0005119978169598066,0.0005119978169598066,6.023503728938901
22870,0.0005104960472048461,0.001613215671975176,0.9489503952795152,0.0037471133396588933,0.007862990732257987,0.9250577332068218,0.009004188452586943,0.00866928796306022,0.8499301924568842,0.0005122217880083454,0.0005122217880083454,6.026138682451122
22880,0.00050956106658829,0.0016133746186799904,0.9490438933411707,0.0037420580918649266,0.007863850124382963,0.9251588381627013,0.008995270312543862,0.008670804046867544,0.8500788281242689,0.0005124457590568842,0.0005124457590568842,6.0287736359633435
22890,0.000508627665061403,0.0016135332969395612,0.9491372334938594,0.0037370080905808237,0.00786470862460126,0.9252598381883833,0.008986358261015895,0.008672319095627297,0.8502273623164017,0.000512669730105423,0.000512669730105423,6.031408589475565
22900,0.000507695841681049,0.0016136917069142214,0.9492304158318948,0.003731963335155741,0.007865566233023523,0.9253607332968851,0.008977452298464729,0.008673833109260995,0.8503757950255878,0.000512893701153962,0.000512893701153962,6.034043542987788
22910,0.000506765595504092,0.0016138498487643042,0.9493234404495906,0.0037269238249388317,0.007866422949760398,0.9254615235012231,0.008968552425352055,0.00867534608769015,0.8505241262441323,0.0005131176722025008,0.0005131176722025008,6.036678496500009
22920,0.0005058369255873953,0.0016140077226501426,0.9494163074412603,0.0037218895592792517,0.007867278774922527,0.9255622088144148,0.008959658642139559,0.008676858030836275,0.8506723559643407,0.0005133416432510396,0.0005133416432510396,6.03931345001223
22930,0.0005049098309878234,0.0016141653287320699,0.9495090169012175,0.003716860537526156,0.007868133708620552,0.9256627892494765,0.008950770949288927,0.008678368938620881,0.8508204841785176,0.0005135656142995784,0.0005135656142995784,6.041948403524452
22940,0.0005039843107622396,0.001614322667170419,0.9496015689237758,0.003711836759028699,0.00786898775096512,0.9257632648194258,0.00894188934726185,0.008679878810965484,0.850968510878969,0.0005137895853481174,0.0005137895853481174,6.044583357036674
22950,0.0005030603639675078,0.0016144797381255234,0.949693963603249,0.0037068182231360354,0.007869840902066874,0.925863635537279,0.008933013836520015,0.008681387647791597,0.8511164360579996,0.0005140135563966562,0.0005140135563966562,6.047218310548896
22960,0.000502137989660492,0.0016146365417577162,0.9497862010339505,0.00370180492919732,0.007870693162036455,0.9259639014160534,0.008924144417525108,0.008682895449020732,0.8512642597079147,0.000514237527445195,0.000514237527445195,6.049853264061118
22970,0.0005012171868980558,0.0016147930782273302,0.949878281310194,0.0036967968765617074,0.00787154453098451,0.9260640624687657,0.00891528109073882,0.0086844022145744,0.8514119818210196,0.0005144614984937338,0.0005144614984937338,6.052488217573339
22980,0.0005002979547370633,0.001614949347694699,0.9499702045262934,0.003691794064578353,0.00787239500902168,0.9261641187084328,0.008906423856622837,0.008685907944374117,0.8515596023896194,0.0005146854695422728,0.0005146854695422728,6.055123171085562
22990,0.000499380292234378,0.0016151053503201554,0.950061970776562,0.0036867964925964116,0.00787324459625861,0.9262640701480717,0.008897572715638846,0.008687412638341396,0.8517071214060191,0.0005149094405908116,0.0005149094405908116,6.0577581245977825
