Time (s),10nm_retentate,10nm_permeate,10nm_cumulative_yield,180nm_retentate,180nm_permeate,180nm_cumulative_yield,300nm_retentate,300nm_permeate,300nm_cumulative_yield,V2_{V_2},Added Buffer,Diavolumes
0,0.0175,0.0,0.0,0.08750000000000001,0.0,0.0,0.105,0.0,0.0,0.0,0.0,0.0
10,0.01748673575919571,2.254920936729574e-06,0.000757956617388092,0.08744339861829022,9.622234890664916e-06,0.0006468729338262128,0.10494996271241647,8.506338889199222e-06,0.00047654559603356987,1.1269542289454529e-07,1.1269542289454529e-07,0.001325828504641709
20,0.017473478767628017,4.508609503237242e-06,0.0015154989926847871,0.08738681347428975,1.9241709370742655e-05,0.0012935602938314388,0.10489993123723239,1.7011689670492983e-05,0.0009530358358819599,2.2539084578909058e-07,2.2539084578909058e-07,0.002651657009283418
30,0.017460229025248818,6.761065707701069e-06,0.0022726271286390145,0.08733024452893251,2.885843008147558e-05,0.001940062526485753,0.10484990557567297,2.5516052135592492e-05,0.0014294707078763302,3.3808626868363594e-07,3.3808626868363594e-07,0.003977485513925128
40,0.0174469865288301,9.012290098883524e-06,0.0030293412097087474,0.08727369181154251,3.8472392037772675e-05,0.002586379296656986,0.1047998857681565,3.4019419413394884e-05,0.001905849827080946,4.5078169157818115e-07,4.5078169157818115e-07,0.005303314018566836
50,0.017433751286256315,1.1262281336426854e-05,0.003785640785353564,0.0872171553510566,4.808359032037816e-05,0.0032325102736388673,0.1047498718002121,4.252179396394338e-05,0.0023821733313133544,5.634771144727265e-07,5.634771144727265e-07,0.006629142523208547
60,0.01742052329716706,1.3511039481600525e-05,0.004541525876168243,0.08716063517451564,5.769202033234173e-05,0.0038784551483927207,0.10469986369659999,5.10231715780024e-05,0.002858440984762039,6.761725373672718e-07,6.761725373672718e-07,0.007954971027850255
70,0.017407302561196023,1.5758564596676412e-05,0.005296996503084507,0.08710413130895957,6.72976774768743e-05,0.004524213611890708,0.10464986148210871,5.952354804151926e-05,0.003334652551345617,7.88867960261817e-07,7.88867960261817e-07,0.009280799532491965
80,0.017394089077976908,1.8004856743926392e-05,0.00605205268703408,0.08704764378142832,7.690055715718677e-05,0.005169785355104993,0.10459986518152682,6.802291914044127e-05,0.0038108077949827045,9.015633831563624e-07,9.015633831563624e-07,0.010606628037133674
90,0.0173808828471434,2.0249915985622335e-05,0.006806694448948684,0.08699117261896183,8.650065477649007e-05,0.005815170069007735,0.10454987481964285,7.652128066071576e-05,0.004286906479591919,1.0142588060509076e-06,1.0142588060509076e-06,0.011932456541775383
100,0.017367683868329202,2.2493742384036132e-05,0.007560921809760044,0.08693471784860003,9.60979657379951e-05,0.0064603674445710985,0.10449989042124536,8.501862838829004e-05,0.004762948369091879,1.126954228945453e-06,1.126954228945453e-06,0.013258285046417094
110,0.017354492141168004,2.473633600143964e-05,0.008314734790399878,0.08687827949738287,0.00010569248544491275,0.007105377172767243,0.10444991201112287,9.351495810911144e-05,0.0052389332274012015,1.2396496518399983e-06,1.2396496518399983e-06,0.014584113551058802
120,0.017341307665293505,2.697769690010474e-05,0.009068133411799911,0.08682185759235028,0.00011528420930045398,0.007750198944568334,0.10439993961406396,0.00010201026560912726,0.005714860818438502,1.3523450747345436e-06,1.3523450747345436e-06,0.01590994205570051
130,0.017328130440339394,2.9217825142303302e-05,0.009821117694891865,0.08676545216054218,0.00012487313270782965,0.00839483245094653,0.10434997325485715,0.00011050454667428476,0.006190730906122396,1.465040497629089e-06,1.465040497629089e-06,0.01723577056034222
140,0.01731496046593937,3.145672079030721e-05,0.010573687660607466,0.08670906322899853,0.00013445925107025068,0.009039277382873995,0.10430001295829099,0.00011899779709053141,0.006666543254371507,1.577735920523634e-06,1.577735920523634e-06,0.01856159906498393
150,0.017301797741727132,3.369438390638834e-05,0.011325843329878432,0.08665269082475925,0.000144042559790928,0.00968353343132289,0.10425005874915404,0.0001274900126438144,0.007142297627104448,1.6904313434181796e-06,1.6904313434181796e-06,0.01988742756962564
160,0.017288642267336365,3.593081455281857e-05,0.012077584723636493,0.08659633497486428,0.00015362305427307256,0.01032760028726538,0.10420011065223482,0.00013598118912008108,0.007617993788239836,1.8031267663127246e-06,1.8031267663127246e-06,0.021213256074267346
170,0.01727549404240077,3.8166012791869764e-05,0.012828911862813364,0.08653999570635357,0.00016320072991989515,0.01097147764167362,0.1041501686923219,0.00014447132230527876,0.008093631501696289,1.91582218920727e-06,1.91582218920727e-06,0.022539084578909057
180,0.017262353066554038,4.039997868581381e-05,0.013579824768340777,0.08648367304626703,0.00017277558213460686,0.011615165185519787,0.1041002328942038,0.0001529604079853548,0.008569210531392426,2.028517612101815e-06,2.028517612101815e-06,0.023864913083550765
190,0.01724921933942987,4.2632712296922564e-05,0.01433032346115044,0.08642736702164461,0.00018234760632041843,0.012258662609776028,0.10405030328266908,0.0001614484419462565,0.009044730641246862,2.141213034996361e-06,2.141213034996361e-06,0.02519074158819248
200,0.017236092860661956,4.4864213687467924e-05,0.015080407962174091,0.08637107765952623,0.0001919167978805408,0.012901969605414506,0.1040003798825063,0.00016993541997393108,0.009520191595178211,2.253908457890906e-06,2.253908457890906e-06,0.026516570092834188
210,0.01722297362988399,4.709448291972175e-05,0.015830078292343442,0.08631480498695186,0.00020148315221818496,0.01354508586340739,0.10395046271850396,0.000178421337854326,0.009995593157105099,2.366603880785451e-06,2.366603880785451e-06,0.027842398597475893
220,0.017209861646729673,4.932352005595593e-05,0.016579334472590225,0.0862585490309614,0.00021104666473656185,0.014188011074726845,0.10390055181545066,0.00018690619137338852,0.010470935090946137,2.4792993036799966e-06,2.4792993036799966e-06,0.029168227102117604
230,0.017196756910832695,5.1551325158442314e-05,0.017328176523846155,0.08620230981859482,0.00022060733083888227,0.014830744930345025,0.1038506471981349,0.0001953899763170659,0.010946217160619939,2.591994726574542e-06,2.591994726574542e-06,0.030494055606759315
240,0.01718365942182675,5.37778982894528e-05,0.018076604467042956,0.08614608737689203,0.00023016514592835707,0.015473287121234088,0.10380074889134526,0.0002038726884713056,0.011421439130045131,2.704690149469087e-06,2.704690149469087e-06,0.03181988411140102
250,0.017170569179345535,5.600323951125928e-05,0.01882461832311236,0.08608988173289296,0.00023972010540819743,0.016115637338366212,0.10375085691987027,0.00021235432362205477,0.011896600763140324,2.817385572363633e-06,2.817385572363633e-06,0.03314571261604274
260,0.017157486183022746,5.8227348886133596e-05,0.01957221811298608,0.08603369291363758,0.00024927220468161403,0.016757795272713545,0.10370097130849847,0.00022083487755526085,0.012371701823824138,2.930080995258178e-06,2.930080995258178e-06,0.03447154112068444
270,0.017144410432492076,6.045022647634764e-05,0.020319403857595845,0.08597752094616579,0.00025882143915181784,0.017399760615248255,0.1036510920820184,0.00022931434605687111,0.012846742076015188,3.0427764181527236e-06,3.0427764181527236e-06,0.035797369625326154
280,0.01713134192738722,6.267187234417327e-05,0.021066175577873363,0.08592136585751754,0.00026836780422201975,0.0180415330569425,0.10360121926521863,0.00023779272491283285,0.013321721283632092,3.1554718410472686e-06,3.1554718410472686e-06,0.037123198129967866
290,0.017118280667341872,6.489228655188236e-05,0.021812533294750372,0.08586522767473277,0.0002779112952954307,0.018683112288768445,0.10355135288288769,0.00024627000990909333,0.013796639210593464,3.2681672639418137e-06,3.2681672639418137e-06,0.03844902663460957
300,0.017105226651989727,6.711146916174682e-05,0.022558477029158593,0.08580910642485141,0.00028745190777526157,0.019324498001698255,0.10350149295981412,0.0002547461968316001,0.014271495620817932,3.3808626868363587e-06,3.3808626868363587e-06,0.039774855139251275
310,0.017092179752061207,6.932944214959538e-05,0.023304014167931215,0.08575300334226227,0.0002969894318154161,0.019965676088431333,0.10345164061331696,0.00026322109573611647,0.014746279873171791,3.4935581097309033e-06,3.4935581097309033e-06,0.04110068364389298
320,0.017079139635797734,7.154626191438579e-05,0.024049163668701107,0.08569692155364445,0.0003065233358804455,0.02060661081549213,0.10340179867436182,0.0002716942253584908,0.015220965006077915,3.6062535326254484e-06,3.6062535326254484e-06,0.042426512148534684
330,0.017066106286568874,7.376193128329218e-05,0.02479392648177888,0.08564086122992991,0.0003160535909119165,0.02124730022937254,0.10335196730053042,0.00028016555890982887,0.01569554951875792,3.718948955519994e-06,3.718948955519994e-06,0.043752340653176396
340,0.01705307970452003,7.597645023159549e-05,0.025538302598855624,0.08558482238482273,0.0003255801945801378,0.02188774417345464,0.10330214650715953,0.00028863509378287825,0.01617003326514724,3.831644378414539e-06,3.831644378414539e-06,0.04507816915781811
350,0.01704005988979661,7.818981873457663e-05,0.026282292011622396,0.08552880503202696,0.0003351031445554182,0.022527942491120546,0.10325233630958595,0.00029710282737038676,0.016644416099181332,3.944339801309084e-06,3.944339801309084e-06,0.04640399766245981
360,0.017027046842544025,8.040203676751652e-05,0.027025894711770256,0.08547280918524668,0.0003446224385080664,0.02316789502575236,0.10320253672314646,0.00030556875706510195,0.017118697874795627,4.0570352242036294e-06,4.0570352242036294e-06,0.047729826167101516
370,0.017014040562907673,8.261310430569611e-05,0.02776911069099029,0.08541683485818595,0.00035413807410839096,0.02380760162073216,0.10315274776317782,0.0003140328802597716,0.01759287844592558,4.169730647098175e-06,4.169730647098175e-06,0.049055654671743235
380,0.017001041051032968,8.482302132439632e-05,0.02851193994097355,0.08536088206454882,0.00036365004902670075,0.024447062119442066,0.1031029694450168,0.00032249519434714337,0.018066957666506633,4.28242606999272e-06,4.28242606999272e-06,0.05038148317638494
390,0.01698804830706531,8.703178779889808e-05,0.02925438245341112,0.08530495081803939,0.0003731583609333045,0.025086276365264167,0.10305320178400021,0.0003309556967199649,0.018540935390474224,4.395121492887265e-06,4.395121492887265e-06,0.05170731168102665
400,0.016975062331150106,8.923940370448234e-05,0.029996438219994058,0.08524904113236172,0.00038266300749851086,0.02572524420158056,0.1030034447954648,0.0003394143847709839,0.019014811471763805,4.5078169157818105e-06,4.5078169157818105e-06,0.053033140185668355
410,0.016962083123432767,9.144586901643e-05,0.030738107232413443,0.08519315302121984,0.00039216398639262855,0.026363965471773346,0.10295369849474736,0.00034787125589294814,0.01948858576431082,4.620512338676356e-06,4.620512338676356e-06,0.054358968690310074
420,0.0169491106840587,9.365118371002198e-05,0.03147938948236033,0.08513728649831785,0.00040166129528596624,0.027002440019224618,0.10290396289718468,0.00035632630747860515,0.01996225812205071,4.733207761570901e-06,4.733207761570901e-06,0.05568479719495178
430,0.016936145013173302,9.585534776053925e-05,0.03222028496152579,0.08508144157735982,0.0004111549318488328,0.027640667687316486,0.10285423801811351,0.0003647795369207027,0.02043582839891892,4.8459031844654465e-06,4.8459031844654465e-06,0.05701062569959348
440,0.016923186110921987,9.805836114326272e-05,0.03296079366160091,0.0850256182720498,0.00042064489375153683,0.02827864831943104,0.10280452387287066,0.00037323094161198847,0.020909296448850895,4.958598607359992e-06,4.958598607359992e-06,0.0583364542042352
450,0.01691023397745016,0.00010026022383347331,0.03370091557427674,0.08496981659609185,0.00043013117866438704,0.028916381758950387,0.10275482047679288,0.0003816805189452101,0.02138266212578208,5.071294030254537e-06,5.071294030254537e-06,0.059662282708876906
460,0.016897288612903228,0.00010246093580645197,0.03444065069124436,0.08491403656319005,0.0004396137842576922,0.029553867849256614,0.10270512784521697,0.00039012826631311533,0.021855925283647916,5.1839894531490825e-06,5.1839894531490825e-06,0.06098811121351861
470,0.016884350017426594,0.0001046604970374796,0.03517999900419482,0.08485827818704847,0.000449092708201761,0.030191106433731827,0.1026554459934797,0.00039857418110845187,0.02232908577638386,5.296684876043628e-06,5.296684876043628e-06,0.06231393971816033
480,0.016871418191165666,0.00010685890750183717,0.035918960504819214,0.08480254148137117,0.00045856794816690215,0.030828097355758123,0.10260577493691785,0.0004070182607239673,0.02280214345792534,5.409380298938173e-06,5.409380298938173e-06,0.06363976822280204
490,0.016858493134265854,0.00010905616717480558,0.0366575351848086,0.08474682645986222,0.0004680395018234244,0.031464840458717606,0.10255611469086819,0.0004154605025524094,0.02327509818220781,5.5220757218327185e-06,5.5220757218327185e-06,0.06496559672744374
500,0.016845574846872557,0.00011125227603166576,0.037395723035854034,0.08469113313622567,0.00047750736684163645,0.03210133558599236,0.1025064652706675,0.0004239009039865258,0.02374794980316671,5.634771144727264e-06,5.634771144727264e-06,0.06629142523208546
510,0.01683266332913119,0.00011344723404769865,0.0381335240496466,0.08463546152416561,0.00048697154089184704,0.03273758258096451,0.10245682669165257,0.0004323394624190641,0.024220698174737487,5.747466567621809e-06,5.747466567621809e-06,0.06761725373672717
520,0.01681975858118715,0.00011564104119818516,0.03887093821787736,0.0845798116373861,0.0004964320216443648,0.03337358128701611,0.10240719896916016,0.00044077617524277215,0.02469334315085558,5.8601619905163545e-06,5.8601619905163545e-06,0.06894308224136887
530,0.01680686060318585,0.00011783369745840624,0.03960796553223739,0.08452418348959119,0.0005058888067694984,0.0340093315475293,0.10235758211852708,0.00044921103985039754,0.025165884585456447,5.9728574134108995e-06,5.9728574134108995e-06,0.07026891074601058
540,0.016793969395272692,0.00012002520280364283,0.04034460598441776,0.08446857709448496,0.0005153418939375568,0.03464483320588617,0.10230797615509007,0.00045764405363468805,0.025638322332475524,6.085552836305445e-06,6.085552836305445e-06,0.0715947392506523
550,0.016781084957593086,0.00012221555720917583,0.041080859566109525,0.08441299246577148,0.0005247912808188486,0.03528008610546881,0.10225838109418593,0.0004660752139883912,0.026110656245848247,6.1982482591999905e-06,6.1982482591999905e-06,0.072920567755294
560,0.016768207290292436,0.0001244047606502862,0.041816726269003755,0.08435742961715481,0.0005342369650836825,0.03591509008965932,0.10220879695115144,0.0004745045183042548,0.026582886179510073,6.310943682094536e-06,6.310943682094536e-06,0.07424639625993572
570,0.016755336393516153,0.00012659281310225482,0.04255220608479154,0.08430188856233903,0.0005436789444023671,0.0365498450018398,0.10215922374132337,0.00048293196397502646,0.027055011987396443,6.4236391049890806e-06,6.4236391049890806e-06,0.07557222476457741
580,0.016742472267409634,0.00012877971454036268,0.04328729900516392,0.08424636931502817,0.0005531172164452113,0.037184350685392345,0.1021096614800385,0.000491357548393454,0.027527033523442802,6.5363345278836265e-06,6.5363345278836265e-06,0.07689805326921913
590,0.016729614912118294,0.00013096546493989066,0.04402200502181198,0.08419087188892634,0.0005625517788825237,0.03781860698369907,0.10206011018263361,0.0004997812689522848,0.027998950641584582,6.649029950778171e-06,6.649029950778171e-06,0.07822388177386083
600,0.016716764327787535,0.0001331500642761197,0.044756324126426786,0.08413539629773757,0.0005719826293846132,0.038452613740142055,0.10201056986444548,0.000508203123044267,0.028470763195757254,6.7617253736727166e-06,6.7617253736727166e-06,0.07954971027850254
610,0.016703920514562764,0.00013533351252433077,0.04549025631069942,0.08407994255516596,0.0005814097656217882,0.0390863707981034,0.1019610405408109,0.0005166231080621479,0.02894247103989624,6.8744207965672625e-06,6.8744207965672625e-06,0.08087553878314425
620,0.016691083472589387,0.00013751580965980475,0.04622380156632092,0.08402451067491555,0.0005908331852643577,0.03971987800096522,0.10191152222706662,0.0005250412213986753,0.02941407402793699,6.9871162194618075e-06,6.9871162194618075e-06,0.08220136728778596
630,0.016678253202012813,0.00013969695565782262,0.04695695988498239,0.08396910067069042,0.0006002528859826303,0.04035313519210959,0.10186201493854943,0.0005334574604465969,0.02988557201381495,7.0998116423563526e-06,7.0998116423563526e-06,0.08352719579242768
640,0.016665429702978442,0.00014187695049366526,0.04768973125837487,0.08391371255619463,0.0006096688654469146,0.04098614221491862,0.10181251869059611,0.0005418718225986604,0.030356964851465565,7.2125070652508984e-06,7.2125070652508984e-06,0.08485302429706938
650,0.016652612975631687,0.00014405579414261362,0.04842211567818945,0.08385834634513224,0.0006190811213275197,0.04161889891277443,0.10176303349854345,0.0005502843052476135,0.03082825239482429,7.3252024881454435e-06,7.3252024881454435e-06,0.0861788528017111
660,0.016639803020117954,0.0001462334865799486,0.04915411313611717,0.08380300205120735,0.0006284896512947539,0.04225140512905908,0.10171355937772822,0.0005586949057862036,0.03129943449782654,7.4378979110399885e-06,7.4378979110399885e-06,0.0875046813063528
670,0.016626999836582643,0.0001484100277809512,0.04988572362384914,0.08374767968812397,0.0006378944530189259,0.04288366070715468,0.10166409634348718,0.0005671036216071789,0.03177051101440779,7.550593333934534e-06,7.550593333934534e-06,0.08883050981099451
680,0.016614203425171167,0.0001505854177209023,0.0506169471330764,0.08369237926958621,0.0006472955241703449,0.04351566549044335,0.10161464441115714,0.0005755104501032868,0.03224148179850346,7.66328875682908e-06,7.66328875682908e-06,0.09015633831563623
690,0.01660141378602893,0.00015275965637508282,0.051347783655490024,0.08363710080929813,0.0006566928624193193,0.04414741932230717,0.10156520359607485,0.000583915388667275,0.03271234670404902,7.775984179723625e-06,7.775984179723625e-06,0.09148216682027793
700,0.016588630919301336,0.0001549327437187737,0.05207823318278107,0.08358184432096379,0.0006660864654361577,0.04477892204612824,0.1015157739135771,0.000592318434691891,0.03318310558497989,7.888679602618169e-06,7.888679602618169e-06,0.09280799532491962
710,0.016575854825133792,0.00015710467972725585,0.05280829570664061,0.08352660981828725,0.000675476330891169,0.04541017350528866,0.10146635537900069,0.0006007195855698827,0.033653758295231526,8.001375025512715e-06,8.001375025512715e-06,0.09413382382956134
720,0.016563085503671707,0.00015927546437581028,0.05353797121875975,0.08347139731497259,0.0006848624564546618,0.046041173543170534,0.10141694800768236,0.0006091188386939979,0.03412430468873938,8.11407044840726e-06,8.11407044840726e-06,0.09545965233420306
730,0.01655032295506049,0.00016144509763971784,0.054267259710829525,0.08341620682472387,0.000694244839796945,0.04667192200315596,0.10136755181495892,0.000617516191456984,0.03459474461943888,8.226765871301805e-06,8.226765871301805e-06,0.09678548083884475
740,0.016537567179445538,0.0001636135794942595,0.05499616117454101,0.08336103836124514,0.0007036234785883271,0.047302418728627026,0.10131816681616712,0.0006259116412515888,0.035065077941265475,8.33946129419635e-06,8.33946129419635e-06,0.09811130934348647
750,0.01652481817697226,0.00016578090991471614,0.055724675601585255,0.08330589193824049,0.0007129983704991169,0.047932663562965834,0.10126879302664377,0.0006343051854705601,0.035535304508154626,8.452156717090897e-06,8.452156717090897e-06,0.09943713784812819
760,0.01651207594778607,0.00016794708887636874,0.056452802983653357,0.08325076756941399,0.0007223695131996233,0.04856265634955449,0.10121943046172562,0.0006426968215066455,0.03600542417404176,8.56485213998544e-06,8.56485213998544e-06,0.10076296635276988
770,0.016499340492032367,0.00017011211635449823,0.05718054331243638,0.08319566526846969,0.0007317369043601547,0.049192396931775094,0.10117007913674946,0.0006510865467525926,0.03647543679286233,8.677547562879988e-06,8.677547562879988e-06,0.10208879485741162
780,0.01648661180985656,0.00017227599232438548,0.05790789657962536,0.08314058504911166,0.0007411005416510199,0.04982188515300973,0.10112073906705206,0.0006594743586011492,0.03694534221855177,8.790242985774533e-06,8.790242985774533e-06,0.10341462336205332
790,0.016473889901404054,0.00017443871676131145,0.058634862776911406,0.08308552692504396,0.0007504604227425277,0.05045112085664052,0.10107141026797022,0.0006678602544450626,0.03741514030504552,8.902938408669077e-06,8.902938408669077e-06,0.10474045186669502
800,0.016461174766820255,0.00017660028964055715,0.05936144189598559,0.08303049090997067,0.0007598165453049869,0.051080103886049534,0.1010220927548407,0.0006762442316770812,0.03788483090627906,9.015633831563624e-06,9.015633831563624e-06,0.10606628037133675
810,0.016448466406250573,0.0001787607109374034,0.06008763392853895,0.08297547701759586,0.0007691689070087061,0.05170883408461889,0.10097278654300028,0.0006846262876899522,0.0383544138761878,9.128329254458169e-06,9.128329254458169e-06,0.10739210887597844
820,0.01643576481984041,0.00018091998062713115,0.06081343886626257,0.08292048526162357,0.000778517505523994,0.05233731129573069,0.10092349164778575,0.0006930064198764234,0.03882388906870719,9.241024677352713e-06,9.241024677352713e-06,0.10871793738062015
830,0.01642307000773517,0.0001830780986850214,0.06153885670084753,0.0828655156557579,0.0007878623385211594,0.05296553536276701,0.10087420808453387,0.0007013846256292424,0.03929325633777268,9.35372010024726e-06,9.35372010024726e-06,0.11004376588526188
840,0.016410381970080268,0.000185235065086355,0.062263887423984865,0.08281056821370289,0.000797203403670511,0.05359350612910997,0.10082493586858143,0.000709760902341157,0.03976251553731972,9.466415523141805e-06,9.466415523141805e-06,0.11136959438990357
850,0.016397700707021103,0.0001873908798064129,0.06298853102736568,0.08275564294916261,0.0008065406986423573,0.05422122343814166,0.1007756750152652,0.0007181352474049148,0.040231666521283745,9.579110946036349e-06,9.579110946036349e-06,0.11269542289454527
860,0.016385026218703087,0.00018954554282047602,0.06371278750268101,0.08270073987584114,0.0008158742211070072,0.05484868713324417,0.10072642553992198,0.0007265076582132635,0.040700709143600196,9.691806368930896e-06,9.691806368930896e-06,0.114021251399187
870,0.01637235850527162,0.00019169905410382535,0.06443665684162196,0.08264585900744253,0.0008252039687347696,0.055475897057799636,0.10067718745788852,0.0007348781321589507,0.04116964325820452,9.80450179182544e-06,9.80450179182544e-06,0.1153470799038287
880,0.01635969756687211,0.00019385141363174174,0.06516013903587957,0.08259100035767088,0.0008345299391959529,0.056102853055190104,0.10062796078450162,0.0007432466666347243,0.04163846871903218,9.917197214719985e-06,9.917197214719985e-06,0.1166729084084704
890,0.016347043403649966,0.00019600262137950614,0.06588323407714491,0.08253616394023021,0.000843852130160866,0.05672955496879771,0.10057874553509805,0.0007516132590333319,0.0421071853800186,1.002989263761453e-05,1.002989263761453e-05,0.11799873691311212
900,0.016334396015750593,0.00019815267732239955,0.06660594195710909,0.08248134976882461,0.0008531705392998175,0.05735600264200453,0.10052954172501458,0.0007599779067475211,0.04257579309509922,1.0142588060509077e-05,1.0142588060509077e-05,0.11932456541775384
910,0.0163217554033194,0.0002003015814357028,0.06732826266746313,0.08242655785715815,0.0008624851642831164,0.05798219591819269,0.100480349369588,0.0007683406071700396,0.0430442917182095,1.0255283483403622e-05,1.0255283483403622e-05,0.12065039392239554
920,0.016309121566501786,0.00020244933369469687,0.0680501961998981,0.08237178821893489,0.000871796002781071,0.05860813464074426,0.10043116848415509,0.0007767013576936351,0.04351268110328488,1.0367978906298168e-05,1.0367978906298168e-05,0.12197622242703726
930,0.016296494505443165,0.00020459593407466269,0.0687717425461051,0.08231704086785889,0.0008811030524639901,0.059233818653041344,0.10038199908405261,0.0007850601557110553,0.0439809611042608,1.0480674329192713e-05,1.0480674329192713e-05,0.12330205093167897
940,0.016283874220288937,0.0002067413825508812,0.0694929016977752,0.08226231581763423,0.0008904063110021827,0.059859247798466055,0.10033284118461737,0.0007934169986150481,0.04444913157507272,1.0593369752087257e-05,1.0593369752087257e-05,0.12462787943632066
950,0.016271260711184513,0.0002088856790986333,0.07021367364659943,0.08220761308196496,0.0008997057760659574,0.06048442192040049,0.10028369480118611,0.0008017718837983606,0.04491719236965606,1.0706065174981804e-05,1.0706065174981804e-05,0.1259537079409624
960,0.0162586539782753,0.00021102882369319995,0.07093405838426889,0.08215293267455517,0.0009090014453256229,0.06110934086222674,0.10023455994909564,0.0008101248086537411,0.04538514334194629,1.0818760597876349e-05,1.0818760597876349e-05,0.12727953644560408
970,0.0162460540217067,0.00021317081630986198,0.0716540559024746,0.0820982746091089,0.0009182933164514877,0.061734004467326895,0.10018543664368272,0.000818475770573937,0.045852984345878825,1.0931456020770893e-05,1.0931456020770893e-05,0.1286053649502458
980,0.01623346084162412,0.00021531165692390046,0.0723736661929077,0.08204363889933024,0.0009275813871138608,0.062358412579083075,0.10013632490028414,0.0008268247669516959,0.04632071523538913,1.104415144366544e-05,1.104415144366544e-05,0.12993119345488752
990,0.016220874438172966,0.00021745134551059628,0.07309288924725925,0.08198902555892323,0.0009368656549830507,0.06298256504087735,0.10008722473423667,0.0008351717951797656,0.04678833586441264,1.1156846866559985e-05,1.1156846866559985e-05,0.1312570219595292
1000,0.016208294811498648,0.00021958988204523033,0.07381172505722028,0.08193443460159197,0.0009461461177293664,0.06360646169609185,0.10003813616087709,0.0008435168526508939,0.04725584608688481,1.1269542289454529e-05,1.1269542289454529e-05,0.13258285046417093
1010,0.01619572196174657,0.00022172726650308356,0.07453017361448186,0.0818798660410405,0.0009554227730231164,0.06423010238810867,0.09998905919554218,0.0008518599367578284,0.047723245756741084,1.1382237712349076e-05,1.1382237712349076e-05,0.13390867896881264
1020,0.01618315588906214,0.00022386349885943692,0.0752482349107351,0.08182531989097289,0.0009646956185346096,0.06485348696030988,0.09993999385356872,0.0008602010448933167,0.04819053472791691,1.149493313524362e-05,1.149493313524362e-05,0.13523450747345436
1030,0.016170596593590762,0.00022599857908957126,0.07596590893767101,0.08177079616509322,0.0009739646519341542,0.06547661525607758,0.0998909401502935,0.0008685401744501064,0.048657712854347696,1.1607628558138165e-05,1.1607628558138165e-05,0.13656033597809605
1040,0.016158044075477843,0.00022813250716876757,0.07668319568698069,0.08171629487710554,0.0009832298708920594,0.0660994871187939,0.09984189810105326,0.0008768773228209453,0.04912477998996893,1.1720323981032709e-05,1.1720323981032709e-05,0.13788616448273774
1050,0.016145498334868787,0.0002302652830723068,0.07740009515035522,0.08166181604071393,0.000992491273078634,0.06672210239184094,0.09979286772118481,0.0008852124873985812,0.04959173598871603,1.1833019403927257e-05,1.1833019403927257e-05,0.1392119929873795
1060,0.016132959371909006,0.00023239690677546993,0.07811660731948568,0.08160735966962245,0.0010017488561641866,0.06734446091860077,0.09974384902602493,0.0008935456655757618,0.05005858070452447,1.19457148268218e-05,1.19457148268218e-05,0.14053782149202118
1070,0.016120427186743898,0.0002345273782535377,0.07883273218606308,0.08155292577753515,0.0010110026178190258,0.0679665625424555,0.09969484203091039,0.0009018768547452345,0.050525313991329666,1.2058410249716345e-05,1.2058410249716345e-05,0.14186364999666287
1080,0.016107901779518877,0.00023665669748179125,0.07954846974177857,0.08149851437815613,0.0010202525557134602,0.06858840710678724,0.09964584675117796,0.0009102060522997473,0.05099193570306707,1.2171105672610893e-05,1.2171105672610893e-05,0.14318947850130462
1090,0.01609538315037935,0.00023878486443551137,0.08026381997832313,0.08144412548518942,0.0010294986675177988,0.06920999445497807,0.09959686320216443,0.0009185332556320476,0.05145844569367213,1.2283801095505437e-05,1.2283801095505437e-05,0.1445153070059463
1100,0.016082871299470714,0.000240911879089979,0.08097878288738788,0.08138975911233913,0.0010387409509023502,0.06983132443041008,0.09954789139920657,0.0009268584621348831,0.05192484381708029,1.2396496518399984e-05,1.2396496518399984e-05,0.14584113551058803
1110,0.016070366226938384,0.00024303774142047513,0.0816933584606639,0.08133541527330929,0.001047979403537423,0.0704523968764654,0.09949893135764117,0.0009351816692010018,0.05239112992722699,1.2509191941294529e-05,1.2509191941294529e-05,0.14716696401522975
1120,0.016057867932927766,0.0002451624514022807,0.08240754668984224,0.08128109398180397,0.0010572140230933262,0.07107321163652612,0.09944998309280499,0.0009435028742231509,0.05285730387804767,1.2621887364189073e-05,1.2621887364189073e-05,0.14849279251987144
1130,0.01604537641758426,0.0002472860090106765,0.08312134756661396,0.08122679525152725,0.0010664448072403685,0.07169376855397434,0.09940104662003484,0.0009518220745940788,0.0533233655234778,1.2734582787083617e-05,1.2734582787083617e-05,0.14981862102451313
1140,0.016032891681053277,0.00024940841422094363,0.08383476108267013,0.0811725190961832,0.001075671753648858,0.07231406747219213,0.09935212195466746,0.0009601392677065324,0.053789314717452796,1.2847278209978165e-05,1.2847278209978165e-05,0.15114444952915487
1150,0.01602041372348022,0.00025152966700836294,0.08454778722970183,0.08111826552947586,0.0010848948599891041,0.07293410823456162,0.09930320911203964,0.0009684544509532599,0.054255151313908116,1.2959973632872709e-05,1.2959973632872709e-05,0.15247027803379656
1160,0.016007942545010503,0.00025364976734821546,0.08526042599940015,0.08106403456510933,0.0010941141239314155,0.0735538906844649,0.09925430810748818,0.0009767676217270088,0.05472087516677921,1.3072669055767256e-05,1.3072669055767256e-05,0.1537961065384383
1170,0.015995478145789523,0.0002557687152157819,0.0859726773834561,0.08100982621678765,0.0011033295431461005,0.07417341466528406,0.09920541895634984,0.0009850787774205267,0.055186486130001496,1.31853644786618e-05,1.31853644786618e-05,0.15512193504308
1180,0.01598302052596269,0.0002578865105863434,0.0866845413735608,0.08095564049821491,0.001112541115303468,0.07479268002040121,0.0991565416739614,0.0009933879154265615,0.05565198405751045,1.3298059901556345e-05,1.3298059901556345e-05,0.1564477635477217
1190,0.01597056968567541,0.0002600031534351807,0.08739601796140527,0.08090147742309514,0.0011217488380738266,0.07541168659319841,0.09910767627565964,0.0010016950331378609,0.05611736880324151,1.3410755324450889e-05,1.3410755324450889e-05,0.15777359205236338
1200,0.01595812562507309,0.00026211864373757495,0.08810710713868065,0.08084733700513244,0.0011309527091274856,0.07603043422705784,0.09905882277678134,0.0010100001279471722,0.05658264022113009,1.3523450747345433e-05,1.3523450747345433e-05,0.15909942055700507
1210,0.01594568834430114,0.00026423298146880693,0.08881780889707795,0.08079321925803087,0.0011401527261347532,0.07664892276536155,0.09900998119266327,0.0010183031972472436,0.05704779816511169,1.363614617023998e-05,1.363614617023998e-05,0.16042524906164682
1220,0.01593325784350496,0.0002663461666041576,0.08952812322828825,0.08073912419549449,0.001149348886765938,0.07726715205149162,0.09896115153864223,0.001026604238430822,0.057512842489121675,1.3748841593134525e-05,1.3748841593134525e-05,0.1617510775662885
1230,0.015920834122829956,0.0002684581991189079,0.09023805012400264,0.08068505183122737,0.0011585411886913491,0.07788512192883018,0.09891233383005496,0.001034903248890656,0.057977773047095574,1.3861537016029072e-05,1.3861537016029072e-05,0.16307690607093026
1240,0.01590841718242154,0.00027056907898833884,0.09094758957591222,0.08063100217893357,0.001167729629581295,0.07850283224075932,0.09886352808223828,0.0010432002260194928,0.05844258969296878,1.3974232438923617e-05,1.3974232438923617e-05,0.16440273457557195
1250,0.015896007022425114,0.00027267880618773115,0.09165674157570795,0.08057697525231716,0.0011769142071060843,0.07912028283066112,0.09881473431052894,0.0010514951672100801,0.05890729228067676,1.4086927861818164e-05,1.4086927861818164e-05,0.1657285630802137
1260,0.015883603642986088,0.00027478738069236595,0.09236550611508099,0.0805229710650822,0.0011860949189360257,0.07973747354191768,0.09876595253026373,0.0010597880698551658,0.05937188066415494,1.4199623284712708e-05,1.4199623284712708e-05,0.16705439158485538
1270,0.015871207044249862,0.000276894802477524,0.09307388318572235,0.08046898963093278,0.0011952717627414285,0.08035440421791115,0.09871718275677943,0.0010680789313474975,0.05983635469733879,1.431231870760725e-05,1.431231870760725e-05,0.16838022008949705
1280,0.01585881722636185,0.0002790010715184864,0.09378187277932315,0.08041503096357294,0.0012044447361926008,0.08097107470202357,0.09866842500541281,0.0010763677490798224,0.06030071423416372,1.4425014130501797e-05,1.4425014130501797e-05,0.16970604859413876
1290,0.01584643418946745,0.00028110618779053403,0.09448947488757446,0.08036109507670676,0.0012136138369598518,0.08158748483763707,0.09861967929150066,0.001084654520444889,0.06076495912856521,1.4537709553396344e-05,1.4537709553396344e-05,0.1710318770987805
1300,0.015834057933712075,0.0002832101512689477,0.09519668950216728,0.0803071819840383,0.0012227790627134896,0.08220363446813374,0.09857094563037974,0.0010929392428354445,0.06122908923447868,1.4650404976290889e-05,1.4650404976290889e-05,0.1723577056034222
1310,0.015821688459241128,0.00028531296192900853,0.09590351661479277,0.08025329169927163,0.0012319404111238233,0.08281952343689566,0.09852222403738685,0.0011012219136442365,0.06169310440583959,1.4763100399185433e-05,1.4763100399185433e-05,0.1736835341080639
1320,0.01580932576620002,0.0002874146197459973,0.09660995621714194,0.08019942423611082,0.0012410978798611616,0.08343515158730497,0.09847351452785874,0.0011095025302640129,0.06215700449658336,1.487579582207998e-05,1.487579582207998e-05,0.17500936261270564
1330,0.01579696985473415,0.000289515124695195,0.09731600830090587,0.08014557960825994,0.0012502514665958132,0.08405051876274373,0.09842481711713223,0.0011177810900875216,0.06262078936064547,1.4988491244974525e-05,1.4988491244974525e-05,0.17633519111734733
1340,0.01578462072498893,0.0002916144767518825,0.09802167285777562,0.08009175782942303,0.0012594011689980868,0.08466562480659406,0.09837613182054405,0.0011260575905075096,0.06308445885196132,1.5101186667869069e-05,1.5101186667869069e-05,0.17766101962198902
1350,0.015772278377109764,0.00029371267589134084,0.09872694987944229,0.08003795891330417,0.001268546984738291,0.08528046956223805,0.09832745865343102,0.0011343320289167254,0.0635480128244664,1.5213882090763613e-05,1.5213882090763613e-05,0.17898684812663074
1360,0.01575994281124206,0.0002958097220888509,0.09943183935759693,0.07998418287360745,0.001277688911486735,0.08589505287305779,0.0982787976311299,0.0011426044027079158,0.06401145113209612,1.532657751365816e-05,1.532657751365816e-05,0.18031267663127246
1370,0.015747614027531217,0.0002979056153196936,0.10013634128393062,0.07993042972403691,0.001286826946913727,0.0865093745824354,0.09823014876897747,0.0011508747092738294,0.06447477362878595,1.5439272936552705e-05,1.5439272936552705e-05,0.18163850513591417
1380,0.01573529202612265,0.0003000003555591498,0.10084045565013437,0.07987669947829662,0.0012959610886895756,0.08712343453375297,0.0981815120823105,0.0011591429460072133,0.06493798016847133,1.555196835944725e-05,1.555196835944725e-05,0.18296433364055587
1390,0.015722976807161764,0.0003020939427825006,0.10154418244789935,0.07982299215009066,0.0013050913344845902,0.0877372325703926,0.0981328875864658,0.0011674091103008155,0.06540107060508771,1.5664663782341797e-05,1.5664663782341797e-05,0.18429016214519758
1400,0.015710668370793962,0.00030418637696502676,0.10224752166891656,0.07976930775312308,0.0013142176819690788,0.08835076853573638,0.0980842752967801,0.0011756731995473833,0.06586404479257049,1.5777359205236344e-05,1.5777359205236344e-05,0.18561599064983933
1410,0.015698366717164656,0.0003062776580820093,0.10295047330487707,0.07971564630109795,0.0013233401288133505,0.0889640422731664,0.0980356752285902,0.0011839352111396647,0.06632690258485516,1.589005462813089e-05,1.589005462813089e-05,0.18694181915448102
1420,0.015686071846419243,0.0003083677861087291,0.10365303734747194,0.07966200780771934,0.0013324586726877138,0.08957705362606479,0.0979870873972329,0.0011921951424704073,0.06678964383587715,1.600275005102543e-05,1.600275005102543e-05,0.18826764765912268
1430,0.01567378375870314,0.0003104567610204671,0.1043552137883923,0.07960839228669131,0.0013415733112624778,0.09018980243781362,0.09793851181804494,0.0012004529909323586,0.06725226839957191,1.6115445473919977e-05,1.6115445473919977e-05,0.18959347616376443
1440,0.015661502454161744,0.0003125445827925043,0.10505700261932917,0.07955479975171795,0.001350684042207951,0.09080228855179501,0.09788994850636314,0.0012087087539182665,0.06771477612987488,1.622814089681452e-05,1.622814089681452e-05,0.19091930466840612
1450,0.015649227932940466,0.0003146312514001215,0.10575840383197359,0.0795012302165033,0.0013597908631944417,0.09141451181139103,0.09784139747752424,0.0012169624288208788,0.0681771668807215,1.634083631970907e-05,1.634083631970907e-05,0.19224513317304787
1460,0.01563696019518471,0.0003167167668185998,0.10645941741801673,0.07944768369475143,0.0013688937718922595,0.09202647205998382,0.09779285874686504,0.0012252140130329429,0.06863944050604721,1.6453531742603613e-05,1.6453531742603613e-05,0.19357096167768956
1470,0.015624699241039887,0.00031880112902321996,0.10716004336914955,0.0793941602001664,0.0013779927659717122,0.09263816914095543,0.09774433232972232,0.0012334635039472066,0.06910159685978749,1.656622716549816e-05,1.656622716549816e-05,0.19489679018233128
1480,0.015612445070651397,0.000320884337989263,0.10786028167706319,0.07934065974645231,0.0013870878431031092,0.093249602897688,0.09769581824143284,0.0012417108989564176,0.06956363579587774,1.6678922588392705e-05,1.6678922588392705e-05,0.196222618686973
1490,0.015600197684164652,0.00032296639369200987,0.10856013233344868,0.07928718234731319,0.001396179000956759,0.09386077317356362,0.0976473164973334,0.0012499561954533236,0.07002555716825343,1.679161801128725e-05,1.679161801128725e-05,0.19754844719161468
1500,0.015587957081725053,0.0003250472961067414,0.1092595953299971,0.07923372801645312,0.00140526623720297,0.09447167981196436,0.09759882711276076,0.001258199390830672,0.07048736083084997,1.6904313434181793e-05,1.6904313434181793e-05,0.19887427569625638
1510,0.015575723263478012,0.0003271270452087387,0.10995867065839955,0.07918029676757618,0.0014143495495120514,0.09508232265627234,0.0975503501030517,0.001266440482481211,0.07094904663760286,1.701700885707634e-05,1.701700885707634e-05,0.20020010420089812
1520,0.01556349622956893,0.0003292056409732825,0.11065735831034705,0.07912688861438641,0.0014234289355543116,0.09569270154986967,0.09750188548354301,0.001274679467797688,0.07141061444244752,1.7129704279970885e-05,1.7129704279970885e-05,0.2015259327055398
1530,0.015551275980143216,0.0003312830833756538,0.11135565827753069,0.0790735035705879,0.0014325043930000594,0.09630281633613844,0.09745343326957147,0.0012829163441728506,0.07187206409931936,1.724239970286543e-05,1.724239970286543e-05,0.2028517612101815
1540,0.015539062515346277,0.0003333593723911336,0.11205357055164153,0.07902014164988469,0.0014415759195196037,0.09691266685846074,0.09740499347647384,0.0012911511089994468,0.07233339546215388,1.7355095125759977e-05,1.7355095125759977e-05,0.20417758971482325
1550,0.015526855835323518,0.00033543450799500263,0.11275109512437062,0.07896680286598087,0.001450643512783253,0.09752225296021867,0.09735656611958692,0.001299383759670224,0.0727946083848865,1.746779054865452e-05,1.746779054865452e-05,0.20550341821946494
1560,0.015514655940220345,0.0003375084901625421,0.1134482319874091,0.0789134872325805,0.0014597071704613158,0.09813157448479433,0.09730815121424748,0.0013076142935779299,0.07325570272145265,1.758048597154907e-05,1.758048597154907e-05,0.20682924672410669
1570,0.015502462830182164,0.0003395813188690328,0.11414498113244798,0.07886019476338765,0.0014687668902241015,0.09874063127556984,0.09725974877579228,0.001315842708115312,0.07371667832578778,1.7693181394443613e-05,1.7693181394443613e-05,0.20815507522874838
1580,0.015490276505354382,0.0003416529940897555,0.11484134255117831,0.07880692547210637,0.0014778226697419181,0.09934942317592725,0.09721135881955813,0.0013240690006751184,0.07417753505182736,1.7805876817338157e-05,1.7805876817338157e-05,0.20948090373339007
1590,0.015478096965882407,0.0003437235157999914,0.11553731623529123,0.07875367937244074,0.0014868745066850748,0.0999579500292487,0.09716298136088178,0.0013322931686500967,0.07463827275350682,1.79185722402327e-05,1.79185722402327e-05,0.21080673223803176
1600,0.015465924211911643,0.00034579288397502137,0.11623290217647776,0.07870045647809483,0.00149592239872388,0.1005662116789163,0.09711461641510004,0.0013405152094329944,0.07509889128476159,1.8031267663127245e-05,1.8031267663127245e-05,0.21213256074267345
1610,0.015453758243587495,0.0003478610985901262,0.11692810036642896,0.0786472568027727,0.0015049663435286425,0.10117420796831209,0.09706626399754965,0.0013487351204165593,0.07555939049952713,1.8143963086021793e-05,1.8143963086021793e-05,0.2134583892473152
1620,0.015441599061055375,0.00034992815962058693,0.11762291079683594,0.07859408036017841,0.0015140063387696714,0.10178193874081823,0.09701792412356741,0.001356952898993539,0.07601977025173887,1.8256658508916337e-05,1.8256658508916337e-05,0.21478421775195689
1630,0.015429446664460684,0.0003519940670416845,0.11831733345938973,0.07854092716401603,0.001523042382117275,0.10238940383981679,0.09696959680849011,0.0013651685425566814,0.07648003039533229,1.8369353931810885e-05,1.8369353931810885e-05,0.21611004625659863
1640,0.015417301053948828,0.00035405882082869975,0.11901136834578142,0.07848779722798964,0.001532074471241762,0.10299660310868987,0.0969212820676545,0.0013733820484987337,0.07694017078424278,1.848204935470543e-05,1.848204935470543e-05,0.21743587476124032
1650,0.015405162229665217,0.00035612242095691375,0.11970501544770208,0.0784346905658033,0.0015411026038134412,0.10360353639081957,0.09687297991639739,0.0013815934142124443,0.07740019127240584,1.8594744777599973e-05,1.8594744777599973e-05,0.218761703265882
1660,0.015393030191755254,0.00035818486740160724,0.12039827475684275,0.07838160719116105,0.0015501267775026213,0.10421020352958797,0.09682469037005553,0.00138980263709056,0.07786009171375687,1.870744020049452e-05,1.870744020049452e-05,0.22008753177052376
1670,0.015380904940364348,0.00036024616013806133,0.12109114626489456,0.078328547117767,0.001559146989979611,0.1048166043683772,0.0967764134439657,0.0013980097145258293,0.07831987196223134,1.8820135623389065e-05,1.8820135623389065e-05,0.22141336027516545
1680,0.015368786475637905,0.0003623062991415568,0.1217836299635485,0.07827551035932519,0.0015681632389147196,0.10542273875056937,0.09672814915346471,0.0014062146439109994,0.07877953187176467,1.8932831046283612e-05,1.8932831046283612e-05,0.2227391887798072
1690,0.015356674797721329,0.00036436528438737477,0.1224757258444957,0.07822249692953968,0.0015771755219782546,0.10602860651954651,0.0966798975138893,0.0014144174226388183,0.07923907129629235,1.9045526469178157e-05,1.9045526469178157e-05,0.2240650172844489
1700,0.015344569906760027,0.00036642311585079586,0.12316743389942718,0.07816950684211456,0.0015861838368405254,0.10663420751869077,0.09663165854057627,0.0014226180481020333,0.07969849008974976,1.9158221892072697e-05,1.9158221892072697e-05,0.22539084578909055
1710,0.015332471802899407,0.0003684797935071013,0.12385875412003403,0.07811654011075388,0.0015951881811718412,0.10723954159138427,0.0965834322488624,0.0014308165176933926,0.08015778810607241,1.9270917314967245e-05,1.9270917314967245e-05,0.22671667429373227
1720,0.015320380486284875,0.00037053531733157195,0.12454968649800736,0.07806359674916172,0.00160418855264251,0.10784460858100907,0.09653521865408445,0.0014390128288056434,0.0806169651991957,1.9383612737861793e-05,1.9383612737861793e-05,0.228042502798374
1730,0.015308295957061836,0.00037258968729948864,0.12524023102503817,0.07801067677104212,0.0016131849489228408,0.10844940833094727,0.09648701777157921,0.0014472069788315333,0.08107602122305509,1.9496308160756337e-05,1.9496308160756337e-05,0.2293683313030157
1740,0.015296218215375695,0.0003746429033861324,0.1259303876928176,0.07795778019009916,0.0016221773676831424,0.10905394068458099,0.09643882961668347,0.0014553989651638107,0.08153495603158603,1.960900358365088e-05,1.960900358365088e-05,0.2306941598076574
1750,0.015284147261371861,0.00037669496556678414,0.12662015649303668,0.07790490702003693,0.0016311658065937234,0.10965820548529231,0.09639065420473399,0.0014635887851952227,0.08199376947872397,1.9721699006545425e-05,1.9721699006545425e-05,0.2320199883122991
1760,0.01527208309519574,0.0003787458738167247,0.12730953741738646,0.07785205727455946,0.0016401502633248922,0.11026220257646333,0.09634249155106754,0.0014717764363185173,0.08245246141840433,1.9834394429439973e-05,1.9834394429439973e-05,0.23334581681694083
1770,0.015260025716992738,0.00038079562811123513,0.12799853045755802,0.07779923096737085,0.0016491307355469581,0.11086593180147616,0.09629434167102094,0.0014799619159264416,0.08291103170456256,1.9947089852334517e-05,1.9947089852334517e-05,0.23467164532158255
1780,0.01524797512690826,0.0003828442284255963,0.12868713560524245,0.07774642811217512,0.0016581072209302294,0.11146939300371289,0.09624620457993091,0.001488145221411744,0.08336948019113412,2.0059785275229065e-05,2.0059785275229065e-05,0.23599747382622427
1790,0.015235931325087715,0.00038489167473508914,0.1293753528521308,0.0776936487226764,0.001667079717145015,0.1120725860265556,0.09619808029313429,0.0014963263501671718,0.08382780673205444,2.017248069812361e-05,2.017248069812361e-05,0.23732330233086596
1800,0.015223894311676506,0.00038693796701499457,0.13006318218991414,0.07764089281257869,0.0016760482218616236,0.11267551071338644,0.09614996882596781,0.0015045052995854727,0.08428601118125897,2.0285176121018156e-05,2.0285176121018156e-05,0.2386491308355077
1810,0.015211864086820041,0.00038898310524059356,0.13075062361028356,0.07758816039558611,0.0016850127327503641,0.11327816690758749,0.09610187019376827,0.0015126820670593945,0.08474409339268317,2.03978715439127e-05,2.03978715439127e-05,0.2399749593401494
1820,0.015199840650663727,0.000391027089387167,0.13143767710493007,0.07753545148540268,0.0016939732474815445,0.11388055445254078,0.09605378441187244,0.0015208566499816847,0.08520205322026245,2.0510566966807245e-05,2.0510566966807245e-05,0.2413007878447911
1830,0.01518782400335297,0.0003930699194299958,0.1321243426655448,0.07748276609573251,0.0017029297637254743,0.11448267319162851,0.09600571149561711,0.0015290290457450912,0.08565989051793228,2.062326238970179e-05,2.062326238970179e-05,0.2426266163494328
1840,0.015175814145033174,0.00039511159534436096,0.13281062028381882,0.07743010424027964,0.001711882279152462,0.11508452296823274,0.09595765146033905,0.0015371992517423613,0.08611760513962809,2.0735957812596337e-05,2.0735957812596337e-05,0.24395244485407452
1850,0.015163811075849748,0.0003971521171055434,0.13349650995144316,0.07737746593274815,0.0017208307914328162,0.11568610362573552,0.09590960432137503,0.0015453672653662437,0.08657519693928536,2.0848653235490884e-05,2.0848653235490884e-05,0.24527827335871627
1860,0.015151814795948099,0.00039919148468882393,0.13418201166010887,0.0773248511868421,0.0017297752982368456,0.116287415007519,0.09586157009406185,0.0015535330840094847,0.08703266577083947,2.0961348658385425e-05,2.0961348658385425e-05,0.24660410186335793
1870,0.015139825305473628,0.0004012296980694837,0.1348671254015071,0.07727226001626554,0.0017387157972348591,0.1168884569569653,0.09581354879373628,0.0015616967050648323,0.0874900114882259,2.107404408127997e-05,2.107404408127997e-05,0.24792993036799962
1880,0.015127842604571748,0.0004032667572228034,0.13555185116732887,0.07721969243472257,0.0017476522860971654,0.11748922931745648,0.09576554043573508,0.0015698581259250353,0.08794723394538013,2.1186739504174517e-05,2.1186739504174517e-05,0.24925575887264137
1890,0.015115866693387861,0.00040530266212406414,0.13623618894926526,0.07716714845591723,0.001756584762494073,0.11808973193237463,0.09571754503539506,0.0015780173439828404,0.08840433299623755,2.129943492706906e-05,2.129943492706906e-05,0.25058158737728303
1900,0.015103897572067374,0.0004073374127485468,0.13692013873900732,0.07711462809355359,0.0017655132240958907,0.11868996464510187,0.09566956260805297,0.0015861743566309952,0.08886130849473363,2.1412130349963605e-05,2.1412130349963605e-05,0.2519074158819247
1910,0.015091935240755696,0.00040937100907153227,0.13760370052824614,0.07706213136133573,0.0017744376685729275,0.11928992729902031,0.0956215931690456,0.0015943291612622481,0.08931816029480381,2.1524825772858153e-05,2.1524825772858153e-05,0.25323324438656647
1920,0.01507997969959823,0.00041140345106830144,0.13828687430867273,0.07700965827296771,0.0017833580935954915,0.11988961973751201,0.09557363673370972,0.0016024817552693462,0.08977488825038354,2.1637521195752697e-05,2.1637521195752697e-05,0.25455907289120816
1930,0.015068030948740384,0.00041343473871413534,0.13896966007197825,0.07695720884215358,0.0017922744968338917,0.12048904180395908,0.09552569331738213,0.001610632136045037,0.09023149221540824,2.175021661864724e-05,2.175021661864724e-05,0.25588490139584985
1940,0.015056088988327563,0.0004154648719843149,0.13965205780985374,0.07690478308259743,0.0018011868759584375,0.12108819334174369,0.09547776293539958,0.0016187803009820693,0.09068797204381342,2.186291204154179e-05,2.186291204154179e-05,0.2572107299004916
1950,0.015044153818505174,0.00041749385085412095,0.14033406751399022,0.07685238100800332,0.0018100952286394367,0.12168707419424783,0.09542984560309889,0.0016269262474731894,0.09114432758953443,2.1975607464436336e-05,2.1975607464436336e-05,0.25853655840513334
1960,0.015032225439418625,0.0004195216752988345,0.14101568917607882,0.07680000263207531,0.001818999552547198,0.12228568420485363,0.09538194133581679,0.001635069972911146,0.09160055870650678,2.208830288733088e-05,2.208830288733088e-05,0.25986238690977503
1970,0.015020303851213317,0.0004215483452937365,0.14169692278781057,0.07674764796851748,0.001827899845352031,0.12288402321694324,0.09533405014889008,0.0016432114746886856,0.09205666524866586,2.2200998310225425e-05,2.2200998310225425e-05,0.2611882154144167
1980,0.015008389054034664,0.0004235738608141078,0.14237776834087656,0.07669531703103387,0.001836796104724244,0.12348209107389874,0.09528617205765555,0.0016513507501985571,0.09251264706994718,2.2313693733119972e-05,2.2313693733119972e-05,0.26251404391905847
1990,0.014996481048028067,0.0004255982218352293,0.1430582258269678,0.07664300983332857,0.0018456883283341453,0.12407988761910219,0.09523830707744996,0.001659487796833508,0.09296850402428616,2.2426389156014517e-05,2.2426389156014517e-05,0.26383987242370016
2000,0.014984579833338932,0.0004276214283323821,0.14373829523777548,0.07659072638910563,0.001854576513852044,0.12467741269593571,0.09519045522361008,0.0016676226119862853,0.09342423596561822,2.2539084578909064e-05,2.2539084578909064e-05,0.2651657009283419
2010,0.014972685410112669,0.00042964348028084684,0.14441797656499053,0.07653846671206914,0.0018634606589482483,0.12527466614778138,0.09514261651147272,0.001675755193049637,0.09387984274787883,2.2651780001803605e-05,2.2651780001803605e-05,0.26649152943298354
2020,0.01496079777849468,0.0004316643776559048,0.14509726980030413,0.07648623081592314,0.0018723407612930675,0.12587164781802135,0.09509479095637463,0.0016838855374163115,0.09433532422500346,2.2764475424698153e-05,2.2764475424698153e-05,0.2678173579376253
2030,0.014948916938630374,0.0004336841204328367,0.1457761749354073,0.07643401871437171,0.0018812168185568104,0.12646835755003766,0.09504697857365262,0.0016920136424790552,0.09479068025092748,2.2877170847592697e-05,2.2877170847592697e-05,0.269143186442267
2040,0.014937042890665159,0.0004357027085869236,0.14645469196199112,0.07638183042111892,0.0018900888284097853,0.12706479518721242,0.09499917937864343,0.001700139505630617,0.09524591067958639,2.2989866270487244e-05,2.2989866270487244e-05,0.2704690149469087
2050,0.014925175634744436,0.0004377201420934463,0.14713282087174664,0.07632966594986883,0.0018989567885223013,0.1276609605729278,0.09495139338668386,0.0017082631242637438,0.09570101536491563,2.310256169338179e-05,2.310256169338179e-05,0.2717948434515504
2060,0.014913315171013616,0.00043973642092768575,0.14781056165636494,0.0762775253143255,0.0019078206965646666,0.12825685355056582,0.09490362061311068,0.0017163844957711837,0.09615599416085062,2.3215257116276333e-05,2.3215257116276333e-05,0.2731206719561921
2070,0.014901461499618105,0.0004417515450649229,0.14848791430753708,0.07622540852819301,0.0019166805502071906,0.1288524739635086,0.09485586107326069,0.001724503617545684,0.09661084692132682,2.3327952539170874e-05,2.3327952539170874e-05,0.2744465004608338
2080,0.014889614620703305,0.0004437655144804386,0.14916487881695414,0.07617331560517542,0.0019255363471201814,0.12944782165513824,0.09480811478247063,0.0017326204869799926,0.0970655735002797,2.3440647962065425e-05,2.3440647962065425e-05,0.27577232896547554
2090,0.014877774534414627,0.000445778329149514,0.1498414551763072,0.07612124655897679,0.001934388084973948,0.13004289646883682,0.09476038175607732,0.0017407351014668573,0.09752017375164466,2.355334338495997e-05,2.355334338495997e-05,0.27709815747011723
2100,0.014865941240897474,0.0004477899890474298,0.15051764337728732,0.07606920140330119,0.0019432357614387991,0.1306376982479865,0.0947126620094175,0.0017488474583990255,0.09797464752935718,2.3666038807854513e-05,2.3666038807854513e-05,0.278423985974759
2110,0.014854114740297256,0.0004498004941494671,0.15119344341158558,0.07601718015185269,0.0019520793741850439,0.13123222683596933,0.09466495555782797,0.0017569575551692452,0.09842899468735267,2.377873423074906e-05,2.377873423074906e-05,0.27974981447940067
2120,0.014842295032759377,0.00045180984443090667,0.15186885527089297,0.07596518281833536,0.0019609189208829895,0.13182648207616735,0.0946172624166455,0.001765065389170264,0.09888321507956661,2.3891429653643605e-05,2.3891429653643605e-05,0.28107564298404236
2130,0.014830482118429241,0.00045381803986702953,0.15254387894690066,0.07591320941645327,0.001969754399202947,0.1324204638119628,0.09456958260120689,0.0017731709577948293,0.09933730855993442,2.400412507653815e-05,2.400412507653815e-05,0.2824014714886841
2140,0.014818675997452258,0.0004558250804331167,0.15321851443129972,0.07586125995991046,0.001978585806815223,0.13301417188673767,0.09452191612684889,0.0017812742584356887,0.09979127498239153,2.4116820499432697e-05,2.4116820499432697e-05,0.2837272999933258
2150,0.014806876669973833,0.0004578309661044489,0.15389276171578112,0.07580933446241103,0.001987413141390127,0.13360760614387407,0.0944742630089083,0.001789375288485591,0.10024511420087345,2.422951592232724e-05,2.422951592232724e-05,0.28505312849796755
2160,0.014795084136139374,0.00045983569685630716,0.154566620792036,0.07575743293765902,0.001996236400597968,0.13420076642675416,0.09442662326272187,0.0017974740453372822,0.10069882606931553,2.4342211345221785e-05,2.4342211345221785e-05,0.28637895700260924
2170,0.014783298396094283,0.0004618392726639724,0.15524009165175542,0.07570555539935851,0.002005055582109055,0.13479365257875997,0.0943789969036264,0.0018055705263835113,0.1011524104416533,2.4454906768116326e-05,2.4454906768116326e-05,0.28770478550725087
2180,0.01477151944998397,0.0004638416935027256,0.15591317428663046,0.07565370186121356,0.002013870683593695,0.1353862644432736,0.09433138394695867,0.0018136647290170251,0.10160586717182213,2.4567602191010877e-05,2.4567602191010877e-05,0.2890306140118927
2190,0.01475974729795384,0.0004658429593478477,0.15658586868835217,0.07560187233692825,0.0020226817027221987,0.1359786018636772,0.09428378440805546,0.0018217566506305717,0.10205919611375752,2.468029761390542e-05,2.468029761390542e-05,0.29035644251653436
2200,0.0147479819401493,0.0004678430701746195,0.15725817484861157,0.07555006684020663,0.0020314886371648744,0.13657066468335285,0.09423619830225353,0.0018298462886168997,0.10251239712139494,2.4792993036799965e-05,2.4792993036799965e-05,0.29168227102117605
2210,0.014736223376715755,0.00046984202595832207,0.15793009275909983,0.07549828538475277,0.0020402914845920298,0.13716245274568264,0.09418862564488967,0.0018379336403687553,0.10296547004866977,2.4905688459694513e-05,2.4905688459694513e-05,0.2930080995258178
2220,0.014724471607798613,0.00047183982667423633,0.158601622411508,0.07544652798427075,0.0020490902426739746,0.1377539658940487,0.09414106645130066,0.0018460187032788868,0.10341841474951746,2.5018383882589057e-05,2.5018383882589057e-05,0.2943339280304595
2230,0.01471272663354328,0.00047383647229764305,0.15927276379752706,0.07539479465246461,0.0020578849090810173,0.1383452039718331,0.09409352073682328,0.0018541014747400415,0.10387123107787347,2.51310793054836e-05,2.51310793054836e-05,0.2956597565351012
2240,0.01470098845409516,0.00047583196280382334,0.15994351690884817,0.07534308540303844,0.0020666754814834664,0.13893616682241788,0.09404598851679431,0.001862181952144968,0.10432391888767328,2.5243774728378145e-05,2.5243774728378145e-05,0.29698558503974287
2250,0.014689257069599662,0.0004778262981680581,0.16061388173716237,0.0752914002496963,0.0020754619575516302,0.1395268542891852,0.09399846980655051,0.001870260132886413,0.10477647803285227,2.5356470151272693e-05,2.5356470151272693e-05,0.2983114135443846
2260,0.01467753248020219,0.0004798194783656282,0.16128385827416072,0.07523973920614226,0.002084244334955819,0.14011726621551723,0.09395096462142868,0.0018783360143571244,0.1052289083673459,2.5469165574167237e-05,2.5469165574167237e-05,0.2996372420490263
2270,0.014665814686048153,0.0004818115033718145,0.1619534465115343,0.07518810228608036,0.00209302261136634,0.14070740244479593,0.09390347297676559,0.0018864095939498508,0.10568120974508968,2.558186099706178e-05,2.558186099706178e-05,0.300963070553668
2280,0.014654103687282956,0.00048380237316189816,0.16262264644097416,0.07513648950321469,0.0021017967844535017,0.14129726282040345,0.093855994887898,0.0018944808690573387,0.10613338202001898,2.569455641995633e-05,2.569455641995633e-05,0.30228889905830975
2290,0.014642399484052004,0.00048579208771115987,0.1632914580541714,0.07508490087124933,0.002110566851887614,0.14188684718572195,0.09380853037016273,0.0019025498370723358,0.10658542504606923,2.5807251842850873e-05,2.5807251842850873e-05,0.30361472756295144
2300,0.014630702076500704,0.00048778064699488073,0.16395988134281705,0.07503333640388833,0.0021193328113389854,0.14247615538413344,0.09376107943889653,0.0019106164953875907,0.10703733867717595,2.5919947265745417e-05,2.5919947265745417e-05,0.3049405560675931
2310,0.014619011464774465,0.0004897680509883415,0.16462791629860218,0.07498179611483574,0.0021280946604779246,0.14306518725902012,0.09371364210943617,0.001918680841395851,0.10748912276727458,2.603264268863997e-05,2.603264268863997e-05,0.3062663845722349
2320,0.01460732764901869,0.0004917542996668233,0.1652955629132179,0.07493028001779566,0.002136852396974739,0.14365394265376397,0.09366621839711844,0.0019267428724898633,0.10794077717030047,2.6145338111534513e-05,2.6145338111534513e-05,0.3075922130768766
2330,0.014595650629378787,0.0004937393930056069,0.16596282117835526,0.07487878812647213,0.002145606018499739,0.14424242141174715,0.09361880831728014,0.001934802586062376,0.10839230174018913,2.6258033534429053e-05,2.6258033534429053e-05,0.30891804158151825
2340,0.01458398040600016,0.0004957233309799732,0.1666296910857053,0.07482732045456923,0.0021543555227232325,0.14483062337635175,0.09357141188525801,0.001942859979506137,0.10884369633087601,2.6370728957323598e-05,2.6370728957323598e-05,0.31024387008615995
2350,0.014572316979028218,0.0004977061135652035,0.16729617262695912,0.07477587701579101,0.0021631009073155285,0.14541854839095988,0.09352402911638885,0.0019509150502138937,0.10929496079629655,2.6483424380218145e-05,2.6483424380218145e-05,0.3115696985908017
2360,0.014560660348608367,0.0004996877407365783,0.16796226579380782,0.07472445782384156,0.0021718421699469356,0.14600619629895362,0.09347666002600945,0.001958967795578394,0.1097460949903862,2.659611980311269e-05,2.659611980311269e-05,0.3128955270954434
2370,0.01454901051488601,0.0005016682124693787,0.1686279705779424,0.07467306289242494,0.0021805793082877627,0.14659356694371511,0.09342930462945656,0.001967018212992385,0.11019709876708039,2.6708815226007234e-05,2.6708815226007234e-05,0.3142213556000851
2380,0.014537367478006557,0.0005036475287388857,0.16929328697105397,0.0746216922352452,0.002189312320008318,0.1471806601686264,0.09338196294206697,0.0019750662998486157,0.1106479719803146,2.682151064890178e-05,2.682151064890178e-05,0.3155471841047268
2390,0.014525731238115416,0.00050562568952038,0.16995821496483363,0.07457034586600642,0.0021980412027789113,0.14776747581706964,0.09333463497917746,0.001983112053539832,0.1110987144840242,2.6934206071796325e-05,2.6934206071796325e-05,0.3168730126093685
2400,0.014514101795357988,0.0005076026947891427,0.17062275455097228,0.07451902379841266,0.0022067659542698496,0.14835401373242685,0.09328732075612481,0.0019911554714587827,0.11154932613214469,2.704690149469087e-05,2.704690149469087e-05,0.3181988411140102
2410,0.014502479149879682,0.0005095785445204548,0.17128690572116126,0.074467726046168,0.0022154865721514426,0.14894027375808014,0.0932400202882458,0.0019991965509982153,0.1119998067786115,2.715959691758542e-05,2.715959691758542e-05,0.319524669618652
2420,0.014490863301825904,0.000511553238689597,0.17195066846709142,0.07441645262297647,0.0022242030540939994,0.1495262557374117,0.0931927335908772,0.002007235289550877,0.11245015627736006,2.7272292340479968e-05,2.7272292340479968e-05,0.3208504981232937
2430,0.014479254251342059,0.0005135267772718504,0.17261404278045392,0.0743652035425422,0.002232915397767829,0.1501119595138036,0.09314546067935578,0.0020152716845095167,0.11290037448232587,2.7384987763374516e-05,2.7384987763374516e-05,0.32217632662793544
2440,0.014467651998573557,0.0005154991602424959,0.17327702865293979,0.07431397881856919,0.0022416236008432383,0.15069738493063786,0.09309820156901835,0.002023305733266881,0.1133504612474443,2.749768318626906e-05,2.749768318626906e-05,0.32350215513257713
2450,0.0144560565436658,0.0005174703875768145,0.17393962607624017,0.07426277846476155,0.0022503276609905382,0.15128253183129667,0.09305095627520166,0.002031337433215717,0.11380041642665081,2.7610378609163604e-05,2.7610378609163604e-05,0.3248279836372189
2460,0.014444467886764198,0.000519440459250087,0.17460183504204602,0.07421160249482332,0.0022590275758800358,0.15186740005916205,0.0930037248132425,0.002039366781748774,0.1142502398738809,2.772307403205815e-05,2.772307403205815e-05,0.32615381214186057
2470,0.014432886028014154,0.0005214093752375944,0.1752636555420485,0.0741604509224586,0.00226772334318204,0.15245198945761612,0.09295650719847764,0.002047393776258799,0.11469993144306999,2.7835769454952696e-05,2.7835769454952696e-05,0.32747964064650226
2480,0.014421310967561076,0.0005233771355146175,0.17592508756793865,0.07410932376137142,0.0022764149605668605,0.15303629987004103,0.09290930344624389,0.00205541841413854,0.11514949098815351,2.794846487784724e-05,2.794846487784724e-05,0.328805469151144
2490,0.014409742705550371,0.0005253437400564374,0.1765861311114075,0.07405822102526585,0.0022851024257048054,0.15362033113981882,0.09286211357187799,0.002063440692780744,0.11559891836306689,2.806116030074178e-05,2.806116030074178e-05,0.33013129765578564
2500,0.014398181242127443,0.000527309188838335,0.17724678616414621,0.07400714272784599,0.002293785736266183,0.1542040831103316,0.09281493759071671,0.0020714606095781586,0.11604821342174558,2.8173855723636325e-05,2.8173855723636325e-05,0.33145712616042733
2510,0.014386626577437701,0.0005292734818355912,0.17790705271784577,0.07395608888281587,0.002302464889921303,0.15478755562496152,0.09276777551809687,0.0020794781619235324,0.11649737601812506,2.8286551146530876e-05,2.8286551146530876e-05,0.33278295466506913
2520,0.01437507871162655,0.0005312366190234869,0.17856693076419725,0.07390505950387957,0.0023111398843404735,0.15537074852709062,0.09272062736935523,0.002087493347209612,0.11694640600614072,2.839924656942542e-05,2.839924656942542e-05,0.3341087831697108
2530,0.014363537644839396,0.0005331986003773031,0.1792264202948918,0.07385405460474116,0.0023198107171940032,0.15595366166010102,0.09267349315982855,0.0020955061628291456,0.11739530323972804,2.8511941992319965e-05,2.8511941992319965e-05,0.3354346116743525
2540,0.014352003377221647,0.0005351594258723208,0.17988552130162044,0.0738030741991047,0.002328477386152201,0.15653629486737486,0.09262637290485363,0.0021035166061748817,0.1178440675728225,2.8624637415214512e-05,2.8624637415214512e-05,0.33676044017899426
2550,0.014340475908918706,0.0005371190954838206,0.18054423377607412,0.07375211830067427,0.0023371398888853753,0.15711864799229414,0.09257926661976726,0.0021115246746395665,0.11829269885935947,2.8737332838109056e-05,2.8737332838109056e-05,0.33808626868363595
2560,0.01432895524007598,0.0005390776091870837,0.18120255770994406,0.07370118692315392,0.0023457982230638353,0.15770072087824102,0.09253217431990618,0.0021195303656159487,0.11874119695327442,2.88500282610036e-05,2.88500282610036e-05,0.33941209718827764
2570,0.014317441370838879,0.000541034966957391,0.18186049309492133,0.07365028008024771,0.002354452386357889,0.15828251336859755,0.0924850960206072,0.0021275336764967753,0.11918956170850281,2.8962723683898148e-05,2.8962723683898148e-05,0.3407379256929194
2580,0.014305934301352807,0.0005429911687700235,0.18251803992269697,0.07359939778565973,0.002363102376437846,0.1588640253067459,0.09243803173720709,0.002135534604674795,0.11963779297898011,2.9075419106792692e-05,2.9075419106792692e-05,0.3420637541975611
2590,0.014294434031763168,0.0005449462146002619,0.18317519818496195,0.07354854005309404,0.002371748190974015,0.15944525653606823,0.09239098148504261,0.0021435331475427545,0.12008589061864171,2.9188114529687237e-05,2.9188114529687237e-05,0.34338958270220277
2600,0.014282940562215372,0.0005469001044233873,0.18383196787340747,0.07349770689625469,0.002380389827636704,0.16002620689994648,0.09234394527945057,0.002151529302493402,0.12053385448142308,2.930080995258178e-05,2.930080995258178e-05,0.34471541120684446
2610,0.014271453892854823,0.0005488528382146806,0.18448834897972455,0.07344689832884577,0.0023890272840962215,0.16060687624176276,0.09229692313576773,0.0021595230669194847,0.12098168442125964,2.941350537547633e-05,2.941350537547633e-05,0.3460412397114862
2620,0.014259974023826928,0.0005508044159494227,0.18514434149560427,0.07339611436457132,0.0023976605580228773,0.16118726440489928,0.09224991506933088,0.0021675144382137506,0.12142938029208686,2.9526200798370873e-05,2.9526200798370873e-05,0.3473670682161279
2630,0.014248500955277094,0.0005527548376028946,0.18579994541273767,0.07334535501713542,0.0024062896470869793,0.16176737123273807,0.09220292109547677,0.002175503413768948,0.12187694194784023,2.9638896221265417e-05,2.9638896221265417e-05,0.3486928967207696
2640,0.014237034687350726,0.0005547041031503772,0.18645516072281584,0.07329462030024214,0.0024149145489588365,0.16234719656866126,0.09215594122954221,0.002183489990977823,0.12232436924245507,2.9751591644159968e-05,2.9751591644159968e-05,0.3500187252254114
2650,0.01422557522019323,0.0005566522125671512,0.1871099874175298,0.07324391022759555,0.0024235352613087577,0.1629267402560509,0.09210897548686398,0.0021914741672331246,0.12277166202986693,2.986428706705451e-05,2.986428706705451e-05,0.351344553730053
2660,0.014214122553950015,0.000558599165828498,0.18776442548857072,0.07319322481289971,0.002432151781807052,0.16350600213828917,0.09206202388277882,0.0021994559399276005,0.12321882016401123,2.9976982489949053e-05,2.9976982489949053e-05,0.3526703822346947
2670,0.014202676688766486,0.0005605449629096981,0.18841847492762961,0.07314256406985867,0.002440764108124027,0.1640849820587581,0.09201508643262354,0.0022074353064539974,0.1236658434988234,3.0089677912843597e-05,3.0089677912843597e-05,0.3539962107393364
2680,0.014191237624788047,0.0005624896037860327,0.18907213572639753,0.07309192801217652,0.0024493722379299917,0.16466367986083974,0.09196816315173492,0.002215412264205064,0.12411273188823889,3.0202373335738145e-05,3.0202373335738145e-05,0.35532203924397815
2690,0.014179805362160106,0.0005644330884327826,0.18972540787656555,0.07304131665355733,0.002457976168895256,0.16524209538791634,0.09192125405544972,0.002223386810573548,0.12455948518619317,3.031506875863269e-05,3.031506875863269e-05,0.35664786774861984
2700,0.01416837990102807,0.0005663754168252288,0.1903782913698248,0.07299073000770515,0.002466575898690128,0.1658202284833699,0.09187435915910473,0.002231358942952196,0.12500610324662165,3.0427764181527233e-05,3.0427764181527233e-05,0.35797369625326153
2710,0.014156961241537345,0.0005683165889386521,0.19103078619786623,0.07294016808832404,0.0024751714249849153,0.1663980789905825,0.09182747847803673,0.0022393286587337564,0.12545258592345976,3.054045960442178e-05,3.054045960442178e-05,0.3592995247579032
2720,0.014145549383833335,0.0005702566047483337,0.19168289235238106,0.07288963090911808,0.002483762745449928,0.1669756467529363,0.09178061202758249,0.002247295955310977,0.12589893307064298,3.065315502731632e-05,3.065315502731632e-05,0.3606253532625449
2730,0.01413414432806145,0.0005721954642295541,0.19233460982506015,0.07283911848379133,0.002492349857755474,0.16755293161381335,0.09173375982307878,0.0022552608300766054,0.12634514454210674,3.0765850450210866e-05,3.0765850450210866e-05,0.3619511817671866
2740,0.014122746074367094,0.0005741331673575945,0.19298593860759478,0.07278863082604788,0.002500932759571862,0.16812993341659574,0.09168692187986241,0.002263223280423389,0.12679122019178649,3.0878545873105417e-05,3.0878545873105417e-05,0.3632770102718284
2750,0.014111354622895676,0.0005760697141077359,0.1936368786916759,0.07273816794959176,0.002509511448569402,0.16870665200466567,0.09164009821327014,0.0022711833037440754,0.12723715987361767,3.099124129599996e-05,3.099124129599996e-05,0.3646028387764701
2760,0.014099969973792597,0.0005780051044552591,0.19428743006899465,0.07268772986812705,0.002518085922418402,0.16928308722140514,0.09159328883863875,0.002279140897431413,0.12768296344153574,3.1103936718894505e-05,3.1103936718894505e-05,0.3659286672811118
2770,0.014088592127203267,0.0005799393383754452,0.19493759273124206,0.07263731659535783,0.0025266561787891696,0.16985923891019625,0.091546493771305,0.0022870960588781486,0.1281286307494761,3.1216632141789056e-05,3.1216632141789056e-05,0.3672544957857536
2780,0.014077221083273092,0.0005818724158435748,0.19558736667010915,0.07258692814498816,0.002535222215352014,0.1704351069144211,0.0914997130266057,0.002295048785477031,0.12857416165137428,3.13293275646836e-05,3.13293275646836e-05,0.3685803242903953
2790,0.014065856842147478,0.0005838043368349291,0.1962367518772871,0.07253656453072209,0.0025437840297772452,0.17101069107746183,0.0914529466198776,0.002302999074620807,0.12901955600116566,3.1442022987578144e-05,3.1442022987578144e-05,0.36990615279503697
2800,0.014054499403971833,0.0005857351013247889,0.19688574834446687,0.0724862257662637,0.002552341619735171,0.17158599124270052,0.0914061945664575,0.0023109469237022244,0.12946481365278567,3.155471841047268e-05,3.155471841047268e-05,0.3712319812996786
2810,0.01404314876889156,0.0005876647092884353,0.19753435606333955,0.07243591186531706,0.0025608949828960998,0.1721610072535193,0.09135945688168218,0.00231889233011403,0.12990993446016977,3.1667413833367226e-05,3.1667413833367226e-05,0.3725578098043203
2820,0.014031804937052068,0.000589593160701149,0.19818257502559627,0.07238562284158623,0.002569444116930341,0.17273573895330022,0.09131273358088839,0.002326835291248974,0.13035491827725346,3.178010925626178e-05,3.178010925626178e-05,0.37388363830896204
2830,0.014020467908598762,0.0005915204555382111,0.19883040522292808,0.07233535870877528,0.0025779890195082034,0.1733101861854254,0.09126602467941293,0.0023347758044998017,0.1307997649579721,3.189280467915632e-05,3.189280467915632e-05,0.37520946681360373
2840,0.014009137683677047,0.0005934465937749025,0.19947784664702603,0.07228511948058827,0.002586529688299995,0.17388434879327694,0.09121933019259257,0.002342713867259262,0.1312444743562612,3.200550010205087e-05,3.200550010205087e-05,0.37653529531824553
2850,0.013997814262432334,0.0005953715753865041,0.2001248992895812,0.07223490517072928,0.0025950661209760244,0.1744582266202369,0.0911726501357641,0.002350649476920102,0.13168904632605613,3.2118195524945416e-05,3.2118195524945416e-05,0.3778611238228872
2860,0.013986497645010022,0.0005972954003482967,0.2007715631422846,0.07218471579290235,0.0026035983152066008,0.17503181950968744,0.09112598452426429,0.0023585826308750698,0.1321334807212924,3.223089094783996e-05,3.223089094783996e-05,0.3791869523275289
2870,0.013975187831555524,0.0005992180686355615,0.2014178381968274,0.07213455136081158,0.002612126268662034,0.17560512730501063,0.09107933337342992,0.0023665133265169127,0.13257777739590548,3.2343586370734505e-05,3.2343586370734505e-05,0.3805127808321706
2880,0.013963884822214244,0.0006011395802235791,0.20206372444490053,0.072084411888161,0.0026206499790126306,0.17617814984958857,0.09103269669859777,0.002374441561238379,0.13302193620383074,3.245628179362905e-05,3.245628179362905e-05,0.3818386093368123
2890,0.013952588617131587,0.0006030599350876309,0.20270922187819523,0.07203429738865472,0.0026291694439287,0.17675088698680333,0.09098607451510461,0.0023823673324322153,0.13346595699900365,3.256897721652359e-05,3.256897721652359e-05,0.383164437841454
2900,0.01394129921645296,0.0006049791332029974,0.20335433048840246,0.07198420787599677,0.002637684661080552,0.17732333856003707,0.09093946683828723,0.00239029063749117,0.13390983963535966,3.268167263941814e-05,3.268167263941814e-05,0.38449026634609573
2910,0.01393001662032377,0.0006068971745449597,0.20399905026721332,0.07193414336389121,0.002646195628138494,0.17789550441267185,0.09089287368348241,0.0023982114738079906,0.13435358396683422,3.279436806231269e-05,3.279436806231269e-05,0.3858160948507375
2920,0.013918740828889423,0.0006088140590887986,0.2046433812063188,0.07188410386604216,0.0026547023427728354,0.17846738438808973,0.0908462950660269,0.0024061298387754258,0.13479718984736277,3.290706348520723e-05,3.290706348520723e-05,0.38714192335537917
2930,0.013907471842295325,0.0006107297868097952,0.20528732329741015,0.07183408939615363,0.002663204802653884,0.17903897832967286,0.09079973100125752,0.002414045729786221,0.13524065713088074,3.301975890810178e-05,3.301975890810178e-05,0.38846775186002086
2940,0.013896209660686883,0.0006126443576832304,0.2059308765321783,0.07178409996792971,0.0026717030054519506,0.17961028608080337,0.09075318150451102,0.0024219591442331263,0.1356839856713236,3.313245433099632e-05,3.313245433099632e-05,0.38979358036466255
2950,0.013884954284209501,0.0006145577716843852,0.20657404090231432,0.07173413559507447,0.002680196948837342,0.1801813074848633,0.09070664659112418,0.0024298700795088884,0.1361271753226268,3.3245149753890865e-05,3.3245149753890865e-05,0.39111940886930424
2960,0.013873705713008591,0.0006164700287885402,0.20721681639950928,0.07168419629129197,0.0026886866304803676,0.1807520423852348,0.0906601262764338,0.002437778533006254,0.13657022593872573,3.335784517678541e-05,3.335784517678541e-05,0.392445237373946
2970,0.013862463923976323,0.0006183811329240258,0.20785920434421035,0.07163428200353514,0.0026971720593990276,0.1813224913881699,0.09061362061223521,0.002445684495920013,0.13701313702633128,3.347054059967995e-05,3.347054059967995e-05,0.39377106587858757
2980,0.013851228797349265,0.0006202911044506255,0.20850121158004215,0.07158439239619467,0.002705653292646909,0.18189265832920393,0.09056712979610468,0.0024535879346622054,0.137455906703765,3.358323602257449e-05,3.358323602257449e-05,0.39509689438322926
2990,0.013840000315530919,0.0006221999463597442,0.20914283911251902,0.07153452741958742,0.0027141303386701413,0.18246254377614393,0.09052065385711844,0.0024614888442898663,0.13789853469411015,3.369593144546904e-05,3.369593144546904e-05,0.39642272288787106
3000,0.01382877847783491,0.000624107658768066,0.20978408698086248,0.07148468707211642,0.0027226031977402123,0.18303214774724114,0.09047419279732374,0.002469387224454965,0.13834102097786918,3.3808626868363586e-05,3.3808626868363586e-05,0.39774855139251275
3010,0.01381756328357486,0.0006260142417922744,0.21042495522429389,0.07143487135218465,0.00273107187012861,0.18360147026074689,0.09042774661876782,0.0024772830748094705,0.13878336553554457,3.392132229125813e-05,3.392132229125813e-05,0.39907437989715444
3020,0.013806354732064393,0.0006279196955490536,0.2110654438820348,0.07138508025819518,0.002739536356106822,0.18417051133491236,0.09038131532349793,0.002485176395005352,0.13922556834763877,3.4034017714152675e-05,3.4034017714152675e-05,0.40040020840179613
3030,0.013795152822617137,0.0006298240201550873,0.21170555299330665,0.07133531378855099,0.0027479966559463354,0.1847392709879889,0.09033489891356129,0.0024930671846945794,0.13966762939465432,3.414671313704722e-05,3.414671313704722e-05,0.4017260369064378
3040,0.013783957554546712,0.0006317272157270595,0.2123452825973309,0.07128557194165508,0.0027564527699186388,0.1853077492382278,0.09028849739100517,0.0025009554435291214,0.14010954865709366,3.425940855994176e-05,3.425940855994176e-05,0.4030518654110795
3050,0.013772768927166746,0.0006336292823816539,0.21298463273332902,0.07123585471591048,0.0027649046982952197,0.18587594610388028,0.09024211075787678,0.0025088411711609473,0.14055132611545923,3.4372103982836314e-05,3.4372103982836314e-05,0.4043776939157213
3060,0.013761586939790859,0.0006355302202355545,0.21362360344052253,0.07118616210972022,0.002773352441347566,0.1864438616031977,0.09019573901622337,0.002516724367242027,0.1409929617502536,3.448479940573086e-05,3.448479940573086e-05,0.405703522420363
3070,0.013750411591732679,0.0006374300294054451,0.2142621947581328,0.07113649412148727,0.002781795999347165,0.18701149575443124,0.09014938216809218,0.002524605031424329,0.1414344555419792,3.45974948286254e-05,3.45974948286254e-05,0.4070293509250047
3080,0.01373924288230583,0.0006393287100080097,0.2149004067253814,0.0710868507496147,0.0027902353725655043,0.1875788485758322,0.09010304021553046,0.0025324831633598225,0.1418758074711385,3.4710190251519947e-05,3.4710190251519947e-05,0.4083551794296464
3090,0.013728080810823932,0.000641226262159932,0.21553823938148972,0.07103723199250547,0.0027986705612740724,0.1881459200856519,0.09005671316058543,0.0025403587627004774,0.14231701751823403,3.482288567441449e-05,3.482288567441449e-05,0.4096810079342881
3100,0.013716925376600617,0.0006431226859778959,0.21617569276567927,0.07098763784856262,0.0028071015657443565,0.1887127103021416,0.09001040100530434,0.0025482318290982625,0.14275808566376819,3.4935581097309035e-05,3.4935581097309035e-05,0.41100683643892977
3110,0.013705776578949502,0.0006450179815785853,0.21681276691717155,0.07093806831618917,0.0028155283862478443,0.1892792192435525,0.08996410375173443,0.0025561023622051476,0.14319901188824358,3.504827652020358e-05,3.504827652020358e-05,0.4123326649435715
3120,0.013694634417184215,0.0006469121490786841,0.2174494618751879,0.07088852339378811,0.002823951023056024,0.18984544692813604,0.08991782140192293,0.0025639703616731012,0.14363979617216255,3.516097194309813e-05,3.516097194309813e-05,0.41365849344821326
3130,0.01368349889061838,0.0006488051885948762,0.21808577767894996,0.07083900307976247,0.0028323694764403828,0.19041139337414337,0.0898715539579171,0.0025718358271540932,0.14408043849602764,3.5273667365992674e-05,3.5273667365992674e-05,0.41498432195285495
3140,0.01367236999856562,0.0006506971002438453,0.2187217143676791,0.07078950737251526,0.0028407837466724083,0.19097705859982575,0.08982530142176416,0.0025796987583000925,0.1445209388403413,3.538636278888722e-05,3.538636278888722e-05,0.41631015045749664
3150,0.01366124774033956,0.0006525878841422754,0.21935727198059674,0.07074003627044949,0.0028491938340235888,0.1915424426234345,0.08977906379551136,0.0025875591547630684,0.14496129718560608,3.549905821178176e-05,3.549905821178176e-05,0.41763597896213833
3160,0.013650132115253824,0.0006544775404068503,0.21999245055692446,0.07069058977196818,0.002857599738765412,0.19210754546322095,0.08973284108120594,0.0025954170161949903,0.1454015135123244,3.561175363467631e-05,3.561175363467631e-05,0.4189618074667801
3170,0.01363902312262204,0.0006563660691542541,0.2206272501358837,0.07064116787547434,0.0028660014611693652,0.1926723671374363,0.08968663328089513,0.0026032723422478275,0.14584158780099873,3.572444905757085e-05,3.572444905757085e-05,0.42028763597142177
3180,0.013627920761757825,0.0006582534705011703,0.2212616707566959,0.07059177057937098,0.002874399001506936,0.1932369076643318,0.08964044039662618,0.002611125132573549,0.1462815200321316,3.58371444804654e-05,3.58371444804654e-05,0.4216134644760635
3190,0.013616825031974809,0.000660139744564283,0.2218957124585825,0.07054239788206111,0.0028827923600496133,0.19380116706215883,0.08959426243044633,0.0026189753868241243,0.14672131018622545,3.5949839903359946e-05,3.5949839903359946e-05,0.4229392929807052
3200,0.013605735932586615,0.000662024891460276,0.22252937528076505,0.07049304978194776,0.0028911815370688838,0.19436514534916863,0.08954809938440281,0.002626823104651523,0.1471609582437828,3.606253532625449e-05,3.606253532625449e-05,0.4242651214853469
3210,0.013594653462906867,0.0006639089113058333,0.22316265926246492,0.07044372627743392,0.002899566532836235,0.1949288425436124,0.08950195126054286,0.0026346682857077133,0.14760046418530606,3.6175230749149035e-05,3.6175230749149035e-05,0.4255909499899886
3220,0.013583577622249189,0.0006657918042176384,0.22379556444290363,0.07039442736692263,0.0029079473476231552,0.1954922586637415,0.08945581806091374,0.0026425109296446658,0.14803982799129778,3.628792617204358e-05,3.628792617204358e-05,0.42691677849463033
3230,0.013572508409927206,0.0006676735703123757,0.22442809086130275,0.07034515304881687,0.0029163239817011325,0.1960553937278072,0.08940969978756266,0.002650351036114349,0.14847904964226044,3.640062159493812e-05,3.640062159493812e-05,0.428242606999272
3240,0.01356144582525454,0.0006695542097067287,0.2250602385568836,0.07029590332151969,0.002924696435341654,0.19661824775406073,0.08936359644253687,0.0026581886047687318,0.14891812911869645,3.6513317017832674e-05,3.6513317017832674e-05,0.42956843550391377
3250,0.013550389867544818,0.0006714337225173814,0.22569200756886765,0.07024667818343408,0.002933064708816207,0.19718082076075338,0.08931750802788363,0.002666023635259784,0.14935706640110835,3.662601244072722e-05,3.662601244072722e-05,0.43089426400855546
3260,0.013539340536111666,0.0006733121088610176,0.22632339793647646,0.07019747763296307,0.0029414288023962803,0.1977431127661365,0.08927143454565015,0.002673856127239475,0.1497958614699986,3.673870786362176e-05,3.673870786362176e-05,0.43222009251319715
3270,0.013528297830268703,0.0006751893688543211,0.22695440969893144,0.07014830166850965,0.0029497887163533612,0.19830512378846124,0.08922537599788369,0.002681686080359774,0.15023451430586968,3.685140328651631e-05,3.685140328651631e-05,0.4335459210178389
3280,0.013517261749329558,0.000677065502613976,0.2275850428954541,0.07009915028847685,0.002958144450958937,0.19886685384597894,0.08917933238663148,0.00268951349427265,0.1506730248892241,3.696409870941085e-05,3.696409870941085e-05,0.4348717495224806
3290,0.013506232292607851,0.000678940510256666,0.22821529756526585,0.07005002349126768,0.0029664960064844964,0.19942830295694092,0.08913330371394075,0.0026973383686300723,0.15111139320056427,3.7076794132305395e-05,3.7076794132305395e-05,0.4361975780271223
3300,0.01349520945941721,0.0006808143918990749,0.22884517374758817,0.07000092127528515,0.002974843383201526,0.19998947113959836,0.08908728998185876,0.00270516070308401,0.15154961922039273,3.7189489555199946e-05,3.7189489555199946e-05,0.437523406531764
3310,0.013484193249071257,0.0006826871476578867,0.2294746714816426,0.06995184363893228,0.0029831865813815146,0.20055035841220265,0.08904129119243274,0.002712980497286433,0.15198770292921193,3.730218497809449e-05,3.730218497809449e-05,0.4388492350364057
3320,0.013473183660883618,0.0006845587776497854,0.23010379080665055,0.06990279058061208,0.0029915256012959493,0.20111096479300497,0.08899530734770994,0.0027207977508893104,0.1524256443075244,3.7414880400989035e-05,3.7414880400989035e-05,0.4401750635410474
3330,0.013462180694167918,0.0006864292819914546,0.23073253176183348,0.06985376209872755,0.0029998604432163174,0.2016712903002566,0.08894933844973758,0.0027286124635446107,0.15286344333583254,3.752757582388358e-05,3.752757582388358e-05,0.44150089204568915
3340,0.013451184348237779,0.0006882986607995783,0.23136089438641286,0.06980475819168173,0.003008191107414108,0.2022313349522089,0.08890338450056291,0.0027364246349043044,0.15330109999463892,3.764027124677812e-05,3.764027124677812e-05,0.44282672055033084
3350,0.013440194622406825,0.0006901669141908404,0.23198887871961021,0.06975577885787762,0.0030165175941608076,0.2027910987671131,0.08885744550223318,0.0027442342646203594,0.1537386142644459,3.775296666967267e-05,3.775296666967267e-05,0.44415254905497253
3360,0.013429211515988682,0.0006920340422819247,0.23261648480064692,0.06970682409571823,0.0030248399037279042,0.20335058176322043,0.08881152145679562,0.002752041352344746,0.1541759861257561,3.786566209256722e-05,3.786566209256722e-05,0.4454783775596143
3370,0.013418235028296975,0.000693900045189515,0.23324371266874452,0.06965789390360656,0.003033158036386886,0.2039097839587822,0.08876561236629746,0.002759845897729433,0.15461321555907187,3.797835751546176e-05,3.797835751546176e-05,0.44680420606425597
3380,0.013407265158645326,0.0006957649230302953,0.23387056236312445,0.06960898827994566,0.0030414719924092403,0.20446870537204972,0.08871971823278595,0.0027676479004263895,0.15505030254489577,3.8091052938356307e-05,3.8091052938356307e-05,0.4481300345688977
3390,0.01339630190634736,0.0006976286759209495,0.23449703392300822,0.06956010722313852,0.0030497817720664547,0.20502734602127423,0.08867383905830832,0.0027754473600875855,0.1554872470637303,3.820374836125085e-05,3.820374836125085e-05,0.4494558630735394
3400,0.013385345270716702,0.0006994913039781613,0.23512312738761723,0.06951125073158815,0.0030580873756300172,0.205585705924707,0.08862797484491183,0.0027832442763649897,0.15592404909607785,3.8316443784145395e-05,3.8316443784145395e-05,0.4507816915781811
3410,0.013374395251066975,0.0007013528073186147,0.23574884279617297,0.06946241880369756,0.003066388803371416,0.20614378510059936,0.0885821255946437,0.002791038648910571,0.15636070862244095,3.842913920703994e-05,3.842913920703994e-05,0.4521075200828228
3420,0.013363451846711807,0.0007032131860589936,0.236374180187897,0.06941361143786978,0.003074686055562138,0.20670158356720253,0.08853629130955118,0.0027988304773763,0.15679722562332213,3.854183462993448e-05,3.854183462993448e-05,0.4534333485874645
3430,0.013352515056964817,0.0007050724403159816,0.2369991396020106,0.06936482863250783,0.0030829791324736714,0.2072591013427678,0.0884904719916815,0.002806619761414144,0.15723360007922377,3.8654530052829034e-05,3.8654530052829034e-05,0.4547591770921062
3440,0.013341584881139634,0.000706930570206263,0.23762372107773544,0.0693160703860147,0.0030912680343775033,0.20781633844554642,0.08844466764308191,0.0028144065006760746,0.15766983197064843,3.876722547572358e-05,3.876722547572358e-05,0.45608500559674797
3450,0.013330661318549878,0.0007087875758465213,0.23824792465429284,0.06926733669679341,0.0030995527615451223,0.20837329489378972,0.08839887826579966,0.0028221906948140587,0.15810592127809855,3.887992089861812e-05,3.887992089861812e-05,0.45741083410138966
3460,0.013319744368509178,0.0007106434573534404,0.23887175037090433,0.06921862756324698,0.003107833314248016,0.20892997070574895,0.08835310386188196,0.0028299723434800673,0.15854186798207662,3.899261632151267e-05,3.899261632151267e-05,0.45873666260603135
3470,0.013308834030331153,0.0007124982148437045,0.2394951982667914,0.06916994298377842,0.0031161096927576717,0.2094863658996754,0.08830734443337607,0.002837751446326069,0.15897767206308508,3.910531174440721e-05,3.910531174440721e-05,0.46006249111067304
3480,0.013297930303329432,0.0007143518484339971,0.24011826838117548,0.06912128295679074,0.0031243818973455775,0.2100424804938203,0.08826159998232921,0.002845528003004033,0.1594133335016265,3.921800716730176e-05,3.921800716730176e-05,0.4613883196153148
3490,0.013287033186817638,0.0007162043582410023,0.24074096075327805,0.06907264748068695,0.0031326499282832206,0.21059831450643499,0.08821587051078866,0.0028533020131659287,0.1598488522782033,3.9330702590196306e-05,3.9330702590196306e-05,0.46271414811995654
3500,0.013276142680109394,0.0007180557443814038,0.24136327542232058,0.06902403655387007,0.0031409137858420897,0.2111538679557707,0.08817015602080161,0.0028610734764637252,0.16028422837331796,3.944339801309085e-05,3.944339801309085e-05,0.4640399766245982
3510,0.013265258782518323,0.0007199060069718856,0.24198521242752458,0.06897545017474312,0.0031491734702936715,0.21170914086007875,0.08812445651441533,0.0028688423925493922,0.16071946176747295,3.9556093435985395e-05,3.9556093435985395e-05,0.4653658051292399
3520,0.013254381493358053,0.0007217551461291315,0.2426067718081114,0.0689268883417091,0.0031574289819094542,0.21226413323761034,0.08807877199367707,0.0028766087610748985,0.16115455244117077,3.966878885887994e-05,3.966878885887994e-05,0.4666916336338816
3530,0.013243510811942206,0.0007236031619698254,0.24322795360330265,0.06887835105317104,0.0031656803209609255,0.2128188451066168,0.08803310246063403,0.002884372581692214,0.16158950037491396,3.978148428177448e-05,3.978148428177448e-05,0.4680174621385233
3540,0.01323264673758441,0.0007254500546106512,0.24384875785231971,0.06882983830753193,0.003173927487719573,0.21337327648534943,0.08798744791733348,0.0028921338540533067,0.16202430554920486,3.989417970466903e-05,3.989417970466903e-05,0.469343290643165
3550,0.013221789269598282,0.0007272958241682926,0.24446918459438405,0.0687813501031948,0.003182170482456885,0.21392742739205947,0.08794180836582266,0.0028998925778101472,0.16245896794454606,4.000687512756358e-05,4.000687512756358e-05,0.4706691191478068
3560,0.013210938407297453,0.0007291404707594337,0.2450892338687172,0.06873288643856267,0.0031904093054443486,0.2144812978449982,0.0878961838081488,0.002907648752614704,0.16289348754144,4.011957055045812e-05,4.011957055045812e-05,0.4719949476524485
3570,0.013200094149995543,0.0007309839945007582,0.24570890571454054,0.06868444731203853,0.0031986439569534515,0.21503488786241687,0.08785057424635914,0.002915402378118947,0.16332786432038918,4.023226597335267e-05,4.023226597335267e-05,0.4733207761570902
3580,0.01318925649700618,0.00073282639550895,0.24632820017107562,0.06863603272202541,0.0032068744372556824,0.21558819746256686,0.08780497968250092,0.0029231534539748446,0.16376209826189606,4.034496139624721e-05,4.034496139624721e-05,0.47464660466173186
3590,0.013178425447642986,0.0007346676739006931,0.24694711727754387,0.06858764266692632,0.0032151007466225275,0.2161412266636993,0.08775940011862138,0.002930901979834367,0.16419618934646313,4.0457656819141755e-05,4.0457656819141755e-05,0.47597243316637355
3600,0.013167601001219584,0.0007365078297926712,0.24756565707316677,0.06853927714514427,0.0032233228853254755,0.21669397548406555,0.08771383555676775,0.002938647955349482,0.16463013755459283,4.05703522420363e-05,4.05703522420363e-05,0.47729826167101524
3610,0.013156783157049603,0.0007383468633015682,0.24818381959716576,0.06849093615508228,0.003231540853636014,0.2172464439419169,0.0876682859989873,0.0029463913801721607,0.16506394286678772,4.0683047664930844e-05,4.0683047664930844e-05,0.47862409017565694
3620,0.013145971914446662,0.0007401847745440681,0.24880160488876235,0.06844261969514336,0.003239754651825631,0.21779863205550457,0.08762275144732723,0.0029541322539543714,0.1654976052635502,4.0795743087825395e-05,4.0795743087825395e-05,0.47994991868029874
3630,0.013135167272724388,0.0007420215636368546,0.24941901298717797,0.06839432776373051,0.003247964280165814,0.2183505398430799,0.0875772319038348,0.0029618705763480835,0.16593112472538282,4.090843851071994e-05,4.090843851071994e-05,0.48127574718494043
3640,0.013124369231196406,0.0007438572306966117,0.25003604393163414,0.06834606035924677,0.00325616973892805,0.21890216732289408,0.08753172737055726,0.002969606347005266,0.166364501232788,4.102113393361448e-05,4.102113393361448e-05,0.4826015756895821
3650,0.013113577789176338,0.0007456917758400231,0.2506526977613523,0.06829781748009514,0.0032643710283838277,0.21945351451319847,0.08748623784954183,0.002977339565577889,0.1667977347662683,4.113382935650903e-05,4.113382935650903e-05,0.4839274041942238
3660,0.01310279294597781,0.000747525199183773,0.2512689745155539,0.06824959912467864,0.003272568148804635,0.22000458143224433,0.08744076334283576,0.0029850702317179207,0.16723082530632608,4.124652477940357e-05,4.124652477940357e-05,0.4852532326988655
3670,0.013092014700914445,0.0007493575008445448,0.25188487423346045,0.06820140529140026,0.0032807611004619587,0.2205553680982829,0.08739530385248628,0.002992798345077331,0.16766377283346393,4.135922020229812e-05,4.135922020229812e-05,0.4865790612035073
3680,0.01308124305329987,0.0007511886809390227,0.2525003969542933,0.06815323597866303,0.003288949883627287,0.22110587452956548,0.08734985938054066,0.003000523905308089,0.16809657732818428,4.1471915625192667e-05,4.1471915625192667e-05,0.487904889708149
3690,0.013070478002447707,0.0007530187395838905,0.2531155427172741,0.06810509118486996,0.003297134498572108,0.22165610074434336,0.08730442992904609,0.0030082469120621637,0.16852923877098955,4.158461104808721e-05,4.158461104808721e-05,0.4892307182127907
3700,0.013059719547671579,0.000754847676895832,0.2537303115616242,0.06805697090842408,0.0033053149455679084,0.22220604676086775,0.08725901550004986,0.0030159673649915253,0.16896175714238237,4.1697306470981755e-05,4.1697306470981755e-05,0.4905565467174324
3710,0.013048967688285115,0.0007566754929915312,0.25434470352656513,0.06800887514772838,0.003313491224886177,0.22275571259739002,0.08721361609559916,0.0030236852637481417,0.16939413242286508,4.18100018938763e-05,4.18100018938763e-05,0.49188237522207406
3720,0.013038222423601933,0.0007585021879876719,0.25495871865131825,0.06796080390118589,0.003321663336798401,0.22330509827216138,0.08716823171774128,0.003031400607983983,0.16982636459294023,4.192269731677084e-05,4.192269731677084e-05,0.49320820372671575
3730,0.013027483752935663,0.0007603277620009379,0.25557235697510516,0.0679127571671996,0.0033298312815760686,0.22385420380343315,0.08712286236852342,0.003039113397351019,0.17025845363311032,4.2035392739665394e-05,4.2035392739665394e-05,0.49453403223135756
3740,0.013016751675599927,0.0007621522151480131,0.2561856185371473,0.06786473494417256,0.0033379950594906666,0.22440302920945654,0.08707750804999284,0.0030468236315012174,0.1706903995238777,4.214808816255994e-05,4.214808816255994e-05,0.49585986073599925
3750,0.013006026190908349,0.0007639755475455814,0.256798503376666,0.06781673723050775,0.0033461546708136837,0.2249515745084829,0.08703216876419677,0.0030545313100865485,0.171122202245745,4.226078358545448e-05,4.226078358545448e-05,0.49718568924064094
3760,0.012995307298174552,0.0007657977593103268,0.2574110115328829,0.0677687640246082,0.0033543101158166073,0.22549983971876347,0.08698684451318246,0.003062236432758982,0.1715538617792147,4.237347900834903e-05,4.237347900834903e-05,0.49851151774528263
3770,0.012984594996712163,0.0007676188505589329,0.25802314304501944,0.06772081532487692,0.003362461394770925,0.22604782485854955,0.08694153529899715,0.0030699389991704863,0.17198537810478914,4.248617443124357e-05,4.248617443124357e-05,0.4998373462499243
3780,0.012973889285834804,0.0007694388214080837,0.25863489795229705,0.06767289112971693,0.0033706085079481243,0.22659552994609236,0.08689624112368806,0.0030776390089730307,0.17241675120297092,4.2598869854138115e-05,4.2598869854138115e-05,0.5011631747545661
3790,0.012963190164856102,0.0007712576719744632,0.2592462762939372,0.06762499143753123,0.003378751455619694,0.22714295499964327,0.08685096198930244,0.0030853364618185853,0.17284798105426247,4.2711565277032666e-05,4.2711565277032666e-05,0.5024890032592078
3800,0.01295249763308968,0.0007730754023747551,0.25985727810916137,0.06757711624672283,0.0033868902380571205,0.22769010003745344,0.08680569789788754,0.0030930313573591184,0.1732790676391663,4.2824260699927204e-05,4.2824260699927204e-05,0.5038148317638494
3810,0.012941811689849161,0.0007748920127256431,0.26046790343719095,0.06752926555569476,0.0033950248555318923,0.22823696507777425,0.08676044885149059,0.0031007236952465995,0.17371001093818486,4.2936956122821755e-05,4.2936956122821755e-05,0.5051406602684912
3820,0.012931132334448172,0.0007767075031438115,0.2610781523172475,0.06748143936285003,0.003403155308315497,0.2287835501388569,0.08671521485215883,0.003108413475132998,0.17414081093182063,4.30496515457163e-05,4.30496515457163e-05,0.5064664887731329
3830,0.012920459566200334,0.000778521873745944,0.2616880247885526,0.06743363766659165,0.0034112815966794224,0.22932985523895275,0.08666999590193951,0.0031161006966702836,0.1745714676005761,4.316234696861084e-05,4.316234696861084e-05,0.5077923172777746
3840,0.012909793384419273,0.0007803351246487242,0.26229752089032743,0.06738586046532262,0.0034194037208951557,0.22987588039631293,0.08662479200287986,0.003123785359510425,0.17500198092495378,4.3275042391505394e-05,4.3275042391505394e-05,0.5091181457824163
3850,0.012899133788418614,0.0007821472559688364,0.2629066406617937,0.06733810775744598,0.0034275216812341856,0.23042162562918891,0.0865796031570271,0.0031314674633053916,0.1754323508854561,4.338773781439993e-05,4.338773781439993e-05,0.510443974287058
3860,0.01288848077751198,0.0007839582678229641,0.2635153841421728,0.06729037954136473,0.0034356354779679988,0.23096709095583182,0.08653442936642852,0.0031391470077071527,0.17586257746258557,4.350043323729448e-05,4.350043323729448e-05,0.5117698027916997
3870,0.012877834351012996,0.0007857681603277912,0.2641237513706861,0.06724267581548186,0.003443745111368084,0.23151227639449298,0.0864892706331313,0.003146823992367677,0.17629266063684468,4.361312866018903e-05,4.361312866018903e-05,0.5130956312963415
3880,0.012867194508235286,0.0007875769336000019,0.2647317423865552,0.06719499657820044,0.003451850581705928,0.2320571819634237,0.08644412695918274,0.003154498416938935,0.17672260038873588,4.372582408308357e-05,4.372582408308357e-05,0.5144214598009832
3890,0.012856561248492476,0.0007893845877562798,0.2653393572290016,0.06714734182792342,0.003459951889253019,0.23260180768087518,0.08639899834663003,0.003162170281072895,0.17715239669876165,4.3838519505978115e-05,4.3838519505978115e-05,0.5157472883056249
3900,0.012845934571098186,0.0007911911229133089,0.2659465959372466,0.06709971156305386,0.003468049034280845,0.2331461535650988,0.08635388479752043,0.0031698395844215266,0.17758204954742446,4.395121492887266e-05,4.395121492887266e-05,0.5170731168102666
3910,0.012835314475366046,0.0007929965391877729,0.2665534585505119,0.06705210578199476,0.0034761420170608933,0.23369021963434575,0.08630878631390118,0.003177506326636799,0.17801155891522683,4.4063910351767203e-05,4.4063910351767203e-05,0.5183989453149083
3920,0.012824700960609677,0.0007948008366963558,0.2671599451080187,0.06700452448314911,0.003484230837864652,0.23423400590686733,0.08626370289781952,0.0031851705073706812,0.17844092478267123,4.417660577466175e-05,4.417660577466175e-05,0.51972477381955
3930,0.0128140940261427,0.0007966040155557414,0.26776605564898864,0.06695696766491996,0.0034923154969636085,0.23477751240091482,0.08621863455132268,0.003192832126275143,0.17887014713026014,4.42893011975563e-05,4.42893011975563e-05,0.5210506023241918
3940,0.012803493671278747,0.0007984060758826137,0.26837179021264324,0.06690943532571031,0.0035003959946292504,0.2353207391347395,0.08617358127645793,0.0032004911830021535,0.179299225938496,4.440199662045084e-05,4.440199662045084e-05,0.5223764308288334
3950,0.012792899895331437,0.0008002070177936564,0.2689771488382038,0.06686192746392315,0.0035084723311330657,0.23586368612659264,0.08612854307527246,0.0032081476772036818,0.17972816118788132,4.451469204334539e-05,4.451469204334539e-05,0.5237022593334751
3960,0.012782312697614396,0.0008020068414055534,0.26958213156489186,0.06681444407796153,0.0035165445067465422,0.2364063533947255,0.08608351994981354,0.0032158016085316967,0.18015695285891858,4.462738746623994e-05,4.462738746623994e-05,0.5250280878381168
3970,0.012771732077441247,0.0008038055468349886,0.2701867384319289,0.06676698516622843,0.0035246125217411675,0.23694874095738938,0.08603851190212843,0.0032234529766381687,0.1805856009321103,4.4740082889134475e-05,4.4740082889134475e-05,0.5263539163427585
3980,0.012761158034125615,0.0008056031341986459,0.2707909694785364,0.0667195507271269,0.0035326763763884298,0.23749084883283558,0.08599351893426432,0.0032311017811750657,0.18101410538795887,4.4852778312029026e-05,4.4852778312029026e-05,0.5276797448474003
3990,0.012750590566981126,0.0008073996036132091,0.2713948247439358,0.06667214075905992,0.003540736070959816,0.23803267703931533,0.08594854104826848,0.0032387480217943585,0.18144246620696686,4.496547373492357e-05,4.496547373492357e-05,0.529005573352042
4000,0.012740029675321403,0.0008091949551953622,0.2719983042673486,0.06662475526043052,0.003548791605726814,0.2385742255950799,0.08590357824618815,0.0032463916981480146,0.18187068336963666,4.5078169157818115e-05,4.5078169157818115e-05,0.5303314018566837
4010,0.01272947535846007,0.0008109891890617889,0.27260140808799627,0.0665773942296417,0.0035568429809609125,0.23911549451838066,0.08585863053007056,0.0032540328098880048,0.18229875685647084,4.519086458071266e-05,4.519086458071266e-05,0.5316572303613254
4020,0.01271892761571075,0.0008127823053291733,0.2732041362451002,0.0665300576650965,0.003564890196933598,0.23965648382746876,0.08581369790196296,0.0032616713566662975,0.18272668664797184,4.53035600036072e-05,4.53035600036072e-05,0.5329830588659671
4030,0.012708386446387068,0.000814574304114199,0.273806488777882,0.0664827455651979,0.003572933253916359,0.24019719354059552,0.08576878036391258,0.003269307338134862,0.18315447272464214,4.541625542650175e-05,4.541625542650175e-05,0.5343088873706088
4040,0.012697851849802651,0.00081636518553355,0.274408465725563,0.06643545792834893,0.003580972152180683,0.24073762367601226,0.08572387791796666,0.003276940753945668,0.18358211506698421,4.552895084939629e-05,4.552895084939629e-05,0.5356347158752505
4050,0.012687323825271121,0.0008181549497039101,0.2750100671273647,0.06638819475295261,0.0035890068919980575,0.24127777425197022,0.08567899056617245,0.003284571603750684,0.1840096136555005,4.564164627229084e-05,4.564164627229084e-05,0.5369605443798923
4060,0.012676802372106102,0.0008199435967419633,0.27561129302250864,0.06634095603741196,0.0035970374736399705,0.24181764528672067,0.08563411831057718,0.0032921998872018797,0.18443696847069355,4.575434169518539e-05,4.575434169518539e-05,0.538286372884534
4070,0.012666287489621219,0.0008217311267643934,0.2762121434502162,0.06629374178012995,0.0036050638973779093,0.2423572367985149,0.0855892611532281,0.003299825603951225,0.18486417949306583,4.586703711807993e-05,4.586703711807993e-05,0.5396122013891756
4080,0.012655779177130096,0.0008235175398878842,0.276812618449709,0.06624655197950964,0.0036130861634833624,0.24289654880560416,0.08554441909617243,0.0033074487536506885,0.1852912467031198,4.5979732540974475e-05,4.5979732540974475e-05,0.5409380298938173
4090,0.012645277433946358,0.0008253028362291197,0.2774127180602083,0.06619938663395403,0.003621104272227817,0.24343558132623977,0.08549959214145741,0.0033150693359522395,0.18571817008135796,4.609242796386902e-05,4.609242796386902e-05,0.542263858398459
4100,0.012634782259383628,0.0008270870159047838,0.2780124423209357,0.06615224574186612,0.0036291182238827615,0.243974334378673,0.08545478029113031,0.003322687350507847,0.18614494960828276,4.620512338676357e-05,4.620512338676357e-05,0.5435896869031008
4110,0.012624293652755532,0.0008288700790315602,0.27861179127111263,0.06610512930164894,0.003637128018719683,0.2445128079811551,0.08540998354723835,0.003330302796969481,0.1865715852643967,4.6317818809658115e-05,4.6317818809658115e-05,0.5449155154077425
4120,0.012613811613375693,0.0008306520257261327,0.27921076494996055,0.0660580373117055,0.0036451336570100684,0.2450510021519373,0.08536520191182877,0.0033379156749891105,0.18699807703020227,4.643051423255266e-05,4.643051423255266e-05,0.5462413439123842
4130,0.012603336140557737,0.0008324328561051854,0.2798093633967009,0.0660109697704388,0.003653135139025407,0.245588916909271,0.08532043538694879,0.003345525984218704,0.18742442488620192,4.65432096554472e-05,4.65432096554472e-05,0.5475671724170259
4140,0.012592867233615286,0.000834212570285402,0.28040758665055526,0.06596392667625185,0.0036611324650371864,0.24612655227140745,0.08527568397464569,0.003353133724310232,0.18785062881289813,4.665590507834175e-05,4.665590507834175e-05,0.5488930009216676
4150,0.012582404891861965,0.0008359911683834665,0.281005434750745,0.0659169080275477,0.003669125635316893,0.2466639082565978,0.08523094767696669,0.0033607388949156627,0.18827668879079343,4.676860050123629e-05,4.676860050123629e-05,0.5502188294263093
4160,0.0125719491146114,0.0008377686505160627,0.28160290773649166,0.06586991382272933,0.0036771146501360158,0.24720098488309347,0.08518622649595903,0.0033683414956869663,0.18870260480039028,4.6881295924130836e-05,4.6881295924130836e-05,0.551544657930951
4170,0.012561499901177213,0.0008395450167998746,0.28220000564701664,0.06582294406019977,0.0036850995097660417,0.24773778216914563,0.08514152043366993,0.0033759415262761116,0.18912837682219114,4.699399134702539e-05,4.699399134702539e-05,0.5528704864355928
4180,0.012551057250873028,0.0008413202673515858,0.2827967285215414,0.06577599873836201,0.003693080214478459,0.2482743001330056,0.08509682949214667,0.003383538986335067,0.18955400483669843,4.710668676991993e-05,4.710668676991993e-05,0.5541963149402345
4190,0.012540621163012472,0.0008430944022878803,0.28339307639928746,0.0657290778556191,0.003701056764544756,0.24881053879292472,0.08505215367343645,0.0033911338755158033,0.18997948882441476,4.7219382192814475e-05,4.7219382192814475e-05,0.5555221434448762
4200,0.012530191636909167,0.0008448674217254421,0.2839890493194763,0.06568218141037402,0.0037090291602364187,0.24934649816715415,0.08500749297958654,0.003398726193470289,0.19040482876584255,4.733207761570902e-05,4.733207761570902e-05,0.5568479719495179
4210,0.012519768671876739,0.0008466393257809549,0.2845846473213294,0.0656353094010298,0.0037169974018249363,0.24988217827394527,0.08496284741264416,0.0034063159398504935,0.19083002464148424,4.7444773038603563e-05,4.7444773038603563e-05,0.5581738004541595
4220,0.012509352267228812,0.0008484101145711026,0.28517987044406806,0.06558846182598944,0.003724961489581796,0.2504175791315493,0.08491821697465655,0.003413903114308386,0.19125507643184236,4.7557468461498114e-05,4.7557468461498114e-05,0.5594996289588013
4230,0.01249894242227901,0.0008501797882125692,0.28577471872691396,0.06554163868365598,0.0037329214237784855,0.25095270075821746,0.08487360166767097,0.0034214877164959355,0.19167998411741935,4.767016388439266e-05,4.767016388439266e-05,0.560825457463443
4240,0.012488539136340954,0.0008519483468220383,0.28636919220908846,0.06549483997243241,0.0037408772046864927,0.2514875431722011,0.08482900149373464,0.0034290697460651115,0.19210474767871774,4.77828593072872e-05,4.77828593072872e-05,0.5621512859680847
4250,0.012478142408728275,0.0008537157905161941,0.2869632909298131,0.06544806569072174,0.0037488288325773058,0.2520221063917516,0.0847844164548948,0.0034366492026678833,0.19252936709623994,4.789555473018175e-05,4.789555473018175e-05,0.5634771144727264
4260,0.012467752238754591,0.0008554821194117202,0.28755701492830926,0.065401315836927,0.0037567763077224112,0.25255639043512007,0.0847398465531987,0.0034442260859562203,0.1929538423504885,4.800825015307629e-05,4.800825015307629e-05,0.5648029429773681
4270,0.012457368625733531,0.0008572473336253005,0.2881503642437984,0.0653545904094512,0.0037647196303932976,0.25309039532055777,0.08469529179069359,0.003451800395582092,0.19337817342196595,4.8120945575970835e-05,4.8120945575970835e-05,0.5661287714820098
4280,0.012446991568978716,0.000859011433273619,0.2887433389155022,0.06530788940669735,0.0037726588008614526,0.2536241210663161,0.08465075216942666,0.0034593721311974666,0.19380236029117462,4.823364099886538e-05,4.823364099886538e-05,0.5674545999866515
4290,0.012436621067803771,0.0008607744184733596,0.28933593898264187,0.06526121282706845,0.003780593819398364,0.2541575676906463,0.08460622769144521,0.0034669412924543145,0.19422640293861707,4.834633642175993e-05,4.834633642175993e-05,0.5687804284912933
4300,0.012426257121522321,0.0008625362893412058,0.2899281644844389,0.06521456066896754,0.0037885246862755196,0.2546907352117996,0.08456171835879644,0.0034745078790046043,0.19465030134479575,4.8459031844654475e-05,4.8459031844654475e-05,0.570106256995935
4310,0.012415899729447991,0.0008642970459938421,0.29052001546011497,0.06516793293079762,0.0037964514017644066,0.2552236236480273,0.08451722417352761,0.0034820718905003057,0.19507405549021323,4.857172726754902e-05,4.857172726754902e-05,0.5714320855005767
4320,0.012405548890894404,0.0008660566885479519,0.29111149194889135,0.0651213296109617,0.0038043739661365135,0.2557562330175807,0.08447274513768596,0.0034896333265933875,0.19549766535537186,4.868442269044356e-05,4.868442269044356e-05,0.5727579140052184
4330,0.012395204605175186,0.000867815217120219,0.2917025939899896,0.0650747507078628,0.003812292379663327,0.25628856333871103,0.08442828125331871,0.003497192186935819,0.19592113092077418,4.879711811333811e-05,4.879711811333811e-05,0.57408374250986
4340,0.012384866871603959,0.0008695726318273276,0.2922933216226311,0.06502819621990391,0.0038202066426163356,0.2568206146296696,0.08438383252247311,0.0035047484711795704,0.1963444521669227,4.890981353623266e-05,4.890981353623266e-05,0.5754095710145019
4350,0.012374535689494348,0.0008713289327859615,0.29288367488603745,0.06498166614548809,0.0038281167552670276,0.2573523869087077,0.08433939894719641,0.0035123021789766097,0.19676762907431988,4.9022508959127196e-05,4.9022508959127196e-05,0.5767353995191434
4360,0.012364211058159979,0.0008730841201128044,0.29347365381943,0.06493516048301831,0.0038360227178868894,0.25788388019407654,0.08429498052953584,0.003519853309978907,0.19719066162346818,4.913520438202175e-05,4.913520438202175e-05,0.5780612280237852
4370,0.012353892976914473,0.0008748381939245401,0.2940632584620303,0.0648886792308976,0.00384392453074741,0.2584150945040275,0.08425057727153865,0.0035274018638384312,0.19761354979487009,4.924789980491629e-05,4.924789980491629e-05,0.5793870565284269
4380,0.012343581445071458,0.0008765911543378527,0.2946524888530597,0.06484222238752897,0.0038518221941200755,0.25894602985681175,0.08420618917525205,0.0035349478402071518,0.1980362935690281,4.9360595227810835e-05,4.9360595227810835e-05,0.5807128850330686
4390,0.012333276461944556,0.0008783430014694261,0.2952413450317398,0.06479578995131545,0.0038597157082763747,0.2594766862706806,0.08416181624272331,0.003542491238737037,0.19845889292644467,4.947329065070538e-05,4.947329065070538e-05,0.5820387135377103
4400,0.012322978026847392,0.000880093735435944,0.2958298270372921,0.06474938192066003,0.0038676050734877962,0.26000706376388544,0.08411745847599966,0.0035500320590800584,0.19888134784762232,4.9585986073599924e-05,4.9585986073599924e-05,0.583364542042352
4410,0.01231268613909359,0.0008818433563540903,0.2964179349089379,0.06470299829396574,0.003875490290025826,0.26053716235467733,0.08407311587712833,0.0035575703008881828,0.19930365831306346,4.9698681496494475e-05,4.9698681496494475e-05,0.5846903705469938
4420,0.012302400797996774,0.000883591864340549,0.2970056686858988,0.06465663906963558,0.0038833713581619533,0.26106698206130774,0.08402878844815659,0.0035651059638133805,0.1997258243032706,4.981137691938901e-05,4.981137691938901e-05,0.5860161990516354
4430,0.01229212200287057,0.0008853392595120038,0.2975930284073962,0.06461030424607257,0.003891248278167664,0.26159652290202784,0.08398447619113164,0.0035726390475076214,0.2001478457987463,4.992407234228356e-05,4.992407234228356e-05,0.5873420275562772
4440,0.0122818497530286,0.0008870855419851386,0.29818001411265166,0.06456399382167972,0.003899121050314448,0.26212578489508886,0.08394017910810074,0.003580169551622874,0.20056972277999294,5.003676776517811e-05,5.003676776517811e-05,0.5886678560609189
4450,0.01227158404778449,0.0008888307118766372,0.2987666258408864,0.06451770779486006,0.003906989674873792,0.26265476805874227,0.08389589720111114,0.003587697475811107,0.200991455227513,5.014946318807265e-05,5.014946318807265e-05,0.5899936845655606
4460,0.012261324886451864,0.0008905747693031838,0.29935286363132224,0.06447144616401658,0.003914854152117183,0.2631834724112391,0.08385163047221006,0.003595222819724291,0.20141304312180902,5.0262158610967196e-05,5.0262158610967196e-05,0.5913195130702023
4470,0.012251072268344345,0.0008923177143814621,0.2999387275231805,0.0644252089275523,0.0039227144823161105,0.26371189797083094,0.08380737892344474,0.0036027455830143947,0.20183448644338345,5.037485403386174e-05,5.037485403386174e-05,0.5926453415748439
4480,0.01224082619277556,0.0008940595472281556,0.30052421755568254,0.06437899608387024,0.00393057066574206,0.2642400447557687,0.08376314255686243,0.0036102657653333866,0.20225578517273876,5.048754945675629e-05,5.048754945675629e-05,0.5939711700794857
4490,0.012230586659059128,0.0008958002679599487,0.30110933376805,0.06433280763137342,0.003938422702666521,0.2647679127843039,0.08371892137451037,0.0036177833663332375,0.20267693929037744,5.060024487965083e-05,5.060024487965083e-05,0.5952969985841273
4500,0.01222035366650868,0.000897539876693525,0.30169407619950417,0.06428664356846482,0.003946270593360982,0.26529550207468783,0.0836747153784358,0.003625298385665915,0.20309794877680196,5.071294030254538e-05,5.071294030254538e-05,0.5966228270887691
4510,0.012210127214437837,0.0008992783735455684,0.3022784448892667,0.06424050389354749,0.003954114338096928,0.26582281264517155,0.08363052457068594,0.00363281082298339,0.20351881361251484,5.082563572543993e-05,5.082563572543993e-05,0.5979486555934109
4520,0.012199907302160223,0.0009010157586327627,0.30286243987655886,0.06419438860502444,0.003961953937145848,0.2663498445140065,0.08358634895330806,0.0036403206779376304,0.20393953377801852,5.093833114833447e-05,5.093833114833447e-05,0.5992744840980525
4530,0.012189693928989463,0.000902752032071792,0.3034460612006023,0.06414829770129865,0.00396978939077923,0.266876597699444,0.08354218852834938,0.0036478279501806054,0.20436010925381545,5.105102657122902e-05,5.105102657122902e-05,0.6006003126026943
4540,0.01217948709423918,0.00090448719397934,0.30402930890061847,0.06410223118077317,0.003977620699268563,0.26740307221973525,0.08349804329785714,0.003655332639364286,0.20478054002040819,5.116372199412356e-05,5.116372199412356e-05,0.601926141107336
4550,0.012169286797223,0.0009062212444720905,0.3046121830158287,0.06405618904185101,0.003985447862885331,0.2679292680931315,0.08345391326387859,0.00366283474514064,0.20520082605829917,5.127641741701811e-05,5.127641741701811e-05,0.6032519696119777
4560,0.012159093037254548,0.0009079541836667275,0.3051946835854546,0.06401017128293515,0.0039932708819010255,0.26845518533788404,0.08340979842846097,0.0036703342671616365,0.20562096734799085,5.1389112839912644e-05,5.1389112839912644e-05,0.6045777981166193
4570,0.012148905813647446,0.0009096860116799348,0.3057768106487176,0.06396417790242864,0.0040010897565871326,0.2689808239722442,0.0833656987936515,0.003677831205079246,0.20604096386998577,5.1501808262807195e-05,5.1501808262807195e-05,0.6059036266212611
4580,0.01213872512571532,0.0009114167286283963,0.3063585642448391,0.06391820889873448,0.00400890448721514,0.26950618401446313,0.08332161436149743,0.003685325558545436,0.20646081560478632,5.161450368570174e-05,5.161450368570174e-05,0.6072294551259028
4590,0.012128550972771792,0.0009131463346287959,0.3069399444130406,0.06387226427025568,0.004016715074056536,0.27003126548279227,0.08327754513404602,0.0036928173272121785,0.20688052253289516,5.1727199108596284e-05,5.1727199108596284e-05,0.6085552836305445
4600,0.012118383354130489,0.0009148748297978175,0.30752095119254363,0.06382634401539525,0.004024521517382808,0.27055606839548285,0.08323349111334448,0.0037003065107314393,0.20730008463481453,5.1839894531490835e-05,5.1839894531490835e-05,0.6098811121351863
4610,0.012108222269105035,0.0009166022142521448,0.30810158462256965,0.06378044813255622,0.004032323817465443,0.27108059277078606,0.08318945230144006,0.0037077931087551906,0.2077195018910471,5.195258995438537e-05,5.195258995438537e-05,0.6112069406398278
4620,0.012098067717009052,0.0009183284881084618,0.30868184474234006,0.06373457662014159,0.004040121974575931,0.27160483862695334,0.08314542870038,0.0037152771209354,0.20813877428209526,5.206528537727992e-05,5.206528537727992e-05,0.6125327691444696
4630,0.012087919697156167,0.0009200536514834524,0.3092617315910764,0.06368872947655438,0.004047915988985758,0.2721288059822358,0.08310142031221154,0.0037227585469240374,0.20855790178846148,5.2177980800174474e-05,5.2177980800174474e-05,0.6138585976491114
4640,0.012077778208860003,0.0009217777044938002,0.30984124520800005,0.0636429067001976,0.004055705860966411,0.27265249485488474,0.08305742713898193,0.0037302373863730715,0.20897688439064827,5.229067622306901e-05,5.229067622306901e-05,0.615184426153753
4650,0.012067643251434184,0.0009235006472561895,0.3104203856323326,0.06359710828947425,0.004063491590789378,0.27317590526315144,0.0830134491827384,0.0037377136389344723,0.20939572206915813,5.240337164596356e-05,5.240337164596356e-05,0.6165102546583948
4660,0.012057514824192334,0.0009252224798873038,0.3109991529032954,0.06355133424278737,0.004071273178726149,0.27369903722528727,0.08296948644552818,0.0037451873042602087,0.20981441480449348,5.251606706885811e-05,5.251606706885811e-05,0.6178360831630365
4670,0.012047392926448078,0.0009269432025038272,0.31157754706011,0.06350558455853995,0.004079050625048209,0.27422189075954345,0.08292553892939852,0.00375265838200225,0.21023296257715687,5.262876249175265e-05,5.262876249175265e-05,0.6191619116676782
4680,0.012037277557515042,0.0009286628152224434,0.31215556814199774,0.06345985923513503,0.004086823930027048,0.27474446588417123,0.08288160663639667,0.0037601268718125656,0.21065136536765075,5.274145791464719e-05,5.274145791464719e-05,0.6204877401723198
4690,0.012027168716706848,0.0009303813181598365,0.3127332161881803,0.06341415827097559,0.004094593093934152,0.27526676261742195,0.08283768956856985,0.003767592773343125,0.2110696231564776,5.285415333754174e-05,5.285415333754174e-05,0.6218135686769616
4700,0.01201706640333712,0.00093209871143269,0.31331049123787896,0.06336848166446467,0.004102358117041009,0.27578878097754683,0.08279378772796532,0.0037750560862458964,0.21148773592413986,5.2966848760436284e-05,5.2966848760436284e-05,0.6231393971816033
4710,0.012006970616719485,0.0009338149951576883,0.3138873933303154,0.06332282941400526,0.004110118999619107,0.27631052098279707,0.08274990111663029,0.0037825168101728503,0.2119057036511401,5.307954418333083e-05,5.307954418333083e-05,0.624465225686245
4720,0.011996881356167563,0.0009355301694515147,0.31446392250471084,0.0632772015180004,0.004117875741939935,0.2768319826514241,0.08270602973661204,0.003789974944775955,0.21232352631798068,5.319223960622538e-05,5.319223960622538e-05,0.6257910541908868
4730,0.011986798620994984,0.0009372442344308535,0.3150400788002869,0.06323159797485307,0.004125628344274979,0.27735316600167925,0.08266217358995777,0.0037974304897071807,0.21274120390516418,5.3304935029119916e-05,5.3304935029119916e-05,0.6271168826955283
4740,0.011976722410515367,0.0009389571902123882,0.3156158622562649,0.06318601878296633,0.004133376806895727,0.2778740710518135,0.08261833267871474,0.003804883444618496,0.21315873639319305,5.341763045201447e-05,5.341763045201447e-05,0.6284427112001701
4750,0.01196665272404234,0.000940669036912803,0.31619127291186655,0.06314046394074314,0.0041411211300736665,0.27839469782007836,0.08257450700493017,0.0038123338091618705,0.2135761237625698,5.353032587490901e-05,5.353032587490901e-05,0.6297685397048118
4760,0.011956589560889524,0.0009423797746487815,0.31676631080631307,0.06309493344658657,0.004148861314080286,0.2789150463247251,0.08253069657065135,0.0038197815829892723,0.21399336599379676,5.3643021297803556e-05,5.3643021297803556e-05,0.6310943682094535
4770,0.011946532920370546,0.0009440894035370079,0.31734097597882616,0.06304942729889958,0.004156597359187074,0.2794351165840049,0.08248690137792546,0.0038272267657526726,0.2144104630673766,5.3755716720698107e-05,5.3755716720698107e-05,0.6324201967140953
4780,0.011936482801799028,0.0009457979236941658,0.31791526846862717,0.0630039454960852,0.004164329265665516,0.2799549086161691,0.08244312142879977,0.0038346693571040397,0.21482741496381175,5.386841214359265e-05,5.386841214359265e-05,0.633746025218737
4790,0.011926439204488597,0.0009475053352369391,0.31848918831493744,0.06295848803654648,0.0041720570337871014,0.28047442243946896,0.08239935672532152,0.0038421093566953423,0.21524422166360463,5.398110756648719e-05,5.398110756648719e-05,0.6350718537233786
4800,0.011916402127752876,0.0009492116382820117,0.31906273555697867,0.06291305491868637,0.004179780663823317,0.2809936580721557,0.08235560726953794,0.003849546764178551,0.21566088314725776,5.409380298938173e-05,5.409380298938173e-05,0.6363976822280203
4810,0.011906371570905488,0.0009509168329460674,0.3196359102339722,0.06286764614090794,0.0041875001560456515,0.28151261553248075,0.08231187306349627,0.0038569815792056338,0.21607739939527362,5.4206498412276283e-05,5.4206498412276283e-05,0.6377235107326621
4820,0.011896347533260061,0.0009526209193457902,0.32020871238513954,0.06282226170161417,0.004195215510725592,0.28203129483869527,0.08226815410924376,0.0038644138014285604,0.21649377038815465,5.431919383517083e-05,5.431919383517083e-05,0.6390493392373038
4830,0.011886330014130215,0.0009543238975978641,0.3207811420497022,0.0627769015992081,0.0042029267281346264,0.28254969600905044,0.08222445040882764,0.0038718434304993,0.21690999610640335,5.443188925806537e-05,5.443188925806537e-05,0.6403751677419455
4840,0.011876319012829577,0.0009560257678189726,0.32135319926688155,0.0627315658320927,0.004210633808544243,0.2830678190617978,0.08218076196429516,0.0038792704660698227,0.2173260765305223,5.454458468095992e-05,5.454458468095992e-05,0.6417009962465873
4850,0.011866314528671769,0.0009577265301257997,0.32192488407589903,0.06268625439867102,0.004218336752225928,0.28358566401518837,0.08213708877769355,0.0038866949077920967,0.2177420116410138,5.465728010385447e-05,5.465728010385447e-05,0.643026824751229
4860,0.011856316560970418,0.0009594261846350295,0.3224961965159763,0.06264096729734607,0.004226035559451171,0.28410323088747363,0.08209343085107004,0.0038941167553180915,0.21815780141838048,5.476997552674901e-05,5.476997552674901e-05,0.6443526532558707
4870,0.011846325109039147,0.0009611247314633455,0.3230671366263346,0.06259570452652084,0.004233730230491457,0.28462051969690466,0.0820497881864719,0.0039015360082997773,0.2185734458431248,5.4882670949643555e-05,5.4882670949643555e-05,0.6456784817605123
4880,0.011836340172191581,0.0009628221707274319,0.3236377044461956,0.06255046608459838,0.004241420765618277,0.28513753046173285,0.08200616078594634,0.003908952666389122,0.21898894489574913,5.49953663725381e-05,5.49953663725381e-05,0.647004310265154
4890,0.011826361749741342,0.0009645185025439723,0.32420790001478056,0.06250525196998168,0.004249107165103117,0.2856542632002095,0.08196254865154062,0.0039163667292380945,0.219404298556756,5.510806179543265e-05,5.510806179543265e-05,0.6483301387697958
4900,0.011816389841002058,0.0009662137270296507,0.3247777233713111,0.06246006218107374,0.004256789429217466,0.2861707179305859,0.08191895178530197,0.0039237781964986665,0.219819506806648,5.522075721832719e-05,5.522075721832719e-05,0.6496559672744374
4910,0.01180642444528735,0.0009679078443011512,0.3253471745550088,0.062414896716277604,0.004264467558232809,0.2866868946711132,0.08187537018927761,0.003931187067822806,0.2202345696259275,5.533345264122174e-05,5.533345264122174e-05,0.6509817957790792
4920,0.011796465561910843,0.0009696008544751572,0.32591625360509485,0.06236975557399627,0.004272141552420635,0.2872027934400427,0.08183180386551482,0.00393859334286248,0.22064948699509696,5.5446148064116276e-05,5.5446148064116276e-05,0.6523076242837208
4930,0.011786513190186164,0.0009712927576683529,0.32648496056079085,0.06232463875263275,0.004279811412052434,0.2877184142556258,0.08178825281606082,0.003945997021269661,0.22106425889465892,5.555884348701083e-05,5.555884348701083e-05,0.6536334527883626
4940,0.011776567329426934,0.0009729835539974219,0.3270532954613183,0.06227954625059006,0.004287477137399692,0.2882337571361137,0.08174471704296284,0.003953398102696317,0.2214788853051158,5.567153890990537e-05,5.567153890990537e-05,0.6549592812930043
4950,0.011766627978946778,0.0009746732435790484,0.3276212583458986,0.062234478066271214,0.004295138728733896,0.28874882209975766,0.08170119654826813,0.003960796586794418,0.2218933662069702,5.5784234332799916e-05,5.5784234332799916e-05,0.656285109797646
4960,0.011756695138059322,0.000976361826529916,0.32818884925375325,0.06218943419807922,0.004302796186326533,0.2892636091648089,0.08165769133402394,0.0039681924732159314,0.22230770158072444,5.589692975569447e-05,5.589692975569447e-05,0.6576109383022878
4970,0.011746768806078188,0.0009780493029667087,0.3287560682241037,0.062144414644417105,0.0043104495104490945,0.28977811834951894,0.08161420140227749,0.003975585761612829,0.22272189140688115,5.600962517858901e-05,5.600962517858901e-05,0.6589367668069295
4980,0.011736848982317001,0.0009797356730061103,0.3293229152961715,0.062099419403687864,0.004318098701373065,0.2902923496721388,0.08157072675507601,0.003982976451637078,0.22313593566594275,5.6122320601483555e-05,5.6122320601483555e-05,0.6602625953115712
4990,0.011726935666089386,0.0009814209367648048,0.3298893905091781,0.062054448474294525,0.004325743759369932,0.29080630315091976,0.08152726739446678,0.003990364542940647,0.2235498343384116,5.62350160243781e-05,5.62350160243781e-05,0.6615884238162129
5000,0.011717028856708967,0.0009831050943594761,0.3304554939023449,0.062009501854640096,0.004333384684711185,0.29131997880411326,0.08148382332249701,0.003997750035175509,0.22396358740479042,5.6347711447272644e-05,5.6347711447272644e-05,0.6629142523208545
5010,0.01170712855348937,0.0009847881459068078,0.3310212255148933,0.06196457954312759,0.004341021477668312,0.2918333766499705,0.08144039454121395,0.004005132927993629,0.22437719484558144,5.6460406870167195e-05,5.6460406870167195e-05,0.6642400808254963
5020,0.011697234755744216,0.000986470091523484,0.331586585386045,0.06191968153816002,0.004348654138512799,0.29234649670674273,0.08139698105266482,0.004012513221046979,0.2247906566412873,5.657310229306173e-05,5.657310229306173e-05,0.6655659093301379
5030,0.01168734746278713,0.0009881509313261884,0.3321515735550213,0.061874807838140394,0.004356282667516134,0.2928593389926812,0.08135358285889689,0.004019890913987528,0.22520397277241055,5.668579771595628e-05,5.668579771595628e-05,0.6668917378347797
5040,0.01167746667393174,0.000989830665431605,0.33271619006104364,0.06182995844147174,0.004363907064949806,0.2933719035260373,0.08131019996195739,0.004027266006467244,0.22561714321945342,5.679849313885082e-05,5.679849313885082e-05,0.6682175663394214
5050,0.011667592388491663,0.0009915092939564176,0.3332804349433336,0.06178513334655706,0.004371527331085302,0.29388419032506224,0.08126683236389355,0.004034638498138097,0.22603016796291858,5.691118856174537e-05,5.691118856174537e-05,0.6695433948440631
5060,0.011657724605780531,0.0009931868170173102,0.3338443082411126,0.061740332551799365,0.00437914346619411,0.2943961994080073,0.0812234800667526,0.004042008388652056,0.2264430469833085,5.7023883984639916e-05,5.7023883984639916e-05,0.6708692233487048
5070,0.011647863325111966,0.0009948632347309663,0.3344078099936021,0.06169555605560168,0.004386755470547716,0.2949079307931238,0.08118014307258181,0.004049375677661091,0.22685578026112557,5.713657940753446e-05,5.713657940753446e-05,0.6721950518533465
5080,0.01163800854579959,0.0009965385472140702,0.3349709402400236,0.06165080385636701,0.00439436334441761,0.2954193844986628,0.08113682138342841,0.004056740364817171,0.22726836777687232,5.724927483042901e-05,5.724927483042901e-05,0.6735208803579883
5090,0.01162816026715703,0.0009982127545833056,0.33553369901959845,0.06160607595249837,0.004401967088075279,0.2959305605428759,0.08109351500133961,0.0040641024497722646,0.22768080951105127,5.736197025332355e-05,5.736197025332355e-05,0.67484670886263
5100,0.011618318488497908,0.0009998858569553563,0.3360960863715483,0.061561372342398765,0.004409566701792211,0.2964414589440142,0.0810502239283627,0.004071461932178342,0.22809310544416478,5.74746656762181e-05,5.74746656762181e-05,0.6761725373672717
5110,0.011608483209135849,0.0010015578544469064,0.3366581023350945,0.06151669302447123,0.0044171621858398935,0.29695207972032894,0.08100694816654488,0.0040788188116873715,0.2285052555567155,5.758736109911264e-05,5.758736109911264e-05,0.6774983658719134
5120,0.011598654428384477,0.0010032287471746393,0.33721974694945855,0.061472037997118756,0.0044247535404898135,0.29746242289007147,0.0809636877179334,0.004086173087951323,0.22891725982920574,5.770005652200719e-05,5.770005652200719e-05,0.6788241943765551
5130,0.011588832145557419,0.0010048985352552396,0.33778102025386203,0.06142740725874437,0.004432340766013459,0.297972488471493,0.08092044258457551,0.0040935247606221645,0.22932911824213806,5.7812751944901725e-05,5.7812751944901725e-05,0.6801500228811967
5140,0.011579016359968296,0.0010065672188053904,0.33834192228752613,0.061382800807751076,0.004439923862682319,0.2984822764828449,0.08087721276851843,0.004100873829351868,0.22974083077601504,5.7925447367796276e-05,5.7925447367796276e-05,0.6814758513858384
5150,0.011569207070930733,0.001008234797941776,0.33890245308967254,0.061338218642541895,0.00444750283076788,0.29899178694237843,0.08083399827180941,0.0041082202937924,0.23015239741133897,5.803814279069083e-05,5.803814279069083e-05,0.6828016798904802
5160,0.011559404277758355,0.0010099012727810802,0.3394626126995227,0.06129366076151983,0.00445507767054163,0.2995010198683448,0.0807907990964957,0.004115564153595731,0.23056381812861237,5.8150838213585364e-05,5.8150838213585364e-05,0.6841275083951219
5170,0.011549607979764787,0.0010115666434399868,0.34002240115629806,0.06124912716308791,0.004462648382275057,0.30000997527899537,0.08074761524462452,0.00412290540841383,0.23097509290833781,5.8263533636479915e-05,5.8263533636479915e-05,0.6854533368997636
5180,0.011539818176263652,0.0010132309100351798,0.3405818184992201,0.061204617845649144,0.0044702149662396475,0.3005186531925813,0.08070444671824313,0.0041302440578986676,0.2313862217310178,5.837622905937446e-05,5.837622905937446e-05,0.6867791654044053
5190,0.011530034866568574,0.001014894072683343,0.34114086476751027,0.06116013280760653,0.004477777422706891,0.30102705362735394,0.08066129351939876,0.004137580101702211,0.2317972045771547,5.8488924482269004e-05,5.8488924482269004e-05,0.688104993909047
5200,0.011520258049993178,0.00101655613150116,0.34169954000038993,0.0611156720473631,0.0044853357519482745,0.3015351766015646,0.08061815565013865,0.004144913539476431,0.23220804142725102,5.8601619905163555e-05,5.8601619905163555e-05,0.6894308224136888
5210,0.01151048772585109,0.0010182170866053152,0.3422578442370808,0.061071235563321856,0.004492889954235286,0.3020430221334646,0.08057503311251003,0.004152244370873295,0.23261873226180924,5.871431532805809e-05,5.871431532805809e-05,0.6907566509183305
5220,0.011500723893455932,0.001019876938112492,0.34281577751680403,0.06102682335388582,0.004500440029839413,0.302550590241305,0.08053192590856015,0.0041595725955447735,0.23302927706133184,5.882701075095264e-05,5.882701075095264e-05,0.6920824794229722
5230,0.011490966552121328,0.0010215356861393748,0.3433733398787814,0.06098243541745799,0.004507985979032143,0.3030578809433373,0.08048883404033626,0.004166898213142837,0.23343967580632138,5.8939706173847194e-05,5.8939706173847194e-05,0.693408307927614
5240,0.011481215701160905,0.001023193330802647,0.3439305313622342,0.060938071752441404,0.004515527802084963,0.3035648942578126,0.08044575750988557,0.004174221223319453,0.23384992847728026,5.905240159674173e-05,5.905240159674173e-05,0.6947341364322556
5250,0.011471471339888285,0.0010248498722189923,0.3444873520063839,0.06089373235723906,0.0045230654992693626,0.30407163020298233,0.08040269631925535,0.004181541625726591,0.234260035054711,5.916509701963627e-05,5.916509701963627e-05,0.6960599649368973
5260,0.011461733467617091,0.0010265053105050952,0.3450438018504522,0.060849417230253965,0.004530599070856828,0.30457808879709763,0.08035965047049282,0.00418885942001622,0.23466999551911596,5.927779244253082e-05,5.927779244253082e-05,0.6973857934415391
5270,0.01145200208366095,0.001028159645777639,0.3455998809336602,0.06080512636988914,0.0045381285171188475,0.3050842700584099,0.08031661996564524,0.004196174605840311,0.2350798098509978,5.939048786542537e-05,5.939048786542537e-05,0.6987116219461807
5280,0.011442277187333486,0.0010298128781533078,0.3461555892952295,0.06076085977454761,0.004545653838326909,0.3055901740051703,0.08027360480675982,0.004203487182850831,0.23548947803085893,5.950318328831991e-05,5.950318328831991e-05,0.7000374504508224
5290,0.011432558777948323,0.0010314650077487856,0.34671092697438166,0.06071661744263236,0.004553175034752501,0.3060958006556303,0.08023060499588382,0.004210797150699752,0.2358990000392018,5.961587871121446e-05,5.961587871121446e-05,0.7013632789554641
5300,0.011422846854819084,0.0010331160346807563,0.3472658940103382,0.060672399372546426,0.004560692106667109,0.3066011500280409,0.08018762053506448,0.0042181045090390395,0.2363083758565288,5.9728574134109004e-05,5.9728574134109004e-05,0.7026891074601058
5310,0.011413141417259397,0.0010347659590659033,0.3478204904423204,0.06062820556269282,0.004568205054342222,0.30710622214065353,0.08014465142634902,0.004225409257520666,0.2367176054633426,5.984126955700355e-05,5.984126955700355e-05,0.7040149359647476
5320,0.01140344246458288,0.001036414781020911,0.34837471630954986,0.060584036011474544,0.00457571387804933,0.3076110170117196,0.08010169767178471,0.0042327113957966,0.23712668884014565,5.99539649798981e-05,5.99539649798981e-05,0.7053407644693893
5330,0.011393749996103163,0.0010380625006624628,0.348928571651248,0.060539890717294625,0.004583218578059916,0.30811553465949015,0.08005875927341877,0.004240010923518809,0.2375356259674403,6.0066660402792636e-05,6.0066660402792636e-05,0.706666592974031
5340,0.011384064011133867,0.001039709118107243,0.3494820565066363,0.06049576967855606,0.004590719154645471,0.3086197751022165,0.08001583623329844,0.004247307840339264,0.2379444168257291,6.017935582568719e-05,6.017935582568719e-05,0.7079924214786727
5350,0.01137438450898862,0.0010413546334719353,0.35003517091493624,0.060451672893661886,0.004598215608077482,0.30912373835815,0.07997292855347098,0.004254602145909935,0.23835306139551454,6.0292051248581725e-05,6.0292051248581725e-05,0.7093182499833144
5360,0.011364711488981043,0.0010429990468732234,0.35058791491536917,0.06040760036101509,0.004605707938627437,0.3096274244455419,0.07993003623598359,0.004261893839882788,0.2387615596572991,6.0404746671476276e-05,6.0404746671476276e-05,0.7106440784879561
5370,0.01135504495042476,0.0010446423584277915,0.3511402885471568,0.0603635520790187,0.004613196146566823,0.3101308333826435,0.07988715928288355,0.004269182921909797,0.23916991159158524,6.051744209437081e-05,6.051744209437081e-05,0.7119699069925978
5380,0.011345384892633398,0.0010462845682523232,0.3516922918495204,0.06031952804607573,0.004620680232167128,0.31063396518770603,0.07984429769621808,0.004276469391642928,0.2395781171788755,6.0630137517265364e-05,6.0630137517265364e-05,0.7132957354972396
5390,0.011335731314920577,0.0010479256764635025,0.3522439248616815,0.060275528260589184,0.00462816019569984,0.3111368198789808,0.07980145147803441,0.00428375324873415,0.23998617639967226,6.0742832940159915e-05,6.0742832940159915e-05,0.7146215640018813
5400,0.011326084216599926,0.001049565683178013,0.3527951876228615,0.06023155272096209,0.004635636037436447,0.3116393974747191,0.0797586206303798,0.004291034492835433,0.24039408923447805,6.085552836305445e-05,6.085552836305445e-05,0.715947392506523
5410,0.011316443596985068,0.001051204588512539,0.35334608017228203,0.060187601425597446,0.004643107757648437,0.31214169799317215,0.07971580515530148,0.004298313123598748,0.24080185566379542,6.0968223785949e-05,6.0968223785949e-05,0.7172732210111646
5420,0.011306809455389625,0.0010528423925837643,0.3538966025491645,0.06014367437289827,0.0046505753566072955,0.31264372145259123,0.0796730050548467,0.004305589140676061,0.2412094756681267,6.108091920884354e-05,6.108091920884354e-05,0.7185990495158063
5430,0.011297181791127224,0.0010544790955083724,0.35444675479273013,0.060099771561267584,0.004658038834584512,0.31314546787122766,0.07963022033106268,0.0043128625437193445,0.24161694922797447,6.119361463173809e-05,6.119361463173809e-05,0.7199248780204481
5440,0.011287560603511488,0.0010561146974030476,0.3549965369422008,0.06005589298910839,0.004665498191851575,0.3136469372673327,0.07958745098599668,0.004320133332380566,0.24202427632384127,6.130631005463264e-05,6.130631005463264e-05,0.7212507065250898
5450,0.011277945891856043,0.0010577491983844735,0.3555459490367978,0.060012038654823706,0.004672953428679971,0.3141481296591577,0.0795446970216959,0.0043274015063116955,0.24243145693622944,6.141900547752718e-05,6.141900547752718e-05,0.7225765350297315
5460,0.011268337655474511,0.0010593825985693338,0.3560949911157424,0.05996820855681655,0.004680404545341188,0.3146490450649538,0.07950195844020765,0.0043346670651647,0.24283849104564145,6.153170090042172e-05,6.153170090042172e-05,0.7239023635343731
5470,0.011258735893680516,0.001061014898074313,0.3566436632182564,0.05992440269348993,0.004687851542106714,0.31514968350297234,0.0794592352435791,0.004341930008591553,0.24324537863258,6.164439632331627e-05,6.164439632331627e-05,0.7252281920390149
5480,0.011249140605787685,0.0010626460970160944,0.35719196538356107,0.059880621063246854,0.0046952944192480365,0.3156500449914646,0.07941652743385753,0.004349190336244219,0.2436521196775473,6.175709174621082e-05,6.175709174621082e-05,0.7265540205436567
5490,0.01123955179110964,0.001064276195511362,0.35773989765087794,0.05983686366449035,0.004702733177036643,0.3161501295486818,0.07937383501309017,0.004356448047774672,0.24405871416104608,6.186978716910536e-05,6.186978716910536e-05,0.7278798490482983
5500,0.011229969448960006,0.0010659051936767997,0.35828746005942846,0.05979313049562342,0.004710167815744021,0.3166499371928753,0.07933115798332425,0.004363703142834878,0.2444651620635786,6.198248259199991e-05,6.198248259199991e-05,0.7292056775529401
5510,0.011220393578652406,0.0010675330916290913,0.35883465264843406,0.05974942155504907,0.004717598335641659,0.31714946794229637,0.07928849634660702,0.0043709556210768065,0.2448714633656474,6.209517801489446e-05,6.209517801489446e-05,0.7305315060575818
5520,0.011210824179500468,0.001069159889484921,0.3593814754571163,0.05970573684117034,0.004725024737001045,0.31764872181519627,0.07924585010498572,0.004378205482152427,0.24527761804775502,6.2207873437789e-05,6.2207873437789e-05,0.7318573345622235
5530,0.011201261250817813,0.0010707855873609722,0.3599279285246965,0.05966207635239021,0.004732447020093665,0.3181476988298262,0.07920321926050759,0.00438545272571371,0.24568362609040392,6.232056886068355e-05,6.232056886068355e-05,0.7331831630668653
5540,0.011191704791918066,0.001072410185373929,0.3604740118903963,0.05961844008711172,0.0047398651851910095,0.3186463990044376,0.07916060381521986,0.004392697351412624,0.2460894874740966,6.24332642835781e-05,6.24332642835781e-05,0.734508991571507
5550,0.011182154802114853,0.0010740336836404755,0.3610197255934371,0.05957482804373787,0.004747279232564563,0.3191448223572815,0.07911800377116979,0.004399939358901138,0.2464952021793355,6.254595970647264e-05,6.254595970647264e-05,0.7358348200761486
5560,0.011172611280721797,0.0010756560822772951,0.36156506967304036,0.05953124022067168,0.004754689162485816,0.3196429689066095,0.07907541913040458,0.004407178747831222,0.2469007701866231,6.265865512936719e-05,6.265865512936719e-05,0.7371606485807903
5570,0.011163074227052521,0.001077277381401072,0.36211004416842757,0.05948767661631616,0.004762094975226254,0.3201408386706725,0.0790328498949715,0.004414415517854844,0.24730619147646185,6.277135055226172e-05,6.277135055226172e-05,0.738486477085432
5580,0.01115354364042065,0.00107889758112849,0.3626546491188201,0.05944413722907432,0.0047694966710573675,0.32063843166772216,0.0789902960669178,0.004421649668623974,0.2477114660293543,6.288404597515628e-05,6.288404597515628e-05,0.7398123055900738
5590,0.011144019520139811,0.0010805166815762329,0.3631988845634396,0.05940062205734918,0.004776894250250642,0.3211357479160095,0.07894775764829069,0.004428881199790582,0.2481165938258029,6.299674139805081e-05,6.299674139805081e-05,0.7411381340947154
5600,0.011134501865523625,0.0010821346828609846,0.3637427505415074,0.05935713109954375,0.004784287713077564,0.32163278743378576,0.07890523464113744,0.004436110111006635,0.2485215748463101,6.310943682094536e-05,6.310943682094536e-05,0.7424639625993572
5610,0.011124990675885717,0.0010837515850994287,0.3642862470922449,0.05931366435406104,0.0047916770598096245,0.32212955023930245,0.07886272704750527,0.004443336401924104,0.2489264090713784,6.32221322438399e-05,6.32221322438399e-05,0.7437897911039988
5620,0.01111548595053971,0.0010853673884082496,0.3648293742548738,0.05927022181930407,0.00479906229071831,0.3226260363508108,0.07882023486944141,0.00445056007219496,0.24933109648151036,6.333482766673445e-05,6.333482766673445e-05,0.7451156196086406
5630,0.011105987688799234,0.0010869820929041308,0.36537213206861535,0.05922680349367585,0.004806443406075107,0.3231222457865618,0.07877775810899312,0.004457781121471169,0.24973563705720836,6.344752308962899e-05,6.344752308962899e-05,0.7464414481132822
5640,0.011096495889977907,0.0010885956987037565,0.3659145205726912,0.05918340937557939,0.004813820406151505,0.32361817856480696,0.07873529676820765,0.004464999549404701,0.2501400307789749,6.356021851252354e-05,6.356021851252354e-05,0.747767276617924
5650,0.011087010553389356,0.0010902082059238102,0.36645653980632276,0.05914003946341771,0.004821193291218991,0.3241138347037977,0.07869285084913219,0.004472215355647528,0.25054427762731246,6.367291393541809e-05,6.367291393541809e-05,0.7490931051225658
5660,0.011077531678347205,0.0010918196146809758,0.36699818980873133,0.05909669375559382,0.004828562061549052,0.32460921422178496,0.07865042035381403,0.004479428539851615,0.25094837758272354,6.378560935831263e-05,6.378560935831263e-05,0.7504189336272074
5670,0.011068059264165077,0.0010934299250919374,0.36753947061913855,0.05905337225051073,0.004835926717413177,0.32510431713702026,0.0786080052843004,0.004486639101668934,0.2513523306257106,6.389830478120718e-05,6.389830478120718e-05,0.7517447621318492
5680,0.011058593310156599,0.0010950391372733788,0.3680803822767659,0.05901007494657146,0.004843287259082853,0.3255991434677548,0.07856560564263851,0.004493847040751454,0.25175613673677616,6.401100020410173e-05,6.401100020410173e-05,0.7530705906364908
5690,0.011049133815635393,0.0010966472513419838,0.36862092482083486,0.05896680184217902,0.004850643686829568,0.3260936932322398,0.07852322143087563,0.0045010523567511436,0.25215979589642257,6.412369562699627e-05,6.412369562699627e-05,0.7543964191411325
5700,0.011039680779915085,0.001098254267414436,0.3691610982905667,0.05892355293573642,0.0048579960009248096,0.3265879664487267,0.07848085265105899,0.004508255049319973,0.25256330808515254,6.42363910498908e-05,6.42363910498908e-05,0.7557222476457741
5710,0.011030234202309298,0.0010998601856074199,0.36970090272518313,0.058880328225646685,0.0048653442016400655,0.32708196313546656,0.07843849930523583,0.00451545511810991,0.25296667328346834,6.434908647278537e-05,6.434908647278537e-05,0.757048076150416
5720,0.011020794082131656,0.001101465006037619,0.37024033816390556,0.05883712771031281,0.0048726882892468236,0.3275756833107108,0.07839616139545338,0.004522652562772924,0.2533698914718725,6.446178189567991e-05,6.446178189567991e-05,0.7583739046550577
5730,0.011011360418695784,0.0011030687288217172,0.3707794046459553,0.058793951388137825,0.004880028264016571,0.3280691269927106,0.07835383892375891,0.004529847382960986,0.25377296263086757,6.457447731857444e-05,6.457447731857444e-05,0.7596997331596993
5740,0.011001933211315307,0.0011046713540763982,0.37131810221055395,0.05875079925752474,0.004887364126220796,0.32856229419971733,0.07831153189219962,0.004537039578326065,0.254175886740956,6.4687172741469e-05,6.4687172741469e-05,0.7610255616643411
5750,0.010992512459303851,0.001106272881918346,0.371856430896923,0.058707671316876556,0.0048946958761309865,0.32905518494998226,0.07826924030282278,0.004544229148520128,0.2545786637826402,6.479986816436355e-05,6.479986816436355e-05,0.7623513901689829
5760,0.010983098161975034,0.0011078733124642447,0.37239439074428393,0.0586645675645963,0.004902023514018631,0.32954779926175665,0.0782269641576756,0.004551416093195147,0.2549812937364228,6.491256358725808e-05,6.491256358725808e-05,0.7636772186736245
5770,0.010973690318642487,0.001109472645830778,0.37293198179185816,0.05862148799908698,0.004909347040155215,0.33004013715329167,0.07818470345880536,0.004558600412003089,0.2553837765828061,6.502525901015262e-05,6.502525901015262e-05,0.7650030471782661
5780,0.01096428892861983,0.0011110708821346295,0.37346920407886697,0.05857843261875162,0.004916666454812227,0.3305321986428387,0.07814245820825927,0.004565782104595925,0.2557861123022927,6.513795443304717e-05,6.513795443304717e-05,0.7663288756829079
5790,0.010954893991220689,0.0011126680214924834,0.3740060576445322,0.058535401421993205,0.004923981758261156,0.3310239837486491,0.07810022840808457,0.004572961170625623,0.2561883008753851,6.525064985594172e-05,6.525064985594172e-05,0.7676547041875497
5800,0.01094550550575869,0.0011142640640210235,0.3745425425280751,0.05849239440721478,0.004931292950773489,0.331515492488974,0.07805801406032851,0.0045801376097441525,0.25659034228258554,6.536334527883626e-05,6.536334527883626e-05,0.7689805326921912
5810,0.010936123471547453,0.0011158590098369336,0.37507865876871715,0.05844941157281934,0.004938600032620713,0.3320067248820647,0.07801581516703833,0.004587311421603484,0.25699223650439684,6.547604070173083e-05,6.547604070173083e-05,0.7703063611968332
5820,0.010926747887900604,0.0011174528590568976,0.37561440640567983,0.0584064529172099,0.004945903004074318,0.33249768094617255,0.07797363173026126,0.004594482605855587,0.25739398352132137,6.558873612462536e-05,6.558873612462536e-05,0.7716321897014748
5830,0.010917378754131771,0.0011190456117975995,0.3761497854781846,0.05836351843878949,0.004953201865405789,0.3329883606995488,0.07793146375204454,0.004601651162152427,0.25779558331386143,6.57014315475199e-05,6.57014315475199e-05,0.7729580182061164
5840,0.010908016069554573,0.0011206372681757228,0.376684796025453,0.0583206081359611,0.004960496616886615,0.33347876416044464,0.07788931123443543,0.004608817090145977,0.25819703586251974,6.581412697041445e-05,6.581412697041445e-05,0.7742838467107582
5850,0.010898659833482639,0.0011222278283079521,0.37721943808670655,0.058277722007127754,0.004967787258788284,0.33396889134711144,0.07784717417948114,0.004615980389488206,0.25859834114779867,6.5926822393309e-05,6.5926822393309e-05,0.7756096752153999
5860,0.01088931004522959,0.0011238172923109702,0.3777537117011664,0.058234860050692464,0.004975073791382283,0.3344587422778004,0.07780505258922894,0.00462314105983108,0.2589994991502006,6.603951781620354e-05,6.603951781620354e-05,0.7769355037200416
5870,0.01087996670410905,0.0011254056603014618,0.37828761690805435,0.05819202226505825,0.004982356214940099,0.3349483169707629,0.07776294646572604,0.004630299100826572,0.2594005098502281,6.615221323909808e-05,6.615221323909808e-05,0.7782613322246832
5880,0.010870629809434646,0.0011269929323961107,0.3788211537465918,0.05814920864862812,0.004989634529733222,0.33543761544425016,0.0777208558110197,0.004637454512126651,0.2598013732283838,6.626490866199264e-05,6.626490866199264e-05,0.7795871607293251
5890,0.01086129936052,0.0011285791087116005,0.37935432225600013,0.058106419199805075,0.0049969087360331385,0.33592663771651343,0.07767878062715716,0.004644607293383284,0.26020208926516997,6.637760408488718e-05,6.637760408488718e-05,0.7809129892339668
5900,0.010851975356678738,0.001130164189364615,0.3798871224755008,0.05806365391699215,0.005004178834111335,0.336415383805804,0.07763672091618563,0.004651757444248442,0.26060265794108917,6.649029950778172e-05,6.649029950778172e-05,0.7822388177386084
5910,0.010842657797224483,0.0011317481744718386,0.38041955444431547,0.058020912798592346,0.005011444824239303,0.33690385373037324,0.0775946766801524,0.004658904964374093,0.2610030792366439,6.660299493067628e-05,6.660299493067628e-05,0.7835646462432503
5920,0.01083334668147086,0.0011333310641499545,0.38095161820166534,0.05797819584300868,0.005018706706688527,0.33739204750847235,0.07755264792110467,0.0046660498534122075,0.2614033531323366,6.671569035357082e-05,6.671569035357082e-05,0.784890474747892
5930,0.010824042008731494,0.0011349128585156467,0.38148331378677197,0.057935503048644164,0.005025964481730494,0.3378799651583525,0.07751063464108968,0.004673192111014755,0.2618034796086698,6.682838577646536e-05,6.682838577646536e-05,0.7862163032525336
5940,0.010814743778320006,0.0011364935576855997,0.38201464123885703,0.057892834413901806,0.005033218149636694,0.3383676066982651,0.07746863684215469,0.004680331736833704,0.26220345864614586,6.694108119935991e-05,6.694108119935991e-05,0.7875421317571754
5950,0.010805451989550024,0.0011380731617764964,0.3825456005971416,0.05785018993718463,0.005040467710678614,0.33885497214646143,0.07742665452634694,0.004687468730521022,0.26260329022526735,6.705377662225446e-05,6.705377662225446e-05,0.788867960261817
5960,0.010796166641735171,0.0011396516709050214,0.38307619190084746,0.05780756961689565,0.005047713165127742,0.3393420615211927,0.07738468769571365,0.0046946030917286805,0.26300297432653674,6.7166472045149e-05,6.7166472045149e-05,0.7901937887664587
5970,0.010786887734189073,0.0011412290851878584,0.3836064151891961,0.057764973451437863,0.005054954513255565,0.3398288748407102,0.07734273635230206,0.004701734820108649,0.2634025109304566,6.727916746804353e-05,6.727916746804353e-05,0.7915196172711003
5980,0.01077761526622535,0.0011428054047416911,0.3841362705014087,0.057722401439214296,0.005062191755333571,0.34031541212326516,0.07730080049815943,0.004708863915312896,0.26380190001752923,6.739186289093808e-05,6.739186289093808e-05,0.7928454457757421
5990,0.01076834923715763,0.0011443806296832035,0.38466575787670704,0.05767985357862797,0.005069424891633248,0.34080167338710904,0.077258880135333,0.004715990376993391,0.2642011415682572,6.750455831383262e-05,6.750455831383262e-05,0.7941712742803837
6000,0.010759089646299536,0.0011459547601290797,0.38519487735431246,0.05763732986808187,0.005076653922426083,0.34128765865049293,0.07721697526586999,0.004723114204802104,0.26460023556314305,6.761725373672717e-05,6.761725373672717e-05,0.7954971027850255
6010,0.010749836492964692,0.001147527796196003,0.38572362897344636,0.05759483030597903,0.005083878847983565,0.3417733679316682,0.07717508589181764,0.004730235398391002,0.2649991819826892,6.772994915962171e-05,6.772994915962171e-05,0.7968229312896671
6020,0.010740589776466723,0.0011490997380006578,0.3862520127733303,0.057552354890722475,0.0050910996685771814,0.3422588012488861,0.0771332120152232,0.004737353957412056,0.26539798080739807,6.784264458251627e-05,6.784264458251627e-05,0.7981487597943091
6030,0.010731349496119253,0.0011506705856597277,0.38678002879318574,0.05750990362071519,0.005098316384478419,0.3427439586203979,0.07709135363813391,0.004744469881517235,0.26579663201777226,6.795534000541081e-05,6.795534000541081e-05,0.7994745882989507
6040,0.010722115651235906,0.0011522403392898962,0.387307677072234,0.05746747649436021,0.005105528995958767,0.34322884006445487,0.07704951076259701,0.004751583170358508,0.2661951355943141,6.806803542830535e-05,6.806803542830535e-05,0.8008004168035923
6050,0.010712888241130309,0.001153808999007848,0.38783495764969683,0.057425073510060536,0.005112737503289711,0.3437134455993083,0.07700768339065975,0.004758693823587844,0.26659349151752626,6.81807308511999e-05,6.81807308511999e-05,0.8021262453082341
6060,0.010703667265116082,0.0011553765649302667,0.3883618705647955,0.05738269466621918,0.005119941906742741,0.34419777524320944,0.07696587152436933,0.004765801840857214,0.2669916997679111,6.829342627409445e-05,6.829342627409445e-05,0.8034520738128759
6070,0.010694452722506851,0.001156943037173836,0.38888841585675155,0.05734033996123917,0.005127142206589342,0.3446818290144095,0.07692407516577303,0.004772907221818584,0.2673897603259711,6.840612169698899e-05,6.840612169698899e-05,0.8047779023175174
6080,0.010685244612616242,0.0011585084158552395,0.38941459356478636,0.05729800939352351,0.005134338403101005,0.34516560693115994,0.07688229431691808,0.004780009966123927,0.2677876731722088,6.851881711988354e-05,6.851881711988354e-05,0.8061037308221592
6090,0.010676042934757877,0.0011600727010911615,0.3899404037281215,0.05725570296147521,0.005141530496549217,0.345649109011712,0.0768405289798517,0.004787110073425211,0.26818543828712665,6.863151254277809e-05,6.863151254277809e-05,0.807429559326801
6100,0.010666847688245381,0.0011616358929982858,0.3904658463859784,0.057213420663497286,0.0051487184872054635,0.3461323352743168,0.07679877915662116,0.004794207543374403,0.26858305565122703,6.874420796567263e-05,6.874420796567263e-05,0.8087553878314426
6110,0.010657658872392381,0.001163197991693296,0.3909909215775784,0.057171162497992756,0.005155902375341233,0.3466152857372257,0.07675704484927368,0.0048013023756234745,0.2689805252450126,6.885690338856717e-05,6.885690338856717e-05,0.8100812163360842
6120,0.010648476486512494,0.0011647589972928764,0.39151562934214335,0.05712892846336463,0.005163082161228016,0.34709796041869007,0.07671532605985651,0.004808394569824395,0.2693778470489857,6.896959881146172e-05,6.896959881146172e-05,0.811407044840726
6130,0.010639300529919352,0.0011663189099137103,0.3920399697188942,0.05708671855801591,0.005170257845137296,0.347580359336961,0.07667362279041687,0.004815484125629132,0.26977502104364887,6.908229423435627e-05,6.908229423435627e-05,0.8127328733453678
6140,0.010630131001926578,0.0011678777296724823,0.3925639427470528,0.057044532780349634,0.005177429427340565,0.34806248251029,0.07663193504300203,0.004822571042689657,0.27017204720950455,6.91949896572508e-05,6.91949896572508e-05,0.8140587018500094
6150,0.010620967901847793,0.0011694354566858757,0.39308754846584054,0.0570023711287688,0.005184596908109307,0.34854432995692813,0.0765902628196592,0.004829655320657936,0.27056892552705525,6.930768508014536e-05,6.930768508014536e-05,0.8153845303546512
6160,0.010611811228996623,0.0011709920910705747,0.3936107869144788,0.056960233601676416,0.005191760287715012,0.34902590169512676,0.07654860612243564,0.004836736959185943,0.2709656559768035,6.94203805030399e-05,6.94203805030399e-05,0.816710358859293
6170,0.010602660982686692,0.0011725476329432628,0.39413365813218915,0.056918120197475504,0.005198919566429167,0.34950719774313727,0.07650696495337857,0.004843815957925643,0.2713622385392517,6.953307592593444e-05,6.953307592593444e-05,0.8180361873639346
6180,0.010593517162231624,0.0011741020824206244,0.394656162158193,0.056876030914569074,0.00520607474452326,0.34998821811921066,0.07646533931453525,0.004850892316529007,0.2717586731949023,6.964577134882898e-05,6.964577134882898e-05,0.8193620158685762
6190,0.010584379766945045,0.0011756554396193427,0.3951782990317118,0.05683396575136014,0.0052132258222687775,0.3504689628415984,0.07642372920795291,0.004857966034648005,0.272154959924258,6.975846677172355e-05,6.975846677172355e-05,0.8206878443732182
6200,0.01057524879614058,0.0011772077046561021,0.39570006879196706,0.056791924706251724,0.005220372799937209,0.3509494319285519,0.0763821346356788,0.004865037111934605,0.272551098707821,6.987116219461808e-05,6.987116219461808e-05,0.8220136728778598
6210,0.010566124249131848,0.0011787588776475864,0.39622147147818026,0.056749907777646824,0.00522751567780004,0.351429625398322,0.07634055559976013,0.004872105548040776,0.27294708952609387,6.998385761751262e-05,6.998385761751262e-05,0.8233395013825013
6220,0.01055700612523248,0.0011803089587104792,0.3967425071295728,0.05670791496394847,0.005234654456128762,0.35190954326916046,0.07629899210224418,0.004879171342618489,0.27334293235957924,7.009655304040717e-05,7.009655304040717e-05,0.8246653298871431
6230,0.010547894423756095,0.0011818579479614647,0.39726317578536624,0.05666594626355966,0.005241789135194859,0.3523891855593182,0.07625744414517817,0.004886234495319711,0.27373862718877934,7.020924846330171e-05,7.020924846330171e-05,0.8259911583917847
6240,0.01053878914401632,0.0011834058455172263,0.39778347748478193,0.05662400167488341,0.005248919715269822,0.3528685522870468,0.07621591173060933,0.0048932950057964135,0.2741341739941968,7.032194388619626e-05,7.032194388619626e-05,0.8273169868964265
6250,0.010529690285326779,0.0011849526514944482,0.39830341226704136,0.05658208119632274,0.005256046196625135,0.3533476434705973,0.07617439486058492,0.0049003528737005635,0.27452957275633405,7.04346393090908e-05,7.04346393090908e-05,0.8286428154010681
6260,0.010520597847001096,0.0011864983660098143,0.39882298017136614,0.05654018482628067,0.005263168579532289,0.353826459128221,0.07613289353715216,0.004907408098684132,0.2749248234556937,7.054733473198535e-05,7.054733473198535e-05,0.8299686439057099
6270,0.010511511828352894,0.0011880429891800084,0.39934218123697757,0.056498312563160194,0.00527028686426277,0.35430499927816933,0.0760914077623583,0.0049144606803990885,0.27531992607277805,7.06600301548799e-05,7.06600301548799e-05,0.8312944724103517
6280,0.010502432228695801,0.0011895865211217144,0.3998610155030973,0.05645646440536434,0.005277401051088065,0.3547832639386934,0.07604993753825058,0.004921510618497401,0.2757148805880897,7.077272557777444e-05,7.077272557777444e-05,0.8326203009149933
6290,0.010493359047343437,0.001191128961951616,0.40037948300894655,0.056414640351296105,0.005284511140279663,0.3552612531280445,0.07600848286687624,0.00492855791263104,0.2761096869821311,7.088542100066897e-05,7.088542100066897e-05,0.833946129419635
6300,0.01048429228360943,0.0011926703117863975,0.400897583793747,0.056372840399358526,0.005291617132109053,0.3557389668644741,0.07596704375028251,0.004935602562451974,0.2765043452354047,7.099811642356354e-05,7.099811642356354e-05,0.8352719579242769
6310,0.010475231936807402,0.0011942105707427424,0.4014153178967201,0.0563310645479546,0.00529871902684772,0.3562164051662332,0.07592562019051664,0.004942644567612171,0.27689885532841296,7.111081184645808e-05,7.111081184645808e-05,0.8365977864289185
6320,0.010466178006250977,0.0011957497389373344,0.40193268535708715,0.056289312795487344,0.0053058168247671535,0.3566935680515733,0.07588421218962588,0.004949683927763602,0.2772932172416584,7.122350726935261e-05,7.122350726935261e-05,0.8379236149335602
6330,0.010457130491253781,0.0011972878164868577,0.4024496862140698,0.05624758514035977,0.005312910526138841,0.35717045553874555,0.07584281974965744,0.004956720642558237,0.2776874309556436,7.133620269224718e-05,7.133620269224718e-05,0.8392494434382021
6340,0.010448089391129437,0.0011988248035079965,0.4029663205068895,0.05620588158097489,0.00532000013123427,0.3576470676460013,0.07580144287265858,0.004963754711648042,0.27808149645087066,7.144889811514172e-05,7.144889811514172e-05,0.8405752719428436
6350,0.01043905470519157,0.0012003607001174338,0.40348258827476763,0.05616420211573573,0.005327085640324927,0.35812340439159174,0.07576008156067653,0.00497078613468499,0.27847541370784257,7.156159353803625e-05,7.156159353803625e-05,0.8419011004474852
6360,0.010430026432753804,0.001201895506431854,0.4039984895569257,0.05612254674304529,0.005334167053682303,0.3585994657937682,0.07571873581575854,0.004977814911321049,0.27886918270706157,7.16742889609308e-05,7.16742889609308e-05,0.843226928952127
6370,0.010421004573129763,0.0012034292225679409,0.4045140243925851,0.056080915461306585,0.005341244371577882,0.35907525187078193,0.07567740563995184,0.0049848410412081864,0.27926280342903004,7.178698438382536e-05,7.178698438382536e-05,0.8445527574567688
6380,0.010411989125633072,0.0012049618486423784,0.40502919282096755,0.05603930826892263,0.005348317594283155,0.3595507626408843,0.07563609103530368,0.004991864523998374,0.2796562758542506,7.189967980671989e-05,7.189967980671989e-05,0.8458785859614104
6390,0.010402980089577355,0.0012064933847718506,0.4055439948812943,0.055997725164296436,0.005355386722069607,0.3600259981223265,0.0755947920038613,0.004998885359343579,0.2800495999632257,7.201237522961444e-05,7.201237522961444e-05,0.8472044144660522
6400,0.010393977464276236,0.0012080238310730406,0.4060584306127867,0.05595616614583103,0.005362451755208728,0.3605009583333598,0.07555350854767193,0.005005903546895773,0.28044277573645787,7.212507065250898e-05,7.212507065250898e-05,0.8485302429706938
6410,0.01038498124904334,0.0012095531876626328,0.40657250005466644,0.0559146312119294,0.005369512693972004,0.3609756432922355,0.0755122406687828,0.005012919086306924,0.2808358031544495,7.223776607540353e-05,7.223776607540353e-05,0.8498560714753356
6420,0.01037599144319229,0.0012110814546573113,0.407086203246155,0.05587312036099458,0.005376569538630922,0.3614500530172048,0.07547098836924118,0.005019931977229,0.2812286821977031,7.235046149829807e-05,7.235046149829807e-05,0.8511818999799772
6430,0.010367008046036711,0.0012126086321737595,0.40759954022647377,0.05583163359142958,0.005383622289456973,0.36192418752651917,0.07542975165109428,0.005026942219313973,0.2816214128467212,7.246315692119263e-05,7.246315692119263e-05,0.8525077284846192
6440,0.010358031056890229,0.0012141347203286617,0.40811251103484425,0.05579017090163741,0.005390670946721642,0.3623980468384297,0.07538853051638936,0.0050339498122138095,0.28201399508200614,7.257585234408717e-05,7.257585234408717e-05,0.8538335569892608
6450,0.010349060475066466,0.0012156597192387014,0.4086251157104878,0.05574873229002108,0.005397715510696418,0.36287163097118774,0.07534732496717364,0.00504095475558048,0.28240642888406053,7.268854776698171e-05,7.268854776698171e-05,0.8551593854939024
6460,0.010340096299879047,0.0012171836290205624,0.40913735429262593,0.05570731775498361,0.0054047559816527875,0.3633449399430445,0.07530613500549439,0.005047957049065955,0.2827987142333868,7.280124318987626e-05,7.280124318987626e-05,0.8564852139985442
6470,0.010331138530641597,0.0012187064497909293,0.40964922682048044,0.055665927294928,0.005411792359862241,0.36381797377225145,0.07526496063339881,0.0050549566923222015,0.2831908511104875,7.291393861277081e-05,7.291393861277081e-05,0.857811042503186
6480,0.010322187166667739,0.001220228181666485,0.4101607333332723,0.05562456090825729,0.005418824645596263,0.3642907324770596,0.07522380185293417,0.00506195368500119,0.283582839495865,7.302663403566535e-05,7.302663403566535e-05,0.8591368710078275
6490,0.010313242207271098,0.0012217488247639138,0.4106718738702231,0.05558321859337447,0.005425852839126342,0.36476321607572043,0.0751826586661477,0.00506894802675489,0.28397467937002185,7.313932945855989e-05,7.313932945855989e-05,0.8604626995124692
6500,0.010304303651765299,0.0012232683791998998,0.41118264847055447,0.05554190034868256,0.005432876940723967,0.36523542458648517,0.07514153107508664,0.005075939717235269,0.28436637071346044,7.325202488145445e-05,7.325202488145445e-05,0.8617885280171111
6510,0.010295371499463964,0.0012247868450911267,0.4116930571734879,0.05550060617258457,0.0054398969506606245,0.36570735802760496,0.07510041908179824,0.0050829287560943,0.28475791350668345,7.336472030434899e-05,7.336472030434899e-05,0.8631143565217527
6520,0.01028644574968072,0.001226304222554278,0.41220310001824473,0.05545933606348352,0.005446912869207803,0.36617901641733125,0.07505932268832972,0.005089915142983948,0.2851493077301932,7.347741572724353e-05,7.347741572724353e-05,0.8644401850263943
6530,0.01027752640172919,0.0012278205117060383,0.4127127770440464,0.05541809001978243,0.00545392469663699,0.3666503997739152,0.07501824189672833,0.005096898877556185,0.28554055336449213,7.359011115013808e-05,7.359011115013808e-05,0.8657660135310361
6540,0.010268613454923,0.0012293357126630907,0.4132220882901145,0.055376868039884286,0.005460932433219672,0.3671215081156081,0.0749771767090413,0.005103879959462978,0.28593165039008284,7.370280657303263e-05,7.370280657303263e-05,0.8670918420356779
6550,0.01025970690857577,0.0012308498255421195,0.41373103379567033,0.055335670122192135,0.005467936079227339,0.36759234146066133,0.07493612712731589,0.0051108583883563,0.2863225987874678,7.381550199592716e-05,7.381550199592716e-05,0.8684176705403195
6560,0.010250806762001128,0.0012323628504598086,0.4142396135999356,0.05529449626510896,0.005474935634931477,0.36806289982732615,0.07489509315359932,0.005117834163888116,0.28671339853714933,7.392819741882173e-05,7.392819741882173e-05,0.8697434990449615
6570,0.010241913014512698,0.0012338747875328417,0.41474782774213165,0.055253346467037806,0.005481931100603575,0.3685331832338537,0.07485407478993884,0.005124807285710398,0.28710404961963015,7.404089284171627e-05,7.404089284171627e-05,0.8710693275496031
6580,0.010233025665424104,0.0012353856368779027,0.41525567626147986,0.055212220726381656,0.00548892247651512,0.36900319169849544,0.07481307203838168,0.0051317777534751145,0.2874945520154126,7.41535882646108e-05,7.41535882646108e-05,0.8723951560542447
6590,0.01022414471404897,0.0012368953986116756,0.4157631591972018,0.05517111904154354,0.0054959097629376,0.3694729252395025,0.07477208490097509,0.005138745566834234,0.28788490570499914,7.426628368750535e-05,7.426628368750535e-05,0.8737209845588865
6600,0.010215270159700921,0.001238404072850844,0.416270276588519,0.05513004141092647,0.0055028929601425025,0.3699423838751262,0.07473111337976632,0.005145710725439727,0.2882751106688923,7.43789791103999e-05,7.43789791103999e-05,0.8750468130635283
6610,0.01020640200169358,0.001239911659712092,0.41677702847465276,0.05508898783293345,0.005509872068401315,0.37041156762361777,0.07469015747680258,0.005152673228943562,0.2886651668875945,7.449167453329444e-05,7.449167453329444e-05,0.8763726415681699
6620,0.01019754023934057,0.0012414181593121036,0.41728341489482473,0.05504795830596751,0.005516847087985525,0.37088047650322853,0.07464921719413113,0.005159633076997709,0.2890550743416083,7.460436995618898e-05,7.460436995618898e-05,0.8776984700728114
6630,0.010188684871955518,0.0012429235717675625,0.41778943588825623,0.05500695282843165,0.005523818019166621,0.37134911053220976,0.07460829253379919,0.005166590269254137,0.28944483301143625,7.471706537908355e-05,7.471706537908355e-05,0.8790242985774535
6640,0.01017983589885205,0.0012444278971951521,0.4182950914941687,0.054965971398728886,0.005530784862216091,0.37181746972881274,0.07456738349785404,0.0051735448053648134,0.2898344428775806,7.482976080197808e-05,7.482976080197808e-05,0.880350127082095
6650,0.010170993319343784,0.001245931135711557,0.4188003817517838,0.05492501401526223,0.005537747617405423,0.3722855541112889,0.07452649008834288,0.005180496684981712,0.2902239039205441,7.494245622487263e-05,7.494245622487263e-05,0.8816759555867368
6660,0.010162157132744352,0.001247433287433461,0.41930530670032296,0.0548840806764347,0.005544706285006103,0.37275336369788925,0.07448561230731296,0.005187445907756797,0.29061321612082897,7.505515164776717e-05,7.505515164776717e-05,0.8830017840913784
6670,0.010153327338367373,0.0012489343524775473,0.41980986637900747,0.05484317138064931,0.005551660865289619,0.37322089850686513,0.07444475015681154,0.00519439247334204,0.2910023794589378,7.516784707066171e-05,7.516784707066171e-05,0.88432761259602
6680,0.010144503935526471,0.0012504343309605007,0.420314060827059,0.054802286126309066,0.005558611358527461,0.3736881585564679,0.07440390363888583,0.0052013363813894105,0.29139139391537316,7.528054249355626e-05,7.528054249355626e-05,0.8856534411006618
6690,0.010135686923535274,0.001251933222999004,0.4208178900836988,0.054761424911816986,0.005565557764991114,0.3741551438649488,0.07436307275558307,0.005208277631550877,0.29178025947063735,7.53932379164508e-05,7.53932379164508e-05,0.8869792696053034
6700,0.010126876301707402,0.0012534310287097422,0.42132135418814864,0.05472058773557609,0.005572500084952067,0.37462185445055907,0.07432225750895052,0.005215216223478409,0.29216897610523307,7.550593333934536e-05,7.550593333934536e-05,0.8883050981099454
6710,0.010118072069356485,0.0012549277482093984,0.42182445317962963,0.054679774595989376,0.0055794383186818074,0.37508829033155006,0.07428145790103544,0.005222152156823976,0.29255754379966253,7.56186287622399e-05,7.56186287622399e-05,0.889630926614587
6720,0.010109274225796142,0.0012564233816146565,0.4223271870973635,0.054638985491459874,0.005586372466451824,0.375554451526173,0.074240673933885,0.005229085431239549,0.2929459625344285,7.573132418513444e-05,7.573132418513444e-05,0.8909567551192286
6730,0.010100482770339998,0.0012579179290422007,0.4228295559805716,0.05459822042039058,0.005593302528533604,0.3760203380526792,0.07419990560954651,0.005236016046377093,0.2933342322900332,7.584401960802899e-05,7.584401960802899e-05,0.8922825836238704
6740,0.01009169770230168,0.0012594113906087149,0.42333155986847554,0.05455747938118452,0.005600228505198633,0.37648594992931983,0.07415915293006717,0.005242944001888581,0.2937223530469793,7.595671503092354e-05,7.595671503092354e-05,0.8936084121285122
6750,0.010082919020994811,0.0012609037664308826,0.42383319880029663,0.054516762372244704,0.005607150396718401,0.37695128717434623,0.07411841589749424,0.0052498692974259804,0.2941103247857692,7.606941045381808e-05,7.606941045381808e-05,0.8949342406331537
6760,0.010074146725733014,0.001262395056625388,0.42433447281525644,0.05447606939197415,0.005614068203364396,0.37741634980600974,0.07407769451387494,0.005256791932641261,0.2944981474869054,7.618210587671263e-05,7.618210587671263e-05,0.8962600691377955
6770,0.010065380815829916,0.0012638852613089148,0.4248353819525764,0.05443540043877586,0.005620981925408106,0.37788113784256167,0.07403698878125652,0.005263711907186393,0.29488582113089035,7.629480129960718e-05,7.629480129960718e-05,0.8975858976424373
6780,0.01005662129059914,0.0012653743805981468,0.4253359262514779,0.054394755511052856,0.005627891563121016,0.3783456513022531,0.07399629870168623,0.005270629220713344,0.2952733456982266,7.640749672250172e-05,7.640749672250172e-05,0.8989117261470789
6790,0.010047868149354308,0.001266862414609768,0.4258361057511825,0.05435413460720814,0.0056347971167746164,0.3788098902033355,0.07395562427721128,0.005277543872874084,0.29566072116941644,7.652019214539625e-05,7.652019214539625e-05,0.9002375546517205
6800,0.010039121391409049,0.0012683493634604625,0.42633592049091174,0.05431353772564475,0.005641698586640394,0.37927385456406,0.07391496550987893,0.005284455863320582,0.2960479475249626,7.66328875682908e-05,7.66328875682908e-05,0.9015633831563623
6810,0.010030381016076983,0.0012698352272669136,0.42683537050988685,0.05427296486476568,0.0056485959729898364,0.37973754440267804,0.07387432240173641,0.005291365191704808,0.2964350247453674,7.674558299118535e-05,7.674558299118535e-05,0.9028892116610041
6820,0.010021647022671736,0.0012713200061458055,0.42733445584732954,0.05423241602297394,0.005655489276094432,0.3802009597374407,0.073833694954831,0.005298271857678731,0.2968219528111334,7.685827841407989e-05,7.685827841407989e-05,0.9042150401656457
6830,0.010012919410506933,0.0012728037002138221,0.4278331765424612,0.05419189119867256,0.005662378496225667,0.38066410058659944,0.07379308317120989,0.00530517586089432,0.297208731702763,7.697097383697444e-05,7.697097383697444e-05,0.9055408686702875
6840,0.010004198178896195,0.0012742863095876473,0.42833153263450324,0.05415139039026454,0.00566926363365503,0.38112696696840537,0.07375248705292033,0.005312077201003544,0.29759536140075876,7.7083669259869e-05,7.7083669259869e-05,0.9068666971749293
6850,0.009995483327153151,0.0012757678343839648,0.4288295241626772,0.05411091359615289,0.00567614468865401,0.38158955890110985,0.07371190660200957,0.005318975877658373,0.29798184188562316,7.719636468276353e-05,7.719636468276353e-05,0.9081925256795709
6860,0.009986774854591424,0.0012772482747194585,0.4293271511662045,0.05407046081474064,0.005683021661494093,0.3820518764029642,0.07367134182052486,0.005325871890510776,0.29836817313785857,7.730906010565807e-05,7.730906010565807e-05,0.9095183541842125
6870,0.009978072760524636,0.0012787276307108125,0.4298244136843067,0.05403003204443079,0.005689894552446767,0.38251391949221963,0.0736307927105134,0.005332765239212721,0.29875435513796755,7.742175552855263e-05,7.742175552855263e-05,0.9108441826888545
6880,0.009969377044266413,0.0012802059024747104,0.43032131175620514,0.05398962728362636,0.00569676336178352,0.38297568818712735,0.07359025927402248,0.005339655923416179,0.2991403878664526,7.753445095144717e-05,7.753445095144717e-05,0.912170011193496
6890,0.00996068770513038,0.001281683090127836,0.43081784542112134,0.053949246530730355,0.005703628089775842,0.3834371825059389,0.0735497415130993,0.00534654394277312,0.29952627130381626,7.764714637434171e-05,7.764714637434171e-05,0.9134958396981376
6900,0.00995200474243016,0.0012831591937868736,0.4313140147182768,0.0539088897841458,0.005710488736695217,0.38389840246690526,0.07350923942979112,0.005353429296935511,0.2999120054305608,7.775984179723626e-05,7.775984179723626e-05,0.9148216682027794
6910,0.009943328155479375,0.0012846342135685066,0.4318098196868929,0.0538685570422757,0.005717345302813133,0.38435934808827776,0.07346875302614517,0.005360311985555321,0.3002975902271888,7.78725372201308e-05,7.78725372201308e-05,0.916147496707421
6920,0.009934657943591656,0.0012861081495894192,0.43230526036619127,0.05382824830352306,0.00572419778840108,0.38482001938830784,0.0734282823042087,0.005367192008284522,0.3006830256742029,7.798523264302535e-05,7.798523264302535e-05,0.9174733252120628
6930,0.00992599410608062,0.001287581001966295,0.43280033679539326,0.053787963566290925,0.0057310461937305456,0.3852804163852467,0.07338782726602894,0.005374069364775081,0.30106831175210536,7.809792806591988e-05,7.809792806591988e-05,0.9187991537167045
6940,0.009917336642259897,0.001289052770815818,0.43329504901372035,0.05374770282898227,0.005737890519073015,0.3857405390973455,0.07334738791365313,0.0053809440546789674,0.30145344844139876,7.821062348881444e-05,7.821062348881444e-05,0.9201249822213462
6950,0.009908685551443107,0.0012905234562546725,0.43378939706039404,0.05370746609000014,0.005744730764699979,0.3862003875428557,0.07330696424912851,0.005387816077648153,0.3018384357225856,7.832331891170899e-05,7.832331891170899e-05,0.921450810725988
6960,0.00990004083294388,0.0012919930583995415,0.43428338097463576,0.053667253347747516,0.005751566930882924,0.3866599617400285,0.07326655627450233,0.005394685433334604,0.3022232735761683,7.843601433460352e-05,7.843601433460352e-05,0.9227766392306296
6970,0.009891402486075831,0.001293461577367109,0.43477700079566683,0.05362706460062744,0.005758399017893336,0.38711926170711497,0.07322616399182183,0.00540155212139029,0.30260796198264933,7.854870975749806e-05,7.854870975749806e-05,0.9241024677352713
6980,0.009882770510152593,0.00129492901327406,0.43527025656270923,0.053586899847042915,0.0057652270260027064,0.3875782874623667,0.07318578740313422,0.005408416141467183,0.3029925009225312,7.866140518039263e-05,7.866140518039263e-05,0.9254282962399132
6990,0.009874144904487786,0.001296395366237077,0.4357631483149838,0.053546759085396946,0.00577205095548252,0.3880370390240349,0.07314542651048678,0.005415277493217248,0.30337689037631643,7.877410060328716e-05,7.877410060328716e-05,0.9267541247445548
7000,0.009865525668395037,0.0012978606363728445,0.4362556760917124,0.053506642314092565,0.005778870806604265,0.3884955164103707,0.07310508131592672,0.005422136176292457,0.3037611303245074,7.888679602618171e-05,7.888679602618171e-05,0.9280799532491966
7010,0.009856912801187966,0.0012993248237980462,0.43674783993211636,0.053466549531532764,0.005785686579639431,0.38895371963962555,0.0730647518215013,0.00542899219034478,0.30414522074760675,7.899949144907627e-05,7.899949144907627e-05,0.9294057817538384
7020,0.009848306302180202,0.0013007879286293662,0.43723963987541714,0.05342648073612058,0.005792498274859503,0.3894116487300506,0.07302443802925773,0.005435845535026185,0.30452916162611676,7.91121868719708e-05,7.91121868719708e-05,0.93073161025848
7030,0.009839706170685367,0.001302249950983488,0.43773107596083627,0.053386435926259,0.005799305892535972,0.3898693036998972,0.0729841399412433,0.00544269620998864,0.30491295294054005,7.922488229486534e-05,7.922488229486534e-05,0.9320574387631216
7040,0.009831112406017084,0.001303710890977096,0.4382221482275952,0.053346415100351055,0.005806109432940321,0.3903266845674165,0.07294385755950519,0.005449544214884117,0.30529659467137915,7.933757771775989e-05,7.933757771775989e-05,0.9333832672677633
7050,0.009822525007488982,0.0013051707487268737,0.4387128567149155,0.053306418256799756,0.005812908896344043,0.39078379135085994,0.07290359088609069,0.005456389549364584,0.3056800867991364,7.945027314065444e-05,7.945027314065444e-05,0.9347090957724051
7060,0.00981394397441468,0.001306629524349505,0.4392032014620184,0.05326644539400812,0.005819704283018621,0.39124062406847865,0.07286333992304701,0.005463232213082009,0.30606342930431424,7.956296856354898e-05,7.956296856354898e-05,0.9360349242770467
7070,0.009805369306107805,0.0013080872179616738,0.43969318250812556,0.05322649651037915,0.005826495593235547,0.3916971827385241,0.0728231046724214,0.005470072205688363,0.3064466221674153,7.967566398644353e-05,7.967566398644353e-05,0.9373607527816885
7080,0.009796801001881981,0.0013095438296800638,0.4401827998924584,0.05318657160431586,0.005833282827266305,0.3921534673792474,0.07278288513626109,0.005476909526835615,0.3068296653689421,7.978835940933807e-05,7.978835940933807e-05,0.9386865812863302
7090,0.009788239061050832,0.0013109993596213591,0.44067205365423834,0.05314667067422127,0.005840065985382386,0.39260947800889984,0.07274268131661334,0.005483744176175734,0.3072125588893969,7.990105483223262e-05,7.990105483223262e-05,0.9400124097909719
7100,0.009779683482927981,0.0013124538079022437,0.44116094383268695,0.053106793718498385,0.005846845067855275,0.39306521464573274,0.07270249321552535,0.005490576153360689,0.3075953027092823,8.001375025512716e-05,8.001375025512716e-05,0.9413382382956136
7110,0.009771134266827056,0.001313907174639401,0.4416494704670255,0.05306694073555024,0.0058536200749564615,0.3935206773079974,0.07266232083504442,0.00549740545804245,0.3079778968091008,8.012644567802172e-05,8.012644567802172e-05,0.9426640668002555
7120,0.009762591412061677,0.0013153594599495154,0.44213763359647573,0.053027111723779816,0.005860391006957432,0.39397586601394496,0.07262216417721774,0.0055042320898729844,0.3083603411693549,8.023914110091626e-05,8.023914110091626e-05,0.9439898953048971
7130,0.009754054917945471,0.0013168106639492704,0.44262543326025894,0.05298730668159014,0.005867157864129677,0.394430780781827,0.07258202324409257,0.005511056048504264,0.308742635770547,8.03518365238108e-05,8.03518365238108e-05,0.9453157238095387
7140,0.009745524783792063,0.00131826078675535,0.44311286949759665,0.05294752560738424,0.005873920646744681,0.3948854216298945,0.07254189803771614,0.005517877333588257,0.30912478059317966,8.046453194670535e-05,8.046453194670535e-05,0.9466415523141805
7150,0.009737001008915076,0.0013197098284844378,0.4435999423477101,0.05290776849956512,0.005880679355073932,0.3953397885763987,0.0725017885601357,0.005524695944776932,0.3095067756177553,8.057722736959988e-05,8.057722736959988e-05,0.9479673808188221
7160,0.009728483592628132,0.0013211577892532182,0.4440866518498212,0.05286803535653578,0.005887433989388919,0.3957938816395911,0.07246169481339848,0.005531511881722259,0.3098886208247764,8.068992279249444e-05,8.068992279249444e-05,0.9492932093234638
7170,0.009719972534244859,0.0013226046691783746,0.4445729980431511,0.05282832617669925,0.005894184549961131,0.39624770083772304,0.07242161679955172,0.005538325144076206,0.31027031619474543,8.080261821538897e-05,8.080261821538897e-05,0.9506190378281055
7180,0.009711467833078878,0.0013240504683765912,0.4450589809669214,0.05278864095845853,0.005900931037062051,0.3967012461890454,0.07238155452064268,0.005545135731490744,0.31065186170816494,8.091531363828354e-05,8.091531363828354e-05,0.9519448663327474
7190,0.009702969488443817,0.0013254951869645518,0.44554460066035345,0.05274897970021664,0.005907673450963172,0.39715451771180976,0.07234150797871858,0.005551943643617842,0.3110332573455374,8.102800906117807e-05,8.102800906117807e-05,0.953270694837389
7200,0.009694477499653298,0.0013269388250589397,0.4460298571626688,0.052709342400376606,0.005914411791935978,0.39760751542426737,0.07230147717582666,0.0055587488801094685,0.3114145030873652,8.114070448407261e-05,8.114070448407261e-05,0.9545965233420307
7210,0.009685991866020946,0.0013283813827764399,0.446514750513089,0.05266972905734142,0.00592114606025196,0.3980602393446695,0.07226146211401416,0.005565551440617595,0.311795598914151,8.125339990696716e-05,8.125339990696716e-05,0.9559223518466724
7220,0.009677512586860384,0.0013298228602337352,0.44699928075083534,0.05263013966951411,0.005927876256182603,0.3985126894912674,0.07222146279532832,0.005572351324794186,0.31217654480639695,8.136609532986171e-05,8.136609532986171e-05,0.9572481803513142
7230,0.009669039661485239,0.00133126325754751,0.4474834479151294,0.052590574235297685,0.005934602379999395,0.3989648658823122,0.07218147922181639,0.005579148532291215,0.31255734074460595,8.147879075275625e-05,8.147879075275625e-05,0.9585740088559558
7240,0.009660573089209132,0.0013327025748344481,0.4479672520451926,0.05255103275309515,0.005941324431973827,0.39941676853605557,0.07214151139552559,0.00558594306276065,0.31293798670928014,8.15914861756508e-05,8.15914861756508e-05,0.9598998373605976
7250,0.00965211286934569,0.0013341408122112333,0.44845069318024644,0.05251151522130953,0.005948042412377382,0.39986839747074826,0.07210155931850318,0.00559273491585446,0.3133184826809221,8.170418159854535e-05,8.170418159854535e-05,0.9612256658652394
7260,0.009643659001208536,0.0013355779697945495,0.4489337713595124,0.05247202163834383,0.00595475632148155,0.400319752704642,0.07206162299279639,0.005599524091224615,0.31369882864003445,8.181687702143989e-05,8.181687702143989e-05,0.962551494369881
7270,0.009635211484111294,0.0013370140477010806,0.4494164866222119,0.05243255200260107,0.0059614661595578195,0.4007708342559878,0.07202170242045246,0.005606310588523083,0.3140790245671195,8.192957244433443e-05,8.192957244433443e-05,0.9638773228745227
7280,0.009626770317367589,0.0013384490460475107,0.44989883900756655,0.05239310631248426,0.005968171926877677,0.401221642143037,0.07198179760351862,0.005613094407401835,0.31445907044267984,8.204226786722898e-05,8.204226786722898e-05,0.9652031513791643
7290,0.009618335500291045,0.0013398829649505228,0.45038082855479755,0.05235368456639641,0.0059748736237126105,0.40167217638404096,0.07194190854404213,0.005619875547512838,0.31483896624721786,8.215496329012353e-05,8.215496329012353e-05,0.9665289798838061
7300,0.009609907032195285,0.001341315804526802,0.4508624553031267,0.05231428676274055,0.005981571250334108,0.4021224369972509,0.07190203524407023,0.005626654008508063,0.315218711961236,8.226765871301807e-05,8.226765871301807e-05,0.9678548083884478
7310,0.009601484912393939,0.0013427475648930313,0.4513437192917752,0.05227491289991967,0.005988264807013657,0.4025724240009181,0.07186217770565012,0.005633429790039479,0.31559830756523694,8.238035413591262e-05,8.238035413591262e-05,0.9691806368930895
7320,0.009593069140200625,0.0013441782461658947,0.45182462055996453,0.0522355629763368,0.005994954294022746,0.4030221374132938,0.0718223359308291,0.005640202891759055,0.315977753039723,8.249304955880716e-05,8.249304955880716e-05,0.9705064653977312
7330,0.009584659714928967,0.0013456078484620762,0.4523051591469163,0.05219623699039494,0.006001639711632862,0.4034715772526293,0.07178250992165436,0.00564697331331876,0.3163570483651966,8.260574498170171e-05,8.260574498170171e-05,0.9718322939023729
7340,0.009576256635892594,0.0013470363718982596,0.4527853350918519,0.05215693494049712,0.006008321060115491,0.40392074353717583,0.07174269968017316,0.005653741054370564,0.3167361935221604,8.271844040459624e-05,8.271844040459624e-05,0.9731581224070146
7350,0.009567859902405128,0.0013484638165911287,0.4532651484339928,0.052117656825046335,0.006014998339742124,0.40436963628518474,0.07170290520843273,0.005660506114566435,0.31711518849111686,8.283113582749078e-05,8.283113582749078e-05,0.9744839509116562
7360,0.009559469513780191,0.0013498901826573678,0.45374459921256055,0.05207840264244561,0.006021671550784247,0.4048182555149073,0.07166312650848033,0.005667268493558345,0.31749403325256836,8.294383125038535e-05,8.294383125038535e-05,0.9758097794162981
7370,0.009551085469331413,0.0013513154702136606,0.4542236874667766,0.05203917239109797,0.0060283406935133475,0.40526660124459474,0.07162336358236318,0.005674028190998259,0.3178727277870173,8.305652667327988e-05,8.305652667327988e-05,0.9771356079209398
7380,0.009542707768372412,0.0013527396793766903,0.4547024132358622,0.05199996606940639,0.006035005768200914,0.40571467349249835,0.07158361643212854,0.00568078520653815,0.3182512720749664,8.316922209617443e-05,8.316922209617443e-05,0.9784614364255815
7390,0.009534336410216816,0.0013541628102631416,0.45518077655903916,0.05196078367577392,0.006041666775118434,0.40616247227686947,0.07154388505982362,0.005687539539829985,0.3186296660969179,8.328191751906899e-05,8.328191751906899e-05,0.9797872649302233
7400,0.00952597139417825,0.001355584862989698,0.45565877747552874,0.051921625208603564,0.006048323714537396,0.40660999761595934,0.07150416946749569,0.005694291190525735,0.3190079098333745,8.339461294196352e-05,8.339461294196352e-05,0.9811130934348649
7410,0.009517612719570336,0.0013570058376730437,0.45613641602455246,0.051882490666298325,0.006054976586729286,0.40705724952801914,0.07146446965719196,0.005701040158277368,0.31938600326483857,8.350730836485806e-05,8.350730836485806e-05,0.9824389219395065
7420,0.009509260385706698,0.0013584257344298619,0.4566136922453317,0.05184338004726123,0.006061625391965593,0.4075042280313003,0.07142478563095969,0.0057077864427368535,0.31976394637181255,8.362000378775263e-05,8.362000378775263e-05,0.9837647504441485
7430,0.009500914391900962,0.001359844553376837,0.457090606177088,0.05180429334989528,0.006068270130517805,0.407950933144054,0.0713851173908461,0.005714530043556162,0.320141739134799,8.373269921064716e-05,8.373269921064716e-05,0.98509057894879
7440,0.009492574737466753,0.0013612622946306528,0.45756715785904295,0.051765230572603495,0.006074910802657408,0.40839736488453154,0.07134546493889847,0.00572127096038726,0.3205193815343003,8.38453946335417e-05,8.38453946335417e-05,0.9864164074534317
7450,0.009484241421717691,0.0013626789583079933,0.45804334733041785,0.05172619171378889,0.006081547408655891,0.40884352327098417,0.071305828277164,0.005728009192882121,0.3208968735508191,8.395809005643625e-05,8.395809005643625e-05,0.9877422359580734
7460,0.009475914443967405,0.0013640945445255418,0.45851917463043423,0.05168717677185447,0.006088179948784742,0.4092894083216633,0.07126620740768995,0.005734744740692709,0.3212742151648577,8.407078547933079e-05,8.407078547933079e-05,0.9890680644627151
7470,0.009467593803529517,0.0013655090533999826,0.4589946397983134,0.05164818574520326,0.006094808423315447,0.40973502005481993,0.07122660233252354,0.005741477603470997,0.3216514063569186,8.418348090222534e-05,8.418348090222534e-05,0.9903938929673569
7480,0.0094592792612258,0.0013669225255916147,0.45946975650138305,0.05160921820282035,0.006101432905520542,0.41018036339633884,0.071187013196152,0.005748207756654157,0.32202844575093315,8.429617632511988e-05,8.429617632511988e-05,0.9917197214719985
7490,0.009450969674247559,0.0013683351553779159,0.45994459004299687,0.05157027208560125,0.00610805374544779,0.41062546187884297,0.07114744068070605,0.00575493508427997,0.3224053268504185,8.440887174801441e-05,8.440887174801441e-05,0.9930455499766401
7500,0.009442664893375615,0.0013697469681261461,0.46041914894996505,0.05153134712199156,0.006114670989261436,0.4110703186058107,0.07110788487203794,0.00576165957175355,0.32278204883773387,8.452156717090897e-05,8.452156717090897e-05,0.9943713784812819
7510,0.009434364918670205,0.0013711579638260659,0.4608934332188456,0.0514924433091383,0.006121284637446492,0.4115149336098481,0.07106834576667748,0.005768381219664827,0.3231586117459287,8.46342625938035e-05,8.46342625938035e-05,0.9956972069859235
7520,0.009426069750191559,0.0013725681424674356,0.4613674428461968,0.051453560644188434,0.006127894690487967,0.41195930692356075,0.0710288233611545,0.005775100028603734,0.3235350156080523,8.474695801669805e-05,8.474695801669805e-05,0.9970230354905653
7530,0.009417779387999911,0.0013739775040400156,0.4618411778285767,0.05141469912428898,0.006134501148870874,0.41240343857955447,0.0709893176519988,0.005781815999160203,0.32391126045715424,8.48596534395926e-05,8.48596534395926e-05,0.9983488639952071
7540,0.009409493832155497,0.0013753860485335662,0.4623146381625432,0.051375858746586935,0.006141104013080222,0.41284732861043505,0.07094982863574018,0.005788529131924168,0.3242873463262839,8.497234886248714e-05,8.497234886248714e-05,0.9996746924998486
7550,0.009401213082718546,0.001376793775937848,0.4627878238446547,0.05133703950822928,0.006147703283601024,0.41329097704880824,0.07091035630890846,0.00579523942748556,0.32466327324849076,8.508504428538169e-05,8.508504428538169e-05,1.0010005210044903
7560,0.009392937139749293,0.001378200686242621,0.46326073487146924,0.051298241406363014,0.006154298960918289,0.4137343839272799,0.07087090066803346,0.005801946886434311,0.32503904125682415,8.519773970827623e-05,8.519773970827623e-05,1.0023263495091321
7570,0.009384666003307968,0.001379606779437646,0.46373337123954483,0.05125946443813513,0.006160891045517029,0.4141775492784557,0.07083146170964497,0.005808651509360354,0.3254146503843336,8.531043513117078e-05,8.531043513117078e-05,1.003652178013774
7580,0.00937639967345481,0.001381012055512683,0.4642057329454396,0.05122070860069263,0.006167479537882254,0.41462047313494144,0.07079203943027282,0.00581535329685362,0.3257901006640684,8.542313055406533e-05,8.542313055406533e-05,1.0049780065184155
7590,0.009368138150250048,0.0013824165144574925,0.4646778199857117,0.0511819738911825,0.006174064438498977,0.4150631555293429,0.0707526338264468,0.005822052249504043,0.326165392129078,8.553582597695987e-05,8.553582597695987e-05,1.0063038350230573
7600,0.009359881433753915,0.0013838201562618349,0.46514963235691925,0.05114326030675174,0.006180645747852206,0.4155055964942658,0.07071324489469673,0.005828748367901555,0.326540524812412,8.564852139985442e-05,8.564852139985442e-05,1.007629663527699
7610,0.009351629524026647,0.0013852229809154708,0.4656211700556204,0.05110456784454734,0.006187223466426954,0.41594779606231613,0.07067387263155242,0.005835441652636086,0.32691549874711967,8.576121682274896e-05,8.576121682274896e-05,1.0089554920323407
7620,0.009343382421128475,0.0013866249884081602,0.4660924330783731,0.0510658965017163,0.006193797594708231,0.4163897542660995,0.07063451703354369,0.005842132104297571,0.32729031396625047,8.587391224564351e-05,8.587391224564351e-05,1.0102813205369825
7630,0.00933514012511963,0.0013880261787296636,0.4665634214217356,0.051027246275405606,0.006200368133181048,0.41683147113822167,0.07059517809720034,0.005848819723475942,0.3276649705028539,8.598660766853805e-05,8.598660766853805e-05,1.011607149041624
7640,0.00932690263606035,0.0013894265518697413,0.46703413508226593,0.05098861716276226,0.006206935082330416,0.41727294671128845,0.07055585581905217,0.0058555045107611305,0.3280394683899793,8.60993030914326e-05,8.60993030914326e-05,1.0129329775462659
7650,0.009318669954010863,0.0013908261078181539,0.46750457405652224,0.050950009160933264,0.006213498442641347,0.41771418101790564,0.07051655019562901,0.005862186466743068,0.32841380766067607,8.621199851432715e-05,8.621199851432715e-05,1.0142588060509075
7660,0.009310442079031407,0.0013922248465646615,0.4679747383410626,0.0509114222670656,0.0062200582145988505,0.418155174090679,0.07047726122346065,0.005868865592011689,0.3287879883479938,8.632469393722169e-05,8.632469393722169e-05,1.0155846345555493
7670,0.009302219011182212,0.0013936227680990247,0.4684446279324452,0.050872856478306264,0.006226614398687937,0.4185959259622142,0.07043798889907692,0.005875541887156923,0.32916201048498167,8.643738936011624e-05,8.643738936011624e-05,1.016910463060191
7680,0.00929400075052351,0.0013950198724110038,0.46891424282722816,0.05083431179180225,0.006233166995393619,0.4190364366651172,0.07039873321900761,0.005882215352768705,0.3295358741046894,8.655008478301077e-05,8.655008478301077e-05,1.0182362915648326
7690,0.009285787297115537,0.0013964161594903592,0.4693835830219694,0.05079578820470056,0.006239716005200907,0.4194767062319937,0.07035949417978254,0.0058888859894369655,0.3299095792401661,8.666278020590533e-05,8.666278020590533e-05,1.0195621200694744
7700,0.009277578651018525,0.0013978116293268514,0.4698526485132273,0.05075728571414818,0.006246261428594811,0.41991673469544943,0.07032027177793153,0.005895553797751638,0.33028312592446146,8.677547562879986e-05,8.677547562879986e-05,1.020887948574116
7710,0.009269374812292707,0.0013992062819102404,0.4703214392975598,0.05071880431729211,0.0062528032660603425,0.4203565220880902,0.07028106600998438,0.005902218778302654,0.33065651419062486,8.688817105169441e-05,8.688817105169441e-05,1.0222137770787578
7720,0.009261175780998316,0.0014006001172302868,0.4707899553715249,0.05068034401127935,0.0062593415180825125,0.42079606844252176,0.0702418768724709,0.005908880931679946,0.33102974407170566,8.700086647458896e-05,8.700086647458896e-05,1.0235396055833994
7730,0.009252981557195585,0.001401993135276751,0.47125819673168096,0.05064190479325688,0.006265876185146332,0.42123537379135,0.0702027043619209,0.005915540258473445,0.33140281560075324,8.71135618974835e-05,8.71135618974835e-05,1.0248654340880412
7740,0.009244792140944749,0.0014033853360393934,0.471726163374586,0.050603486660371705,0.006272407267736812,0.42167443816718053,0.0701635484748642,0.0059221967592730865,0.3317757288108172,8.722625732037805e-05,8.722625732037805e-05,1.026191262592683
7750,0.009236607532306037,0.0014047767195079744,0.4721938552967981,0.05056508960977082,0.006278934766338963,0.42211326160261925,0.07012440920783058,0.0059288504346687995,0.33214848373494676,8.733895274327259e-05,8.733895274327259e-05,1.0275170910973246
7760,0.009228427731339686,0.0014061672856722541,0.47266127249487533,0.050526713638601214,0.006285458681437796,0.42255184413027197,0.07008528655734989,0.005935501285250518,0.3325210804061915,8.745164816616714e-05,8.745164816616714e-05,1.0288429196019664
7770,0.009220252738105927,0.0014075570345219932,0.47312841496537583,0.050488358744009885,0.0062919790135183215,0.4229901857827442,0.07004618051995191,0.005942149311608174,0.33289351885760077,8.756434358906169e-05,8.756434358906169e-05,1.030168748106608
7780,0.009212082552664994,0.0014089459660469518,0.47359528270485773,0.05045002492314383,0.006298495763065551,0.42342828659264203,0.07000709109216646,0.005948794514331699,0.33326579912222404,8.767703901195623e-05,8.767703901195623e-05,1.0314945766112498
7790,0.009203917175077118,0.0014103340802368905,0.4740618757098791,0.05041171217315003,0.006305008930564496,0.4238661465925711,0.06996801827052336,0.005955436894011026,0.33363792123311076,8.778973443485078e-05,8.778973443485078e-05,1.0328204051158916
7800,0.009195756605402535,0.0014117213770815696,0.47452819397699814,0.050373420491175505,0.006311518516500166,0.4243037658151371,0.06992896205155241,0.005962076451236089,0.33400988522331027,8.790242985774532e-05,8.790242985774532e-05,1.0341462336205332
7810,0.009187600843701477,0.0014131078565707495,0.47499423750277286,0.05033514987436723,0.006318024521357573,0.424741144292946,0.06988992243178342,0.005968713186596817,0.33438169112587207,8.801512528063987e-05,8.801512528063987e-05,1.035472062125175
7820,0.009179449890034178,0.0014144935186941904,0.47546000628376145,0.0502969003198722,0.006324526945621728,0.4251782820586035,0.0698508994077462,0.005975347100683144,0.3347533389738456,8.812782070353441e-05,8.812782070353441e-05,1.0367978906298165
7830,0.009171303744460868,0.0014158783634416528,0.47592550031652187,0.05025867182483742,0.0063310257897776405,0.4256151791447153,0.06981189297597057,0.005981978194085002,0.3351248288002802,8.824051612642896e-05,8.824051612642896e-05,1.0381237191344583
7840,0.009163162407041785,0.0014172623908028973,0.47639071959761253,0.05022046438640987,0.006337521054310323,0.4260518355838872,0.06977290313298633,0.005988606467392323,0.3354961606382254,8.835321154932351e-05,8.835321154932351e-05,1.0394495476391001
7850,0.009155025877837158,0.001418645600767684,0.4768556641235912,0.05018227800173656,0.006344012739704787,0.4264882514087251,0.06973392987532329,0.0059952319211950406,0.3358673345207306,8.846590697221805e-05,8.846590697221805e-05,1.0407753761437417
7860,0.00914689415690722,0.0014200279933257731,0.4773203338910161,0.05014411266796448,0.00635050084644604,0.42692442665183455,0.06969497319951125,0.006001854556083086,0.33623835048084516,8.85786023951126e-05,8.85786023951126e-05,1.0421012046483835
7870,0.009138767244312207,0.0014214095684669254,0.47778472889644547,0.050105968382240615,0.006356985375019096,0.42736036134582156,0.06965603310208004,0.006008474372646392,0.3366092085516186,8.869129781800713e-05,8.869129781800713e-05,1.043427033153025
7880,0.00913064514011235,0.0014227903261809012,0.47824884913643734,0.050067845141711975,0.0063634663259089655,0.4277960555232917,0.06961710957955947,0.006015091371474889,0.33697990876610023,8.880399324090169e-05,8.880399324090169e-05,1.044752861657667
7890,0.009122527844367883,0.0014241702664574607,0.4787126946075497,0.050029742943525544,0.006369943699600659,0.42823150921685094,0.06957820262847933,0.0060217055531585125,0.33735045115733964,8.891668866379624e-05,8.891668866379624e-05,1.0460786901623087
7900,0.009114415357139038,0.0014255493892863641,0.47917626530634083,0.04999166178482832,0.006376417496579187,0.4286667224591049,0.06953931224536945,0.0060283169182871925,0.33772083575838613,8.902938408669077e-05,8.902938408669077e-05,1.0474045186669503
7910,0.00910630767848605,0.0014269276946573721,0.4796395612293688,0.04995360166276729,0.0063828877173295615,0.4291016952826595,0.06950043842675963,0.006034925467450862,0.33809106260228916,8.914207950958533e-05,8.914207950958533e-05,1.048730347171592
7920,0.00909820480846915,0.001428305182560245,0.4801025823731916,0.04991556257448947,0.006389354362336792,0.42953642772012046,0.06946158116917968,0.006041531201239453,0.33846113172209824,8.925477493247986e-05,8.925477493247986e-05,1.0500561756762337
7930,0.009090106747148573,0.0014296818529847433,0.48056532873436747,0.04987754451714183,0.00639581743208589,0.4299709198040934,0.06942274046915942,0.006048134120242898,0.33883104315086265,8.936747035537441e-05,8.936747035537441e-05,1.0513820041808755
7940,0.00908201349458455,0.0014310577059206272,0.48102780030945447,0.04983954748787138,0.0064022769270618675,0.43040517156718433,0.06938391632322864,0.00605473422505113,0.3392007969216319,8.948016577826895e-05,8.948016577826895e-05,1.052707832685517
7950,0.009073925050837315,0.001432432741357657,0.4814899970950107,0.0498015714838251,0.006408732847749734,0.43083918304199886,0.06934510872791717,0.00606133151625408,0.33957039306745546,8.95928612011635e-05,8.95928612011635e-05,1.0540336611901588
7960,0.009065841415967103,0.0014338069592855932,0.48195191908759427,0.049763616502150006,0.006415185194634501,0.4312729542611428,0.06930631767975481,0.00606792599444168,0.33993983162138264,8.970555662405805e-05,8.970555662405805e-05,1.0553594896948006
7970,0.009057762590034144,0.0014351803596941962,0.4824135662837634,0.04972568253999307,0.0064216339682011785,0.43170648525722205,0.06926754317527138,0.006074517660203864,0.340309112616463,8.981825204695259e-05,8.981825204695259e-05,1.0566853181994422
7980,0.009049688573098673,0.0014365529425732263,0.482874938680076,0.04968776959450131,0.006428079168934779,0.4321397760628422,0.06922878521099668,0.006081106514130564,0.3406782360857459,8.993094746984714e-05,8.993094746984714e-05,1.058011146704084
7990,0.009041619365220922,0.0014379247079124439,0.48333603627309035,0.049649877662821695,0.006434520797320313,0.4325728267106092,0.06919004378346051,0.006087692556811711,0.34104720206228073,9.004364289274168e-05,9.004364289274168e-05,1.0593369752087256
8000,0.009033554966461126,0.0014392956557016093,0.4837968590593644,0.04961200674210124,0.00644095885384279,0.4330056372331286,0.06915131888919271,0.006094275788837238,0.341416010579117,9.015633831563623e-05,9.015633831563623e-05,1.0606628037133674
8010,0.009025495376879515,0.001440665785930483,0.4842574070354565,0.04957415682948693,0.006447393338987223,0.43343820766300656,0.06911261052472306,0.006100856210797077,0.34178466166930405,9.026903373853077e-05,9.026903373853077e-05,1.061988632218009
8020,0.009017440596536325,0.0014420350985888254,0.4847176801979245,0.04953632792212577,0.006453824253238621,0.4338705380328484,0.0690739186865814,0.006107433823281161,0.34215315536589136,9.038172916142532e-05,9.038172916142532e-05,1.0633144607226508
8030,0.009009390625491788,0.0014434035936663966,0.48517767854332655,0.04949852001716473,0.006460251597081997,0.43430262837526024,0.06903524337129752,0.006114008626879422,0.3425214917019284,9.049442458431987e-05,9.049442458431987e-05,1.0646402892272926
8040,0.009001345463806137,0.0014447712711529574,0.4856374020682209,0.04946073311175084,0.00646667537100236,0.43473447872284765,0.06899658457540121,0.006120580622181792,0.3428896707104645,9.06071200072144e-05,9.06071200072144e-05,1.0659661177319342
8050,0.008993305111539604,0.001446138131038268,0.4860968507691657,0.04942296720303106,0.0064730955754847205,0.43516608910821647,0.06895794229542233,0.006127149809778203,0.3432576924245492,9.071981543010896e-05,9.071981543010896e-05,1.067291946236576
8060,0.008985269568752424,0.0014475041733120885,0.4865560246427188,0.04938522228815241,0.006479512211014092,0.4355974595639725,0.06891931652789066,0.006133716190258588,0.34362555687723184,9.08325108530035e-05,9.08325108530035e-05,1.0686177747412176
8070,0.00897723883550483,0.0014488693979641796,0.48701492368543847,0.04934749836426187,0.006485925278075484,0.43602859012272155,0.068880707269336,0.006140279764212879,0.34399326410156184,9.094520627589805e-05,9.094520627589805e-05,1.0699436032458594
8080,0.008969212911857054,0.0014502338049843016,0.48747354789388286,0.04930979542850644,0.006492334777153907,0.43645948081706937,0.06884211451628817,0.006146840532231009,0.3443608141305887,9.10579016987926e-05,9.10579016987926e-05,1.0712694317505012
8090,0.00896119179786933,0.0014515973943622148,0.48793189726461,0.04927211347803311,0.006498740708734372,0.43689013167962154,0.068803538265277,0.006153398494902909,0.3447282069973618,9.117059712168713e-05,9.117059712168713e-05,1.0725952602551427
8100,0.00895317549360189,0.0014529601660876795,0.488389971794178,0.04923445250998889,0.00650514307330189,0.43732054274298415,0.06876497851283228,0.006159953652818511,0.3450954427349306,9.128329254458169e-05,9.128329254458169e-05,1.0739210887597845
8110,0.008945163999114967,0.0014543221201504563,0.48884777147914493,0.04919681252152076,0.006511541871341473,0.43775071403976284,0.06872643525548382,0.006166506006567749,0.3454625213763445,9.139598796747622e-05,9.139598796747622e-05,1.0752469172644261
8120,0.008937157314468794,0.0014556832565403056,0.4893052963160691,0.04915919350977571,0.006517937103338131,0.4381806456025634,0.06868790848976143,0.006173055556740555,0.34582944295465295,9.150868339037077e-05,9.150868339037077e-05,1.076572745769068
8130,0.008929155439723608,0.0014570435752469875,0.4897625463015084,0.049121595471900745,0.006524328769776874,0.43861033746399153,0.06864939821219493,0.00617960230392686,0.34619620750290536,9.162137881326532e-05,9.162137881326532e-05,1.0778985742737097
8140,0.008921158374939637,0.0014584030762602625,0.49021952143202097,0.04908401840504286,0.006530716871142715,0.439039789656653,0.06861090441931413,0.006186146248716598,0.3465628150541511,9.173407423615986e-05,9.173407423615986e-05,1.0792244027783513
8150,0.008913166120177115,0.001459761759569891,0.490676221704165,0.04904646230634905,0.006537101407920663,0.43946900221315377,0.06857242710764883,0.006192687391699698,0.3469292656414397,9.184676965905441e-05,9.184676965905441e-05,1.080550231282993
8160,0.008905178675496278,0.0014611196251656333,0.49113264711449856,0.0490089271729663,0.00654348238059573,0.43989797516609946,0.06853396627372883,0.006199225733466097,0.3472955592978205,9.195946508194895e-05,9.195946508194895e-05,1.0818760597876347
8170,0.008897196040957357,0.0014624766730372502,0.4915887976595798,0.048971413002041615,0.006549859789652927,0.44032670854809586,0.06849552191408396,0.006205761274605724,0.34766169605634306,9.20721605048435e-05,9.20721605048435e-05,1.0832018882922765
8180,0.008889218216620585,0.0014638329031745013,0.4920446733359668,0.04893391979072199,0.006556233635577264,0.44075520239174876,0.06845709402524404,0.006212294015708512,0.34802767595005674,9.218485592773804e-05,9.218485592773804e-05,1.084527716796918
8190,0.008881245202546195,0.0014651883155671476,0.49250027414021763,0.04889644753615441,0.006562603918853753,0.44118345672966397,0.06841868260373886,0.0062188239573643935,0.34839349901201083,9.229755135063259e-05,9.229755135063259e-05,1.0858535453015599
8200,0.008873276998794422,0.001466542910204949,0.49295560006889044,0.04885899623548587,0.006568970639967403,0.4416114715944472,0.06838028764609823,0.006225351100163301,0.34875916527525497,9.241024677352714e-05,9.241024677352714e-05,1.0871793738062017
8210,0.008865313605425496,0.0014678966870776665,0.4934106511185433,0.04882156588586337,0.006575333799403228,0.44203924701870434,0.06834190914885196,0.006231875444695166,0.34912467477283843,9.252294219642168e-05,9.252294219642168e-05,1.0885052023108432
8220,0.00885735502249965,0.00146924964617506,0.4938654272857344,0.04878415648443391,0.006581693397646237,0.44246678303504106,0.06830354710852987,0.006238396991549921,0.3494900275378107,9.263563761931623e-05,9.263563761931623e-05,1.089831030815485
8230,0.008849401250077122,0.00147060178748689,0.4943199285670218,0.04874676802834448,0.00658804943518144,0.4428940796760631,0.06826520152166175,0.0062449157413175,0.34985522360322124,9.274833304221077e-05,9.274833304221077e-05,1.0911568593201266
8240,0.008841452288218142,0.0014719531110029167,0.49477415495896354,0.04870940051474207,0.006594401912493849,0.44332113697437636,0.06822687238477744,0.006251431694587833,0.3502202630021195,9.286102846510532e-05,9.286102846510532e-05,1.0924826878247684
8250,0.008833508136982941,0.0014733036167129008,0.4952281064581178,0.04867205394077368,0.0066007508300684765,0.4437479549625866,0.06818855969440674,0.006257944851950853,0.35058514576755484,9.297372388799986e-05,9.297372388799986e-05,1.09380851632941
8260,0.008825568796431755,0.0014746533046066023,0.4956817830610427,0.048634728303586304,0.00660709618839033,0.44417453367329945,0.06815026344707945,0.006264455213996494,0.35094987193257665,9.30864193108944e-05,9.30864193108944e-05,1.0951343448340518
8270,0.008817634266624816,0.001476002174673782,0.49613518476429647,0.04859742360032693,0.006613437987944424,0.44460087313912083,0.06811198363932537,0.0062709627813146845,0.35131444153023444,9.319911473378896e-05,9.319911473378896e-05,1.0964601733386936
8280,0.008809704547622357,0.0014773502269042,0.4965883115644369,0.04856013982814256,0.006619776229215767,0.4450269733926565,0.06807372026767435,0.00627746755449536,0.3516788545935776,9.33118101566835e-05,9.33118101566835e-05,1.0977860018433352
8290,0.008801779639484612,0.0014786974612876168,0.4970411634580224,0.04852287698418019,0.00662611091268937,0.44545283446651224,0.06803547332865616,0.006283969534128453,0.3520431111556556,9.342450557957805e-05,9.342450557957805e-05,1.099111830347977
8300,0.008793859542271812,0.0014800438778137925,0.4974937404416109,0.0484856350655868,0.006632442038850245,0.44587845639329365,0.06799724281880062,0.006290468720803893,0.3524072112495178,9.353720100247258e-05,9.353720100247258e-05,1.1004376588526186
8310,0.008785944256044193,0.0014813894764724878,0.4979460425117606,0.04844841406950941,0.006638769608183402,0.44630383920560684,0.06795902873463755,0.0062969651151116145,0.3527711549082137,9.364989642536713e-05,9.364989642536713e-05,1.1017634873572604
8320,0.008778033780861986,0.001482734257253463,0.49839806966502953,0.04841121399309499,0.006645093621173853,0.4467289829360573,0.06792083107269677,0.006303458717641549,0.3531349421647927,9.376259184826167e-05,9.376259184826167e-05,1.103089315861902
8330,0.008770128116785425,0.0014840782201464785,0.49884982189797594,0.04837403483349055,0.006651414078306608,0.4471538876172509,0.06788264982950806,0.006309949528983629,0.35349857305230414,9.387528727115622e-05,9.387528727115622e-05,1.1044151443665438
8340,0.008762227263874742,0.0014854213651412944,0.4993012992071577,0.048336876587843074,0.006657730980066679,0.4475785532817934,0.06784448500160124,0.006316437549727787,0.3538620476037976,9.398798269405077e-05,9.398798269405077e-05,1.1057409728711856
8350,0.008754331222190171,0.0014867636922276713,0.49975250158913315,0.04829973925329957,0.006664044326939075,0.4480029799622907,0.06780633658550614,0.006322922780463955,0.3542253658523224,9.410067811694531e-05,9.410067811694531e-05,1.1070668013758271
8360,0.008746439991791947,0.0014881052013953698,0.5002034290404604,0.048262622827007017,0.006670354119408809,0.44842716769134844,0.06776820457775255,0.006329405221782065,0.354588527830928,9.421337353983986e-05,9.421337353983986e-05,1.108392629880469
8370,0.0087385535727403,0.0014894458926341498,0.5006540815576973,0.048225527306112424,0.00667666035796089,0.4488511165015724,0.06773008897487029,0.00633588487427205,0.35495153357266385,9.43260689627344e-05,9.43260689627344e-05,1.1097184583851105
8380,0.008730671965095462,0.001490785765933772,0.5011044591374023,0.04818845268776277,0.00668296304308033,0.4492748264255683,0.06769198977338917,0.006342361738523841,0.35531438311057933,9.443876438562895e-05,9.443876438562895e-05,1.1110442868897523
8390,0.008722795168917672,0.0014921248212839966,0.5015545617761332,0.048151398969105065,0.0066892621752521406,0.44969829749594215,0.06765390696983897,0.0063488358151273724,0.35567707647772395,9.455145980852349e-05,9.455145980852349e-05,1.112370115394394
8400,0.008714923184267157,0.001493463058674584,0.5020043894704483,0.0481143661472863,0.006695557754961331,0.4501215297452995,0.06761584056074955,0.0063553071046725754,0.3560396137071471,9.466415523141804e-05,9.466415523141804e-05,1.1136959438990357
8410,0.008707056011204152,0.0014948004780952948,0.5024539422169058,0.048077354219453465,0.006701849782692913,0.45054452320624616,0.06757779054265069,0.006361775607749381,0.3564019948318981,9.477685065431259e-05,9.477685065431259e-05,1.1150217724036775
8420,0.008699193649788892,0.0014961370795358892,0.5029032200120636,0.04804036318275355,0.006708138258931897,0.450967277911388,0.0675397569120722,0.006368241324947723,0.35676421988502655,9.488954607720713e-05,9.488954607720713e-05,1.116347600908319
8430,0.008691336100081607,0.0014974728629861276,0.5033522228524798,0.04800339303433356,0.0067144231841632955,0.4513897938933307,0.0675017396655439,0.0063747042568575345,0.35712628889958176,9.500224150010168e-05,9.500224150010168e-05,1.1176734294129609
8440,0.008683483362142533,0.00149880782843577,0.5038009507347125,0.04796644377134049,0.006720704558872119,0.4518120711846802,0.06746373879959561,0.006381164404068745,0.3574882019086132,9.511493692299623e-05,9.511493692299623e-05,1.1189992579176027
8450,0.0086756354360319,0.0015001419758745775,0.5042494036553201,0.04792951539092133,0.006726982383543376,0.452234109818042,0.06742575431075712,0.00638762176717129,0.3578499589451703,9.522763234589077e-05,9.522763234589077e-05,1.1203250864222443
8460,0.008667792321809946,0.0015014753052923098,0.5046975816108604,0.047892607890223066,0.00673325665866208,0.4526559098260221,0.06738778619555823,0.006394076346755099,0.3582115600423025,9.534032776878532e-05,9.534032776878532e-05,1.121650914926886
8470,0.008659954019536899,0.0015028078166787278,0.5051454845978917,0.04785572126639271,0.006739527384713241,0.45307747124122616,0.06734983445052878,0.006400528143410106,0.3585730052330592,9.545302319167985e-05,9.545302319167985e-05,1.1229767434315276
8480,0.008652120529272994,0.0015041395100235915,0.5055931126129719,0.04781885551657725,0.00674579456218187,0.4534987940962601,0.06731189907219856,0.006406977157726243,0.3589342945504898,9.55657186145744e-05,9.55657186145744e-05,1.1243025719361694
8490,0.008644291851078465,0.0015054703853166617,0.5060404656526594,0.047782010637923665,0.006752058191552978,0.45391987842372955,0.0672739800570974,0.006413423390293441,0.3592954280276438,9.567841403746894e-05,9.567841403746894e-05,1.125628400440811
8500,0.008636467985013545,0.0015068004425476981,0.5064875437135119,0.04774518662757897,0.006758318273311576,0.45434072425624034,0.06723607740175508,0.006419866841701634,0.35965640569757057,9.57911094603635e-05,9.57911094603635e-05,1.1269542289454528
8510,0.008628648931138464,0.0015081296817064617,0.5069343467920879,0.04770838348269016,0.006764574807942674,0.4547613316263982,0.06719819110270144,0.006426307512540755,0.3600172275933196,9.590380488325805e-05,9.590380488325805e-05,1.1282800574500946
8520,0.00862083468951346,0.0015094581027827127,0.5073808748849453,0.047671601200404215,0.0067708277959312845,0.45518170056680896,0.06716032115646627,0.006432745403400733,0.3603778937479402,9.601650030615258e-05,9.601650030615258e-05,1.1296058859547362
8530,0.008613025260198762,0.0015107857057662113,0.5078271279886424,0.04763483977786814,0.006777077237762418,0.45560183111007846,0.06712246755957939,0.006439180514871503,0.36073840419448194,9.612919572904713e-05,9.612919572904713e-05,1.130931714459378
8540,0.008605220643254604,0.001512112490646718,0.5082731060997371,0.04759809921222893,0.006783323133921084,0.45602172328881235,0.0670846303085706,0.006445612847542997,0.3610987589659942,9.624189115194167e-05,9.624189115194167e-05,1.1322575429640196
8550,0.00859742083874122,0.0015134384574139932,0.5087188092147875,0.04756137950063357,0.006789565484892295,0.4564413771356164,0.06704680939996972,0.006452042402005146,0.3614589580955264,9.635458657483622e-05,9.635458657483622e-05,1.1335833714686614
8560,0.008589625846718844,0.0015147636060577972,0.509164237330352,0.047524680640229064,0.0067958042911610604,0.45686079268309643,0.06700900483030656,0.006458469178847883,0.3618190016161279,9.646728199773076e-05,9.646728199773076e-05,1.134909199973303
8570,0.008581835667247708,0.0015160879365678905,0.5096093904429884,0.047488002628162405,0.006802039553212393,0.4572799699638583,0.06697121659611092,0.006464893178661141,0.3621788895608482,9.657997742062531e-05,9.657997742062531e-05,1.1362350284779448
8580,0.008574050300388044,0.0015174114489340334,0.510054268549255,0.047451345461580585,0.006808271271531302,0.45769890901050764,0.06693344469391263,0.006471314402034851,0.3625386219627368,9.669267284351986e-05,9.669267284351986e-05,1.1375608569825866
8590,0.008566269746200086,0.001518734143145986,0.5104988716457096,0.047414709137630594,0.0068144994466028,0.45811760985565037,0.06689568912024149,0.0064777328495589466,0.3628981988548429,9.68053682664144e-05,9.68053682664144e-05,1.1388866854872282
8600,0.008558494004744068,0.0015200560191935093,0.5109431997289107,0.04737809365345944,0.006820724078911896,0.4585360725318921,0.0668579498716273,0.006484148521823359,0.36325762027021624,9.691806368930895e-05,9.691806368930895e-05,1.14021251399187
8610,0.008550723076080222,0.001521377077066363,0.5113872527954161,0.04734149900621411,0.006826945168943603,0.4589542970718388,0.06682022694459987,0.006490561419418021,0.3636168862419059,9.703075911220349e-05,9.703075911220349e-05,1.1415383424965115
8620,0.00854295696026878,0.001522697316754308,0.5118310308417842,0.047304925193041594,0.0068331627171829305,0.4593722835080961,0.06678252033568903,0.006496971542932864,0.3639759968029616,9.714345453509804e-05,9.714345453509804e-05,1.1428641710011533
8630,0.008535195657369979,0.0015240167382471045,0.5122745338645729,0.04726837221108889,0.006839376724114889,0.4597900318732698,0.06674483004142456,0.006503378892957823,0.3643349519864326,9.725614995799258e-05,9.725614995799258e-05,1.144189999505795
8640,0.008527439167444048,0.0015253353415345125,0.5127177618603402,0.047231840057503,0.006845587190224491,0.46020754219996574,0.0667071560583363,0.006509783470082827,0.36469375182536845,9.736884538088713e-05,9.736884538088713e-05,1.1455158280104367
8650,0.008519687490551221,0.0015266531266062932,0.5131607148256447,0.04719532872943091,0.0068517941159967465,0.4606248145207896,0.06666949838295405,0.00651618527489781,0.3650523963528185,9.748154080378168e-05,9.748154080378168e-05,1.1468416565150785
8660,0.008511940626751733,0.001527970093452206,0.513603392757044,0.04715883822401962,0.006857997501916666,0.4610418488683472,0.06663185701180761,0.006522584307992704,0.36541088560183216,9.759423622667621e-05,9.759423622667621e-05,1.14816748501972
8670,0.008504198576105815,0.001529286242062012,0.5140457956510964,0.04712236853841612,0.006864197348469261,0.46145864527524433,0.06659423194142682,0.006528980569957441,0.3657692196054589,9.770693164957077e-05,9.770693164957077e-05,1.149493313524362
8680,0.008496461338673702,0.0015306015724254715,0.5144879235043601,0.047085919669767405,0.006870393656139543,0.46187520377408686,0.06655662316834145,0.006535374061381953,0.36612739839674807,9.78196270724653e-05,9.78196270724653e-05,1.1508191420290035
8690,0.008488728914515626,0.0015319160845323444,0.514929776313393,0.04704949161522047,0.006876586425412522,0.4622915243974804,0.06651903068908133,0.006541764782856174,0.36648542200874923,9.793232249535985e-05,9.793232249535985e-05,1.1521449705336453
8700,0.008481001303691818,0.0015332297783723916,0.5153713540747534,0.047013084371922316,0.0068827756567732086,0.4627076071780307,0.06648145450017626,0.006548152734970035,0.36684329047451175,9.804501791825439e-05,9.804501791825439e-05,1.1534707990382869
8710,0.008473278506262515,0.0015345426539353732,0.5158126567849993,0.046976697937019925,0.006888961350706614,0.4631234521483437,0.06644389459815607,0.006554537918313468,0.36720100382708504,9.815771334114894e-05,9.815771334114894e-05,1.1547966275429287
8720,0.008465560522287948,0.0015358547112110494,0.5162536844406889,0.0469403323076603,0.00689514350769775,0.46353905934102513,0.06640635097955055,0.006560920333476406,0.36755856209951854,9.82704087640435e-05,9.82704087640435e-05,1.1561224560475705
8730,0.00845784735182835,0.001537165950189181,0.5166944370383801,0.046903987480990436,0.006901322128231626,0.4639544287886807,0.06636882364088952,0.006567299981048781,0.3679159653248617,9.838310418693803e-05,9.838310418693803e-05,1.157448284552212
8740,0.008450138994943955,0.0015384763708595284,0.5171349145746313,0.04686766345415733,0.0069074972127932555,0.46436956052391626,0.0663313125787028,0.006573676861620525,0.3682732135361638,9.849579960983258e-05,9.849579960983258e-05,1.1587741130568538
8750,0.008442435451694996,0.0015397859732118515,0.5175751170460005,0.04683136022430797,0.006913668761867647,0.4647844545793375,0.06629381778952018,0.00658005097578157,0.36863030676647446,9.860849503272713e-05,9.860849503272713e-05,1.1600999415614957
8760,0.008434736722141704,0.001541094757235911,0.5180150444490457,0.04679507778858935,0.006919836775939812,0.46519911098755035,0.06625633926987147,0.006586422324121849,0.3689872450488431,9.872119045562167e-05,9.872119045562167e-05,1.1614257700661372
8770,0.008427042806344315,0.001542402722921467,0.518454696780325,0.04675881614414847,0.006926001255494761,0.4656135297811604,0.0662188770162865,0.006592790907231295,0.369344028416319,9.883388587851622e-05,9.883388587851622e-05,1.162751598570779
8780,0.008419353704363062,0.0015437098702582802,0.5188940740363966,0.046722575288132326,0.006932162201017506,0.46602771099277346,0.06618143102529506,0.006599156725699839,0.36970065690195175,9.894658130141076e-05,9.894658130141076e-05,1.1640774270754206
8790,0.008411669416258174,0.001545016199236111,0.5193331762138188,0.04668635521768791,0.0069383196129930574,0.4664416546549954,0.06614400129342697,0.006605519780117413,0.37005713053879064,9.905927672430531e-05,9.905927672430531e-05,1.1654032555800624
8800,0.00840398994208989,0.0015463217098447195,0.5197720033091493,0.04665015592996221,0.006944473491906427,0.466855360800432,0.06610658781721204,0.00661188007107395,0.3704134493598852,9.917197214719985e-05,9.917197214719985e-05,1.166729084084704
8810,0.008396315281918438,0.0015476264020738663,0.5202105553189466,0.04661397742210223,0.006950623838242623,0.4672688294616889,0.06606919059318009,0.0066182375991593835,0.3707696133982848,9.92846675700944e-05,9.92846675700944e-05,1.1680549125893458
8820,0.008388645435804054,0.0015489302759133115,0.5206488322397685,0.046577819691254956,0.0069567706524866595,0.46768206067137197,0.06603180961786091,0.006624592364963643,0.3711256226870388,9.939736299298894e-05,9.939736299298894e-05,1.1693807410939874
8830,0.00838098040380697,0.0015502333313528159,0.5210868340681734,0.04654168273456739,0.006962913935123546,0.46809505446208705,0.06599444488778433,0.006630944369076664,0.37148147725919684,9.951005841588349e-05,9.951005841588349e-05,1.1707065695986292
8840,0.00837332018598742,0.0015515355683821395,0.5215245608007191,0.04650556654918652,0.0069690536866382925,0.4685078108664398,0.06595709639948014,0.0066372936120883755,0.3718371771478081,9.962275383877804e-05,9.962275383877804e-05,1.172032398103271
8850,0.008365664782405635,0.0015528369869910426,0.5219620124339639,0.046469471132259355,0.006975189907515911,0.46892032991703597,0.06591976414947816,0.006643640094588713,0.37219272238592227,9.973544926167259e-05,9.973544926167259e-05,1.1733582266079128
8860,0.00835801419312185,0.001554137587169286,0.5223991889644658,0.04643339648093287,0.006981322598241413,0.4693326116464815,0.0658824481343082,0.006649983817167606,0.3725481130065886,9.984814468456713e-05,9.984814468456713e-05,1.1746840551125544
8870,0.0083503684181963,0.0015554373689066299,0.5228360903887831,0.04639734259235408,0.006987451759299808,0.46974465608738203,0.06584514835050007,0.006656324780414989,0.3729033490428565,9.996084010746166e-05,9.996084010746166e-05,1.176009883617196
8880,0.008342727457689214,0.0015567363321928344,0.5232727167034736,0.04636130946366996,0.006993577391176109,0.4701564632723434,0.06580786479458357,0.006662662984920792,0.3732584305277755,0.00010007353553035621,0.00010007353553035621,1.1773357121218377
8890,0.008335091311660827,0.0015580344770176602,0.5237090679050959,0.04632529709202751,0.006999699494355325,0.47056803323397134,0.06577059746308853,0.006668998431274949,0.3736133574943949,0.00010018623095325077,0.00010018623095325077,1.1786615406264795
8900,0.008327459980171372,0.0015593318033708676,0.5241451439902075,0.04628930547457374,0.007005818069322467,0.4709793660048716,0.06573334635254474,0.006675331120067392,0.3739681299757643,0.0001002989263761453,0.0001002989263761453,1.1799873691311211
8910,0.00831983346328108,0.001560628311242217,0.524580944955367,0.04625333460845562,0.007011933116562546,0.4713904616176501,0.06569611145948204,0.006681661051888053,0.3743227480049329,0.00010041162179903985,0.00010041162179903985,1.181313197635763
8920,0.00831221176105019,0.0015619240006214685,0.5250164707971322,0.04621738449082016,0.0070180446365605735,0.47180132010491244,0.0656588927804302,0.0066879882273268645,0.37467721161495043,0.00010052431722193439,0.00010052431722193439,1.1826390261404045
8930,0.008304594873538929,0.001563218871498383,0.5254517215120614,0.04618145511881436,0.00702415262980156,0.4722119414992645,0.06562169031191906,0.006694312646973759,0.37503152083886604,0.00010063701264482894,0.00010063701264482894,1.1839648546450463
8940,0.008296982800807531,0.0015645129238627204,0.5258866970967127,0.046145546489585194,0.007030257096770518,0.47262232583331204,0.06558450405047841,0.006700634311418668,0.3753856757097293,0.00010074970806772348,0.00010074970806772348,1.1852906831496879
8950,0.008289375542916233,0.0015658061577042413,0.5263213975476441,0.04610965860027968,0.007036358037952457,0.47303247313966085,0.06554733399263808,0.006706953221251526,0.3757396762605897,0.00010086240349061803,0.00010086240349061803,1.1866165116543297
8960,0.008281773099925263,0.0015670985730127057,0.5267558228614136,0.0460737914480448,0.007042455453832386,0.47344238345091666,0.06551018013492786,0.006713269377062262,0.37609352252449646,0.00010097509891351258,0.00010097509891351258,1.1879423401589715
8970,0.008274175471894858,0.0015683901697778747,0.5271899730345797,0.04603794503002754,0.007048549344895319,0.4738520567996853,0.06547304247387759,0.00671958277944081,0.37644721453449914,0.00010108779433640712,0.00010108779433640712,1.189268168663613
8980,0.00826658265888525,0.001569680947989508,0.5276238480637001,0.04600211934337491,0.007054639711626266,0.47426149321857247,0.06543592100601704,0.006725893428977101,0.3768007523236471,0.00010120048975930167,0.00010120048975930167,1.1905939971682549
8990,0.008258994660956672,0.0015709709076373664,0.5280574479453332,0.04596631438523391,0.007060726554510238,0.474670692740184,0.06539881572787605,0.00673220132626107,0.3771541359249899,0.00010131318518219621,0.00010131318518219621,1.1919198256728964
9000,0.008251411478169357,0.0015722600487112102,0.5284907726760371,0.04593053015275151,0.0070668098740322444,0.4750796553971256,0.06536172663598441,0.0067385064718826475,0.37750736537157686,0.00010142588060509076,0.00010142588060509076,1.1932456541775383
9010,0.008243833110583536,0.0015735483712007994,0.5289238222523694,0.04589476664307473,0.007072889670677298,0.47548838122200315,0.06532465372687196,0.006744808866431766,0.3778604406964575,0.0001015385760279853,0.0001015385760279853,1.1945714826821798
9020,0.008236259558259447,0.0015748358750958947,0.529356596670889,0.04585902385335054,0.0070789659449304095,0.4758968702474224,0.06528759699706849,0.006751108510498358,0.3782133619326811,0.00010165127145087985,0.00010165127145087985,1.1958973111868216
9030,0.008228690821257318,0.0015761225603862566,0.5297890959281535,0.04582330178072596,0.007085038697276589,0.4763051225059891,0.06525055644310379,0.006757405404672355,0.3785661291132972,0.0001017639668737744,0.0001017639668737744,1.1972231396914634
9040,0.008221126899637384,0.0015774084270616454,0.5302213200207211,0.04578760042234797,0.007091107928200847,0.47671313803030896,0.0652135320615077,0.00676369954954369,0.3789187422713552,0.00010187666229666894,0.00010187666229666894,1.198548968196105
9050,0.00821356779345988,0.0015786934751118213,0.53065326894515,0.04575191977536356,0.007097173638188197,0.47712091685298796,0.06517652384881002,0.006769990945702295,0.3792712014399045,0.00010198935771956349,0.00010198935771956349,1.1998747967007468
9060,0.008206013502785036,0.0015799777045265447,0.5310849426979982,0.04571625983691974,0.007103235827723647,0.47752845900663166,0.06513953180154057,0.006776279593738103,0.3796235066519945,0.00010210205314245804,0.00010210205314245804,1.2012006252053886
9070,0.008198464027673087,0.001581261115295576,0.5315163412758238,0.04568062060416349,0.007109294497292209,0.4779357645238459,0.06510255591622914,0.006782565494241046,0.37997565794067484,0.00010221474856535257,0.00010221474856535257,1.2025264537100302
9080,0.008190919368184266,0.0015825437074086757,0.531947464675185,0.04564500207424181,0.0071153496473788935,0.4783428334372365,0.06506559618940555,0.006788848647801054,0.38032765533899465,0.00010232744398824713,0.00010232744398824713,1.203852282214672
9090,0.008183379524378804,0.0015838254808556041,0.53237831289264,0.0456094042443017,0.007121401278468713,0.4787496657794092,0.06502865261759962,0.006795129055008064,0.3806794988800036,0.00010244013941114166,0.00010244013941114166,1.2051781107193136
9100,0.008175844496316937,0.0015851064356261213,0.5328088859247466,0.04557382711149015,0.007127449391046676,0.47915626158296976,0.06499172519734114,0.006801406716452004,0.3810311885967509,0.00010255283483403621,0.00010255283483403621,1.2065039392239554
9110,0.008168314284058897,0.0015863865717099883,0.5332391837680632,0.045538270672954156,0.0071334939855977955,0.479562620880524,0.06495481392515995,0.006807681632722808,0.3813827245222861,0.00010266553025693075,0.00010266553025693075,1.207829767728597
9120,0.008160788887664916,0.001587665889096965,0.5336692064191478,0.045502734925840706,0.007139535062607082,0.4799687437046777,0.06491791879758582,0.006813953804410408,0.38173410668965874,0.0001027782256798253,0.0001027782256798253,1.2091555962332388
9130,0.00815326830719523,0.0015889443877768116,0.5340989538745585,0.04546721986729681,0.007145572622559545,0.48037463008803655,0.0648810398111486,0.006820223232104737,0.38208533513191806,0.00010289092110271984,0.00010289092110271984,1.2104814247378803
9140,0.008145752542710069,0.001590222067739289,0.5345284261308534,0.045431725494469444,0.007151606665940197,0.4807802800632064,0.06484417696237807,0.0068264899163957265,0.3824364098821135,0.00010300361652561439,0.00010300361652561439,1.2118072532425221
9150,0.008138241594269667,0.0015914989289741574,0.5349576231845906,0.04539625180450561,0.007157637193234048,0.48118569366279307,0.06480733024780405,0.006832753857873309,0.38278733097329465,0.00010311631194850894,0.00010311631194850894,1.213133081747164
9160,0.008130735461934257,0.0015927749714711769,0.5353865450323283,0.04536079879455231,0.007163664204926109,0.4815908709194022,0.06477049966395636,0.006839015057127418,0.3831380984385108,0.00010322900737140348,0.00010322900737140348,1.2144589102518055
9170,0.008123234145764073,0.0015940501952201084,0.5358151916706246,0.04532536646175653,0.007169687701501392,0.4819958118656397,0.0647336852073648,0.006845273514747983,0.3834887123108114,0.00010334170279429803,0.00010334170279429803,1.2157847387564473
9180,0.008115737645819347,0.0015953246002107116,0.5362435630960375,0.04528995480326526,0.0071757076834449065,0.48240051653411126,0.06469688687455918,0.006851529231324939,0.3838391726232459,0.00010345439821719257,0.00010345439821719257,1.217110567261089
9190,0.008108245962160313,0.0015965981864327473,0.5366716593051251,0.04525456381622551,0.007181724151241665,0.48280498495742274,0.06466010466206931,0.006857782207448216,0.38418947940886367,0.00010356709364008712,0.00010356709364008712,1.2184363957657307
9200,0.008100759094847206,0.001597870953875976,0.5370994802944457,0.04521919349778426,0.007187737105376677,0.4832092171681798,0.064623338566425,0.0068640324437077484,0.3845396327007142,0.00010367978906298167,0.00010367978906298167,1.2197622242703725
9210,0.008093277043940254,0.0015991429025301576,0.5375270260605571,0.04518384384508852,0.007193746546334953,0.48361321319898837,0.06458658858415607,0.0068702799406934675,0.3848896325318469,0.00010379248448587621,0.00010379248448587621,1.221088052775014
9220,0.008085799809499692,0.0016004140323850528,0.5379542966000177,0.045148514855285274,0.007199752474601505,0.48401697308245406,0.06454985471179231,0.006876524698995305,0.38523947893531124,0.00010390517990877076,0.00010390517990877076,1.222413881279656
9230,0.008078327391585757,0.001601684343430422,0.5383812919093856,0.04511320652552151,0.007205754890661344,0.4844204968511827,0.06451313694586355,0.006882766719203195,0.38558917194415654,0.0001040178753316653,0.0001040178753316653,1.2237397097842975
9240,0.008070859790258676,0.0016029538356560256,0.5388080119852187,0.04507791885294424,0.007211753794999481,0.4848237845377802,0.06447643528289959,0.006889006001907067,0.38593871159143234,0.00010413057075455985,0.00010413057075455985,1.2250655382889393
9250,0.008063397005578687,0.0016042225090516238,0.5392344568240751,0.045042651834700444,0.007217749188100926,0.4852268361748521,0.06443974971943026,0.006895242547696856,0.38628809791018803,0.00010424326617745438,0.00010424326617745438,1.2263913667935809
9260,0.00805593903760602,0.0016054903636069772,0.5396606264225133,0.04500740546793712,0.007223741070450691,0.48562965179500434,0.06440308025198532,0.006901476357162493,0.386637330933473,0.00010435596160034893,0.00010435596160034893,1.2277171952982227
9270,0.008048485886400912,0.0016067573993118456,0.540086520777091,0.04497217974980127,0.0072297294425337855,0.4860322314308427,0.06436642687709464,0.006907707430893911,0.38698641069433676,0.00010446865702324349,0.00010446865702324349,1.2290430238028645
9280,0.008041037552023591,0.0016080236161559903,0.5405121398843664,0.04493697467743988,0.007235714304835222,0.48643457511497284,0.06432978959128799,0.006913935769481041,0.3873353372258286,0.00010458135244613802,0.00010458135244613802,1.230368852307506
9290,0.008033594034534294,0.0016092890141291708,0.5409374837408977,0.04490179024799995,0.00724169565784001,0.48683668288000065,0.0642931683910952,0.0069201613735138156,0.3876841105609981,0.00010469404786903257,0.00010469404786903257,1.2316946808121478
9300,0.008026155333993252,0.001610553593221148,0.5413625523432429,0.044866626458628475,0.007247673502033161,0.4872385547585318,0.06425656327304606,0.006926384243582168,0.38803273073289457,0.00010480674329192713,0.00010480674329192713,1.2330205093167896
9310,0.008018721450460698,0.001611817353421682,0.5417873456879603,0.04483148330647244,0.0072536478378996865,0.4876401907831721,0.0642199742336704,0.0069326043802760305,0.38838119777456753,0.00010491943871482166,0.00010491943871482166,1.2343463378214312
9320,0.008011292383996865,0.0016130802947205334,0.5422118637716078,0.04479636078867885,0.007259618665924597,0.4880415909865275,0.06418340126949802,0.006938821784185335,0.38872951171906645,0.0001050321341377162,0.0001050321341377162,1.2356721663260728
9330,0.008003868134661989,0.0016143424171074624,0.5426361065907436,0.0447612589023947,0.0072655859865929035,0.4884427554012035,0.06414684437705874,0.006945036455900013,0.38907767259944054,0.00010514482956061075,0.00010514482956061075,1.2369979948307146
9340,0.0079964487025163,0.0016156037205722297,0.5430600741419258,0.044726177644766975,0.007271549800389616,0.48884368405980605,0.06411030355288236,0.0069512483960099975,0.3894256804487394,0.0001052575249835053,0.0001052575249835053,1.2383238233353564
9350,0.007989034087620034,0.0016168642051045952,0.5434837664217126,0.04469111701294268,0.007277510107799747,0.4892443769949409,0.0640737787934987,0.006957457605105221,0.3897735353000124,0.00010537022040639984,0.00010537022040639984,1.239649651839998
9360,0.007981624290033419,0.0016181238706943196,0.543907183426662,0.044656077004068796,0.0072834669093083055,0.48964483423921373,0.06403727009543754,0.006963664083775616,0.39012123718630903,0.00010548291582929439,0.00010548291582929439,1.2409754803446398
9370,0.007974219309816693,0.001619382717331163,0.544330325153332,0.04462105761529234,0.007289420205400305,0.4900450558252305,0.06400077745522874,0.006969867832611114,0.39046878614067865,0.00010559561125218894,0.00010559561125218894,1.2423013088492816
9380,0.007966819147030088,0.001620640745004886,0.544753191598281,0.04458605884376028,0.0072953699965607535,0.49044504178559684,0.06396430086940207,0.006976068852201648,0.39081618219617076,0.00010570830667508348,0.00010570830667508348,1.2436271373539232
9390,0.007959423801733834,0.0016218979537052489,0.5451757827580668,0.04455108068661963,0.0073013162832746645,0.49084479215291854,0.06392784033448735,0.006982267143137149,0.39116342538583465,0.00010582100209797803,0.00010582100209797803,1.244952965858565
9400,0.007952033273988168,0.001623154343422012,0.5455980986292477,0.04451612314101738,0.007307259066027047,0.49124430695980137,0.06389139584701439,0.006988462706007551,0.39151051574271994,0.00010593369752087257,0.00010593369752087257,1.2462787943632065
9410,0.007944647563853323,0.0016244099141449358,0.5460201392083818,0.04448118620410053,0.007313198345302913,0.49164358623885124,0.06385496740351303,0.006994655541402785,0.3918574532998759,0.00010604639294376712,0.00010604639294376712,1.2476046228678483
9420,0.00793726667138953,0.0016256646658637808,0.5464419044920271,0.04444626987301605,0.007319134121587272,0.4920426300226737,0.06381855500051303,0.0070008456499127845,0.3922042380903521,0.00010615908836666166,0.00010615908836666166,1.24893045137249
9430,0.007929890596657021,0.001626918598568307,0.5468633944767418,0.04441137414491097,0.007325066395365137,0.49244143834387466,0.06378215863454423,0.0070070330321274805,0.3925508701471978,0.0001062717837895562,0.0001062717837895562,1.2502562798771317
9440,0.007922519339716032,0.0016281717122482752,0.5472846091590841,0.044376499016932254,0.007330995167121518,0.49284001123506,0.06374577830213643,0.007013217688636806,0.3928973495034625,0.00010638447921245076,0.00010638447921245076,1.2515821083817735
9450,0.007915152900626795,0.0016294240068934454,0.5477055485356119,0.04434164448622692,0.0073369204373414255,0.49323834872883526,0.06370941399981944,0.007019399620030693,0.39324367619219575,0.0001064971746353453,0.0001064971746353453,1.252907936886415
9460,0.007907791279449544,0.0016306754824935783,0.5481262126028834,0.04430681054994195,0.0073428422065098704,0.4936364508578064,0.06367306572412308,0.007025578826899075,0.39358985024644677,0.00010660987005823985,0.00010660987005823985,1.254233765391057
9470,0.00790043447624451,0.001631926139038434,0.5485466013574568,0.04427199720522433,0.007348760475111865,0.49403431765457906,0.06363673347157717,0.007031755309831881,0.3939358716992651,0.0001067225654811344,0.0001067225654811344,1.2555595938956987
9480,0.007893082491071927,0.001633175976517773,0.54896671479589,0.04423720444922108,0.007354675243632418,0.4944319491517591,0.06360041723871147,0.007037929069419047,0.3942817405837001,0.00010683526090402893,0.00010683526090402893,1.2568854224003403
9490,0.007885735323992029,0.0016344249949213558,0.5493865529147414,0.044202432279079176,0.007360586512556542,0.49482934538195233,0.06356411702205585,0.007044100106250504,0.3946274569328014,0.00010694795632692347,0.00010694795632692347,1.2582112509049819
9500,0.00787839297506505,0.0016356731942389425,0.5498061157105688,0.04416768069194561,0.007366494282369247,0.49522650637776444,0.06352783281814009,0.007050268420916184,0.39497302077961816,0.00010706065174981802,0.00010706065174981802,1.2595370794096237
9510,0.007871055444351219,0.0016369205744602934,0.5502254031799305,0.04413294968496739,0.007372398553555546,0.4956234321718013,0.063491564623494,0.007056434014006019,0.3953184321571999,0.00010717334717271257,0.00010717334717271257,1.2608629079142655
9520,0.007863722731910772,0.0016381671355751694,0.5506444153193846,0.0440982392552915,0.007378299326600446,0.49602012279666857,0.0634553124346474,0.0070625968861099415,0.39566369109859617,0.00010728604259560711,0.00010728604259560711,1.262188736418907
9530,0.007856394837803943,0.0016394128775733304,0.5510631521254892,0.04406354940006494,0.007384196601988961,0.4964165782849721,0.06341907624813009,0.007068757037817884,0.39600879763685626,0.00010739873801850166,0.00010739873801850166,1.2635145649235489
9540,0.007849071762090962,0.001640657800444537,0.5514816135948023,0.04402888011643471,0.007390090380206101,0.4968127986693176,0.06338285606047188,0.0070749144697197786,0.39635375180502963,0.00010751143344139621,0.00010751143344139621,1.2648403934281907
9550,0.007841753504832067,0.0016419019041785494,0.5518997997238821,0.04399423140154779,0.007395980661736878,0.49720878398231105,0.0633466518682026,0.007081069182405558,0.39669855363616574,0.00010762412886429075,0.00010762412886429075,1.2661662219328322
9560,0.007834440066087486,0.0016431451887651282,0.5523177105092868,0.04395960325255118,0.0074018674470663,0.49760453425655793,0.06331046366785202,0.0070872211764651544,0.397043203163314,0.00010773682428718529,0.00010773682428718529,1.2674920504374738
9570,0.007827131445917453,0.0016443876541940338,0.5527353459475743,0.04392499566659188,0.007407750736679382,0.49800004952466426,0.06327429145595,0.0070933704524885005,0.3973877004195238,0.00010784951971007984,0.00010784951971007984,1.2688178789421156
9580,0.007819827644382204,0.0016456293004550261,0.5531527060353029,0.043890408640816884,0.007413630531061131,0.4983953298192356,0.0632381352290263,0.007099517011065527,0.39773204543784463,0.00010796221513297439,0.00010796221513297439,1.2701437074467574
9590,0.00781252866154197,0.0016468701275378658,0.5535697907690305,0.043855842172373184,0.00741950683069656,0.49879037517287794,0.06320199498361077,0.007105660852786167,0.3980762382513259,0.00010807491055586893,0.00010807491055586893,1.271469535951399
9600,0.007805234497456984,0.0016481101354323135,0.5539866001453154,0.04382129625840778,0.00742537963607068,0.4991851856181969,0.06316587071623321,0.007111801978240353,0.398420278893017,0.00010818760597876348,0.00010818760597876348,1.2727953644560408
9610,0.007797945152187479,0.0016493493241281293,0.5544031341607157,0.043786770896067646,0.0074312489476685015,0.4995797611877984,0.06312976242342341,0.0071179403880180184,0.39876416739596743,0.00010830030140165802,0.00010830030140165802,1.2741211929606824
9620,0.007790660625793689,0.0016505876936150736,0.5548193928117894,0.043752266082499804,0.007437114765975035,0.499974101914288,0.06309367010171121,0.007124076082709093,0.3991079037932265,0.00010841299682455257,0.00010841299682455257,1.2754470214653242
9630,0.007783380918335847,0.0016518252438829067,0.5552353760950947,0.04371778181485123,0.007442977091475292,0.5003682078302717,0.0630575937476264,0.007130209062903512,0.39945148811784376,0.0001085256922474471,0.0001085256922474471,1.2767728499699658
9640,0.007776106029874185,0.0016530619749213892,0.5556510840071897,0.04368331809026893,0.007448835924654283,0.5007620789683551,0.06302153335769879,0.007136339329191204,0.3997949204028686,0.00010863838767034166,0.00010863838767034166,1.2780986784746076
9650,0.007768835960468939,0.0016542978867202813,0.5560665165446323,0.043648874905899894,0.007454691265997019,0.501155715361144,0.0629854889284582,0.007142466882162105,0.4001382006813504,0.0001087510830932362,0.0001087510830932362,1.2794245069792494
9660,0.007761570710180337,0.0016555329792693435,0.5564816737039809,0.043614452258891115,0.007460543115988511,0.5015491170412444,0.06294946045643443,0.007148591722406145,0.40048132898633865,0.00010886377851613074,0.00010886377851613074,1.280750335483891
9670,0.007754310279068617,0.001656767252558336,0.5568965554817935,0.04358005014638959,0.0074663914751137705,0.5019422840412618,0.0629134479381573,0.007154713850513257,0.40082430535088276,0.0001089764739390253,0.0001089764739390253,1.2820761639885327
9680,0.007747054667194008,0.0016580007065770193,0.5573111618746283,0.04354566856554232,0.007472236343857809,0.5023352163938022,0.06287745137015661,0.007160833267073373,0.4011671298080321,0.00010908916936191985,0.00010908916936191985,1.2834019924931745
9690,0.007739803874616747,0.0016592333413151536,0.5577254928790432,0.04351130751349628,0.007478077722705634,0.5027279141314711,0.0628414707489622,0.007166949972676426,0.4015098023908362,0.00010920186478481438,0.00010920186478481438,1.2847278209978161
9700,0.007732557901397065,0.0016604651567624995,0.5581395484915964,0.04347696698739848,0.0074839156121422595,0.5031203772868745,0.06280550607110383,0.007173063967912348,0.4018523231323444,0.00010931456020770892,0.00010931456020770892,1.2860536495024577
9710,0.007725316747595195,0.0016616961529088176,0.5585533287088462,0.04344264698439591,0.0074897500126526965,0.5035126058926181,0.06276955733311135,0.007179175253371071,0.4021946920656062,0.00010942725563060347,0.00010942725563060347,1.2873794780070995
9720,0.007718080413271371,0.0016629263297438675,0.5589668335273504,0.04340834750163557,0.0074955809247219535,0.5039045999813078,0.06273362453151454,0.007185283829642527,0.40253690922367097,0.00010953995105349802,0.00010953995105349802,1.2887053065117413
9730,0.007710848898485825,0.0016641556872574103,0.5593800629436673,0.04337406853626446,0.007501408348835044,0.5042963595855491,0.06269770766284323,0.007191389697316649,0.4028789746395882,0.00010965264647639256,0.00010965264647639256,1.290031135016383
9740,0.007703622203298791,0.0016653842254392062,0.5597930169543549,0.04333981008542955,0.007507232285476978,0.504687884737948,0.06266180672362723,0.007197492856983369,0.4032208883464072,0.00010976534189928711,0.00010976534189928711,1.2913569635210247
9750,0.0076964003277705025,0.0016666119442790154,0.5602056955559716,0.04330557214627786,0.0075130527351327655,0.5050791754711103,0.06262592171039635,0.007203593309232619,0.40356265037717753,0.00010987803732218166,0.00010987803732218166,1.2926827920256665
9760,0.00768918327196119,0.0016678388437665983,0.5606180987450751,0.04327135471595637,0.007518869698287418,0.5054702318176415,0.0625900526196804,0.007209691054654332,0.4039042607649486,0.0001099907327450762,0.0001099907327450762,1.294008620530308
9770,0.00768197103593109,0.0016690649238917154,0.5610302265182235,0.04323715779161208,0.007524683175425948,0.5058610538101477,0.06255419944800918,0.00721578609383844,0.4042457195427697,0.00011010342816797074,0.00011010342816797074,1.2953344490349497
9780,0.007674763619740434,0.001670290184644127,0.5614420788719755,0.04320298137039198,0.007530493167033364,0.5062516414812345,0.0625183621919125,0.007221878427374874,0.40458702674369046,0.00011021612359086529,0.00011021612359086529,1.2966602775395915
9790,0.007667561023449454,0.0016715146260135936,0.5618536558028886,0.043168825449443074,0.007536299673594679,0.5066419948635078,0.06248254084792018,0.007227968055853568,0.4049281824007601,0.00011032881901375984,0.00011032881901375984,1.2979861060442333
9800,0.007660363247118385,0.0016727382479898752,0.562264957307521,0.04313469002591235,0.007542102695594901,0.5070321139895732,0.06244673541256203,0.007234054979864454,0.40526918654702826,0.00011044151443665438,0.00011044151443665438,1.2993119345488748
9810,0.007653170290807459,0.0016739610505627327,0.5626759833824311,0.04310057509694681,0.007547902233519045,0.5074219988920365,0.062410945882367855,0.0072401391999974635,0.40561003921554417,0.00011055420985954893,0.00011055420985954893,1.3006377630535166
9820,0.007645982154576909,0.001675183033721926,0.5630867340241769,0.04306648065969343,0.007553698287852118,0.5078116496035037,0.06237517225386746,0.00724622071684253,0.40595074043935747,0.00011066690528244348,0.00011066690528244348,1.3019635915581584
9830,0.0076387988384869696,0.0016764041974572158,0.5634972092293161,0.04303240671129922,0.007559490859079134,0.5082010661565803,0.062339414523590674,0.007252299530989584,0.40629129025151733,0.00011077960070533802,0.00011077960070533802,1.3032894200628
9840,0.007631620342597872,0.0016776245417583625,0.5639074089944075,0.04299835324891118,0.007565279947685102,0.5085902485838724,0.06230367268806729,0.00725837564302856,0.4066316886850734,0.00011089229612823257,0.00011089229612823257,1.3046152485674418
9850,0.007624446666969851,0.001678844066615126,0.5643173333160086,0.04296432026967629,0.007571065554155033,0.5089791969179853,0.062267946743827116,0.007264449053549389,0.406971935773075,0.0001110049915511271,0.0001110049915511271,1.3059410770720834
9860,0.007617277811663137,0.0016800627720172674,0.5647269821906781,0.04293030777074155,0.007576847678973938,0.5093679111915251,0.06223223668739998,0.007270519763142002,0.40731203154857154,0.00011111768697402165,0.00011111768697402165,1.3072669055767252
9870,0.007610113776737966,0.0016812806579545464,0.5651363556149736,0.042896315749253955,0.007582626322626828,0.5097563914370976,0.06219654251531567,0.0072765877723963346,0.40765197604461256,0.00011123038239691619,0.00011123038239691619,1.3085927340813668
9880,0.00760295456225457,0.001682497724416724,0.5655454535854534,0.0428623442023605,0.007588401485598716,0.5101446376873086,0.06216086422410401,0.007282653081902317,0.4079917692942474,0.00011134307781981074,0.00011134307781981074,1.3099185625860086
9890,0.007595800168273182,0.0016837139713935597,0.5659542760986754,0.04282839312720819,0.00759417316837461,0.5105326499747637,0.062125201810294815,0.007288715692249881,0.4083314113305256,0.0001114557732427053,0.0001114557732427053,1.3112443910906504
9900,0.007588650594854035,0.0016849293988748148,0.5663628231511982,0.042794462520943995,0.007599941371439522,0.5109204283320686,0.06208955527041788,0.0072947756040289595,0.4086709021864964,0.00011156846866559983,0.00011156846866559983,1.312570219595292
9910,0.007581505842057362,0.0016861440068502492,0.5667710947395794,0.04276055238071493,0.007605706095278463,0.5113079727918294,0.06205392460100302,0.007300832817829485,0.40901024189520924,0.00011168116408849438,0.00011168116408849438,1.3138960480999338
9920,0.007574365909943397,0.0016873577953096233,0.5671790908603775,0.042726662703667984,0.007611467340376444,0.5116952833866517,0.06201830979858006,0.0073068873342413895,0.4093494304897137,0.00011179385951138893,0.00011179385951138893,1.3152218766045756
9930,0.007567230798572372,0.0016885707642426977,0.5675868115101504,0.042692793486950154,0.007617225107218476,0.5120823601491412,0.06198271085967878,0.007312939153854605,0.40968846800305914,0.00011190655493428347,0.00011190655493428347,1.3165477051092171
9940,0.00756010050800452,0.0016897829136392323,0.5679942566854562,0.042658944727708425,0.00762297939628957,0.5124692031119038,0.06194712778082902,0.007318988277259066,0.410027354468295,0.00011201925035717802,0.00011201925035717802,1.317873533613859
9950,0.007552975038300075,0.001690994243488988,0.5684014263828531,0.042625116423089804,0.007628730208074735,0.5128558123075452,0.06191156055856058,0.007325034705044701,0.4103660899184706,0.00011213194578007256,0.00011213194578007256,1.3191993621185005
9960,0.0075458543895192695,0.0016922047537817249,0.5688083205988991,0.04259130857024127,0.007634477543058985,0.5132421877686713,0.06187600918940326,0.007331078437801446,0.4107046743866356,0.00011224464120296711,0.00011224464120296711,1.3205251906231423
9970,0.007538738561722337,0.0016934144445072035,0.5692149393301524,0.04255752116630984,0.007640221401727329,0.5136283295278876,0.061840473669886875,0.00733711947611923,0.41104310790583926,0.00011235733662586165,0.00011235733662586165,1.321851019127784
9980,0.00753162755496951,0.001694623315655184,0.569621282573171,0.04252375420844249,0.007645961784564778,0.5140142376178002,0.06180495399654124,0.007343157820587988,0.411381390509131,0.0001124700320487562,0.0001124700320487562,1.3231768476324257
9990,0.007524521369321023,0.0016958313672154268,0.5700273503245131,0.04249000769378622,0.007651698692056344,0.5143999120710147,0.06176945016589617,0.00734919347179765,0.41171952222956026,0.00011258272747165075,0.00011258272747165075,1.3245026761370675
10000,0.007517420004837107,0.0016970385991776926,0.570433142580737,0.04245628161948803,0.007657432124687036,0.5147853529201368,0.06173396217448146,0.007355226430338151,0.4120575031001765,0.00011269542289454529,0.00011269542289454529,1.325828504641709
10010,0.007510323461577997,0.0016982450115317412,0.5708386593384004,0.04242257598269491,0.007663162082941867,0.5151705601977725,0.061698490018826935,0.00736125669679942,0.41239533315402915,0.00011280811831743982,0.00011280811831743982,1.3271543331463507
10020,0.007503231739603924,0.0016994506042673336,0.5712439005940616,0.04238889078055385,0.007668888567305848,0.5155555339365275,0.06166303369546239,0.007367284271771393,0.41273301242416766,0.00011292081374033438,0.00011292081374033438,1.3284801616509925
10030,0.0074961448389751235,0.0017006553773742297,0.5716488663442788,0.042355226010211855,0.007674611578263987,0.5159402741690075,0.06162759320091765,0.007373309155843999,0.41307054094364143,0.00011303350916322893,0.00011303350916322893,1.3298059901556343
10040,0.007489062759751827,0.0017018593308421902,0.5720535565856101,0.0423215816688159,0.007680331116301298,0.5163247809278183,0.061592168531722516,0.007379331349607172,0.4134079187454998,0.00011314620458612346,0.00011314620458612346,1.3311318186602759
10050,0.007481985501994267,0.001703062464660975,0.5724579713146134,0.04228795775351301,0.00768604718190279,0.5167090542455657,0.0615567596844068,0.007385350853650843,0.4137451458627923,0.00011325890000901801,0.00011325890000901801,1.3324576471649177
10060,0.00747491306576268,0.001704264778820345,0.5728621105278471,0.04225435426145016,0.007691759775553475,0.5170930941548555,0.06152136665550031,0.007391367668564946,0.4140822223285684,0.00011337159543191257,0.00011337159543191257,1.3337834756695595
10070,0.007467845451117295,0.0017054662733100607,0.5732659742218691,0.04222077118977434,0.007697468897738364,0.5174769006882933,0.06148598944153286,0.007397381794939413,0.41441914817587744,0.0001134842908548071,0.0001134842908548071,1.335109304174201
10080,0.007460782658118347,0.0017066669481198818,0.5736695623932375,0.042187208535632556,0.007703174548942466,0.517860473878485,0.061450628039034255,0.007403393233364175,0.4147559234377689,0.00011359698627770165,0.00011359698627770165,1.3364351326788428
10090,0.007453724686826068,0.001707866803239569,0.5740728750385106,0.0421536662961718,0.0077088767296507954,0.5182438137580366,0.061415282444534314,0.007409401984429165,0.4150925481472922,0.00011370968170059619,0.00011370968170059619,1.3377609611834844
10100,0.007446671537300694,0.0017090658386588829,0.5744759121542463,0.04212014446853907,0.00771457544034836,0.5186269203595536,0.06137995265456284,0.0074154080487243154,0.4154290223374967,0.00011382237712349074,0.00011382237712349074,1.3390867896881262
10110,0.0074396232096024546,0.0017102640543675835,0.5748786737370027,0.04208664304988134,0.007720270681520172,0.5190097937156418,0.061344638665649646,0.007421411426839559,0.4157653460414319,0.00011393507254638528,0.00011393507254638528,1.3404126181927678
10120,0.007432579703791585,0.0017114614503554312,0.5752811597833382,0.04205316203734564,0.007725962453651243,0.519392433858907,0.06130934047432454,0.007427412119364827,0.41610151929214717,0.00011404776796927983,0.00011404776796927983,1.3417384466974096
10130,0.007425541019928317,0.0017126580266121868,0.5756833702898106,0.04201970142807894,0.007731650757226582,0.5197748408219551,0.06127405807711733,0.007433410126890052,0.416437542122692,0.00011416046339217438,0.00011416046339217438,1.3430642752020514
10140,0.007418507158072884,0.0017138537831276103,0.5760853052529782,0.04198626121922824,0.0077373355927312015,0.5201570146373916,0.061238791470557837,0.0074394054500051664,0.4167734145661158,0.00011427315881506892,0.00011427315881506892,1.344390103706693
10150,0.007411478118285521,0.0017150487198914622,0.576486964669399,0.041952841407940526,0.007743016960650112,0.5205389553378226,0.06120354065117586,0.007445398089300103,0.41710913665546795,0.00011438585423796346,0.00011438585423796346,1.3457159322113348
10160,0.007404453900626458,0.0017162428368935028,0.5768883485356311,0.041919441991362806,0.007748694861468324,0.5209206629558537,0.06116830561550121,0.007451388045364793,0.41744470842379794,0.00011449854966085802,0.00011449854966085802,1.3470417607159766
10170,0.007397434505155931,0.0017174361341234924,0.5772894568482326,0.041886062966642074,0.007754369295670849,0.5213021375240906,0.0611330863600637,0.00745737531878917,0.4177801299041552,0.00011461124508375256,0.00011461124508375256,1.3483675892206182
10180,0.007390419931934171,0.0017186286115711917,0.5776902896037619,0.04185270433092532,0.007760040263742697,0.5216833790751392,0.06109788288139314,0.0074633599101631655,0.4181154011295891,0.0001147239405066471,0.0001147239405066471,1.34969341772526
10190,0.007383410181021411,0.0017198202692263608,0.5780908467987766,0.041819366081359534,0.00776570776616888,0.5220643876416053,0.06106269517601934,0.007469341820076711,0.4184505221331491,0.00011483663592954165,0.00011483663592954165,1.3510192462299015
10200,0.007376405252477886,0.00172101110707876,0.5784911284298353,0.041786048215091715,0.007771371803434409,0.5224451632560946,0.06102752324047211,0.007475321049119741,0.4187854929478847,0.0001149493313524362,0.0001149493313524362,1.3523450747345434
10210,0.007369405146363828,0.00172220112511815,0.5788911344934957,0.041752750729268866,0.007777032376024294,0.522825705951213,0.06099236707128125,0.007481297597882186,0.41912031360684515,0.00011506202677533074,0.00011506202677533074,1.353670903239185
10220,0.007362409862739469,0.001723390323334291,0.5792908649863162,0.04171947362103797,0.007782689484423547,0.5232060157595662,0.06095722666497659,0.007487271466953979,0.4194549841430801,0.00011517472219822529,0.00011517472219822529,1.3549967317438267
10230,0.007355419401665043,0.0017245787017169433,0.5796903199048549,0.04168621688754603,0.007788343129117177,0.5235860927137597,0.060922102018087926,0.0074932426569250515,0.41978950458963876,0.00011528741762111982,0.00011528741762111982,1.3563225602484683
10240,0.007348433763200785,0.0017257662602558673,0.5800894992456697,0.04165298052594003,0.007793993310590197,0.5239659368463997,0.06088699312714507,0.0074992111683853365,0.42012387497957066,0.00011540011304401438,0.00011540011304401438,1.3576483887531101
10250,0.0073414529474069255,0.0017269529989408234,0.5804884030053188,0.041619764533366965,0.007799640029327617,0.5243455481900917,0.060851899988677835,0.007505177001924767,0.4204580953459253,0.00011551280846690893,0.00011551280846690893,1.358974217257752
10260,0.007334476954343698,0.001728138917761572,0.5808870311803603,0.04158656890697385,0.007805283285814447,0.5247249267774418,0.06081682259921603,0.007511140158133273,0.420792165721752,0.00011562550388980346,0.00011562550388980346,1.3603000457623935
10270,0.007327505784071337,0.0017293240167078735,0.5812853837673524,0.04155339364390766,0.0078109230805357005,0.5251040726410554,0.06078176095528947,0.0075171006376007895,0.4211260861401003,0.00011573819931269801,0.00011573819931269801,1.3616258742670353
10280,0.007320539436650074,0.0017305082957694883,0.5816834607628532,0.041520238741315385,0.007816559413976385,0.5254829858135385,0.060746715053427956,0.007523058440917246,0.42145985663401936,0.00011585089473559255,0.00011585089473559255,1.3629517027716769
10290,0.007313577912140143,0.0017316917549361766,0.5820812621634206,0.041487104196344035,0.007822192286621515,0.5258616663274968,0.0607116848901613,0.007529013568672578,0.421793477236559,0.0001159635901584871,0.0001159635901584871,1.3642775312763187
10300,0.007306621210601777,0.0017328743941976987,0.582478787965613,0.041453990006140605,0.007827821698956098,0.526240114215536,0.06067667046201932,0.007534966021456715,0.42212694798076833,0.00011607628558138165,0.00011607628558138165,1.3656033597809605
10310,0.007299669332095207,0.0017340562135438155,0.5828760381659884,0.04142089616785208,0.00783344765146515,0.5266183295102621,0.06064167176553181,0.0075409157998595905,0.42246026889969696,0.00011618898100427619,0.00011618898100427619,1.366929188285602
10320,0.00729272227668067,0.0017352372129642868,0.5832730127611048,0.04138782267862545,0.007839070144633675,0.5269963122442806,0.0606066887972286,0.0075468629044711365,0.4227934400263942,0.00011630167642717073,0.00011630167642717073,1.3682550167902439
10330,0.007285780044418396,0.0017364173924488734,0.5836697117475205,0.04135476953560773,0.007844689178946688,0.5273740624501974,0.06057172155363949,0.007552807335881286,0.4231264613939096,0.0001164143718500653,0.0001164143718500653,1.3695808452948857
10340,0.0072788426353686195,0.0017375967519873354,0.5840661351217933,0.0413217367359459,0.007850304754889199,0.5277515801606183,0.06053677003129429,0.0075587490946799705,0.4234593330352925,0.00011652706727295983,0.00011652706727295983,1.3709066737995272
10350,0.007271910049591573,0.0017387752915694332,0.5844622828804816,0.04128872427678695,0.00785591687294622,0.5281288654081492,0.060501834226722805,0.007564688181457122,0.42379205498359224,0.00011663976269585437,0.00011663976269585437,1.372232502304169
10360,0.007264982287147491,0.0017399530111849271,0.5848581550201435,0.041255732155277884,0.007861525533602762,0.5285059182253956,0.06046691413645485,0.007570624596802674,0.42412462727185846,0.00011675245811874892,0.00011675245811874892,1.3735583308088106
10370,0.007258059348096605,0.0017411299108235777,0.585253751537337,0.041222760368565696,0.007867130737343834,0.5288827386449635,0.06043200975702025,0.007576558341306557,0.4244570499331405,0.00011686515354164347,0.00011686515354164347,1.3748841593134524
10380,0.0072511412324991475,0.0017423059904751455,0.5856490724286203,0.04118980891379738,0.007872732484654447,0.5292593266994585,0.06039712108494878,0.007582489415558706,0.4247893230004878,0.00011697784896453801,0.00011697784896453801,1.376209987818094
10390,0.007244227940415354,0.0017434812501293906,0.5860441176905514,0.041156877788119925,0.007878330776019614,0.5296356824214866,0.06036224811677029,0.00758841782014905,0.4251214465069496,0.00011709054438743254,0.00011709054438743254,1.3775358163227358
10400,0.0072373194719054556,0.0017446556897760732,0.5864388873196884,0.04112396698868033,0.007883925611924344,0.5300118058436533,0.06032739084901456,0.007594343555667524,0.4254534204855756,0.00011720323981032711,0.00011720323981032711,1.3788616448273776
10410,0.0072304158270296865,0.001745829309404954,0.5868333813125896,0.0410910765126256,0.007889516992853651,0.5303876969985647,0.06029254927821141,0.007600266622704059,0.42578524496941506,0.00011731593523322165,0.00011731593523322165,1.3801874733320192
10420,0.007223517005848279,0.0017470021090057934,0.5872275996658128,0.04105820635710271,0.007895104919292541,0.5307633559188262,0.06025772340089065,0.0076061870218485875,0.4261169199915175,0.00011742863065611618,0.00011742863065611618,1.381513301836661
10430,0.007216623008421467,0.0017481740885683513,0.5876215423759164,0.04102535651925866,0.007900689391726029,0.531138782637044,0.0602229132135821,0.007612104753691042,0.42644844558493233,0.00011754132607901074,0.00011754132607901074,1.3828391303413026
10440,0.007209733834809481,0.0017493452480823889,0.5880152094394584,0.04099252699624045,0.007906270410639123,0.5315139771858234,0.06018811871281556,0.007618019818821354,0.4267798217827089,0.00011765402150190529,0.00011765402150190529,1.3841649588459444
10450,0.007202849485072558,0.0017505155875376659,0.5884086008529968,0.04095971778519508,0.007911847976516838,0.5318889395977705,0.06015333989512084,0.007623932217829457,0.4271110486178967,0.00011776671692479982,0.00011776671692479982,1.3854907873505862
10460,0.007195969959270929,0.0017516851069239428,0.5888017166130899,0.040926928883269535,0.007917422089844181,0.5322636699054911,0.060118576757027746,0.007629841951305282,0.42744212612354526,0.00011787941234769437,0.00011787941234769437,1.3868166158552278
10470,0.007189095257464827,0.00175285380623098,0.5891945567162957,0.04089416028761081,0.007922992751106164,0.5326381681415908,0.0600838292950661,0.007635749019838762,0.4277730543327038,0.00011799210777058893,0.00011799210777058893,1.3881424443598696
10480,0.007182225379714486,0.0017540216854485381,0.5895871211591724,0.0408614119953659,0.007928559960787798,0.5330124343386754,0.0600490975057657,0.00764165342401983,0.42810383327842183,0.00011810480319348346,0.00011810480319348346,1.3894682728645111
10490,0.007175360326080139,0.0017551887445663773,0.589979409938278,0.04082868400368181,0.007934123719374093,0.5333864685293507,0.06001438138565637,0.007647555164438417,0.4284344629937489,0.00011821749861637801,0.00011821749861637801,1.390794101369153
10500,0.007168500096622017,0.0017563549835742577,0.5903714230501707,0.04079597630970552,0.007939684027350062,0.5337602707462227,0.059979680931267904,0.007653454241684456,0.4287649435117342,0.00011833019403927255,0.00011833019403927255,1.3921199298737945
10510,0.007161644691400356,0.0017575204024619403,0.5907631604914085,0.040763288910584033,0.007945240885200716,0.5341338410218968,0.059944996139130124,0.0076593506563478785,0.42909527486542737,0.0001184428894621671,0.0001184428894621671,1.3934457583784363
10520,0.007154794110475388,0.0017586850012191848,0.5911546222585494,0.04073062180346434,0.007950794293411063,0.534507179388979,0.05991032700577283,0.0076652444090186175,0.42942545708787777,0.00011855558488506164,0.00011855558488506164,1.3947715868830781
10530,0.007147948353907345,0.001759848779835752,0.5915458083481518,0.04069797498549344,0.007956344252466116,0.534880285880075,0.05987567352772584,0.0076711355002866055,0.42975549021213477,0.00011866828030795619,0.00011866828030795619,1.3960974153877197
10540,0.007141107421756461,0.0017610117383014023,0.5919367187567738,0.04066534845381832,0.007961890762850888,0.5352531605277907,0.05984103570151897,0.007677023930741775,0.43008537427124793,0.00011878097573085074,0.00011878097573085074,1.3974232438923615
10550,0.007134271314082971,0.0017621738766058959,0.5923273534809733,0.04063274220558598,0.007967433825050385,0.5356258033647316,0.05980641352368201,0.007682909700974057,0.4304151092982665,0.00011889367115374528,0.00011889367115374528,1.398749072397003
10560,0.007127440030947104,0.0017633351947389931,0.5927177125173085,0.04060015623794341,0.00797297343954962,0.5359982144235038,0.05977180699074479,0.007688792811573385,0.43074469532624005,0.00011900636657663982,0.00011900636657663982,1.4000749009016449
10570,0.007120613572409095,0.0017644956926904545,0.5931077958623376,0.040567590548037616,0.007978509606833606,0.536370393736713,0.059737216099237114,0.007694673263129691,0.431074132388218,0.00011911906199953437,0.00011911906199953437,1.4014007294062867
10580,0.007113791938529179,0.0017656553704500403,0.5934976035126186,0.04053504513301558,0.007984042327387352,0.5367423413369647,0.059702640845688784,0.007700551056232906,0.4314034205172496,0.00011923175742242892,0.00011923175742242892,1.4027265579109283
10590,0.007106975129367588,0.0017668142280075109,0.5938871354647095,0.040502519990024306,0.00798957160169587,0.5371140572568651,0.059668081226629616,0.007706426191472964,0.4317325597463845,0.00011934445284532346,0.00011934445284532346,1.40405238641557
10600,0.007100163144984552,0.0017679722653526268,0.5942763917151687,0.04047001511621078,0.007995097430244168,0.5374855415290196,0.05963353723858942,0.007712298669439797,0.43206155010867214,0.00011945714826821801,0.00011945714826821801,1.4053782149202116
10610,0.007093355985440308,0.0017691294824751483,0.594665372260554,0.04043753050872201,0.008000619813517261,0.5378567941860343,0.05959900887809801,0.007718168490723336,0.4323903916371617,0.00011956984369111256,0.00011956984369111256,1.4067040434248534
10620,0.007086553650795089,0.0017702858793648356,0.5950540770974236,0.040405066164704975,0.008006138752000156,0.5382278152605147,0.05956449614168519,0.007724035655913516,0.4327190843649029,0.0001196825391140071,0.0001196825391140071,1.4080298719294952
10630,0.007079756141109126,0.0017714414560114494,0.5954425062223359,0.040372622081306674,0.008011654246177868,0.5385986047850667,0.059529999025880784,0.007729900165600266,0.43304762832494487,0.00011979523453690163,0.00011979523453690163,1.4093557004341368
10640,0.007072963456442651,0.00177259621240475,0.5958306596318487,0.0403401982556741,0.008017166296535405,0.538969162792296,0.059495517527214575,0.007735762020373521,0.43337602355033733,0.00011990792995979618,0.00011990792995979618,1.4106815289387786
10650,0.007066175596855902,0.0017737501485344976,0.5962185373225202,0.04030779468495426,0.008022674903557778,0.5393394893148085,0.0594610516422164,0.007741621220823211,0.43370427007412954,0.00012002062538269073,0.00012002062538269073,1.4120073574434202
10660,0.0070593925624091065,0.0017749032643904527,0.5966061392909084,0.04027541136629414,0.008028180067729998,0.5397095843852099,0.05942660136741605,0.00774747776753927,0.43403236792937083,0.00012013332080558527,0.00012013332080558527,1.413333185948062
10670,0.007052614353162501,0.0017760555599623754,0.5969934655335715,0.04024304829684072,0.008033681789537079,0.5400794480361061,0.05939216669934334,0.0077533316611116294,0.43436031714911094,0.00012024601622847982,0.00012024601622847982,1.4146590144527038
10680,0.0070458409691763185,0.0017772070352400264,0.5973805160470677,0.040210705473741025,0.008039180069464028,0.5404490803001026,0.0593577476345281,0.007759182902130223,0.434688117766399,0.00012035871165137437,0.00012035871165137437,1.4159848429573454
10690,0.007039072410510792,0.001778357690213166,0.5977672908279549,0.04017838289414203,0.008044674907995857,0.5408184812098054,0.05932334416950011,0.00776503149118498,0.43501576981428464,0.00012047140707426891,0.00012047140707426891,1.4173106714619872
10700,0.007032308677226153,0.0017795075248715547,0.5981537898727914,0.040146080555190734,0.008050166305617577,0.5411876507978203,0.059288956300789196,0.007770877428865836,0.4353432733258172,0.00012058410249716345,0.00012058410249716345,1.4186364999666288
10710,0.007025549769382635,0.0017806565392049526,0.5985400131781353,0.04011379845403413,0.0080556542628142,0.5415565890967529,0.059254584024925165,0.007776720715762721,0.435670628334046,0.00012069679792005801,0.00012069679792005801,1.4199623284712706
10720,0.007018795687040473,0.0017818047332031203,0.5989259607405446,0.04008153658781921,0.008061138780070736,0.541925296139209,0.05922022733843783,0.0077825613524655675,0.43599783487202054,0.00012080949334295255,0.00012080949334295255,1.4212881569759122
10730,0.007012046430259897,0.001782952106855818,0.5993116325565774,0.04004929495369297,0.008066619857872196,0.5422937719577946,0.05918588623785699,0.00778839933956431,0.43632489297279053,0.0001209221887658471,0.0001209221887658471,1.422613985480554
10740,0.007005301999101144,0.0017840986601528061,0.599697028622792,0.04001707354880242,0.00807209749670359,0.5426620165851153,0.059151560719712476,0.0077942346776488786,0.436651802669405,0.00012103488418874163,0.00012103488418874163,1.4239398139851955
10750,0.006998562393624444,0.0017852443930838453,0.6000821489357463,0.03998487237029453,0.008077571697049932,0.5430300300537769,0.05911725078053408,0.007800067367309206,0.4369785639949135,0.00012114757961163619,0.00012114757961163619,1.4252656424898373
10760,0.006991827613890031,0.0017863893056386955,0.6004669934919985,0.039952691415316315,0.008083042459396228,0.5433978123963851,0.059082956416851615,0.007805897409135225,0.4373051769823656,0.00012126027503453073,0.00012126027503453073,1.4265914709944791
10770,0.006985097659958138,0.0017875333978071173,0.6008515622881065,0.039920530681014754,0.008088509784227494,0.5437653636455457,0.05904867762519489,0.007811724803716866,0.4376316416648105,0.00012137297045742528,0.00012137297045742528,1.4279172994991207
10780,0.006978372531888998,0.0017886766695788712,0.601235855320629,0.03988839016453685,0.008093973672028737,0.5441326838338646,0.05901441440209373,0.007817549551644066,0.4379579580752978,0.00012148566588031983,0.00012148566588031983,1.4292431280037625
10790,0.006971652229742845,0.001789819120943717,0.6016198725861233,0.03985626986302959,0.008099434123284972,0.5444997729939476,0.058980166744077925,0.007823371653506751,0.43828412624687685,0.00012159836130321437,0.00012159836130321437,1.4305689565084043
10800,0.00696493675357991,0.001790960751891416,0.6020036140811481,0.039824169773639985,0.008104891138481205,0.5448666311584003,0.0589459346476773,0.007829191109894858,0.43861014621259703,0.0001217110567261089,0.0001217110567261089,1.431894785013046
10810,0.006958226103460429,0.0017921015624117278,0.6023870798022614,0.039792089893515015,0.00811034471810245,0.5452332583598285,0.058911718109421654,0.007835007921398317,0.4389360180055079,0.00012182375214900346,0.00012182375214900346,1.4332206135176877
10820,0.006951520279444633,0.0017932415524944132,0.6027702697460211,0.03976003021980167,0.008115794862633717,0.545599654630838,0.0588775171258408,0.007840822088607063,0.43926174165865906,0.000121936447571898,0.000121936447571898,1.4345464420223293
10830,0.006944819281592756,0.0017943807221292322,0.6031531839089856,0.03972799074964697,0.008121241572560018,0.5459658200040347,0.05884333169346456,0.007846633612111024,0.4395873172050993,0.00012204914299479254,0.00012204914299479254,1.435872270526971
10840,0.006938123109965031,0.0017955190713059457,0.6035358222877129,0.03969597148019788,0.008126684848366362,0.5463317545120243,0.05880916180882273,0.007852442492500136,0.4399127446778787,0.00012216183841768708,0.00012216183841768708,1.4371980990316127
10850,0.00693143176462169,0.0017966566000143134,0.6039181848787607,0.039663972408601415,0.008132124690537762,0.5466974581874126,0.05877500746844512,0.007858248730364328,0.4402380241100464,0.00012227453384058165,0.00012227453384058165,1.4385239275362545
10860,0.006924745245622967,0.0017977933082440963,0.6043002716786877,0.039631993532004556,0.008137561099559227,0.5470629310628051,0.05874086866886155,0.007864052326293535,0.44056315553465186,0.00012238722926347618,0.00012238722926347618,1.4398497560408963
10870,0.006918063553029095,0.0017989291959850545,0.6046820826840519,0.03960003484755431,0.008142994075915769,0.5474281731708079,0.05870674540660182,0.007869853280877689,0.4408881389847445,0.00012249992468637072,0.00012249992468637072,1.4411755845455378
10880,0.006911386686900308,0.0018000642632269486,0.6050636178914113,0.039568096352397664,0.0081484236200924,0.5477931845440268,0.05867263767819575,0.007875651594706722,0.44121297449337377,0.00012261262010926529,0.00012261262010926529,1.4425014130501796
10890,0.006904714647296837,0.0018011985099595383,0.6054448772973238,0.039536178043681605,0.008153849732574128,0.5481579652150673,0.05863854548017314,0.007881447268370565,0.4415376620935891,0.00012272531553215982,0.00012272531553215982,1.4438272415548215
10900,0.0068980474342789175,0.0018023319361725847,0.6058258608983478,0.039504279918553147,0.008159272413845967,0.5485225152165355,0.0586044688090638,0.007887240302459152,0.4418622018184399,0.00012283801095505436,0.00012283801095505436,1.445153070059463
10910,0.006891385047906781,0.001803464541855848,0.6062065686910413,0.03947240197415927,0.008164691664392924,0.5488868345810369,0.05857040766139755,0.007893030697562415,0.44218659370097557,0.0001229507063779489,0.0001229507063779489,1.4464788985641046
10920,0.006884727488240661,0.0018045963269990883,0.6065870006719624,0.03944054420764698,0.008170107484700016,0.5492509233411774,0.0585363620337042,0.007898818454270286,0.44251083777424577,0.00012306340180084346,0.00012306340180084346,1.4478047270687464
10930,0.0068780747553407896,0.0018057272915920665,0.6069671568376693,0.03940870661616326,0.008175519875252248,0.5496147815295628,0.05850233192251354,0.007904603573172696,0.4428349340712995,0.000123176097223738,0.000123176097223738,1.4491305555733882
10940,0.006871426849267403,0.0018068574356245423,0.60734703718472,0.0393768891968551,0.008180928836534634,0.5499784091787988,0.05846831732435541,0.007910386054859579,0.4431588826251865,0.00012328879264663254,0.00012328879264663254,1.4504563840780298
10950,0.006864783770080731,0.0018079867590862766,0.6077266417096727,0.03934509194686952,0.008186334369032183,0.5503418063214912,0.058434318235759605,0.007916165899920866,0.4434826834689561,0.0001234014880695271,0.0001234014880695271,1.4517822125826716
10960,0.0068581455178410074,0.0018091152619670295,0.6081059704090855,0.03931331486335349,0.008191736473229908,0.5507049729902458,0.05840033465325593,0.007921943108946491,0.44380633663565777,0.00012351418349242164,0.00012351418349242164,1.4531080410873134
10970,0.006851512092608467,0.0018102429442565615,0.6084850232795165,0.03928155794345401,0.00819713514961282,0.5510679092176686,0.0583663665733742,0.007927717682526385,0.44412984215834095,0.00012362687891531618,0.00012362687891531618,1.454433869591955
10980,0.00684488349444334,0.0018113698059446328,0.6088638003175236,0.039249821184318086,0.008202530398665928,0.5514306150363648,0.05833241399264422,0.00793348962125048,0.4444532000700549,0.00012373957433821071,0.00012373957433821071,1.4557596980965966
10990,0.006838259723405862,0.001812495847021004,0.6092423015196652,0.039218104583092696,0.008207922220874244,0.5517930904789407,0.05829847690759581,0.00793925892570871,0.4447764104038493,0.00012385226976110528,0.00012385226976110528,1.4570855266012384
11000,0.006831640779556265,0.0018136210674754357,0.6096205268824993,0.03918640813692484,0.008213310616722778,0.5521553355780018,0.058264555314758784,0.007945025596491006,0.44509947319277343,0.00012396496518399982,0.00012396496518399982,1.4584113551058802
11010,0.006825026662954783,0.0018147454672976877,0.6099984764025841,0.039154731842961525,0.008218695586696542,0.552517350366154,0.058230649210662934,0.0079507896341873,0.44542238846987675,0.00012407766060689435,0.00012407766060689435,1.4597371836105217
11020,0.006818417373661648,0.0018158690464775205,0.6103761500764774,0.03912307569834973,0.008224077131280547,0.552879134876003,0.05819675859183808,0.007956551039387525,0.4457451562682087,0.00012419035602978892,0.00012419035602978892,1.4610630121151635
11030,0.006811812911737093,0.0018169918050046949,0.6107535479007377,0.03909143970023646,0.008229455250959803,0.5532406891401548,0.05816288345481403,0.007962309812681612,0.4460677766208186,0.00012430305145268346,0.00012430305145268346,1.4623888406198053
11040,0.006805213277241352,0.0018181137428689709,0.611130669871923,0.039059823845768706,0.008234829946219322,0.5536020131912149,0.0581290237961206,0.007968065954659497,0.4463902495607562,0.000124415746875578,0.000124415746875578,1.463714669124447
11050,0.006798618470234659,0.0018192348600601087,0.6115075159865911,0.03902822813209346,0.008240201217544114,0.5539631070617891,0.0580951796122876,0.007973819465911107,0.4467125751210704,0.00012452844229847253,0.00012452844229847253,1.4650404976290885
11060,0.006792028490777244,0.0018203551565678692,0.6118840862413005,0.03899665255635772,0.00824556906541919,0.5543239707844833,0.058061350899844835,0.007979570347026378,0.4470347533348111,0.0001246411377213671,0.0001246411377213671,1.4663663261337305
11070,0.0067854433389293424,0.0018214746323820124,0.6122603806326091,0.038965097115708475,0.008250933490329562,0.5546846043919031,0.05802753765532211,0.007985318598595241,0.44735678423502756,0.00012475383314426163,0.00012475383314426163,1.467692154638372
11080,0.006778863014751188,0.001822593287492299,0.6126363991570752,0.038933561807292724,0.00825629449276024,0.5550450079166547,0.057993739875249244,0.007991064221207628,0.44767866785476906,0.0001248665285671562,0.0001248665285671562,1.469017983143014
11090,0.00677228751830301,0.0018237111218884889,0.6130121418112567,0.038902046628257456,0.008261652073196233,0.5554051813913433,0.057959957556156044,0.007996807215453473,0.4480004042270853,0.00012497922399005073,0.00012497922399005073,1.4703438116476555
11100,0.006765716849645047,0.001824828135560343,0.6133876085917118,0.03887055157574969,0.008267006232122556,0.5557651248485751,0.05792619069457232,0.008002547581922707,0.4483219933850256,0.00012509191941294527,0.00012509191941294527,1.4716696401522973
11110,0.006759151008837528,0.0018259443284976212,0.6137627994949987,0.03883907664691638,0.008272356970024217,0.5561248383209557,0.05789243928702788,0.00800828532120526,0.44864343536163925,0.0001252046148358398,0.0001252046148358398,1.4729954686569389
11120,0.006752589995940686,0.001827059700690084,0.6141377145176753,0.03880762183890455,0.008277704287386228,0.5564843218410909,0.05785870333005254,0.008014020433891067,0.4489647301899758,0.00012531731025873435,0.00012531731025873435,1.4743212971615804
11130,0.0067460338110147565,0.0018281742521274922,0.6145123536562999,0.03877618714886119,0.008283048184693598,0.5568435754415865,0.0578249828201761,0.008019752920570063,0.4492858779030848,0.0001254300056816289,0.0001254300056816289,1.4756471256662225
11140,0.006739482454119972,0.0018292879827996053,0.6148867169074302,0.038744772573933293,0.008288388662431341,0.5572025991550481,0.05779127775392838,0.008025482781832174,0.4496068785340154,0.00012554270110452345,0.00012554270110452345,1.476972954170864
11150,0.006732935925316565,0.0018304008926961846,0.615260804267625,0.03871337811126785,0.008293725721084468,0.5575613930140818,0.05775758812783919,0.008031210018267338,0.4499277321158172,0.000125655396527418,0.000125655396527418,1.4782987826755059
11160,0.0067263942246647695,0.00183151298180699,0.6156346157334419,0.038682003758011854,0.008299059361137987,0.5579199570512932,0.057723913938438336,0.008036934630465483,0.4502484386815397,0.00012576809195031255,0.00012576809195031255,1.4796246111801477
11170,0.006719857352224816,0.001832624250121782,0.6160081513014393,0.03865064951131231,0.00830438958307691,0.5582782912992881,0.05769025518225562,0.008042656619016543,0.4505689982642321,0.0001258807873732071,0.0001258807873732071,1.4809504396847892
11180,0.00671332530805694,0.0018337346976303208,0.616381410968175,0.0386193153683162,0.008309716387386248,0.558636395790672,0.05765661185582087,0.00804837598451045,0.450889410896944,0.00012599348279610163,0.00012599348279610163,1.4822762681894308
11190,0.0067067980922213746,0.0018348443243223671,0.6167543947302074,0.038588001326170525,0.008315039774551013,0.5589942705580513,0.057622983955663884,0.008054092727537139,0.4512096766127248,0.00012610617821899616,0.00012610617821899616,1.4836020966940724
11200,0.006700275704778352,0.001835953130187681,0.6171271025840944,0.03855670738202228,0.008320359745056214,0.5593519156340312,0.05758937147831447,0.008059806848686539,0.451529795444624,0.00012621887364189073,0.00012621887364189073,1.4849279251987144
11210,0.006693758145788106,0.0018370611152160228,0.6174995345263942,0.03852543353301846,0.008325676299386863,0.5597093310512176,0.05755577442030245,0.008065518348548581,0.45184976742569083,0.00012633156906478526,0.00012633156906478526,1.486253753703356
11220,0.006687245415310869,0.0018381682793971532,0.6178716905536649,0.03849417977630605,0.008330989438027972,0.5600665168422165,0.05752219277815763,0.008071227227713203,0.45216959258897493,0.00012644426448767983,0.00012644426448767983,1.4875795822079978
11230,0.006680737513406873,0.0018392746227208323,0.6182435706624645,0.038462946109032066,0.00833629916146455,0.5604234730396336,0.05748862654840981,0.00807693348677033,0.4524892709675255,0.00012655695991057437,0.00012655695991057437,1.4889054107126396
11240,0.006674234440136354,0.0018403801451768206,0.6186151748493515,0.03843173252834348,0.008341605470181609,0.5607801996760745,0.05745507572758881,0.0080826371263099,0.4528088025943922,0.0001266696553334689,0.0001266696553334689,1.4902312392172812
11250,0.006667736195559543,0.0018414848467548785,0.6189865031108834,0.0384005390313873,0.00834690836466416,0.5611366967841451,0.05742154031222444,0.008088338146921843,0.45312818750262424,0.00012678235075636344,0.00012678235075636344,1.4915570677219228
11260,0.006661242779736673,0.0018425887274447664,0.6193575554436189,0.03836936561531052,0.008352207845397214,0.5614929643964514,0.0573880202988465,0.008094036549196094,0.45344742572527136,0.000126895046179258,0.000126895046179258,1.4928828962265646
11270,0.006654754192727978,0.0018436917872362442,0.6197283318441157,0.03833821227726013,0.00835750391286578,0.5618490025455986,0.05735451568398482,0.00809973233372258,0.4537665172953826,0.00012700774160215254,0.00012700774160215254,1.4942087247312064
11280,0.006648270434593692,0.001844794026119073,0.620098832308932,0.03830707901438312,0.008362796567554872,0.562204811264193,0.057321026464169186,0.008105425501091237,0.4540854622460077,0.00012712043702504708,0.00012712043702504708,1.495534553235848
11290,0.006641791505394047,0.0018458954440830127,0.620469056834626,0.038275965823826495,0.008368085809949497,0.5625603905848401,0.057287552635929426,0.008111116051891996,0.45440426061019584,0.00012723313244794162,0.00012723313244794162,1.4968603817404895
11300,0.0066353174051892744,0.001846996041117824,0.6208390054177559,0.03824487270273724,0.00837337164053467,0.5629157405401458,0.057254094195795344,0.008116803986714792,0.45472291242099677,0.00012734582787083618,0.00012734582787083618,1.4981862102451315
11310,0.00662884813403961,0.0018480958172132672,0.6212086780548797,0.03821379964826237,0.008378654059795399,0.5632708611627159,0.057220651140296744,0.008122489306149554,0.4550414177114596,0.00012745852329373072,0.00012745852329373072,1.4995120387497731
11320,0.0066223836920052855,0.0018491947723591024,0.6215780747425554,0.03818274665754885,0.008383933068216698,0.563625752485156,0.057187223465963444,0.008128172010786213,0.45535977651463383,0.00012757121871662526,0.00012757121871662526,1.5008378672544147
11330,0.0066159240791465335,0.0018502929065450902,0.6219471954773412,0.038151713727743695,0.008389208666283574,0.5639804145400722,0.05715381116932525,0.008133852101214705,0.4556779888635689,0.00012768391413951982,0.00012768391413951982,1.5021636957590567
11340,0.006609469295523588,0.0018513902197609907,0.6223160402557951,0.038120700855993894,0.00839448085448104,0.5643348473600699,0.05712041424691198,0.008139529578024962,0.45599605479131444,0.00012779660956241436,0.00012779660956241436,1.5034895242636983
11350,0.006603019341196683,0.0018524867119965645,0.6226846090744754,0.03808970803944643,0.008399749633294108,0.564689050977755,0.057087032695253434,0.008145204441806915,0.45631397433091964,0.0001279093049853089,0.0001279093049853089,1.5048153527683399
11360,0.00659657421622605,0.0018535823832415723,0.6230529019299402,0.03805873527524833,0.008405015003207787,0.5650430254257334,0.057053666510879425,0.008150876693150497,0.45663174751543406,0.00012802200040820346,0.00012802200040820346,1.5061411812729817
11370,0.006590133920671922,0.001854677233485774,0.6234209188187475,0.03802778256054655,0.008410276964707088,0.5653967707366109,0.05702031569031976,0.008156546332645639,0.45694937437790695,0.000128134695831098,0.000128134695831098,1.5074670097776235
11380,0.0065836984545945346,0.00185577126271893,0.6237886597374555,0.03799684989248811,0.008415535518277024,0.5657502869429931,0.05698698023010427,0.008162213360882273,0.45726685495138786,0.00012824739125399254,0.00012824739125399254,1.508792838282265
11390,0.006577267818054117,0.0018568644709308008,0.624156124682622,0.03796593726821999,0.008420790664402603,0.5661035740774858,0.05695366012676273,0.008167877778450334,0.45758418926892636,0.00012836008667688707,0.00012836008667688707,1.5101186667869066
11400,0.006570842011110906,0.0018579568581111468,0.6245233136508056,0.0379350446848892,0.008426042403568838,0.5664566321726949,0.05692035537682498,0.008173539585939752,0.4579013773635716,0.00012847278209978164,0.00012847278209978164,1.5114444952915487
11410,0.006564421033825131,0.0018590484242497283,0.6248902266385641,0.03790417213964272,0.00843129073626074,0.5668094612612261,0.05688706597682081,0.00817919878394046,0.45821841926837314,0.00012858547752267618,0.00012858547752267618,1.5127703237961903
11420,0.006558004886257029,0.0018601391693363058,0.6252568636424557,0.037873319629627554,0.008436535662963318,0.5671620613756851,0.05685379192328004,0.008184855373042392,0.4585353150163805,0.0001286981729455707,0.0001286981729455707,1.5140961523008318
11430,0.0065515935684668306,0.0018612290933606398,0.6256232246590385,0.03784248715199069,0.008441777184161585,0.5675144325486778,0.05682053321273249,0.008190509353835477,0.458852064640643,0.00012881086836846528,0.00012881086836846528,1.5154219808054739
11440,0.0065451870805147685,0.00186231819631249,0.6259893096848707,0.037811674703879125,0.00844701530034055,0.56786657481281,0.05678728984170795,0.008196160726909648,0.45916866817421,0.00012892356379135982,0.00012892356379135982,1.5167478093101154
11450,0.006538785422461078,0.0018634064781816173,0.62635511871651,0.037780882282439865,0.008452250011985225,0.5682184882006873,0.05675406180673624,0.008201809492854838,0.45948512565013094,0.00012903625921425435,0.00012903625921425435,1.518073637814757
11460,0.0065323885943659905,0.0018644939389577825,0.6267206517505151,0.03775010988481988,0.008457481319580622,0.5685701727449156,0.05672084910434717,0.00820745565226098,0.45980143710145555,0.0001291489546371489,0.0001291489546371489,1.5193994663193986
11470,0.006525996596289739,0.0018655805786307452,0.6270859087834437,0.03771935750816619,0.00846270922361175,0.5689216284781008,0.05668765173107054,0.008213099205718007,0.4601176025612329,0.00012926165006004345,0.00012926165006004345,1.5207252948240406
11480,0.0065196094282925585,0.0018666663971902658,0.627450889811854,0.037688625149625773,0.00846793372456362,0.5692728554328483,0.05665446968343618,0.008218740153815848,0.4604336220625125,0.000129374345482938,0.000129374345482938,1.5220511233286822
11490,0.00651322709043468,0.0018677513946261052,0.6278155948323042,0.03765791280634563,0.008473154822921245,0.5696238536417644,0.056621302957973886,0.008224378497144438,0.4607494956383439,0.00012948704090583253,0.00012948704090583253,1.5233769518333238
11500,0.006506849582776337,0.0018688355709280235,0.6281800238413524,0.03762722047547275,0.008478372519169634,0.5699746231374543,0.05658815155121347,0.00823001423629371,0.4610652233217764,0.0001295997363287271,0.0001295997363287271,1.5247027803379658
11510,0.006500476905377763,0.001869918926085781,0.6285441768355565,0.03759654815415414,0.008483586813793798,0.5703251639525242,0.05655501545968474,0.008235647371853592,0.46138080514585955,0.00012971243175162163,0.00012971243175162163,1.5260286088426074
11520,0.0064941090582991915,0.0018710014600891382,0.628908053811475,0.03756589583953678,0.008488797707278749,0.5706754761195797,0.056521894679917514,0.008241277904414021,0.4616962411436426,0.00012982512717451617,0.00012982512717451617,1.527354437347249
11530,0.006487746041600855,0.0018720831729278555,0.6292716547656657,0.037535263528767675,0.008494005200109497,0.5710255596712267,0.056488789208441595,0.008246905834564926,0.46201153134817513,0.0001299378225974107,0.0001299378225974107,1.5286802658518905
11540,0.0064813878553429865,0.0018731640645916932,0.6296349796946867,0.037504651218993816,0.008499209292771055,0.5713754146400708,0.0564556990417868,0.008252531162896242,0.4623266757925066,0.00013005051802030524,0.00013005051802030524,1.5300060943565321
11550,0.006475034499585818,0.0018742441350704116,0.6299980285950962,0.0374740589073622,0.008504409985748428,0.5717250410587178,0.05642262417648293,0.0082581538899979,0.4626416745096863,0.0001301632134431998,0.0001301632134431998,1.5313319228611741
11560,0.0064686859743895864,0.001875323384353771,0.6303608014634523,0.03744348659101981,0.008509607279526633,0.5720744389597736,0.056389564609059806,0.008263774016459832,0.4629565275327637,0.00013027590886609435,0.00013027590886609435,1.5326577513658157
11570,0.006462342279814521,0.0018764018124315322,0.6307232982963134,0.03741293426711366,0.008514801174590681,0.572423608375844,0.056356520336047225,0.00826939154287197,0.4632712348947883,0.0001303886042889889,0.0001303886042889889,1.5339835798704577
11580,0.006456003415920856,0.001877479419293455,0.6310855190902369,0.03738240193279073,0.008519991671425578,0.5727725493395345,0.056323491353975005,0.008275006469824247,0.46358579662880933,0.00013050129971188345,0.00013050129971188345,1.5353094083750993
11590,0.006449669382768825,0.0018785562049293005,0.6314474638417816,0.037351889585198014,0.00852517877051634,0.5731212618834514,0.05629047765937296,0.008280618797906595,0.4639002127678765,0.00013061399513477798,0.00013061399513477798,1.536635236879741
11600,0.006443340180418661,0.0018796321693288283,0.6318091325475053,0.03732139722148252,0.008530362472347973,0.5734697460401998,0.05625747924877089,0.008286228527708947,0.4642144833450391,0.00013072669055767252,0.00013072669055767252,1.5379610653843825
11610,0.006437015808930597,0.0018807073124817992,0.6321705252039661,0.03729092483879123,0.008535542777405493,0.573818001842386,0.05622449611869861,0.008291835659821235,0.46452860839334653,0.0001308393859805671,0.0001308393859805671,1.5392868938890245
11620,0.006430696268364865,0.0018817816343779737,0.6325316418077221,0.03726047243427114,0.008540719686173908,0.5741660293226155,0.05619152826568593,0.00829744019483339,0.4648425879458482,0.00013095208140346162,0.00013095208140346162,1.540612722393666
11630,0.0064243815587817,0.001882855135007112,0.6328924823553317,0.037230040005069256,0.008545893199138229,0.5745138285134944,0.05615857568626266,0.008303042133335346,0.4651564220355936,0.0001310647768263562,0.0001310647768263562,1.541938550898308
11640,0.006418071680241333,0.001883927814358974,0.6332530468433526,0.03719962754833256,0.008551063316783467,0.5748613994476279,0.05612563837695861,0.008308641475917035,0.46547011069563227,0.00013117747224925073,0.00013117747224925073,1.5432643794029497
11650,0.006411766632803999,0.001884999672423321,0.6336133352683432,0.03716923506120805,0.008556230039594633,0.5752087421576223,0.05609271633430359,0.008314238223168388,0.4657836539590134,0.00013129016767214526,0.00013129016767214526,1.5445902079075913
11660,0.006405466416529929,0.0018860707091899126,0.6339733476268613,0.03713886254084272,0.00856139336805674,0.5755558566760833,0.056059809554827415,0.008319832375679338,0.4660970518587864,0.0001314028630950398,0.0001314028630950398,1.5459160364122329
11670,0.006399171031479359,0.0018871409246485095,0.6343330839154653,0.037108509984383566,0.008566553302654795,0.5759027430356163,0.056026918035059894,0.008325423934039818,0.466410304428001,0.00013151555851793434,0.00013151555851793434,1.5472418649168744
11680,0.006392880477712521,0.0018882103187888724,0.6346925441307133,0.03707817738897758,0.008571709843873813,0.5762494012688277,0.05599404177153082,0.008331012898839758,0.4667234116997064,0.0001316282539408289,0.0001316282539408289,1.5485676934215165
11690,0.006386594755289646,0.001889278891600761,0.6350517282691633,0.03704786475177177,0.0085768629921988,0.5765958314083226,0.05596118076077003,0.008336599270669095,0.4670363737069521,0.00013174094936372344,0.00013174094936372344,1.549893521926158
11700,0.006380313864270969,0.001890346643073936,0.6354106363273734,0.03701757206991311,0.008582012748114773,0.5769420334867074,0.055928334999307314,0.008342183050117757,0.4673491904827875,0.00013185364478661798,0.00013185364478661798,1.5512193504307996
11710,0.006374037804716723,0.0018914135731981578,0.6357692683019017,0.03698729934054861,0.008587159112106738,0.5772880075365873,0.05589550448367249,0.008347764237775676,0.467661862060262,0.00013196634020951254,0.00013196634020951254,1.5525451789354416
11720,0.006367766576687141,0.0018924796819631867,0.6361276241893064,0.036957046560825255,0.008592302084659708,0.5776337535905685,0.05586268921039536,0.008353342834232787,0.46797438847242506,0.00013207903563240708,0.00013207903563240708,1.5538710074400832
11730,0.0063615001802424555,0.0018935449693587834,0.6364857039861456,0.03692681372789004,0.008597441666258695,0.5779792716812567,0.055829889176005745,0.008358918840079022,0.46828676975232614,0.00013219173105530162,0.00013219173105530162,1.5551968359447248
11740,0.006355238615442901,0.0018946094353747076,0.6368435076889774,0.03689660083888997,0.008602577857388705,0.5783245618412575,0.05579710437703346,0.008364492255904311,0.4685990059330146,0.00013230442647819615,0.00013230442647819615,1.5565226644493664
11750,0.006348981882348708,0.0018956730800007203,0.6372010352943597,0.036866407890972036,0.008607710658534756,0.5786696241031768,0.055764334810008295,0.008370063082298589,0.46891109704753997,0.00013241712190109072,0.00013241712190109072,1.5578484929540084
11760,0.0063427299810201124,0.0018967359032265817,0.637558286798851,0.03683623488128323,0.008612840070181853,0.5790144584996204,0.055731580471460075,0.008375631319851785,0.4692230431289516,0.00013252981732398526,0.00013252981732398526,1.55917432145865
11770,0.006336482911517346,0.001897797905042052,0.637915262199009,0.036806081806970536,0.00861796609281501,0.5793590650631939,0.0556988413579186,0.008381196969153836,0.4695348442102989,0.00013264251274687982,0.00013264251274687982,1.560500149963292
11780,0.006330240673900643,0.0018988590854368916,0.6382719614913921,0.03677594866518097,0.008623088726919238,0.5797034438265033,0.0556661174659137,0.00838676003079467,0.4698465003246314,0.00013275520816977436,0.00013275520816977436,1.5618259784679336
11790,0.006324003268230233,0.001899919444400861,0.6386283846725583,0.0367458354530615,0.008628207972979546,0.5800475948221544,0.05563340879197516,0.008392320505364221,0.47015801150499836,0.0001328679035926689,0.0001328679035926689,1.5631518069725752
11800,0.0063177706945663535,0.0019009789819237205,0.6389845317390657,0.03671574216775915,0.008633323831480947,0.5803915180827526,0.055600715332632805,0.008397878393452421,0.47046937778444936,0.00013298059901556343,0.00013298059901556343,1.5644776354772167
11810,0.0063115429529692355,0.0019020376979952307,0.6393404026874724,0.03668566880642089,0.00863843630290845,0.5807352136409041,0.05556803708441645,0.008403433695649203,0.47078059919603377,0.000133093294438458,0.000133093294438458,1.5658034639818588
11820,0.006305320043499112,0.0019030955926051516,0.6396959975143366,0.03665561536619374,0.008643545387747066,0.5810786815292144,0.05553537404385588,0.008408986412544499,0.47109167577280103,0.00013320598986135254,0.00013320598986135254,1.5671292924865003
11830,0.006299101966216216,0.001904152665743244,0.6400513162162165,0.03662558184422467,0.008648651086481808,0.5814219217802895,0.05550272620748093,0.00841453654472824,0.4714026075478006,0.00013331868528424707,0.00013331868528424707,1.568455120991142
11840,0.006292888721180781,0.001905208917399268,0.6404063587896698,0.03659556823766068,0.008653753399597687,0.581764934426735,0.05547009357182141,0.00842008409279036,0.47171339455408184,0.00013343138070714164,0.00013343138070714164,1.569780949495784
11850,0.00628668030845304,0.0019062643475629838,0.6407611252312551,0.036565574543648775,0.00865885232757971,0.5821077195011568,0.055437476133407104,0.008425629057320791,0.47202403682469424,0.00013354407613003617,0.00013354407613003617,1.5711067780004255
11860,0.0062804767280932264,0.0019073189562241522,0.6411156155375302,0.03653560075933594,0.008663947870912892,0.5824502770361607,0.05540487388876786,0.008431171438909464,0.472334534392687,0.0001336567715529307,0.0001336567715529307,1.572432606505067
11870,0.006274277980161573,0.0019083727433725334,0.6414698297050532,0.03650564688186918,0.008669040030082242,0.5827926070643523,0.05537228683443345,0.008436711238146313,0.47264488729111,0.00013376946697582525,0.00013376946697582525,1.5737584350097087
11880,0.006268084064718314,0.0019094257089978875,0.6418237677303822,0.03647571290839548,0.008674128805572771,0.5831347096183375,0.05533971496693371,0.008442248455621268,0.47295509555301224,0.00013388216239871981,0.00013388216239871981,1.5750842635143507
11890,0.00626189498182368,0.0019104778530899752,0.6421774296100757,0.03644579883606183,0.00867921419786949,0.583476584730722,0.055307158282798446,0.008447783091924264,0.4732651592114433,0.00013399485782161435,0.00013399485782161435,1.5764100920189923
11900,0.006255710731537906,0.0019115291756385568,0.6425308153406913,0.03641590466201524,0.00868429620745741,0.5838182324341115,0.05527461677855745,0.008453315147645232,0.4735750782994528,0.0001341075532445089,0.0001341075532445089,1.5777359205236339
11910,0.006249531313921225,0.0019125796766333927,0.6428839249187874,0.03638603038340269,0.008689374834821543,0.584159652761112,0.055242090450740564,0.008458844623374102,0.47388485285008974,0.00013422024866740345,0.00013422024866740345,1.579061749028276
11920,0.006243356729033868,0.0019136293560642432,0.643236758340922,0.03635617599737119,0.008694450080446899,0.5845008457443293,0.05520957929587757,0.008464371519700812,0.47419448289640403,0.000134332944090298,0.000134332944090298,1.5803875775329175
11930,0.006237186976936072,0.0019146782139208686,0.6435893156036532,0.03632634150106772,0.008699521944818489,0.5848418114163689,0.055177083310498296,0.008469895837215288,0.4745039684714447,0.00013444563951319253,0.00013444563951319253,1.581713406037559
11940,0.006231022057688067,0.0019157262501930295,0.6439415967035392,0.036296526891639286,0.008704590428421324,0.5851825498098369,0.05514460249113254,0.008475417576507467,0.4748133096082615,0.00013455833493608707,0.00013455833493608707,1.5830392345422006
11950,0.006224861971350086,0.001916773464870486,0.644293601637138,0.03626673216623287,0.008709655531740414,0.5855230609573386,0.05511213683431011,0.00848093673816728,0.4751225063399037,0.0001346710303589816,0.0001346710303589816,1.5843650630468422
11960,0.006218706717982364,0.0019178198579429986,0.6446453304010079,0.03623695732199548,0.008714717255260771,0.5858633448914803,0.05507968633656084,0.008486453322784658,0.4754315586994206,0.00013478372578187617,0.00013478372578187617,1.5856908915514842
11970,0.0062125562976451335,0.001918865429400328,0.6449967829917069,0.0362072023560741,0.008719775599467405,0.5862034016448674,0.0550472509944145,0.008491967330949535,0.47574046671986187,0.0001348964212047707,0.0001348964212047707,1.5870167200561258
11980,0.006206410710398627,0.0019199101792322342,0.6453479594057929,0.036177467265615736,0.008724830564845326,0.5865432312501059,0.055014830804400935,0.00849747876325184,0.47604923043427677,0.00013500911662766527,0.00013500911662766527,1.5883425485607678
11990,0.006200269956303077,0.0019209541074284775,0.6456988596398243,0.036147752047767365,0.00872988215187955,0.5868828337398015,0.054982425763049944,0.008502987620281508,0.4763578498757147,0.0001351218120505598,0.0001351218120505598,1.5896683770654094
12000,0.006194134035418719,0.0019219972139788185,0.6460494836903591,0.036118056699676,0.008734930361055082,0.5872222091465601,0.05495003586689133,0.008508493902628473,0.47666632507722534,0.00013523450747345434,0.00013523450747345434,1.590994205570051
12010,0.006188002947805783,0.0019230394988730176,0.6463998315539555,0.036088381218488626,0.008739975192856936,0.5875613575029872,0.05491766111245491,0.008513997610882663,0.47697465607185785,0.00013534720289634888,0.00013534720289634888,1.5923200340746926
12020,0.0061818766935245045,0.001924080962100835,0.6467499032271714,0.03605872560135224,0.00874501664777012,0.5879002788416887,0.05488530149627051,0.008519498745634013,0.47728284289266176,0.00013545989831924342,0.00013545989831924342,1.5936458625793342
12030,0.006175755272635115,0.0019251216036520313,0.647099698706565,0.036029089845413836,0.00875005472627965,0.5882389731952704,0.054852957014867906,0.008524997307472455,0.4775908855726866,0.00013557259374213798,0.00013557259374213798,1.5949716910839762
12040,0.006169638685197848,0.0019261614235163665,0.6474492179886946,0.03599947394782041,0.008755089428870533,0.5885774405963383,0.054820627664776925,0.00853049329698792,0.4778987841449815,0.00013568528916503255,0.00013568528916503255,1.5962975195886182
12050,0.006163526931272938,0.0019272004216836012,0.6477984610701181,0.03596987790571895,0.00876012075602778,0.5889156810774978,0.05478831344252738,0.008535986714770344,0.4782065386425963,0.00013579798458792709,0.00013579798458792709,1.5976233480932598
12060,0.006157420010920616,0.001928238598143496,0.6481474279473936,0.03594030171625646,0.008765148708236404,0.5892536946713548,0.05475601434464908,0.008541477561409655,0.4785141490985802,0.00013591068001082162,0.00013591068001082162,1.5989491765979014
12070,0.0061513179242011174,0.0019292759528858109,0.6484961186170792,0.03591074537657993,0.008770173285981415,0.5895914814105152,0.05472373036767183,0.008546965837495788,0.47882161554598257,0.00013602337543371616,0.00013602337543371616,1.600275005102543
12080,0.006145220671174673,0.0019303124859003063,0.6488445330757332,0.03588120888383635,0.008775194489747822,0.5899290413275846,0.05469146150812545,0.008552451543618673,0.47912893801785283,0.0001361360708566107,0.0001361360708566107,1.6016008336071845
12090,0.006139128251901518,0.0019313481971767426,0.6491926713199134,0.035851692235172726,0.008780212320020638,0.5902663744551688,0.05465920776253974,0.008557934680368244,0.47943611654724055,0.00013624876627950524,0.00013624876627950524,1.602926662111826
12100,0.006133040666441882,0.0019323830867048807,0.6495405333461783,0.03582219542773605,0.008785226777284874,0.5906034808258738,0.05462696912744451,0.00856341524833443,0.47974315116719496,0.0001363614617023998,0.0001363614617023998,1.6042524906164681
12110,0.006126957914856002,0.0019334171544744803,0.6498881191510858,0.03579271845867331,0.00879023786202554,0.5909403604723051,0.05459474559936958,0.008568893248107171,0.4800500419107659,0.00013647415712529434,0.00013647415712529434,1.6055783191211097
12120,0.006120879997204109,0.0019344504004753021,0.650235428731194,0.035763261325131496,0.008795245574727648,0.5912770134270687,0.05456253717484475,0.008574368680276391,0.4803567888110023,0.0001365868525481889,0.0001365868525481889,1.6069041476257517
12130,0.006114806913546437,0.0019354828246971063,0.6505824620830609,0.03573382402425762,0.008800249915876208,0.5916134397227701,0.054530343850399836,0.008579841545432027,0.4806633919009539,0.00013669954797108344,0.00013669954797108344,1.6082299761303933
12140,0.006108738663943219,0.0019365144271296536,0.6509292192032449,0.03570440655319866,0.00880525088595623,0.5919496393920154,0.05449816562256464,0.00858531184416401,0.48096985121367003,0.00013681224339397798,0.00013681224339397798,1.609555804635035
12150,0.0061026752484546875,0.001937545207762704,0.6512757000883037,0.03567500890910162,0.008810248485452726,0.5922856124674101,0.05446600248786898,0.008590779577062271,0.4812761667822001,0.00013692493881687251,0.00013692493881687251,1.6108816331396765
12160,0.006096616667141076,0.0019385751665860179,0.6516219047347959,0.03564563108911349,0.008815242714850709,0.5926213589815602,0.054433854442842676,0.008596244744716744,0.4815823386395935,0.00013703763423976708,0.00013703763423976708,1.6122074616443185
12170,0.006090562920062617,0.0019396043035893558,0.6519678331392792,0.03561627309038127,0.008820233574635187,0.5929568789670713,0.054401721484015515,0.008601707347717362,0.48188836681889985,0.00013715032966266162,0.00013715032966266162,1.61353329014896
12180,0.006084514007279545,0.0019406326187624782,0.652313485298312,0.03558693491005195,0.00882522106529117,0.5932921724565492,0.054369603607917316,0.008607167386654053,0.48219425135316824,0.00013726302508555615,0.00013726302508555615,1.6148591186536017
12190,0.00607846992885209,0.0019416601120951452,0.6526588612084521,0.03555761654527252,0.008830205187303673,0.5936272394825998,0.0543375008110779,0.008612624862116756,0.4824999922754485,0.00013737572050845072,0.00013737572050845072,1.6161849471582437
12200,0.006072430684840491,0.0019426867835771174,0.6530039608662579,0.03552831799318999,0.008835185941157703,0.5939620800778287,0.054305413090027066,0.008618079774695397,0.4828055896187898,0.00013748841593134526,0.00013748841593134526,1.6175107756628853
12210,0.006066396275304975,0.0019437126331981552,0.6533487842682874,0.03549903925095134,0.008840163327338274,0.5942966942748419,0.05427334044129462,0.008623532124979913,0.48311104341624167,0.0001376011113542398,0.0001376011113542398,1.6188366041675268
12220,0.006060366700305777,0.0019447376609480187,0.6536933314110986,0.035469780315703574,0.008845137346330394,0.5946310821062449,0.05424128286141039,0.008628981913560232,0.48341635370085334,0.00013771380677713433,0.00013771380677713433,1.6201624326721684
12230,0.006054341959903132,0.0019457618668164683,0.6540376022912497,0.03544054118459368,0.008850107998619076,0.5949652436046436,0.05420924034690417,0.00863442914102629,0.4837215205056745,0.0001378265022000289,0.0001378265022000289,1.6214882611768104
12240,0.006048322054157271,0.001946785250793265,0.6543815969052992,0.035411321854768654,0.008855075284689332,0.595299178802644,0.05417721289430577,0.008639873807968018,0.4840265438637545,0.00013793919762292343,0.00013793919762292343,1.622814089681452
12250,0.006042306983128427,0.0019478078128681684,0.6547253152498044,0.035382122323375495,0.008860039205026168,0.5956328877328515,0.054145200500145006,0.008645315914975348,0.48433142380814276,0.00013805189304581797,0.00013805189304581797,1.6241399181860936
12260,0.006036296746876835,0.001948829553030939,0.655068757321324,0.035352942587561186,0.0088649997601146,0.5959663704278721,0.054113203160951695,0.008650755462638212,0.4846361603718886,0.00013816458846871253,0.00013816458846871253,1.6254657466907356
12270,0.006030291345462726,0.0019498504712713374,0.6554119231164158,0.03532378264447274,0.008869956950439637,0.5962996269203116,0.054081220873255634,0.008656192451546542,0.48494075358804156,0.00013827728389160707,0.00013827728389160707,1.6267915751953772
12280,0.006024290778946334,0.0019508705675791243,0.6557548126316384,0.03529464249125713,0.008874910776486288,0.5966326572427756,0.05404925363358663,0.00866162688229027,0.48524520348965106,0.0001383899793145016,0.0001383899793145016,1.6281174037000188
12290,0.006018295047387892,0.001951889841944059,0.6560974258635492,0.03526552212506137,0.008879861238739569,0.5969654614278701,0.05401730143847451,0.008667058755459332,0.48554951010976655,0.00013850267473739615,0.00013850267473739615,1.6294432322046604
12300,0.006012304150847633,0.001952908294355903,0.6564397628087069,0.03523642154303244,0.008884808337684486,0.5972980395082006,0.053985364284449076,0.008672488071643655,0.48585367348143726,0.0001386153701602907,0.0001386153701602907,1.6307690607093024
12310,0.006006318089385791,0.0019539259248044162,0.6567818234636692,0.03520734074231735,0.008889752073806052,0.5976303915163732,0.053953442168040135,0.008677914831433176,0.48615769363771294,0.00013872806558318525,0.00013872806558318525,1.632094889213944
12320,0.006000336863062599,0.001954942733279359,0.6571236078249946,0.035178279720063085,0.008894692447589277,0.5979625174849934,0.05392153508577749,0.008683339035417825,0.4864615706116429,0.0001388407610060798,0.0001388407610060798,1.633420717718586
12330,0.005994360471938289,0.0019559587197704917,0.657465115889241,0.03514923847341664,0.008899629459519174,0.598294417446667,0.05388964303419097,0.008688760684187533,0.4867653044362764,0.00013895345642897435,0.00013895345642897435,1.6347465462232276
12340,0.005988388916073094,0.001956973884267575,0.6578063476529663,0.035120216999525,0.00890456311008075,0.5986260914339999,0.053857766009810376,0.008694179778332235,0.48706889514466306,0.0001390661518518689,0.0001390661518518689,1.6360723747278691
12350,0.005982422195527247,0.0019579882267603686,0.658147303112729,0.03509121529553518,0.008909493399759022,0.598957539479598,0.053825904009165516,0.00869959631844186,0.4873723427698521,0.00013917884727476343,0.00013917884727476343,1.6373982032325107
12360,0.005976460310360983,0.0019590017472386335,0.6584879822650869,0.035062233358594166,0.008914420329038993,0.5992887616160667,0.0537940570287862,0.008705010305106344,0.4876756473448932,0.000139291542697658,0.000139291542697658,1.6387240317371528
12370,0.005970503260634533,0.0019600144456921303,0.6588283851065984,0.03503327118584894,0.008919343898405681,0.5996197578760121,0.05376222506520224,0.008710421738915617,0.4879788089028357,0.00013940423812055253,0.00013940423812055253,1.6400498602417943
12380,0.005964551046408133,0.0019610263221106184,0.6591685116338213,0.03500432877444652,0.008924264108344094,0.5999505282920399,0.05373040811494346,0.008715830620459612,0.488281827476729,0.00013951693354344707,0.00013951693354344707,1.641375688746436
12390,0.005958603667742011,0.001962037376483859,0.659508361843314,0.03497540612153388,0.008929180959339242,0.6002810728967557,0.053698606174539636,0.00872123695032826,0.4885847030996225,0.00013962962896634163,0.00013962962896634163,1.642701517251078
12400,0.005952661124696405,0.0019630476088016123,0.6598479357316344,0.03494650322425802,0.008934094451876137,0.6006113917227655,0.05366681924052061,0.008726640729111496,0.4888874358045657,0.00013974232438923617,0.00013974232438923617,1.6440273457557195
12410,0.005946723417331545,0.001964057019053638,0.6601872332953405,0.034917620079765954,0.00893900458643979,0.6009414848026748,0.05363504730941618,0.00873204195739925,0.4891900256246078,0.0001398550198121307,0.0001398550198121307,1.645353174260361
12420,0.005940790545707666,0.0019650656072296973,0.6605262545309907,0.03488875668520465,0.008943911363515212,0.6012713521690898,0.053603290377756144,0.008737440635781454,0.48949247259279854,0.00013996771523502524,0.00013996771523502524,1.6466790027650027
12430,0.005934862509885,0.0019660733733195507,0.6608649994351431,0.03485991303772111,0.008948814783587413,0.6016009938546159,0.05357154844207033,0.008742836764848043,0.4897947767421873,0.00014008041065791978,0.00014008041065791978,1.6480048312696443
12440,0.0059289393099237805,0.001967080317312958,0.6612034680043556,0.034831089134462326,0.008953714847141405,0.6019304098918591,0.05353982149888854,0.008748230345188946,0.4900969381058233,0.00014019310608081434,0.00014019310608081434,1.6493306597742863
12450,0.005923020945884242,0.0019680864391996796,0.6615416602351865,0.03480228497257531,0.0089586115546622,0.6022596003134251,0.0535081095447406,0.008753621377394098,0.49039895671675615,0.00014030580150370888,0.00014030580150370888,1.6506564882789279
12460,0.005917107417826615,0.0019690917389694764,0.6618795761241937,0.03477350054920704,0.008963504906634806,0.6025885651519196,0.05347641257615629,0.00875900986205343,0.49070083260803526,0.00014041849692660345,0.00014041849692660345,1.6519823167835699
12470,0.005911198725811133,0.0019700962166121078,0.6622172156679353,0.034744735861504505,0.008968394903544235,0.6029173044399485,0.053444730589665444,0.008764395799756873,0.49100256581271,0.00014053119234949798,0.00014053119234949798,1.6533081452882115
12480,0.005905294869898031,0.0019710998721173354,0.6625545788629698,0.03471599090661472,0.008973281545875499,0.6032458182101175,0.05341306358179786,0.008769779191094363,0.49130415636382985,0.00014064388777239252,0.00014064388777239252,1.654633973792853
12490,0.00589939585014754,0.001972102705474919,0.662891665705855,0.03468726568168467,0.008978164834113608,0.6035741064950324,0.05338141154908335,0.008775160036655828,0.4916056042944441,0.00014075658319528706,0.00014075658319528706,1.6559598022974946
12500,0.005893501666619895,0.001973104716674619,0.6632284761931492,0.03465856018386135,0.008983044768743571,0.6039021693272988,0.05334977448805174,0.008780538337031202,0.49190690963760236,0.0001408692786181816,0.0001408692786181816,1.6572856308021362
12510,0.005887612319375327,0.0019741059057061952,0.66356501032141,0.03462987441029175,0.008987921350250404,0.604230006739523,0.053318152395232826,0.00878591409281042,0.49220807242635406,0.00014098197404107616,0.00014098197404107616,1.6586114593067782
12520,0.005881727808474071,0.0019751062725594085,0.6639012680871962,0.034601208358122866,0.008992794579119114,0.6045576187643101,0.053286545267156406,0.008791287304583409,0.49250909269374843,0.0001410946694639707,0.0001410946694639707,1.6599372878114198
12530,0.005875848133976359,0.00197610581722402,0.6642372494870655,0.03457256202450169,0.008997664455834713,0.6048850054342663,0.05325495310035231,0.008796657972940106,0.4928099704728351,0.00014120736488686526,0.00014120736488686526,1.6612631163160618
12540,0.005869973295942426,0.0019771045396897884,0.6645729545175759,0.034543935406575244,0.00900253098088221,0.6052121667819973,0.053223375891350344,0.008802026098470441,0.49311070579666333,0.0001413200603097598,0.0001413200603097598,1.6625889448207034
12550,0.005864103294432502,0.0019781024399464758,0.6649083831752859,0.03451532850149047,0.00900739415474662,0.6055391028401088,0.05319181363668031,0.008807391681764346,0.4934112986982827,0.00014143275573265434,0.00014143275573265434,1.663914773325345
12560,0.005858238129506821,0.0019790995179838414,0.6652435354567534,0.03448674130639441,0.009012253977912952,0.6058658136412067,0.05316026633287202,0.008812754723411755,0.49371174921074257,0.00014154545115554887,0.00014154545115554887,1.6652406018299866
12570,0.005852377801225616,0.0019800957737916456,0.6655784113585362,0.034458173818434044,0.009017110450866214,0.6061922992178967,0.05312873397645529,0.008818115224002599,0.4940120573670924,0.00014165814657844344,0.00014165814657844344,1.6665664303346286
12580,0.005846522309649122,0.0019810912073596498,0.6659130108771931,0.034429626034756355,0.009021963574091421,0.6065185596027846,0.05309721656395993,0.00882347318412681,0.4943122232003815,0.00014177084200133798,0.00014177084200133798,1.6678922588392702
12590,0.005840671654837572,0.0019820858186776133,0.6662473340092817,0.034401097952508355,0.009026813348073582,0.606844594828476,0.05306571409191575,0.008828828604374322,0.4946122467436595,0.00014188353742423251,0.00014188353742423251,1.6692180873439117
12600,0.005834825836851197,0.0019830796077352974,0.6665813807513604,0.03437258956883703,0.009031659773297708,0.6071704049275769,0.053034226556852554,0.008834181485335064,0.4949121280299756,0.00014199623284712705,0.00014199623284712705,1.6705439158485533
12610,0.00582898485575023,0.0019840725745224616,0.6669151510999871,0.034344100880889364,0.00903650285024881,0.607495989932693,0.05300275395530016,0.008839531827598973,0.4952118670923794,0.00014210892827002162,0.00014210892827002162,1.6718697443531954
12620,0.0058231487115949065,0.0019850647190288668,0.6672486450517199,0.03431563188581237,0.0090413425794119,0.6078213498764301,0.05297129628378836,0.008844879631755977,0.4955114639639203,0.00014222162369291615,0.00014222162369291615,1.673195572857837
12630,0.005817317404445458,0.0019860560412442727,0.6675818626031169,0.03428718258075303,0.009046178961271988,0.608146484791394,0.05293985353884699,0.00885022489839601,0.4958109186776477,0.0001423343191158107,0.0001423343191158107,1.6745214013624785
12640,0.005811490934362117,0.001987046541158441,0.6679148037507365,0.034258752962858345,0.009051011996314083,0.6084713947101904,0.052908425717005846,0.008855567628109006,0.496110231266611,0.00014244701453870523,0.00014244701453870523,1.6758472298671203
12650,0.005805669301405117,0.0019880362187611306,0.6682474684911364,0.034230343029275315,0.0090558416850232,0.608796079665425,0.05287701281479473,0.008860907821484893,0.49640940176385956,0.0001425597099615998,0.0001425597099615998,1.6771730583717621
12660,0.005799852505634693,0.001989025074042103,0.668579856820875,0.03420195277715092,0.009060668027884345,0.6091205396897038,0.052845614828743476,0.008866245479113608,0.49670843020244304,0.00014267240538449433,0.00014267240538449433,1.6784988868764037
12670,0.0057940405471110755,0.001990013106991118,0.6689119687365102,0.03417358220363216,0.009065491025382535,0.6094447748156325,0.05281423175538187,0.00887158060158508,0.4970073166154107,0.0001427851008073889,0.0001427851008073889,1.6798247153810457
12680,0.0057882334258945005,0.0019910003175979355,0.6692438042346002,0.03414523130586604,0.009070310678002775,0.6097687850758167,0.05278286359123974,0.008876913189489244,0.497306061035812,0.00014289779623028343,0.00014289779623028343,1.6811505438856873
12690,0.005782431142045197,0.0019919867058523174,0.6695753633117032,0.034116900080999546,0.00907512698623008,0.6100925705028624,0.05275151033284688,0.008882243243416028,0.4976046634966963,0.00014301049165317797,0.00014301049165317797,1.6824763723903289
12700,0.005776633695623401,0.0019929722717440222,0.6699066459643772,0.03408858852617966,0.009079939950549457,0.6104161311293752,0.052720171976733114,0.008887570763955369,0.4979031240311131,0.0001431231870760725,0.0001431231870760725,1.6838022008949705
12710,0.0057708410866893455,0.001993957015262812,0.6702376521891805,0.03406029663855341,0.009084749571445923,0.6107394669879611,0.05268884851942825,0.008892895751697197,0.4982014426721119,0.00014323588249896707,0.00014323588249896707,1.6851280293996125
12720,0.0057650533153032636,0.001994940936398446,0.6705683819826709,0.03403202441526776,0.009089555849404483,0.6110625781112258,0.052657539957462085,0.008898218207231445,0.498499619452742,0.0001433485779218616,0.0001433485779218616,1.686453857904254
12730,0.005759270381525386,0.001995924035140685,0.6708988353414067,0.034003771853469714,0.009094358784910151,0.6113854645317748,0.052626246287364446,0.008903538131148043,0.49879765440605284,0.00014346127334475615,0.00014346127334475615,1.6877796864088956
12740,0.0057534922854159485,0.0019969063114792895,0.671229012261946,0.033975538950306264,0.009099158378447936,0.611708126282214,0.05259496750566513,0.008908855524036927,0.49909554756509394,0.0001435739687676507,0.0001435739687676507,1.6891055149135377
12750,0.005747719027035183,0.0019978877654040195,0.6715589127408468,0.033947325702924414,0.00910395463050285,0.6120305633951495,0.05256370360889395,0.008914170386488028,0.49939329896291473,0.00014368666419054525,0.00014368666419054525,1.6904313434181792
12760,0.005741950606443324,0.0019988683969046355,0.6718885367746673,0.03391913210847115,0.009108747541559905,0.6123527759031868,0.052532454593580725,0.008919482719091276,0.4996909086325645,0.00014379935961343979,0.00014379935961343979,1.6917571719228208
12770,0.005736187023700603,0.001999848205970898,0.6722178843599657,0.03389095816409348,0.00911353711210411,0.6126747638389317,0.05250122045625526,0.008924792522436605,0.4999883766070928,0.00014391205503633432,0.00014391205503633432,1.6930830004274624
12780,0.005730428278867253,0.0020008271925925675,0.6725469554933,0.03386280386693838,0.009118323342620476,0.61299652723499,0.05247000119344736,0.008930099797113948,0.5002857029195489,0.0001440247504592289,0.0001440247504592289,1.6944088289321044
12790,0.005724674372003509,0.0020018053567594043,0.6728757501712282,0.033834669214152846,0.009123106233594016,0.6133180661239674,0.05243879680168684,0.008935404543713237,0.5005828876029825,0.00014413744588212342,0.00014413744588212342,1.695734657436746
12800,0.005718925303169601,0.0020027826984611685,0.6732042683903087,0.03380655420288389,0.009127885785509741,0.6136393805384699,0.0524076072775035,0.008940706762824404,0.5008799306904429,0.000144250141305018,0.000144250141305018,1.697060485941388
12810,0.005713181072425765,0.002003759217687621,0.6735325101470994,0.033778458830278496,0.009132661998852657,0.6139604705111029,0.05237643261742717,0.008946006455037379,0.5011768322149792,0.00014436283672791253,0.00014436283672791253,1.6983863144460296
12820,0.005707441679832233,0.002004734914428521,0.6738604754381583,0.03375038309348366,0.00913743487410778,0.6142813360744726,0.05234527281798765,0.008951303620942099,0.5014735922096414,0.00014447553215080706,0.00014447553215080706,1.6997121429506712
12830,0.005701707125449237,0.0020057097886736304,0.6741881642600438,0.03372232698964636,0.00914220441176012,0.6146019772611845,0.05231412787571474,0.008956598261128493,0.5017702107074786,0.0001445882275737016,0.0001445882275737016,1.7010379714553128
12840,0.005695977409337012,0.0020066838404127086,0.6745155766093138,0.03369429051591362,0.009146970612294686,0.6149223941038444,0.05228299778713827,0.008961890376186494,0.5020666877415403,0.00014470092299659617,0.00014470092299659617,1.7023637999599548
12850,0.0056902525315557905,0.0020076570696355165,0.6748427124825265,0.033666273669432416,0.00915173347619649,0.6152425866350582,0.052251882548788035,0.008967179966706033,0.5023630233448758,0.0001448136184194907,0.0001448136184194907,1.7036896284645964
12860,0.0056845324921658055,0.002008629476331814,0.6751695718762399,0.03363827644734975,0.009156493003950545,0.6155625548874315,0.05222078215719385,0.008972467033277046,0.5026592175505348,0.00014492631384238524,0.00014492631384238524,1.705015456969238
12870,0.005678817291227289,0.0020096010604913617,0.6754961547870122,0.0336102988468126,0.009161249196041858,0.6158822988935702,0.05218969660888552,0.008977751576489461,0.5029552703915665,0.0001450390092652798,0.0001450390092652798,1.70634128547388
12880,0.005673106928800475,0.00201057182210392,0.6758224612114017,0.033582340864967995,0.009166002052955443,0.6162018186860801,0.05215862590039286,0.008983033596933213,0.5032511819010203,0.00014515170468817434,0.00014515170468817434,1.7076671139785216
12890,0.005667401404945597,0.0020115417611592493,0.6761484911459661,0.033554402498962896,0.009170751575176309,0.616521114297567,0.05212757002824568,0.008988313095198232,0.5035469521119459,0.00014526440011106888,0.00014526440011106888,1.7089929424831631
12900,0.005661700719722888,0.00201251087764711,0.6764742445872638,0.033526483745944316,0.009175497763189468,0.6168401857606364,0.052096528988973795,0.008993590071874454,0.5038425810573923,0.00014537709553396342,0.00014537709553396342,1.7103187709878047
12910,0.00565600487319258,0.002013479171557262,0.6767997215318529,0.03349858460305924,0.009180240617479931,0.6171590331078944,0.05206550277910701,0.008998864527551807,0.5041380687704093,0.00014548979095685796,0.00014548979095685796,1.7116445994924465
12920,0.005650313865414908,0.0020144466428794663,0.6771249219762911,0.03347070506745467,0.009184980138532708,0.6174776563719467,0.05203449139517513,0.009004136462820228,0.5044334152840464,0.00014560248637975252,0.00014560248637975252,1.7129704279970883
12930,0.0056446276964501035,0.0020154132916034833,0.6774498459171372,0.03344284513627759,0.009189716326832811,0.617796055585399,0.05200349483370797,0.009009405878269644,0.5047286206313526,0.00014571518180264706,0.00014571518180264706,1.71429625650173
12940,0.0056389463663584,0.0020163791177190728,0.6777744933509487,0.03341500480667502,0.00919444918286525,0.6181142307808569,0.051972513091235344,0.00901467277448999,0.5050236848453776,0.0001458278772255416,0.0001458278772255416,1.7156220850063715
12950,0.00563326987520003,0.0020173441212159955,0.6780988642742841,0.03338718407579391,0.009199178707115035,0.6184321819909266,0.05194154616428705,0.0090199371520712,0.5053186079591709,0.00014594057264843616,0.00014594057264843616,1.7169479135110135
12960,0.0056275982230352285,0.0020183083020840122,0.6784229586837015,0.0333593829407813,0.009203904900067181,0.6187499092482138,0.05191059404939291,0.009025199011603204,0.5056133900057818,0.0001460532680713307,0.0001460532680713307,1.718273742015655
12970,0.005621931409924226,0.002019271660312882,0.6787467765757587,0.03333160139878416,0.009208627762206694,0.6190674125853239,0.05187965674308273,0.009030458353675934,0.5059080310182595,0.00014616596349422523,0.00014616596349422523,1.7195995705202967
12980,0.005616269435927258,0.0020202341958923667,0.679070317947014,0.03330383944694949,0.009213347294018587,0.6193846920348629,0.05184873424188633,0.009035715178879323,0.506202531029654,0.00014627865891711977,0.00014627865891711977,1.7209253990249385
12990,0.005610612301104555,0.0020211959088122264,0.6793935827940256,0.033276097082424294,0.009218063495987873,0.6197017476294367,0.051817826542333495,0.009040969487803304,0.5064968900730142,0.00014639135434001434,0.00014639135434001434,1.7222512275295803
13000,0.005604960005516354,0.0020221567990622207,0.6797165711133515,0.033248374302355554,0.009222776368599559,0.620018579401651,0.05178693364095406,0.009046221281037808,0.5067911081813897,0.00014650404976290887,0.00014650404976290887,1.7235770560342218
13010,0.005599312549222884,0.002023116866632111,0.6800392829015498,0.03322067110389026,0.009227485912338658,0.6203351873841114,0.051756055534277826,0.00905147055917277,0.5070851853878302,0.00014661674518580344,0.00014661674518580344,1.7249028845388639
13020,0.005593669932284381,0.0020240761115116563,0.6803617181551785,0.033192987484175415,0.009232192127690182,0.6206515716094239,0.0517251922188346,0.009056717322798117,0.5073791217253847,0.00014672944060869798,0.00014672944060869798,1.7262287130435054
13030,0.005588032154761075,0.002025034533690618,0.6806838768707959,0.033165323440358024,0.009236895015139138,0.6209677321101942,0.05169434369115419,0.009061961572503786,0.5076729172271028,0.0001468421360315925,0.0001468421360315925,1.727554541548147
13040,0.005582399216713202,0.0020259921331587565,0.6810057590449601,0.03313767896958506,0.009241594575170542,0.6212836689190279,0.05166350994776642,0.009067203308879708,0.507966571926034,0.00014695483145448705,0.00014695483145448705,1.7288803700527886
13050,0.0055767711182009945,0.002026948909905832,0.681327364674229,0.03311005406900353,0.0092462908082694,0.621599382068531,0.05163269098520108,0.009072442532515814,0.5082600858552278,0.0001470675268773816,0.0001470675268773816,1.7302061985574304
13060,0.005571147859284685,0.0020279048639216045,0.6816486937551611,0.03308244873576044,0.009250983714920728,0.6219148715913093,0.051601886799988006,0.009077679244002039,0.5085534590477333,0.00014718022230027615,0.00014718022230027615,1.7315320270620722
13070,0.005565529440024507,0.0020288599951958346,0.6819697462843142,0.03305486296700276,0.009255673295609532,0.6222301375199685,0.05157109738865698,0.009082913443928312,0.5088466915366001,0.0001472929177231707,0.0001472929177231707,1.7328578555667138
13080,0.005559915860480692,0.002029814303718283,0.6822905222582463,0.0330272967598775,0.009260359550820827,0.6225451798871143,0.05154032274773783,0.009088145132884567,0.5091397833548776,0.00014740561314606525,0.00014740561314606525,1.7341836840713558
13090,0.005554307120713475,0.00203076778947871,0.682611021673516,0.032999750111531646,0.009265042481039622,0.6228599987253527,0.05150956287376036,0.009093374311460739,0.5094327345356157,0.0001475183085689598,0.0001475183085689598,1.7355095125759974
13100,0.00554870322078309,0.0020317204524668755,0.6829312445266809,0.03297222301911221,0.009269722086750927,0.6231745940672891,0.05147881776325438,0.009098600980246754,0.509725545111863,0.00014763100399185433,0.00014763100399185433,1.736835341080639
13110,0.005543104160749768,0.0020326722926725404,0.6832511908142992,0.03294471547976616,0.009274398368439754,0.6234889659455296,0.0514480874127497,0.00910382513983255,0.5100182151166694,0.00014774369941474887,0.00014774369941474887,1.7381611695852806
13120,0.0055375099406737415,0.0020336233100854647,0.6835708605329293,0.03291722749064052,0.009279071326591115,0.6238031143926799,0.05141737181877614,0.009109046790808055,0.5103107445830843,0.0001478563948376434,0.0001478563948376434,1.7394869980899224
13130,0.005531920560615246,0.002034573504695409,0.6838902536791291,0.03288975904888226,0.009283740961690018,0.6241170394413457,0.051386670977863494,0.009114265933763206,0.5106031335441572,0.00014796909026053794,0.00014796909026053794,1.740812826594564
13140,0.005526336020634512,0.0020355228764921338,0.6842093702494567,0.032862310151638374,0.009288407274221477,0.6244307411241328,0.051355984886541584,0.009119482569287931,0.5108953820329373,0.00014808178568343253,0.00014808178568343253,1.7421386550992062
13150,0.005520756320791775,0.002036471425465399,0.6845282102404701,0.032834880796055885,0.009293070264670501,0.6247442194736471,0.051325313541340206,0.009124696697972164,0.5111874900824741,0.00014819448110632707,0.00014819448110632707,1.7434644836038478
13160,0.005515181461147268,0.002037419151604965,0.6848467736487277,0.03280747097928176,0.009297729933522103,0.6250574745224942,0.05129465693878919,0.009129908320405836,0.5114794577258173,0.0001483071765292216,0.0001483071765292216,1.7447903121084893
13170,0.0055096114417612215,0.002038366054900593,0.6851650604707875,0.032780080698463006,0.009302386281261291,0.62537050630328,0.051264015075418334,0.009135117437178883,0.5117712849960159,0.00014841987195211615,0.00014841987195211615,1.746116140613131
13180,0.00550404626269387,0.002039312135342043,0.6854830707032077,0.03275270995074662,0.009307039308373077,0.6256833148486102,0.05123338794775744,0.009140324048881234,0.5120629719261196,0.00014853256737501068,0.00014853256737501068,1.7474419691177727
13190,0.0054984859240054485,0.002040257392919074,0.6858008043425459,0.032725358733279586,0.009311689015342472,0.6259959001910904,0.051202775552336335,0.009145528156102822,0.5123545185491777,0.00014864526279790522,0.00014864526279790522,1.7487677976224143
13200,0.005492930425756187,0.0020412018276214487,0.6861182613853608,0.0326980270432089,0.009316335402654488,0.6263082623633268,0.051172177885684816,0.009150729759433578,0.5126459248982397,0.0001487579582207998,0.0001487579582207998,1.7500936261270565
13210,0.005487379768006321,0.0020421454394389258,0.6864354418282103,0.03267071487768156,0.009320978470794137,0.6266204013979251,0.051141594944332715,0.009155928859463437,0.512937191006355,0.00014887065364369432,0.00014887065364369432,1.7514194546316977
13220,0.005481833950816084,0.0020430882283612667,0.6867523456676526,0.03264342223384457,0.009325618220246426,0.6269323173274908,0.05111102672480981,0.00916112545678233,0.5132283169065731,0.0001489833490665889,0.0001489833490665889,1.7527452831363397
13230,0.0054762929742457065,0.002044030194378231,0.6870689729002456,0.03261614910884491,0.009330254651496367,0.6272440101846296,0.05108047322364594,0.00916631955198019,0.5135193026319435,0.00014909604448948342,0.00014909604448948342,1.7540711116409813
13240,0.005470756838355422,0.002044971337479579,0.6873853235225476,0.03258889549982959,0.009334887765028973,0.6275554800019476,0.051049934437370895,0.009171511145646946,0.5138101482155152,0.00014920873991237796,0.00014920873991237796,1.7553969401456229
13250,0.005465225543205466,0.0020459116576550715,0.6877013975311165,0.032561661403945584,0.009339517561329252,0.6278667268120506,0.05101941036251449,0.009176700238372535,0.5141008536903381,0.0001493214353352725,0.0001493214353352725,1.7567227686502647
13260,0.005459699088856068,0.0020468511548944694,0.6880171949225106,0.03253444681833989,0.00934414404088222,0.628177750647544,0.050988900995606545,0.009181886830746886,0.5143914190894614,0.00014943413075816704,0.00014943413075816704,1.7580485971549062
13270,0.005454177475367464,0.002047789829187532,0.688332715693288,0.03250725174015952,0.009348767204172883,0.628488551541034,0.05095840633317686,0.009187070923359934,0.5146818444459347,0.0001495468261810616,0.0001495468261810616,1.759374425659548
13280,0.005448660702799886,0.00204872768052402,0.6886479598400067,0.032480076166551464,0.009353387051686254,0.6287991295251262,0.05092792637175524,0.009192252516801608,0.5149721297928072,0.00014965952160395617,0.00014965952160395617,1.76070025416419
13290,0.005443148771213568,0.0020496647088936943,0.6889629273592249,0.032452920094662704,0.009358003583907341,0.6291094846324262,0.05089746110787151,0.009197431611661842,0.5152622751631284,0.0001497722170268507,0.0001497722170268507,1.7620260826688317
13300,0.005437641680668741,0.0020506009142863147,0.6892776182475007,0.03242578352164025,0.00936261680132116,0.62941961689554,0.05086701053805547,0.009202608208530569,0.5155522805899478,0.00014988491244974524,0.00014988491244974524,1.7633519111734732
13310,0.005432139431225641,0.002051536296691642,0.6895920325013921,0.03239866644463108,0.009367226704412718,0.6297295263470734,0.05083657465883694,0.009207782307997719,0.5158421461063148,0.00014999760787263978,0.00014999760787263978,1.7646777396781148
13320,0.0054266420229444985,0.002052470856099436,0.6899061701174575,0.0323715688607822,0.009371833293667028,0.6300392130196321,0.05080615346674571,0.00921295391065323,0.516131871745279,0.00015011030329553431,0.00015011030329553431,1.7660035681827566
13330,0.005421149455885547,0.0020534045924994575,0.6902200310922545,0.0323444907672406,0.009376436569569099,0.6303486769458216,0.05077574695831161,0.009218123017087026,0.5164214575398894,0.00015022299871842888,0.00015022299871842888,1.7673293966873984
13340,0.005415661730109022,0.0020543375058814668,0.6905336154223417,0.032317432161153285,0.009381036532603942,0.6306579181582482,0.050745355130064444,0.009223289627889044,0.5167109035231957,0.00015033569414132342,0.00015033569414132342,1.76865522519204
13350,0.005410178845675156,0.0020552695962352246,0.6908469231042772,0.03229039303966723,0.009385633183256572,0.6309669366895174,0.05071497797853401,0.009228453743649216,0.5170002097282475,0.00015044838956421795,0.00015044838956421795,1.7699810536966818
13360,0.005404700802644179,0.0020562008635504904,0.6911599541346186,0.03226337339992945,0.009390226522011996,0.6312757325722349,0.05068461550025015,0.009233615364957475,0.5172893761880938,0.00015056108498711252,0.00015056108498711252,1.7713068822013236
13370,0.005399227601076325,0.0020571313078170256,0.6914727085099245,0.03223637323908693,0.009394816549355225,0.6315843058390066,0.05065426769174264,0.009238774492403751,0.5175784029357844,0.00015067378041000706,0.00015067378041000706,1.7726327107059652
13380,0.00539375924103183,0.00205806092902459,0.6917851862267529,0.03220939255428666,0.00939940326577127,0.6318926565224382,0.050623934549541304,0.009243931126577978,0.5178672900043685,0.0001507864758329016,0.0001507864758329016,1.7739585392106068
13390,0.0053882957225709245,0.002058989727162944,0.6920973872816617,0.032182431342675635,0.009403986671745143,0.6322007846551356,0.05059361607017595,0.009249085268070088,0.5181560374268956,0.00015089917125579613,0.00015089917125579613,1.7752843677152486
13400,0.005382837045753841,0.002059917702221848,0.6924093116712093,0.032155489601400855,0.009408566767761854,0.6325086902697045,0.05056331225017639,0.009254236917470012,0.5184446452364152,0.0001510118666786907,0.0001510118666786907,1.7766101962198904
13410,0.005377383210640815,0.002060844854191062,0.6927209593919537,0.032128567327609325,0.009413143554306416,0.6328163733987505,0.05053302308607244,0.009259386075367684,0.5187331134659767,0.00015112456210158523,0.00015112456210158523,1.777936024724532
13420,0.0053719342172920785,0.0020617711830603477,0.693032330440453,0.03210166451844802,0.009417717031863837,0.6331238340748797,0.050502748574393894,0.009264532742353037,0.5190214421486296,0.0001512372575244798,0.0001512372575244798,1.779261853229174
13430,0.005366490065767865,0.002062696688819464,0.693343424813265,0.03207478117106395,0.00942228720091913,0.6334310723306977,0.05047248871167058,0.009269676919016,0.519309631317423,0.00015134995294737434,0.00015134995294737434,1.7805876817338155
13440,0.005361050756128406,0.0020636213714581714,0.6936542425069483,0.032047917282604095,0.009426854061957306,0.6337380881988104,0.0504422434944323,0.009274818605946509,0.5195976810054066,0.00015146264837026887,0.00015146264837026887,1.7819135102384571
13450,0.005355616288433937,0.0020645452309662315,0.6939647835180609,0.03202107285021546,0.009431417615463374,0.6340448817118234,0.050412012919208854,0.009279957803734494,0.5198855912456299,0.0001515753437931634,0.0001515753437931634,1.783239338743099
13460,0.005350186662744689,0.0020654682673334037,0.6942750478431609,0.03199424787104503,0.009435977861922346,0.6343514529023425,0.050381796982530064,0.009285094512969888,0.5201733620711422,0.00015168803921605795,0.00015168803921605795,1.7845651672477405
13470,0.005344761879120897,0.0020663904805494483,0.694585035478806,0.03196744234223982,0.009440534801819233,0.6346578018029736,0.050351595680925745,0.009290228734242623,0.5204609935149929,0.00015180073463895248,0.00015180073463895248,1.785890995752382
13480,0.005339341937622792,0.002067311870604126,0.6948947464215549,0.03194065626094681,0.009445088435639045,0.6349639284463222,0.050321409010925695,0.00929536046814263,0.5207484856102313,0.00015191343006184705,0.00015191343006184705,1.7872168242570239
13490,0.0053339268383106085,0.0020682324374871972,0.6952041806679654,0.03191388962431299,0.009449638763866796,0.6352698328649946,0.05029123696905973,0.009300489715259843,0.5210358383899072,0.00015202612548474161,0.00015202612548474161,1.788542652761666
13500,0.0053285165812445795,0.0020691521811884222,0.6955133382145956,0.03188714242948536,0.009454185786987491,0.635575515091596,0.050261079551857664,0.009305616476184195,0.5213230518870698,0.00015213882090763615,0.00015213882090763615,1.7898684812663075
13510,0.005323111166484937,0.0020700711016975615,0.6958222190580039,0.03186041467361091,0.009458729505486147,0.6358809751587324,0.0502309367558493,0.009310740751505618,0.5216101261347685,0.0001522515163305307,0.0001522515163305307,1.791194309770949
13520,0.005317710594091916,0.002070989199004375,0.6961308231947478,0.031833706353836644,0.009463269919847772,0.6361862130990098,0.05020080857756445,0.009315862541814043,0.5218970611660528,0.00015236421175342523,0.00015236421175342523,1.7925201382755909
13530,0.005312314864125747,0.0020719064730986237,0.6964391506213862,0.03180701746730956,0.009467807030557378,0.6364912289450337,0.050170695013532926,0.009320981847699403,0.5221838570139722,0.00015247690717631976,0.00015247690717631976,1.7938459667802324
13540,0.005306923976646665,0.0020728229239700678,0.6967472013344765,0.031780348011176636,0.009472340838099974,0.6367960227294099,0.05014059606028453,0.009326098669751629,0.5224705137115759,0.00015258960259921433,0.00015258960259921433,1.7951717952848742
13550,0.005301537931714903,0.002073738551608467,0.6970549753305771,0.03175369798258487,0.009476871342960573,0.6371005944847442,0.050110511714349076,0.009331213008560655,0.5227570312919134,0.0001527022980221089,0.0001527022980221089,1.7964976237895163
13560,0.005296156729390694,0.0020746533560035826,0.6973624726062462,0.03172706737868128,0.009481398545624185,0.6374049442436427,0.05008044197225639,0.009336324864716413,0.5230434097880343,0.00015281499344500343,0.00015281499344500343,1.7978234522941579
13570,0.00529078036973427,0.002075567337145175,0.697669693158042,0.031700456196612825,0.00948592244657582,0.6377090720387105,0.05005038683053626,0.009341434238808835,0.523329649232988,0.00015292768886789797,0.00015292768886789797,1.7991492807987994
13580,0.005285408852805866,0.0020764804950230034,0.6979766369825221,0.03167386443352652,0.009490443046300492,0.638012977902554,0.050020346285718505,0.009346541131427853,0.5236157496598237,0.0001530403842907925,0.0001530403842907925,1.800475109303441
13590,0.005280042178665714,0.0020773928296268294,0.6982833040762451,0.03164729208656937,0.009494960345283208,0.6383166618677786,0.049990320334332934,0.0093516455431634,0.523901711101591,0.00015315307971368704,0.00015315307971368704,1.8018009378080828
13600,0.005274680347374047,0.0020783043409464126,0.6985896944357688,0.03162073915288835,0.009499474344008984,0.6386201239669904,0.049960308972909366,0.009356747474605407,0.5241875335913394,0.00015326577513658158,0.00015326577513658158,1.8031267663127244
13610,0.005269323358991098,0.002079215028971514,0.6988958080576517,0.03159420562963045,0.009503985042962824,0.6389233642327947,0.0499303121979776,0.009361846926343807,0.5244732171621181,0.00015337847055947612,0.00015337847055947612,1.804452594817366
13620,0.0052639712135771006,0.002080124893691894,0.6992016449384517,0.03156769151394269,0.009508492442629744,0.6392263826977977,0.049900330006067445,0.009366943898968534,0.5247587618469767,0.00015349116598237068,0.00015349116598237068,1.805778423322008
13630,0.005258623911192287,0.002081033935097312,0.6995072050747267,0.031541196802972044,0.009512996543494755,0.6395291793946054,0.049870362393708706,0.009372038393069517,0.5250441676789646,0.00015360386140526525,0.00015360386140526525,1.8071042518266498
13640,0.005253281451896892,0.0020819421531775295,0.699812488463035,0.03151472149386551,0.009517497346042864,0.6398317543558227,0.04984040935743121,0.00937713040923669,0.5253294346911311,0.00015371655682815978,0.00015371655682815978,1.8084300803312914
13650,0.005247943835751147,0.002082849547922306,0.7001174950999347,0.03148826558377009,0.009521994850759087,0.6401341076140562,0.04981047089376477,0.009382219948059987,0.5256145629165259,0.00015382925225105432,0.00015382925225105432,1.809755908835933
13660,0.0052426110628152845,0.002083756119321402,0.7004222249819838,0.03146182906983278,0.00952648905812843,0.6404362392019112,0.04978054699923917,0.00938730701012934,0.5258995523881983,0.00015394194767394886,0.00015394194767394886,1.8110817373405748
13670,0.00523728313314954,0.002084661867364579,0.7007266781057407,0.03143541194920056,0.009530979968635908,0.6407381491519937,0.04975063767038425,0.009392391596034676,0.5261844031391976,0.00015405464309684342,0.00015405464309684342,1.8124075658452166
13680,0.0052319600468141445,0.002085566792041596,0.7010308544677633,0.03140901421902044,0.009535467582766528,0.6410398374969094,0.0497207429037298,0.009397473706365933,0.5264691152025732,0.000154167338519738,0.000154167338519738,1.8137333943498586
13690,0.005226641803869333,0.002086470893342214,0.7013347540646097,0.0313826358764394,0.009539951901005305,0.6413413042692641,0.04969086269580564,0.00940255334171304,0.5267536886113748,0.00015428003394263253,0.00015428003394263253,1.8150592228545002
13700,0.005221328404375337,0.0020873741712561936,0.7016383768928381,0.031356276918604445,0.009544432923837247,0.6416425495016636,0.04966099704314156,0.009407630502665933,0.5270381233986517,0.00015439272936552706,0.00015439272936552706,1.8163850513591417
13710,0.005216019848392391,0.0020882766257732943,0.7019417229490064,0.03132993734266257,0.009548910651747365,0.6419435732267135,0.0496311459422674,0.009412705189814541,0.5273224195974533,0.0001545054247884216,0.0001545054247884216,1.8177108798637833
13720,0.005210716135980726,0.0020891782568832774,0.702244792229673,0.031303617145760756,0.009553385085220672,0.6422443754770198,0.049601309389712946,0.009417777403748797,0.5276065772408289,0.00015461812021131614,0.00015461812021131614,1.819036708368425
13730,0.005205417267200576,0.0020900790645759027,0.7025475847313958,0.031277316325046024,0.009557856224742178,0.6425449562851884,0.04957148738200802,0.009422847145058635,0.5278905963618283,0.0001547308156342107,0.0001547308156342107,1.820362536873067
13740,0.005200123242112176,0.0020909790488409306,0.7028501004507329,0.03125103487766535,0.009562324070796893,0.6428453156838246,0.04954167991568244,0.009427914414333983,0.5281744769935004,0.0001548435110571052,0.0001548435110571052,1.8216883653777083
13750,0.005194834060775757,0.0020918782096681224,0.7031523393842428,0.031224772800765726,0.009566788623869829,0.6431454537055346,0.049511886987265996,0.00943297921216478,0.5284582191688952,0.00015495620647999978,0.00015495620647999978,1.82301419388235
13760,0.005189549723251552,0.002092776547047237,0.703454301528483,0.031198530091494155,0.009571249884445996,0.643445370382924,0.04948210859328851,0.009438041539140952,0.5287418229210618,0.00015506890190289434,0.00015506890190289434,1.824340022386992
13770,0.005184270229599795,0.0020936740609680355,0.703755986880012,0.031172306746997627,0.009575707853010406,0.6437450657485986,0.04945234473027979,0.009443101395852433,0.5290252882830495,0.00015518159732578888,0.00015518159732578888,1.8256658508916337
13780,0.0051789955798807194,0.0020945707514202785,0.7040573954353876,0.031146102764423145,0.009580162530048068,0.6440445398351641,0.04942259539476965,0.009448158782889158,0.5293086152879081,0.00015529429274868342,0.00015529429274868342,1.8269916793962753
13790,0.005173725774154557,0.0020954666183937262,0.7043585271911684,0.031119918140917694,0.009584613916043995,0.6443437926752265,0.0493928605832879,0.009453213700841056,0.5295918039686867,0.00015540698817157795,0.00015540698817157795,1.828317507900917
13800,0.005168460812481541,0.002096361661878139,0.7046593821439121,0.031093752873628262,0.009589062011483197,0.6446428243013913,0.04936314029236434,0.009458266150298062,0.5298748543584348,0.0001555196835944725,0.0001555196835944725,1.8296433364055587
13810,0.005163200694921906,0.002097255881863277,0.704959960290177,0.03106760695970186,0.009593506816850686,0.6449416347462645,0.049333434518528785,0.009463316131850107,0.5301577664902021,0.00015563237901736706,0.00015563237901736706,1.8309691649102005
13820,0.005157945421535884,0.0020981492783389006,0.7052602616265211,0.03104148039628548,0.00959794833263147,0.6452402240424516,0.04930374325831105,0.00946836364608712,0.5304405403970376,0.0001557450744402616,0.0001557450744402616,1.832294993414842
13830,0.0051526949923837075,0.00209904185129477,0.7055602861495025,0.031015373180526117,0.009602386559310564,0.6455385922225588,0.04927406650824094,0.009473408693599038,0.530723176111991,0.00015585776986315616,0.00015585776986315616,1.833620821919484
13840,0.0051474494075256115,0.002099933600720647,0.7058600338556796,0.03098928530957075,0.009606821497372974,0.6458367393191915,0.04924440426484827,0.009478451274975794,0.5310056736681117,0.0001559704652860507,0.0001559704652860507,1.8349466504241256
13850,0.005142208667021827,0.00210082452660629,0.70615950474161,0.030963216780566384,0.009611253147303716,0.6461346653649556,0.04921475652466284,0.009483491390807315,0.5312880330984491,0.00015608316070894523,0.00015608316070894523,1.8362724789287672
13860,0.005136972770932588,0.0021017146289414607,0.7064586988038524,0.03093716759066002,0.009615681509587798,0.6464323703924569,0.04918512328421447,0.00948852904168354,0.5315702544360527,0.00015619585613183977,0.00015619585613183977,1.837598307433409
13870,0.005131741719318128,0.0021026039077159187,0.7067576160389643,0.030911137736998648,0.009620106584710231,0.6467298544343011,0.049155504540032965,0.009493564228194393,0.5318523377139717,0.0001563085515547343,0.0001563085515547343,1.8389241359380506
13880,0.00512651551223868,0.002103492362919425,0.7070562564435042,0.030885127216729265,0.009624528373156027,0.6470271175230942,0.04912590028864815,0.009498596950929814,0.5321342829652557,0.00015642124697762887,0.00015642124697762887,1.8402499644426924
13890,0.005121294149754477,0.0021043799945417397,0.70735462001403,0.030859136026998857,0.009628946875410197,0.6473241596914417,0.049096310526589804,0.009503627210479731,0.5324160902229541,0.00015653394240052344,0.00015653394240052344,1.8415757929473344
13900,0.0051160776319257514,0.002105266802572623,0.7076527067471001,0.030833164164954418,0.00963336209195775,0.6476209809719495,0.049066735250387766,0.009508655007434079,0.5326977595201164,0.00015664663782341797,0.00015664663782341797,1.842901621451976
13910,0.005110865958812737,0.0021061527870018357,0.7079505166392724,0.030807211627742963,0.0096377740232837,0.6479175813972233,0.04903717445657183,0.009513680342382787,0.532979290889792,0.0001567593332463125,0.0001567593332463125,1.8442274499566176
13920,0.005105659130475666,0.0021070379478191374,0.708248049687105,0.03078127841251146,0.009642182669873054,0.648213960999869,0.04900762814167181,0.00951870321591579,0.5332606843650303,0.00015687202866920705,0.00015687202866920705,1.8455532784612592
13930,0.005100457146974772,0.00210792228501429,0.7085453058871561,0.030755364516406918,0.009646588032210825,0.6485101198124924,0.04897809630221753,0.00952372362862302,0.5335419399788807,0.00015698472409210159,0.00015698472409210159,1.846879106965901
13940,0.005095260008370289,0.0021088057985770518,0.7088422852359838,0.03072946993657633,0.009650990110782026,0.6488060578676991,0.04894857893473877,0.009528741581094407,0.5338230577643925,0.00015709741951499615,0.00015709741951499615,1.8482049354705428
13950,0.005090067714722449,0.0021096884884971843,0.7091389877301459,0.030703594670166694,0.009655388906071665,0.649101775198095,0.04891907603576537,0.009533757073919886,0.5341040377546155,0.0001572101149378907,0.0001572101149378907,1.8495307639751843
13960,0.005084880266091486,0.0021105703547644483,0.7094354133662011,0.030677738714324998,0.009659784418564752,0.6493972718362858,0.04888958760182713,0.009538770107689387,0.5343848799825988,0.00015732281036078523,0.00015732281036078523,1.8508565924798261
13970,0.005079697662537632,0.0021114513973686036,0.709731562140707,0.030651902066198236,0.009664176648746301,0.6496925478148773,0.04886011362945385,0.009543780682992845,0.5346655844813919,0.00015743550578367976,0.00015743550578367976,1.8521824209844677
13980,0.0050745199041211195,0.0021123316162994102,0.7100274340502218,0.030626084722933412,0.009668565597101322,0.6499876031664754,0.04883065411517534,0.009548788800420191,0.5349461512840443,0.00015754820120657433,0.00015754820120657433,1.8535082494891095
13990,0.005069346990902185,0.0021132110115466294,0.710323029091304,0.030600286681677507,0.009672951264114826,0.6502824379236858,0.048801209055521426,0.009553794460561356,0.5352265804236054,0.00015766089662946886,0.00015766089662946886,1.854834077993751
14000,0.005064178922941058,0.002114089583100021,0.7106183472605111,0.03057450793957753,0.009677333650271822,0.650577052119114,0.048771778447021914,0.009558797664006273,0.5355068719331245,0.0001577735920523634,0.0001577735920523634,1.856159906498393
14010,0.005059015700297973,0.0021149673309493453,0.7109133885544018,0.030548748493780472,0.009681712756057323,0.6508714457853662,0.048742362286206604,0.009563798411344875,0.5357870258456513,0.00015788628747525794,0.00015788628747525794,1.8574857350030345
14020,0.005053857323033165,0.002115844255084363,0.7112081529695338,0.030523008341433313,0.00968608858195634,0.651165618955048,0.04871296056960532,0.009568796703167095,0.536067042194235,0.0001579989828981525,0.0001579989828981525,1.8588115635076763
14030,0.005048703791206862,0.002116720355494834,0.7115026405024651,0.030497287479683062,0.009690461128453882,0.6514595716607652,0.04868357329374785,0.009573792540062864,0.5363469210119252,0.00015811167832104707,0.00015811167832104707,1.8601373920123183
14040,0.005043555104879301,0.00211759563217052,0.7117968511497544,0.03047158590567671,0.009694830396034962,0.6517533039351234,0.04865420045516403,0.009578785922622112,0.536626662331771,0.0001582243737439416,0.0001582243737439416,1.86146322051696
14050,0.0050384112641107155,0.002118470085101179,0.7120907849079593,0.030445903616561257,0.009699196385184588,0.6520468158107285,0.048624842050383664,0.009583776851434776,0.5369062661868222,0.00015833706916683614,0.00015833706916683614,1.8627890490216015
14060,0.005033272268961336,0.0021193437142765737,0.7123844417736381,0.03042024060948369,0.009703559096387773,0.6523401073201863,0.04859549807593655,0.009588765327090786,0.537185732610128,0.00015844976458973068,0.00015844976458973068,1.8641148775262433
14070,0.005028138119491397,0.0021202165196864634,0.7126778217433489,0.030394596881591008,0.009707918530129532,0.6526331784961029,0.0485661685283525,0.009593751350180073,0.5374650616347381,0.00015856246001262522,0.00015856246001262522,1.8654407060308849
14080,0.005023008815761132,0.0021210885013206084,0.7129709248136498,0.030368972430030203,0.009712274686894867,0.6529260293710835,0.048536853404161334,0.009598734921292573,0.5377442532937016,0.00015867515543551976,0.00015867515543551976,1.8667665345355264
14090,0.005017884357830774,0.002121959659168769,0.7132637509810988,0.03034336725194827,0.009716627567168797,0.6532186599777342,0.048507552699892854,0.009603716041018215,0.5380233076200681,0.0001587878508584143,0.0001587878508584143,1.868092363040168
14100,0.005012764745760555,0.0021228299932207063,0.7135563002422541,0.0303177813444922,0.009720977171436327,0.6535110703486605,0.04847826641207687,0.009608694709946932,0.538302224646887,0.00015890054628130886,0.00015890054628130886,1.86941819154481
14110,0.00500764997961071,0.00212369950346618,0.7138485725936738,0.030292214704808994,0.009725323500182473,0.6538032605164688,0.0484489945372432,0.009613670928668655,0.5385810044072076,0.00015901324170420342,0.00015901324170420342,1.8707440200494518
14120,0.005002540059441469,0.0021245681898949507,0.7141405680319162,0.030266667330045648,0.00972966655389224,0.654095230513764,0.04841973707192164,0.009618644697773321,0.5388596469340796,0.00015912593712709796,0.00015912593712709796,1.8720698485540934
14130,0.004997434985313068,0.002125436052496779,0.7144322865535392,0.03024113921734916,0.009734006333050646,0.6543869803731526,0.04839049401264202,0.009623616017850856,0.5391381522605522,0.0001592386325499925,0.0001592386325499925,1.8733956770587352
14140,0.0049923347572857395,0.002126303091261425,0.7147237281551008,0.030215630363866507,0.009738342838142696,0.6546785101272401,0.04836126535593413,0.009628584889491197,0.5394165204196748,0.00015935132797288703,0.00015935132797288703,1.8747215055633768
14150,0.004987239375419716,0.002127169306178649,0.7150148928331593,0.030190140766744693,0.009742676069653403,0.654969819808632,0.04833205109832779,0.009633551313284274,0.5396947514444972,0.00015946402339578157,0.00015946402339578157,1.8760473340680184
14160,0.004982148839775231,0.0021280346972382116,0.7153057805842727,0.030164670423130716,0.00974700602806778,0.6552609094499346,0.04830285123635282,0.009638515289820019,0.5399728453680683,0.0001595767188186761,0.0001595767188186761,1.87737316257266
14170,0.004977063150412516,0.002128899264429873,0.7155963914049992,0.03013921933017157,0.009751332713870835,0.6555517790837535,0.048273665766539006,0.009643476819688367,0.5402508022234379,0.00015968941424157067,0.00015968941424157067,1.878698991077302
14180,0.004971982307391807,0.0021297630077433934,0.7158867252918969,0.03011378748501425,0.00975565612754758,0.6558424287426944,0.04824449468541618,0.009648435903479248,0.5405286220436554,0.0001598021096644652,0.0001598021096644652,1.8800248195819436
14190,0.004966906310773335,0.002130625927168534,0.7161767822415239,0.030088374884805747,0.009759976269583026,0.6561328584593631,0.048215337989514134,0.009653392541782595,0.54080630486177,0.00015991480508735978,0.00015991480508735978,1.8813506480865854
14200,0.004961835160617334,0.002131488022695054,0.7164665622504384,0.030062981526693056,0.009764293140462184,0.6564230682663652,0.0481861956753627,0.00965834673518834,0.5410838507108314,0.0001600275005102543,0.0001600275005102543,1.8826764765912272
14210,0.004956768856984036,0.002132349294312715,0.7167560653151982,0.030037607407823172,0.009768606740670063,0.6567130581963067,0.04815706773949167,0.009663298484286416,0.5413612596238888,0.00016014019593314885,0.00016014019593314885,1.8840023050958687
14220,0.004951707399933675,0.002133209742011276,0.7170452914323615,0.03001225252534309,0.009772917070691675,0.6570028282817932,0.04812795417843086,0.009668247789666753,0.5416385316339918,0.0001602528913560434,0.0001602528913560434,1.8853281336005103
14230,0.0049466507895264845,0.0021340693657804985,0.7173342405984868,0.02998691687639981,0.009777224131012034,0.6572923785554308,0.048098854988710076,0.009673194651919285,0.5419156667741897,0.00016036558677893795,0.00016036558677893795,1.8866539621051523
14240,0.004941599025822696,0.0021349281656101423,0.7176229128101318,0.02996160045814032,0.009781527922116147,0.6575817090498249,0.048069770166859135,0.009678139071633948,0.542192665077532,0.0001604782822018325,0.0001604782822018325,1.887979790609794
14250,0.004936552108882545,0.002135786141489968,0.7179113080638547,0.029936303267711618,0.009785828444489027,0.6578708197975816,0.048040699709407844,0.009683081049400667,0.5424695265770683,0.00016059097762472705,0.00016059097762472705,1.8893056191144357
14260,0.004931510038766262,0.0021366432934097363,0.7181994263562138,0.02991102530226069,0.009790125698615685,0.6581597108313064,0.048011643612886,0.009688020585809379,0.5427462513058476,0.0001607036730476216,0.0001607036730476216,1.8906314476190773
14270,0.0049264728155340816,0.002137499621359207,0.7184872676837669,0.029885766558934546,0.00979441968498113,0.6584483821836052,0.047982601873823444,0.009692957681450013,0.5430228392969195,0.00016081636847051613,0.00016081636847051613,1.8919572761237191
14280,0.0049214404392462375,0.0021383551253281404,0.7187748320430724,0.029860527034880163,0.009798710404070373,0.6587368338870838,0.047953574488749956,0.009697892336912504,0.5432992905833336,0.00016092906389341067,0.00016092906389341067,1.8932831046283607
14290,0.004916412909962961,0.0021392098053062978,0.7190621194306882,0.02983530672724455,0.009802997856368428,0.6590250659743481,0.047924561454195366,0.009702824552786787,0.5435756051981394,0.0001610417593163052,0.0001610417593163052,1.8946089331330023
14300,0.0049113902277444854,0.002140063661283438,0.7193491298431723,0.029810105633174704,0.009807282042360303,0.6593130784780035,0.04789556276668947,0.009707754329662789,0.543851783174386,0.00016115445473919977,0.00016115445473919977,1.8959347616376443
14310,0.004906372392651046,0.002140916693249323,0.7196358632770834,0.0297849237498176,0.009811562962531009,0.659600871430656,0.047866578422762096,0.00971268166813044,0.5441278245451228,0.0001612671501620943,0.0001612671501620943,1.8972605901422859
14320,0.004901359404742873,0.002141768901193712,0.7199223197289789,0.029759761074320254,0.009815840617365559,0.6598884448649114,0.04783760841894303,0.009717606568779683,0.5444037293433996,0.00016137984558498884,0.00016137984558498884,1.8985864186469275
14330,0.0048963512640802015,0.0021426202851063665,0.7202084991954172,0.02973461760382964,0.009820115007348963,0.6601757988133756,0.047808652751762104,0.00972252903220044,0.5446794976022656,0.0001614925410078834,0.0001614925410078834,1.8999122471515695
14340,0.004891347970723263,0.0021434708449770464,0.7204944016729568,0.029709493335492772,0.00982438613296623,0.660462933308654,0.04777971141774911,0.00972744905898265,0.5449551293547703,0.00016160523643077795,0.00016160523643077795,1.901238075656211
14350,0.004886349524732292,0.002144320580795511,0.7207800271581549,0.029684388266456634,0.009828653994702374,0.6607498483833527,0.04775078441343387,0.00973236664971624,0.545230624633963,0.0001617179318536725,0.0001617179318536725,1.9025639041608529
14360,0.004881355926167522,0.002145169492551522,0.7210653756475703,0.02965930239386823,0.009832918593042403,0.6610365440700774,0.047721871735346186,0.009737281804991147,0.5455059834728934,0.00016183062727656702,0.00016183062727656702,1.9038897326654942
14370,0.004876367175089184,0.0021460175802348394,0.7213504471377611,0.02963423571487454,0.00983717992847133,0.6613230204014339,0.04769297338001588,0.009742194525397298,0.5457812059046105,0.00016194332269946159,0.00016194332269946159,1.9052155611701362
14380,0.0048713832715575126,0.0021468648438352235,0.7216352416252851,0.02960918822662257,0.009841438001474166,0.6616092774100278,0.04766408934397275,0.00974710481152463,0.5460562919621641,0.00016205601812235615,0.00016205601812235615,1.906541389674778
14390,0.004866404215632741,0.0021477112833424346,0.7219197591067007,0.029584159926259304,0.00984569281253592,0.6618953151284651,0.047635219623746616,0.009752012663963073,0.5463312416786035,0.0001621687135452507,0.0001621687135452507,1.9078672181794196
14400,0.004861430007375102,0.002148556898746233,0.7222039995785657,0.02955915081093175,0.009849944362141604,0.6621811335893514,0.04760636421586728,0.00975691808330256,0.546606055086978,0.00016228140896814522,0.00016228140896814522,1.9091930466840614
14410,0.004856460646844829,0.00214940169003638,0.7224879630374387,0.029534160877786896,0.00985419265077623,0.6624667328252927,0.047577523116864556,0.009761821070133025,0.5468807322203375,0.00016239410439103976,0.00016239410439103976,1.910518875188703
14420,0.004851496134102154,0.0021502456572026346,0.722771649479877,0.02950919012397174,0.009858437678924806,0.6627521128688945,0.04754869632326825,0.009766721625044397,0.547155273111731,0.0001625067998139343,0.0001625067998139343,1.9118447036933446
14430,0.00484653646920731,0.002151088800234758,0.7230550589024397,0.029484238546633266,0.009862679447072347,0.6630372737527627,0.04751988383160818,0.009771619748626607,0.5474296777942077,0.00016261949523682886,0.00016261949523682886,1.9131705321979866
14440,0.004841581652220533,0.00215193111912251,0.723338191301684,0.02945930614291848,0.009866917955703861,0.6633222155095031,0.04749108563841414,0.009776515441469593,0.5477039463008175,0.00016273219065972337,0.00016273219065972337,1.9144963607026277
14450,0.004836631683202052,0.002152772613855652,0.7236210466741686,0.029434392909974374,0.009871153205304357,0.6636069381717214,0.04746230174021597,0.009781408704163285,0.5479780786646098,0.00016284488608261794,0.00016284488608261794,1.9158221892072698
14460,0.004831686562212103,0.002153613284423943,0.7239036250164514,0.029409498844947937,0.009875385196358853,0.6638914417720236,0.04743353213354345,0.009786299537297613,0.5482520749186338,0.0001629575815055125,0.0001629575815055125,1.9171480177119116
14470,0.004826746289310917,0.002154453130817145,0.7241859263250908,0.029384623944986164,0.009879613929352353,0.6641757263430151,0.0474047768149264,0.009791187941462512,0.548525935095939,0.00016307027692840704,0.00016307027692840704,1.9184738462165534
14480,0.004821810864558729,0.002155292153025017,0.7244679505966444,0.029359768207236066,0.00988383940476987,0.6644597919173022,0.04737603578089464,0.009796073917247912,0.5487996592295749,0.00016318297235130158,0.00016318297235130158,1.919799674721195
14490,0.004816880288015772,0.00215613035103732,0.7247496978276705,0.02933493162884462,0.009888061623096417,0.6647436385274902,0.047347309027977964,0.009800957465243745,0.5490732473525908,0.00016329566777419612,0.00016329566777419612,1.9211255032258365
14500,0.004811954559742276,0.0021569677248438135,0.7250311680147271,0.029310114206958827,0.009892280584817002,0.6650272662061849,0.04731859655270619,0.009805838586039946,0.5493466994980363,0.00016340836319709068,0.00016340836319709068,1.9224513317304786
14510,0.004807033679798478,0.0021578042744342593,0.7253123611543728,0.02928531593872568,0.009896496290416636,0.6653106749859923,0.04728989835160913,0.009810717280226446,0.5496200156989606,0.00016352105861998524,0.00016352105861998524,1.9237771602351204
14520,0.00480211764824461,0.002158639999798417,0.7255932772431655,0.029260536821292166,0.009900708740380333,0.6655938648995181,0.047261214421216585,0.009815593548393179,0.5498931959884135,0.00016363375404287978,0.00016363375404287978,1.925102988739762
14530,0.004797206465140904,0.002159474900926047,0.7258739162776627,0.029235776851805294,0.009904917935193103,0.6658768359793681,0.04723254475805838,0.009820467391130076,0.5501662403994441,0.00016374644946577432,0.00016374644946577432,1.9264288172444035
14540,0.0047923001305475955,0.0021603089778069098,0.7261542782544235,0.029211036027412055,0.009909123875339952,0.6661595882581479,0.04720388935866431,0.009825338809027065,0.5504391489651017,0.00016385914488866886,0.00016385914488866886,1.9277546457490453
14550,0.004787398644524914,0.002161142230430765,0.7264343631700051,0.029186314345259434,0.009913326561305898,0.6664421217684636,0.0471752482195642,0.009830207802674084,0.5507119217184361,0.0001639718403115634,0.0001639718403115634,1.929080474253687
14560,0.0047825020071330954,0.0021619746587873746,0.7267141710209662,0.029161611802494436,0.009917525993575947,0.6667244365429207,0.04714662133728785,0.009835074372661064,0.5509845586924966,0.00016408453573445793,0.00016408453573445793,1.9304063027583285
14570,0.00477761021843237,0.002162806262866498,0.7269937018038648,0.029136928396264056,0.009921722172635114,0.6670065326141251,0.047118008708365064,0.009839938519577936,0.5512570599203326,0.0001641972311573525,0.0001641972311573525,1.9317321312629705
14580,0.004772723278482975,0.002163637042657895,0.7272729555152587,0.029112264123715283,0.009925915098968405,0.6672884100146826,0.047089410329325676,0.009844800244014636,0.5515294254349936,0.00016430992658024703,0.00016430992658024703,1.933057959767612
14590,0.00476784118734514,0.002164466998151327,0.7275519321517065,0.029087618981995102,0.009930104773060833,0.6675700687771987,0.04706082619669946,0.009849659546561088,0.5518016552695287,0.0001644226220031416,0.0001644226220031416,1.9343837882722539
14600,0.0047629639450790994,0.0021652961293365538,0.7278306317097659,0.029062992968250535,0.009934291195397411,0.6678515089342797,0.04703225630701627,0.009854516427807233,0.5520737494569878,0.00016453531742603614,0.00016453531742603614,1.9357096167768957
14610,0.004758091551745088,0.0021661244362033358,0.7281090541859951,0.029038386079628553,0.009938474366463149,0.6681327305185308,0.04700370065680587,0.009859370888342999,0.55234570803042,0.00016464801284893067,0.00016464801284893067,1.9370354452815373
14620,0.004753224007403335,0.002166951918741434,0.7283871995769524,0.029013798313276155,0.009942654286743055,0.6684137335625582,0.04697515924259811,0.009864222928758319,0.552617531022875,0.0001647607082718252,0.0001647607082718252,1.9383612737861788
14630,0.004748361312114076,0.0021677785769406077,0.7286650678791958,0.028989229666340342,0.009946830956722143,0.6686945180989675,0.046946632060922776,0.009869072549643126,0.552889218467402,0.00016487340369471975,0.00016487340369471975,1.9396871022908204
14640,0.004743503465937544,0.0021686044107906183,0.7289426590892835,0.028964680135968104,0.009951004376885425,0.6689750841603647,0.04691811910830969,0.009873919751587353,0.5531607703970506,0.00016498609911761429,0.00016498609911761429,1.941012930795462
14650,0.004738650468933971,0.0021694294202812257,0.7292199732037733,0.02894014971930644,0.009955174547717906,0.669255431779355,0.046889620381288646,0.009878764535180929,0.5534321868448699,0.00016509879454050885,0.00016509879454050885,1.942338759300104
14660,0.004733802321163592,0.00217025360540219,0.7294970102192235,0.028915638413502347,0.009959341469704603,0.6695355609885446,0.04686113587638947,0.009883606901013788,0.5537034678439097,0.0001652114899634034,0.0001652114899634034,1.9436645878047456
14670,0.0047289590226866395,0.0021710769661432722,0.7297737701321922,0.028891146215702806,0.009963505143330526,0.6698154718205394,0.046832665590141966,0.009888446849675863,0.5539746134272192,0.00016532418538629795,0.00016532418538629795,1.9449904163093876
14680,0.004724120573563344,0.0021718995024942326,0.7300502529392379,0.02886667312305482,0.009967665569080682,0.6700951643079449,0.04680420951907595,0.009893284381757086,0.554245623627848,0.0001654368808091925,0.0001654368808091925,1.9463162448140292
14690,0.004719286973853941,0.0021727212144448307,0.7303264586369178,0.02884221913270538,0.009971822747440087,0.6703746384833671,0.04677576765972122,0.009898119497847392,0.5545164984788455,0.00016554957623208703,0.00016554957623208703,1.9476420733186708
14700,0.004714458223618664,0.0021735421019848282,0.730602387221791,0.028817784241801488,0.00997597667889375,0.6706538943794116,0.0467473400086076,0.009902952198536707,0.554787238013261,0.0001656622716549816,0.0001656622716549816,1.9489679018233126
14710,0.004709634322917745,0.0021743621651039843,0.7308780386904149,0.02879336844749013,0.009980127363926679,0.6709329320286842,0.04671892656226489,0.009907782484414967,0.5550578422641438,0.00016577496707787613,0.00016577496707787613,1.9502937303279544
14720,0.004704815271811418,0.0021751814037920597,0.7311534130393477,0.028768971746918316,0.009984274803023888,0.6712117514637908,0.0466905273172229,0.009912610356072105,0.5553283112645437,0.00016588766250077067,0.00016588766250077067,1.951619558832596
14730,0.004700001070359915,0.002175999818038815,0.7314285102651479,0.028744594137233022,0.009988418996670387,0.6714903527173368,0.04666214227001145,0.009917435814098052,0.5555986450475099,0.00016600035792366523,0.00016600035792366523,1.9529453873372378
14740,0.004695191718623469,0.002176817407834011,0.7317033303643735,0.028720235615581256,0.009992559945351188,0.6717687358219285,0.04663377141716034,0.009922258859082742,0.555868843646092,0.00016611305334655977,0.00016611305334655977,1.9542712158418796
14750,0.0046903872166623155,0.0021776341731674074,0.7319778733335822,0.028695896179110003,0.0099966976495513,0.6720469008101714,0.04660541475519938,0.009927079491616104,0.5561389070933391,0.0001662257487694543,0.0001662257487694543,1.9555970443465212
14760,0.0046855875645366845,0.0021784501140287645,0.7322521391693325,0.028671575824966263,0.010000832109755737,0.6723248477146713,0.04657707228065839,0.009931897712288073,0.556408835422301,0.00016633844419234884,0.00016633844419234884,1.9569228728511627
14770,0.004680792762306809,0.002179265230407843,0.7325261278681825,0.028647274550297027,0.010004963326449507,0.672602576568034,0.04654874399006717,0.009936713521688581,0.5566786286660269,0.00016645113961524338,0.00016645113961524338,1.9582487013558043
14780,0.0046760028100329264,0.002180079522294403,0.7327998394266901,0.028622992352249296,0.010009091300117623,0.6728800874028653,0.04652042987995554,0.009941526920407558,0.5569482868575663,0.00016656383503813794,0.00016656383503813794,1.9595745298604463
14790,0.0046712177077752656,0.0021808929896782055,0.7330732738414136,0.028598729227970056,0.010013216031245092,0.6731573802517707,0.0464921299468533,0.009946337909034939,0.5572178100299685,0.00016667653046103248,0.00016667653046103248,1.960900358365088
14800,0.004666437455594061,0.0021817056325490105,0.7333464311089111,0.028574485174606312,0.01001733752031693,0.6734344551473564,0.04646384418729026,0.009951146488160655,0.5574871982162832,0.00016678922588392702,0.00016678922588392702,1.9622261868697295
14810,0.0046616620535495455,0.002182517450896578,0.7336193112257404,0.028550260189305048,0.010021455767818144,0.673711312122228,0.04643557259779623,0.00995595265837464,0.5577564514495597,0.00016690192130682158,0.00016690192130682158,1.9635520153743715
14820,0.004656891501701952,0.002183328444710669,0.73389191418846,0.02852605426921326,0.010025570774233748,0.6739879512089914,0.04640731517490103,0.009960756420266824,0.5580255697628473,0.00016701461672971612,0.00016701461672971612,1.964877843879013
14830,0.004652125800111514,0.0021841386139810435,0.734164239993628,0.028501867411477956,0.01002968254004875,0.674264372440252,0.04637907191513446,0.009965557774427139,0.5582945531891954,0.00016712731215261066,0.00016712731215261066,1.9662036723836547
14840,0.0046473649488384654,0.0021849479586974617,0.7344362886378022,0.028477699613246112,0.010033791065748162,0.6745405758486158,0.04635084281502634,0.00997035672144552,0.5585634017616538,0.0001672400075755052,0.0001672400075755052,1.9675295008882963
14850,0.004642608947943039,0.0021857564788496844,0.7347080601175409,0.028453550871664735,0.010037896351816997,0.6748165614666887,0.046322627871106484,0.009975153261911897,0.5588321155132715,0.00016735270299839976,0.00016735270299839976,1.9688553293929383
14860,0.004637857797485465,0.002186564174427472,0.7349795544294022,0.028429421183880813,0.010041998398740263,0.6750923293270764,0.04629442707990468,0.009979947396416205,0.5591006944770983,0.00016746539842129433,0.00016746539842129433,1.97018115789758
14870,0.004633111497525979,0.0021873710454205844,0.7352507715699442,0.028405310547041346,0.010046097207002974,0.6753678794623846,0.046266240437950745,0.009984739125548373,0.5593691386861833,0.00016757809384418886,0.00016757809384418886,1.9715069864022219
14880,0.0046283700481248155,0.002188177091818782,0.735521711535725,0.028381218958293323,0.010050192777090136,0.6756432119052193,0.0462380679417745,0.009989528449898333,0.5596374481735761,0.0001676907892670834,0.0001676907892670834,1.9728328149068635
14890,0.004623633449342204,0.0021889823136118257,0.7357923743233027,0.028357146414783752,0.010054285109486765,0.6759183266881857,0.04620990958790576,0.00999431537005602,0.559905622972326,0.00016780348468997794,0.00016780348468997794,1.974158643411505
14900,0.0046189017012383815,0.002189786710789476,0.7360627599292355,0.028333092913659607,0.010058374204677867,0.6761932238438901,0.046181765372874314,0.009999099886611365,0.5601736631154827,0.00016791618011287248,0.00016791618011287248,1.9754844719161466
14910,0.004614174803873579,0.0021905902833414923,0.7363328683500814,0.028309058452067895,0.010062460063148461,0.6764679034049385,0.04615363529320998,0.010003882000154302,0.5604415686360954,0.000168028875535767,0.000168028875535767,1.9768103004207882
14920,0.004609452757308029,0.0021913930312576356,0.7366026995823985,0.02828504302715561,0.010066542685383548,0.676742365403936,0.046125519345442574,0.01000866171127476,0.5607093395672135,0.00016814157095866158,0.00016814157095866158,1.9781361289254302
14930,0.004604735561601966,0.0021921949545276663,0.736872253622745,0.028261046636069743,0.010070622071868145,0.6770166098734887,0.046097417526101914,0.010013439020562674,0.5609769759418864,0.00016825426638155611,0.00016825426638155611,1.9794619574300718
14940,0.004600023216815623,0.002192996053141345,0.7371415304676789,0.028237069275957292,0.010074698223087264,0.6772906368462025,0.046069329831717784,0.010018213928607977,0.561244477793164,0.00016836696180445068,0.00016836696180445068,1.9807877859347138
14950,0.0045953157230092315,0.0021937963270884315,0.7374105301137585,0.028213110943965253,0.010078771139525908,0.6775644463546828,0.04604125625882002,0.010022986436000596,0.561511845154095,0.00016847965722734522,0.00016847965722734522,1.9821136144393554
14960,0.004590613080243025,0.0021945957763586862,0.7376792525575415,0.02818917163724061,0.010082840821669098,0.6778380384315359,0.04601319680393841,0.01002775654333047,0.5617790780577294,0.00016859235265023975,0.00016859235265023975,1.983439442943997
14970,0.004585915288577238,0.0021953944009418702,0.7379476977955866,0.028165251352930378,0.010086907270001838,0.6781114131093671,0.04598515146360278,0.010032524251187527,0.5620461765371164,0.0001687050480731343,0.0001687050480731343,1.9847652714486386
14980,0.0045812223480721035,0.0021961922008277433,0.7382158658244514,0.028141350088181527,0.010090970485009142,0.6783845704207825,0.04595712023434294,0.0100372895601617,0.5623131406253054,0.00016881774349602883,0.00016881774349602883,1.9860910999532801
14990,0.004576534258787852,0.0021969891760060655,0.7384837566406942,0.028117467840141068,0.010095030467176018,0.6786575103983877,0.04592910311268869,0.010042052470842923,0.5625799703553459,0.00016893043891892337,0.00016893043891892337,1.9874169284579217
15000,0.00457185102078472,0.0021977853264665984,0.7387513702408733,0.02809360460595599,0.010099087216987483,0.6789302330747887,0.045901100095169844,0.010046812983821124,0.5628466657602871,0.00016904313434181796,0.00016904313434181796,1.988742756962564
15010,0.0045671726341229395,0.002198580652199101,0.7390187066215466,0.0280697603827733,0.010103140734928542,0.6792027384825909,0.04587311117831622,0.010051571099686242,0.5631132268731789,0.0001691558297647125,0.0001691558297647125,1.9900685854672058
15020,0.004562499098862742,0.0021993751531933347,0.7392857657792722,0.028045935167739972,0.010107191021484207,0.6794750266544004,0.04584513635865761,0.010056326819028204,0.5633796537270702,0.00016926852518760703,0.00016926852518760703,1.9913944139718474
15030,0.004557830415064362,0.0022001688294390593,0.7395525477106081,0.028022128958003007,0.01011123807713949,0.6797470976228228,0.04581717563272385,0.010061080142436944,0.5636459463550109,0.00016938122061050157,0.00016938122061050157,1.992720242476489
15040,0.004553166582788032,0.002200961680926035,0.7398190524121127,0.02799834175070941,0.010115281902379402,0.6800189514204639,0.045789228997044726,0.010065831070502396,0.5639121047900503,0.0001694939160333961,0.0001694939160333961,1.9940460709811305
15050,0.004548507602093986,0.002201753707644023,0.7400852798803438,0.027974573543006167,0.010119322497688954,0.6802905880799296,0.045761296448150066,0.010070579603814488,0.5641781290652375,0.00016960661145629067,0.00016960661145629067,1.9953718994857725
15060,0.004543853473042458,0.002202544909582783,0.7403512301118598,0.027950824332040273,0.010123359863553155,0.6805620076338253,0.04573337798256966,0.010075325742963156,0.5644440192136222,0.0001697193068791852,0.0001697193068791852,1.9966977279904141
15070,0.004539204195693678,0.0022033352867320754,0.7406169031032185,0.027927094114958726,0.01012739400045702,0.6808332101147575,0.04570547359683334,0.010080069488538332,0.5647097752682538,0.00016983200230207975,0.00016983200230207975,1.9980235564950557
15080,0.004534559770107882,0.002204124839081661,0.7408822988509784,0.027903382888908517,0.010131424908885554,0.6811041955553313,0.0456775832874709,0.010084810841129945,0.5649753972621818,0.0001699446977249743,0.0001699446977249743,1.9993493849996977
15090,0.0045299201963453,0.0022049135666213,0.7411474173516974,0.027879690651036636,0.010135452589323773,0.6813749639881527,0.04564970705101216,0.01008954980132793,0.5652408852284555,0.00017005739314786885,0.00017005739314786885,2.0006752135043393
15100,0.004525285474466166,0.0022057014693407525,0.7414122586019335,0.027856017398490085,0.010139477042256687,0.6816455154458276,0.04562184488398693,0.010094286369722223,0.5655062392001245,0.00017017008857076339,0.00017017008857076339,2.0020010420089807
15110,0.004520655604530717,0.0022064885472297792,0.7416768225982451,0.027832363128415867,0.010143498268169305,0.6819158499609617,0.04559399678292501,0.010099020546902747,0.565771459210238,0.00017028278399365792,0.00017028278399365792,2.0033268705136225
15120,0.004516030586599181,0.00220727480027814,0.7419411093371899,0.02780872783796096,0.01014751626754664,0.6821859675661606,0.045566162744356216,0.010103752333459441,0.5660365452918454,0.00017039547941655246,0.00017039547941655246,2.0046526990182643
15130,0.0045114104207317944,0.0022080602284755956,0.7422051188153262,0.027785111524272363,0.010151531040873699,0.68245586829403,0.04553834276481036,0.010108481729982237,0.5663014974779964,0.00017050817483944703,0.00017050817483944703,2.005978527522906
15140,0.0045067951069887886,0.0022088448318119064,0.7424688510292122,0.02776151418449708,0.010155542588635498,0.6827255521771762,0.045510536840817246,0.010113208737061067,0.5665663158017404,0.00017062087026234156,0.00017062087026234156,2.007304356027548
15150,0.004502184645430397,0.0022096286102768333,0.7427323059754061,0.027737935815782096,0.010159550911317046,0.6829950192482046,0.045482744968906696,0.01011793335528586,0.5668310002961267,0.0001707335656852361,0.0001707335656852361,2.0086301845321892
15160,0.004497579036116853,0.0022104115638601355,0.7429954836504656,0.027714376415274404,0.010163556009403354,0.6832642695397211,0.04545496714560851,0.01012265558524655,0.5670955509942045,0.00017084626110813067,0.00017084626110813067,2.009956013036831
15170,0.00449297827910839,0.0022111936925515744,0.7432583840509494,0.02769083598012101,0.010167557883379431,0.6835333030843314,0.0454272033674525,0.010127375427533074,0.5673599679290238,0.0001709589565310252,0.0001709589565310252,2.011281841541473
15180,0.00448838237446524,0.00221197499634091,0.7435210071734151,0.027667314507468888,0.01017155653373029,0.6838021199146412,0.04539945363096848,0.010132092882735358,0.5676242511336335,0.00017107165195391974,0.00017107165195391974,2.0126076700461146
15190,0.004483791322247636,0.0022127554752179026,0.743783353014421,0.027643811994465063,0.010175551960940943,0.6840707200632565,0.045371717932686254,0.010136807951443335,0.5678884006410833,0.00017118434737681428,0.00017118434737681428,2.013933498550756
15200,0.004479205122515815,0.002213535129172312,0.744045421570525,0.027620328438256504,0.010179544165496397,0.6843391035627829,0.04534399626913564,0.01014152063424694,0.5681524164844225,0.00017129704279970884,0.00017129704279970884,2.015259327055398
15210,0.004474623775330004,0.0022143139581939,0.7443072128382856,0.027596863835990214,0.010183533147881667,0.6846072704458263,0.04531628863684643,0.010146230931736106,0.5684162986967006,0.0001714097382226034,0.0001714097382226034,2.01658515556004
15220,0.00447004728075044,0.002215091962272426,0.7445687268142608,0.027573418184813188,0.01018751890858176,0.6848752207449922,0.04528859503234846,0.010150938844500763,0.5686800473109671,0.00017152243364549794,0.00017152243364549794,2.0179109840646814
15230,0.004465475638837354,0.0022158691413976506,0.7448299634950085,0.027549991481872423,0.01019150144808169,0.6851429544928866,0.045260915452171514,0.01015564437313084,0.5689436623602712,0.00017163512906839248,0.00017163512906839248,2.019236812569323
15240,0.004460908849650982,0.0022166454955593337,0.7450909228770869,0.027526583724314907,0.010195480766866468,0.6854104717221153,0.045233249892845426,0.010160347518216276,0.5692071438776625,0.00017174782449128702,0.00017174782449128702,2.020562641073965
15250,0.004456346913251553,0.0022174210247472366,0.7453516049570542,0.027503194909287647,0.010199456865421102,0.685677772465284,0.045205598350899996,0.010165048280346999,0.5694704918961904,0.00017186051991418156,0.00017186051991418156,2.0218884695786064
15260,0.004451789829699304,0.002218195728951119,0.7456120097314686,0.027479825033937623,0.010203429744230606,0.6859448567549986,0.04517796082286503,0.010169746660112944,0.5697337064489044,0.00017197321533707612,0.00017197321533707612,2.023214298083248
15270,0.004447237599054466,0.0022189696081607417,0.7458721371968878,0.027456474095411836,0.010207399403779991,0.6862117246238648,0.04515033730527034,0.01017444265810404,0.5699967875688539,0.00017208591075997069,0.00017208591075997069,2.0245401265878904
15280,0.004442690221377273,0.0022197426623658642,0.7461319873498702,0.027433142090857284,0.010211365844554263,0.6864783761044883,0.04512272779464574,0.010179136274910223,0.5702597352890881,0.00017219860618286522,0.00017219860618286522,2.0258659550925318
15290,0.004438147696727957,0.002220514891556248,0.7463915601869741,0.027409829017420954,0.01021532906703844,0.6867448112294748,0.04509513228752104,0.010183827511121422,0.5705225496426568,0.00017231130160575976,0.00017231130160575976,2.0271917835971736
15300,0.0044336100251667525,0.0022212862957216527,0.7466508557047572,0.02738653487224985,0.010219289071717527,0.6870110300314304,0.04506755078042604,0.010188516367327571,0.5707852306626091,0.0001724239970286543,0.0001724239970286543,2.028517612101815
15310,0.004429077206753892,0.002222056874851839,0.7469098738997777,0.027363259652490958,0.010223245859076538,0.6872770325429605,0.04503998326989056,0.010193202844118603,0.5710477783819946,0.00017253669245154886,0.00017253669245154886,2.029843440606457
15320,0.004424549241549608,0.0022228266289365676,0.747168614768594,0.027340003355291274,0.010227199429600486,0.6875428187966712,0.04501242975244441,0.010197886942084448,0.5713101928338626,0.00017264938787444343,0.00017264938787444343,2.031169269111099
15330,0.004420026129614134,0.002223595557965598,0.7474270783077639,0.0273167659777978,0.010231149783774377,0.687808388825168,0.0449848902246174,0.01020256866181504,0.5715724740512628,0.00017276208329733796,0.00017276208329733796,2.0324950976157408
15340,0.004415507871007703,0.002224363661928691,0.7476852645138456,0.027293547517157523,0.010235096922083223,0.6880737426610569,0.04495736468293934,0.010207248003900313,0.5718346220672444,0.0001728747787202325,0.0001728747787202325,2.033820926120382
15350,0.004410994465790549,0.0022251309408156074,0.7479431733833973,0.027270347970517438,0.010239040845012037,0.6883388803369436,0.04492985312394003,0.010211924968930194,0.5720966369148568,0.00017298747414312704,0.00017298747414312704,2.035146754625024
15360,0.004406485914022903,0.0022258973946161073,0.7482008049129772,0.027247167335024546,0.01024298155304583,0.6886038018854338,0.0449023555441493,0.01021659955749462,0.5723585186271496,0.00017310016956602158,0.00017310016956602158,2.0364725831296653
15370,0.004401982215765001,0.002226663023319951,0.7484581590991431,0.027224005607825834,0.01024691904666961,0.6888685073391333,0.044874871940096935,0.010221271770183518,0.572620267237172,0.00017321286498891611,0.00017321286498891611,2.037798411634307
15380,0.0043974833710770725,0.0022274278269168984,0.7487152359384531,0.027200862786068297,0.010250853326368391,0.6891329967306481,0.04484740230831276,0.010225941607586829,0.5728818827779736,0.00017332556041181065,0.00017332556041181065,2.039124240138949
15390,0.004392989380019353,0.0022281918053967107,0.7489720354274657,0.027177738866898938,0.010254784392627184,0.6893972700925837,0.04481994664532658,0.01023060907029448,0.573143365282604,0.00017343825583470522,0.00017343825583470522,2.0404500686435907
15400,0.004388500242652076,0.002228954958749148,0.7492285575627387,0.02715463384746474,0.010258712245930996,0.6896613274575459,0.04479250494766822,0.0102352741588964,0.573404714784112,0.00017355095125759978,0.00017355095125759978,2.0417758971482325
15410,0.004384015959035472,0.0022297172869639704,0.7494848023408303,0.02713154772491271,0.010262636886764842,0.6899251688581406,0.044765077211867475,0.010239936873982527,0.5736659313155478,0.00017366364668049432,0.00017366364668049432,2.0431017256528743
15420,0.004379536529229779,0.0022304787900309384,0.7497407697582985,0.027108480496389833,0.010266558315613732,0.6901887943269734,0.04473766343445416,0.01024459721614279,0.5739270149099603,0.00017377634210338886,0.00017377634210338886,2.0444275541575156
15430,0.004375061953295225,0.0022312394679398126,0.7499964598117017,0.027085432159043108,0.010270476532962675,0.6904522038966503,0.04471026361195808,0.010249255185967126,0.5741879656003992,0.0001738890375262834,0.0001738890375262834,2.0457533826621574
15440,0.004370592231292045,0.002231999320680353,0.7502518724975976,0.02706240271001953,0.010274391539296683,0.690715397599777,0.04468287774090905,0.01025391078404546,0.5744487834199138,0.00017400173294917796,0.00017400173294917796,2.0470792111667993
15450,0.0043661273632804734,0.0022327583482423204,0.7505070078125446,0.027039392146466088,0.010278303335100767,0.6909783754689591,0.04465550581783688,0.01025856401096773,0.5747094684015535,0.00017411442837207252,0.00017411442837207252,2.0484050396714415
15460,0.004361667349320741,0.0022335165506154747,0.7507618657531007,0.027016400465529784,0.01028221192085994,0.6912411375368026,0.04462814783927138,0.010263214867323865,0.5749700205783678,0.000174227123794967,0.000174227123794967,2.0497308681760824
15470,0.004357212189473082,0.002234273927789577,0.7510164463158242,0.026993427664357604,0.010286117297059208,0.691503683835913,0.04460080380174236,0.010267863353703797,0.575230439983406,0.0001743398192178616,0.0001743398192178616,2.0510566966807247
15480,0.0043527618837977304,0.002235030479754387,0.7512707494972728,0.02697047374009656,0.010290019464183588,0.6917660143988966,0.044573473701779616,0.010272509470697463,0.5754907266497178,0.00017445251464075613,0.00017445251464075613,2.052382525185366
15490,0.004348316432354916,0.002235786206499665,0.751524775294005,0.02694753868989362,0.010293918422718085,0.6920281292583585,0.044546157535912984,0.010277153218894792,0.5757508806103525,0.00017456521006365067,0.00017456521006365067,2.053708353690008
15500,0.004343875835204876,0.0022365411080151718,0.7517785237025787,0.0269246225108958,0.010297814173147717,0.6922900284469052,0.04451885530067226,0.010281794598885716,0.5760109018983595,0.0001746779054865452,0.0001746779054865452,2.055034182194649
15510,0.004339440092407842,0.002237295184290668,0.7520319947195523,0.02690172520025009,0.010301706715957488,0.6925517119971419,0.04449156699258725,0.010286433611260165,0.576270790546788,0.00017479060090943975,0.00017479060090943975,2.056360010699291
15520,0.004335009204024043,0.0022380484353159134,0.7522851883414834,0.026878846755103474,0.01030559605163241,0.6928131799416746,0.044464292608187767,0.010291070256608078,0.5765305465886879,0.0001749032963323343,0.0001749032963323343,2.0576858392039328
15530,0.00433058317011372,0.0022388008610806686,0.7525381045649305,0.02685598717260296,0.0103094821806575,0.6930744323131092,0.04443703214400363,0.010295704535519382,0.5767901700571082,0.00017501599175522888,0.00017501599175522888,2.059011667708575
15540,0.004326161990737101,0.002239552461574694,0.7527907433864517,0.026833146449895543,0.01031336510351776,0.693335469144051,0.04440978559656464,0.01030033644858401,0.5770496609850987,0.0001751286871781234,0.0001751286871781234,2.0603374962132164
15550,0.00432174566595442,0.0022403032367877495,0.7530431048026047,0.026810324584128204,0.010317244820698207,0.6935962904671062,0.044382552962400616,0.010304965996391894,0.5773090194057083,0.00017524138260101795,0.00017524138260101795,2.061663324717858
15560,0.004317334195825908,0.002241053186709596,0.7532951888099482,0.02678752157244795,0.010321121332683852,0.6938568963148807,0.044355334238041354,0.010309593179532969,0.577568245351987,0.0001753540780239125,0.0001753540780239125,2.0629891532224995
15570,0.004312927580411804,0.002241802311329994,0.75354699540504,0.02676473741200177,0.010324994639959702,0.6941172867199799,0.04432812942001668,0.010314217998597164,0.577827338856984,0.00017546677344680702,0.00017546677344680702,2.0643149817271413
15580,0.004308525819772335,0.002242550610638704,0.7537985245844383,0.02674197209993666,0.010328864743010771,0.6943774617150097,0.044300938504856384,0.010318840454174413,0.5780862999537486,0.00017557946886970156,0.00017557946886970156,2.065640810231783
15590,0.004304128913967737,0.0022432980846254853,0.7540497763447009,0.026719225633399613,0.010332731642322067,0.6946374213325758,0.0442737614890903,0.010323460546854648,0.5783451286753304,0.0001756921642925961,0.0001756921642925961,2.0669666387364245
15600,0.004299736863058242,0.0022440447332800996,0.7543007506823864,0.026696498009537634,0.010336595338378607,0.6948971656052844,0.04424659836924821,0.0103280782772278,0.5786038250547787,0.00017580485971549066,0.00017580485971549066,2.0682924672410663
15610,0.004295349667104084,0.0022447905565923065,0.7545514475940526,0.026673789225497697,0.010340455831665395,0.6951566945657407,0.044219449141859955,0.010332693645883807,0.5788623891251433,0.00017591755513838523,0.00017591755513838523,2.0696182957457085
15620,0.004290967326165496,0.002245535554551866,0.7548018670762574,0.026651099278426817,0.010344313122667443,0.6954160082465507,0.04419231380345533,0.010337306653412594,0.579120820919473,0.00017603025056127977,0.00017603025056127977,2.07094412425035
15630,0.00428658984030271,0.00224627972714854,0.7550520091255597,0.026628428165471972,0.010348167211869767,0.6956751066803204,0.04416519235056414,0.010341917300404097,0.5793791204708177,0.0001761429459841743,0.0001761429459841743,2.0722699527549917
15640,0.004282217209575961,0.0022470230743720874,0.7553018737385168,0.026605775883780172,0.010352018099757374,0.6959339898996553,0.04413808477971619,0.010346525587448245,0.5796372878122267,0.00017625564140706884,0.00017625564140706884,2.073595781259633
15650,0.004277849434045481,0.0022477655962122693,0.7555514609116871,0.026583142430498405,0.010355865786815273,0.6961926579371611,0.04411099108744132,0.010351131515134976,0.5798953229767493,0.0001763683368299634,0.0001763683368299634,2.0749216097642753
15660,0.004273486513771501,0.0022485072926588454,0.7558007706416286,0.02656052780277366,0.01035971027352848,0.696451110825444,0.0440839112702693,0.010355735084054216,0.5801532259974351,0.00017648103225285794,0.00017648103225285794,2.0762474382689167
15670,0.004269128448814259,0.002249248163701577,0.7560498029248999,0.02653793199775294,0.010363551560382003,0.6967093485971093,0.044056845324729976,0.010360336294795902,0.5804109969073334,0.00017659372767575248,0.00017659372767575248,2.0775732667735585
15680,0.004264775239233983,0.002249988209330224,0.7562985577580583,0.026515355012583234,0.010367389647860853,0.696967371284763,0.044029793247353136,0.010364935147949965,0.5806686357394939,0.00017670642309864705,0.00017670642309864705,2.0788990952782003
15690,0.00426042688509091,0.002250727429534546,0.7565470351376625,0.026492796844411543,0.010371224536450039,0.6972251789210109,0.044002755034668606,0.010369531644106336,0.5809261425269656,0.00017681911852154158,0.00017681911852154158,2.080224923782842
15700,0.004256083386445269,0.0022514658243043047,0.7567952350602704,0.02647025749038485,0.010375056226634576,0.6974827715384588,0.04397573068320618,0.01037412578385495,0.5811835173027983,0.00017693181394443612,0.00017693181394443612,2.0815507522874834
15710,0.004251744743357297,0.00225220339362926,0.7570431575224403,0.026447736947650163,0.010378884718899476,0.6977401491697125,0.043948720189495666,0.010378717567785734,0.5814407601000412,0.00017704450936733066,0.00017704450936733066,2.0828765807921252
15720,0.004247410955887225,0.0022529401374991724,0.7572908025207301,0.026425235213354468,0.010382710013729743,0.6979973118473776,0.04392172355006689,0.010383306996488626,0.5816978709517437,0.0001771572047902252,0.0001771572047902252,2.084202409296767
15730,0.004243082024095288,0.002253676055903802,0.7575381700516981,0.026402752284644764,0.010386532111610391,0.6982542596040598,0.043894740761449655,0.010387894070553556,0.5819548498909556,0.00017726990021311973,0.00017726990021311973,2.0855282378014084
15740,0.004238757948041718,0.0022544111488329087,0.7577852601119021,0.026380288158668046,0.010390351013026435,0.6985109924723653,0.043867771820173776,0.010392478790570456,0.5822116969507258,0.00017738259563601427,0.00017738259563601427,2.08685406630605
15750,0.004234438727786747,0.002255145416276254,0.7580320726979004,0.0263578428325713,0.010394166718462881,0.6987675104848995,0.04384081672276906,0.01039706115712926,0.5824684121641043,0.00017749529105890883,0.00017749529105890883,2.088179894810692
15760,0.004230124363390609,0.0022558788582235974,0.7582786078062512,0.026335416303501533,0.010397979228404743,0.6990238136742684,0.0438138754657653,0.010401641170819898,0.58272499556414,0.0001776079864818034,0.0001776079864818034,2.089505723315334
15770,0.004225814854913537,0.0022566114746647,0.7585248654335125,0.026313008568605727,0.010401788543337029,0.6992799020730774,0.04378694804569233,0.010406218832232302,0.5829814471838826,0.00017772068190469794,0.00017772068190469794,2.0908315518199756
15780,0.004221510202415763,0.0022573432655893207,0.7587708455762422,0.02629061962503089,0.01040559466374475,0.6995357757139328,0.04376003445907995,0.010410794141956406,0.5832377670563812,0.00017783337732759247,0.00017783337732759247,2.0921573803246174
15790,0.004217210405957523,0.002258074230987222,0.7590165482309988,0.02626824946992401,0.010409397590112921,0.69979143462944,0.043733134702457974,0.010415367100582142,0.5834939552146858,0.000177946072750487,0.000177946072750487,2.0934832088292588
15800,0.004212915465599048,0.0022588043708481626,0.7592619733943403,0.026245898100432076,0.010413197322926549,0.700046878852205,0.04370624877235621,0.010419937708699444,0.5837500116918456,0.00017805876817338158,0.00017805876817338158,2.0948090373339006
15810,0.0042086253814005705,0.002259533685161904,0.7595071210628247,0.02622356551370209,0.010416993862670646,0.7003021084148333,0.043679376665304456,0.01042450596689824,0.5840059365209098,0.00017817146359627614,0.00017817146359627614,2.096134865838543
15820,0.004204340153422327,0.0022602621739182052,0.7597519912330102,0.026201251706881052,0.010420787209830223,0.7005571233499309,0.04365251837783255,0.010429071875768466,0.5842617297349281,0.00017828415901917068,0.00017828415901917068,2.097460694343184
15830,0.004200059781724546,0.002260989837106828,0.7599965839014547,0.02617895667711594,0.010424577364890292,0.7008119236901036,0.04362567390647028,0.010433635435900052,0.5845173913669498,0.00017839685444206521,0.00017839685444206521,2.098786522847826
15840,0.004195784266367463,0.0022617166747175323,0.7602408990647166,0.02615668042155376,0.010428364328335863,0.701066509467957,0.04359884324774746,0.010438196647882932,0.5847729214500241,0.00017850954986495975,0.00017850954986495975,2.1001123513524673
15850,0.0041915136074113105,0.002262442686740078,0.7604849367193538,0.026134422937341504,0.010432148100651947,0.7013208807160971,0.0435720263981939,0.010442755512307035,0.5850283200172008,0.0001786222452878543,0.0001786222452878543,2.101438179857109
15860,0.0041872478049163235,0.0022631678731642258,0.7607286968619246,0.026112184221626172,0.010435928682323552,0.7015750374671295,0.04354522335433941,0.0104473120297623,0.5852835871015294,0.00017873494071074883,0.00017873494071074883,2.102764008361751
15870,0.004182986858942732,0.0022638922339797366,0.760972179488987,0.026089964271554755,0.010439706073835694,0.7018289797536601,0.043518434112713805,0.010451866200838652,0.5855387227360589,0.00017884763613364336,0.00017884763613364336,2.1040898368663923
15880,0.004178730769550771,0.00226461576917637,0.761215384597099,0.026067763084274238,0.010443480275673381,0.7020827076082945,0.043491658669846896,0.010456418026126025,0.585793726953839,0.00017896033155653793,0.00017896033155653793,2.1054156653710345
15890,0.004174479536800672,0.0022653384787438865,0.7614583121828189,0.026045580656931626,0.010447251288321625,0.7023362210636385,0.04346489702226849,0.010460967506214357,0.5860485997879191,0.0001790730269794325,0.0001790730269794325,2.1067414938756763
15900,0.00417023316075267,0.0022660603626720468,0.7617009622427047,0.02602341698667392,0.010451019112265435,0.7025895201522981,0.043438149166508386,0.010465514641693572,0.5863033412713485,0.00017918572240232703,0.00017918572240232703,2.1080673223803177
15910,0.004165991641466998,0.002266781420950611,0.7619433347733146,0.026001272070648104,0.010454783747989825,0.7028426049068789,0.04341141509909642,0.010470059433153609,0.5865579514371769,0.00017929841782522157,0.00017929841782522157,2.1093931508849595
15920,0.004161754979003888,0.0022675016535693396,0.7621854297712066,0.02597914590600117,0.010458545195979805,0.7030954753599867,0.043384694816562375,0.010474601881184396,0.5868124303184535,0.0001794111132481161,0.0001794111132481161,2.1107189793896013
15930,0.004157523173423574,0.0022682210605179933,0.762427247232939,0.025957038489880117,0.010462303456720383,0.7033481315442274,0.043357988315436066,0.010479141986375867,0.5870667779482278,0.00017952380867101064,0.00017952380867101064,2.1120448078942426
15940,0.004153296224786288,0.0022689396417863317,0.7626687871550694,0.02593494981943194,0.010466058530696574,0.7036005734922065,0.043331295592247326,0.010483679749317954,0.5873209943595492,0.00017963650409390518,0.00017963650409390518,2.1133706363988845
15950,0.004149074133152264,0.002269657397364116,0.7629100495341566,0.02591287989180364,0.010469810418393382,0.7038528012365298,0.04330461664352593,0.010488215170600588,0.5875750795854671,0.00017974919951679972,0.00017974919951679972,2.114696464903526
15960,0.004144856898581735,0.002270374327241106,0.7631510343667584,0.025890828704142204,0.010473559120295827,0.7041048148098035,0.043277951465801726,0.010492748250813706,0.5878290336590312,0.0001798618949396943,0.0001798618949396943,2.116022293408168
15970,0.004140644521134933,0.0022710904314070623,0.7633917416494326,0.02586879625359462,0.010477304636888916,0.7043566142446329,0.04325130005560449,0.010497278990547235,0.5880828566132905,0.00017997459036258885,0.00017997459036258885,2.11734812191281
15980,0.004136437000872092,0.002271805709851745,0.7636321713787378,0.025846782537307898,0.010481046968657658,0.704608199573624,0.04322466240946405,0.01050180739039111,0.5883365484812947,0.00018008728578548338,0.00018008728578548338,2.118673950417451
15990,0.004132234337853447,0.002272520162564915,0.763872323551232,0.02582478755242902,0.010484786116087068,0.7048595708293827,0.04319803852391022,0.010506333450935261,0.588590109296093,0.00018019998120837792,0.00018019998120837792,2.119999778922093
16000,0.0041280365321392275,0.002273233789536332,0.7641121981634729,0.025802811296104993,0.010488522079662154,0.7051107280445145,0.0431714283954728,0.010510857172769623,0.5888435390907353,0.00018031267663127246,0.00018031267663127246,2.121325607426735
16010,0.00412384358378967,0.002273946590755757,0.7643517952120191,0.025780853765482798,0.010492254859867926,0.7053616712516252,0.0431448320206816,0.010515378556484127,0.5890968378982704,0.00018042537205416702,0.00018042537205416702,2.1226514359313766
16020,0.004119655492865004,0.0022746585662129504,0.7645911146934286,0.02575891495770944,0.010495984457189397,0.7056124004833207,0.04311824939606643,0.010519897602668705,0.5893500057517481,0.00018053806747706156,0.00018053806747706156,2.1239772644360184
16030,0.004115472259425465,0.002275369715897672,0.7648301566042595,0.02573699486993191,0.010499710872111578,0.7058629157722068,0.04309168051815711,0.01052441431191329,0.5896030426842179,0.00018065076289995613,0.00018065076289995613,2.12530309294066
16040,0.004111293883531285,0.0022760800397996824,0.7650689209410696,0.0257150934992972,0.010503434105119478,0.7061132171508893,0.043065125383483435,0.010528928684807815,0.5898559487287292,0.00018076345832285066,0.00018076345832285066,2.1266289214453016
16050,0.004107120365242699,0.002276789537908742,0.7653074077004174,0.025693210842952306,0.01050715415669811,0.7063633046519737,0.04303858398857524,0.010533440721942209,0.590108723918331,0.0001808761537457452,0.0001808761537457452,2.1279547499499434
16060,0.0041029517046199376,0.0022774982102146115,0.765545616878861,0.025671346898044223,0.010510871027332483,0.7066131783080659,0.0430120563299623,0.010537950423906407,0.5903613682860733,0.00018098884916863974,0.00018098884916863974,2.129280578454585
16070,0.004098787901723235,0.002278206056707051,0.7657835484729583,0.025649501661719955,0.010514584717507611,0.7068628381517721,0.04298554240417445,0.010542457791290342,0.5906138818650052,0.00018110154459153428,0.00018110154459153428,2.1306064069592265
16080,0.004094628956612824,0.0022789130773758206,0.7660212024792674,0.025627675131126484,0.010518295227708502,0.7071122842156975,0.042959042207741494,0.010546962824683946,0.5908662646881763,0.00018121424001442884,0.00018121424001442884,2.1319322354638683
16090,0.004090474869348939,0.0022796192722106807,0.7662585788943463,0.025605867303410797,0.010522002558420167,0.7073615165324482,0.04293255573719325,0.010551465524677147,0.5911185167886357,0.00018132693543732338,0.00018132693543732338,2.13325806396851
16100,0.004086325639991813,0.0022803246412013926,0.7664956777147537,0.025584078175719914,0.010525706710127617,0.7076105351346297,0.042906082989059506,0.010555965891859885,0.5913706381994334,0.00018143963086021792,0.00018143963086021792,2.134583892473152
16110,0.004082181268601676,0.0022810291843377156,0.7667324989370472,0.025562307745200803,0.010529407683315865,0.707859340054848,0.04287962395987009,0.010560463926822083,0.5916226289536182,0.00018155232628311248,0.00018155232628311248,2.1359097209777937
16120,0.004078041755238763,0.002281732901609411,0.7669690425577852,0.025540556009000483,0.010533105478469921,0.7081079313257088,0.0428531786461548,0.010564959630153681,0.5918744890842399,0.00018166502170600702,0.00018166502170600702,2.1372355494824355
16130,0.00407390709996331,0.0022824357930062377,0.7672053085735252,0.025518822964265938,0.010536800096074793,0.7083563089798179,0.042826747044443475,0.01056945300244461,0.5921262186243479,0.00018177771712890155,0.00018177771712890155,2.138561377987077
16140,0.004069777302835547,0.002283137858517958,0.7674412969808261,0.025497108608144154,0.010540491536615498,0.7086044730497812,0.04280032915126589,0.0105739440442848,0.5923778176069916,0.0001818904125517961,0.0001818904125517961,2.1398872064917187
16150,0.004065652363915707,0.0022838390981343307,0.7676770077762456,0.02547541293778213,0.01054417980057704,0.7088524235682042,0.04277392496315187,0.010578432756264182,0.5926292860652204,0.00018200310797469066,0.00018200310797469066,2.1412130349963605
16160,0.004061532283264023,0.002284539511845117,0.7679124409563418,0.02545373595032687,0.010547864888444435,0.709100160567693,0.042747534476631224,0.01058291913897269,0.5928806240320835,0.00018211580339758522,0.00018211580339758522,2.1425388635010023
16170,0.00405741706094073,0.002285239099640077,0.768147596517673,0.02543207764292536,0.01055154680070269,0.709347684080853,0.04272115768823377,0.010587403193000257,0.5931318315406306,0.00018222849882047976,0.00018222849882047976,2.143864692005644
16180,0.004053306697006058,0.002285937861508971,0.768382474456797,0.025410438012724596,0.010555225537836822,0.7095949941402904,0.0426947945944893,0.010591884918936818,0.5933829086239114,0.0001823411942433743,0.0001823411942433743,2.1451905205102855
16190,0.004049201191520243,0.00228663579744156,0.7686170747702722,0.025388817056871578,0.010558901100331836,0.7098420907786107,0.04266844519192764,0.010596364317372303,0.5936338553149749,0.00018245388966626883,0.00018245388966626883,2.1465163490149273
16200,0.0040451005445435164,0.002287332907427603,0.7688513974546565,0.025367214772513292,0.010562573488672743,0.7100889740284196,0.04264210947707858,0.010600841388896639,0.5938846716468705,0.00018256658508916337,0.00018256658508916337,2.147842177519569
16210,0.004041004756136112,0.0022880291914568617,0.769085442506508,0.025345631156796736,0.010566242703344556,0.7103356439223231,0.04261578744647196,0.010605316134099766,0.5941353576526479,0.0001826792805120579,0.0001826792805120579,2.1491680060242104
16220,0.004036913826358264,0.002288724649519096,0.7693192099223851,0.02532406620686891,0.010569908744832289,0.7105821004929268,0.04258947909663757,0.01060978855357161,0.5943859133653564,0.00018279197593495245,0.00018279197593495245,2.1504938345288522
16230,0.004032827755270202,0.0022894192816040665,0.7695526996988459,0.0253025199198768,0.010573571613620946,0.7108283437728365,0.04256318442410523,0.010614258647902108,0.5946363388180453,0.000182904671357847,0.000182904671357847,2.151819663033494
16240,0.004028746542932163,0.002290113087701533,0.769785911832448,0.025280992292967402,0.010577231310195542,0.7110743737946582,0.04253690342540474,0.010618726417681194,0.5948866340437644,0.00018301736678074157,0.00018301736678074157,2.153145491538136
16250,0.004024670189404379,0.002290806067801256,0.7700188463197499,0.025259483323287722,0.010580887835041089,0.7113201905909974,0.042510636097065915,0.010623191863498794,0.5951367990755627,0.0001831300622036361,0.0001831300622036361,2.1544713200427776
16260,0.004020598694747082,0.0022914982218929965,0.7702515031573097,0.02523799300798474,0.010584541188642597,0.7115657941944603,0.04248438243561857,0.010627654985944843,0.5953868339464898,0.00018324275762653065,0.00018324275762653065,2.1557971485474194
16270,0.004016532059020507,0.0022921895499665146,0.7704838823416855,0.025216521344205458,0.010588191371485076,0.711811184637652,0.0424581424375925,0.010632115785609273,0.5956367386895951,0.0001833554530494252,0.0001833554530494252,2.157122977052061
16280,0.004012470282284884,0.00229288005201157,0.7707159838694353,0.02519506832909687,0.010591838384053535,0.7120563619531787,0.04243191609951753,0.010636574263082019,0.5958865133379282,0.00018346814847231975,0.00018346814847231975,2.1584488055567026
16290,0.004008413364600448,0.0022935697280179247,0.7709478077371175,0.025173633959805965,0.01059548222683299,0.7123013261736463,0.04240570341792346,0.01064103041895301,0.5961361579245384,0.0001835808438952143,0.0001835808438952143,2.1597746340613444
16300,0.004004361306027431,0.0022942585779753373,0.7711793539412898,0.02515221823347974,0.010599122900308447,0.7125460773316602,0.042379504389340114,0.01064548425381218,0.5963856724824751,0.00018369353931810885,0.00018369353931810885,2.161100462565986
16310,0.004000314106626069,0.002294946601873569,0.7714106224785107,0.025130821147265205,0.010602760404964919,0.7127906154598264,0.04235331901029729,0.010649935768249458,0.5966350570447876,0.0001838062347410034,0.0001838062347410034,2.162426291070628
16320,0.003996271766456592,0.0022956337997023803,0.7716416133453379,0.02510944269830933,0.010606394741287417,0.7130349405907506,0.0423271472773248,0.010654384962854781,0.5968843116445255,0.00018391893016389793,0.00018391893016389793,2.16375211957527
16330,0.003992234285579235,0.002296320171451531,0.7718723265383297,0.025088082883759123,0.01061002590976095,0.7132790527570385,0.04230098918695246,0.01065883183821808,0.5971334363147384,0.00018403162558679247,0.00018403162558679247,2.165077948079911
16340,0.003988201664054229,0.0022970057171107817,0.7721027620540443,0.025066741700761574,0.010613653910870534,0.7135229519912963,0.04227484473571007,0.010663276394929287,0.5973824310884754,0.000184144321009687,0.000184144321009687,2.166403776584553
16350,0.003984173901941809,0.002297690436669893,0.7723329198890397,0.025045419146463688,0.010617278745101176,0.7137666383261293,0.04224871392012745,0.010667718633578332,0.5976312959987862,0.00018425701643258154,0.00018425701643258154,2.1677296050891943
16360,0.003980150999302208,0.0022983743301186253,0.772562800039874,0.02502411521801245,0.010620900412937884,0.7140101117941434,0.042222596736734404,0.010672158554755149,0.5978800310787199,0.0001843697118554761,0.0001843697118554761,2.1690554335938366
16370,0.0039761329561956585,0.002299057397446739,0.7727924025031054,0.02500282991255486,0.010624518914865676,0.7142533724279445,0.04219649318206074,0.010676596159049673,0.5981286363613262,0.00018448240727837064,0.00018448240727837064,2.170381262098478
16380,0.0039721197726823925,0.002299739638643994,0.773021727275292,0.0249815632272379,0.01062813425136956,0.7144964202601384,0.042170403252636275,0.010681031447051834,0.5983771118796546,0.0001845951027012652,0.0001845951027012652,2.1717070906031197
16390,0.0039681114488226464,0.0023004210537001506,0.7732507743529917,0.024960315159208577,0.010631746422934544,0.7147392553233306,0.04214432694499082,0.01068546441935156,0.5986254576667541,0.00018470779812415974,0.00018470779812415974,2.1730329191077615
16400,0.00396410798467665,0.0023011016426049704,0.7734795437327631,0.024939085705613883,0.01063535543004564,0.714981877650127,0.042118264255654174,0.01068989507653879,0.5988736737556746,0.00018482049354705428,0.00018482049354705428,2.1743587476124033
16410,0.0039601093803046375,0.002301781405348212,0.7737080354111637,0.024917874863600815,0.010638961273187864,0.7152242872731336,0.04209221518115615,0.010694323419203454,0.5991217601794653,0.00018493318896994882,0.00018493318896994882,2.1756845761170447
16420,0.0039561156357668424,0.0023024603419196377,0.773936249384752,0.024896682630316358,0.010642563952846221,0.715466484224956,0.04206617971802658,0.01069874944793548,0.5993697169711755,0.00018504588439284336,0.00018504588439284336,2.1770104046216865
16430,0.003952126751123496,0.0023031384523090064,0.774164185650086,0.024875509002907522,0.010646163469505724,0.7157084685381998,0.04204015786279523,0.010703173163324808,0.5996175441638548,0.00018515857981573795,0.00018515857981573795,2.1783362331263287
16440,0.003948142726434835,0.002303815736506079,0.774391844203724,0.02485435397852129,0.010649759823651385,0.7159502402454712,0.04201414961199196,0.010707594565961365,0.5998652417905527,0.00018527127523863249,0.00018527127523863249,2.17966206163097
16450,0.003944163561761089,0.0023044921945006157,0.7746192250422238,0.024833217554304655,0.01065335301576821,0.7161917993793754,0.04198815496214654,0.010712013656435086,0.6001128098843186,0.00018538397066152702,0.00018538397066152702,2.180987890135612
16460,0.003940189257162492,0.002305167826282377,0.7748463281621435,0.02481209972740462,0.010656943046341218,0.7164331459725187,0.04196217390978881,0.010716430435335902,0.6003602484782018,0.00018549666608442156,0.00018549666608442156,2.1823137186402537
16470,0.003936219812699278,0.0023058426318411235,0.7750731535600414,0.024791000494968175,0.010660529915855414,0.7166742800575068,0.041936206451448556,0.010720844903253743,0.6006075576052518,0.0001856093615073161,0.0001856093615073161,2.183639547144895
16480,0.003932255228431681,0.0023065166111666154,0.7752997012324756,0.024769919854142314,0.010664113624795808,0.716915201666945,0.041910252583655605,0.010725257060778546,0.6008547372985179,0.00018572205693021064,0.00018572205693021064,2.184965375649537
16490,0.003928295504419931,0.0023071897642486126,0.7755259711760041,0.024748857802074035,0.010667694173647416,0.7171559108334395,0.04188431230293976,0.01072966690850024,0.6011017875910499,0.00018583475235310517,0.00018583475235310517,2.186291204154178
16500,0.003924340640724263,0.002307862091076876,0.7757519633871851,0.024727814335910328,0.010671271562895247,0.7173964075895964,0.04185838560583083,0.010734074447008758,0.6013487085158968,0.00018594744777599974,0.00018594744777599974,2.1876170326588205
16510,0.003920390637404909,0.0023085335916411664,0.7759776778625768,0.02470678945279819,0.01067484579302431,0.7176366919680207,0.041832472488858616,0.010738479676894033,0.6015955001061083,0.0001860601431988943,0.0001860601431988943,2.1889428611634623
16520,0.003916445494522105,0.0023092042659312428,0.776203114598737,0.024685783149884618,0.010678416864519619,0.7178767640013188,0.04180657294855296,0.010742882598745996,0.6018421623947338,0.00018617283862178884,0.00018617283862178884,2.1902686896681036
16530,0.003912505212136081,0.002309874113936867,0.7764282735922241,0.024664795424316602,0.01068198477786618,0.7181166237220961,0.04178068698144363,0.01074728321315458,0.6020886954148225,0.00018628553404468338,0.00018628553404468338,2.1915945181727454
16540,0.003908569790307072,0.0023105431356477985,0.7766531548395961,0.024643826273241142,0.010685549533549008,0.7183562711629584,0.041754814584060475,0.010751681520709717,0.6023350991994239,0.00018639822946757791,0.00018639822946757791,2.1929203466773872
16550,0.0039046392290953092,0.0023112113310537986,0.7768777583374112,0.02462287569380523,0.010689111132053113,0.7185957063565117,0.041728955752933276,0.010756077522001342,0.6025813737815878,0.00018651092489047245,0.00018651092489047245,2.1942461751820286
16560,0.0039007135285610258,0.002311878700144626,0.7771020840822273,0.02460194368315586,0.010692669573863507,0.7188349293353617,0.041703110484591854,0.010760471217619381,0.6028275191943631,0.000186623620313367,0.000186623620313367,2.1955720036866704
16570,0.0038967926887644583,0.002312545242910043,0.7773261320706025,0.024581030238440025,0.010696224859465198,0.719073940132114,0.041677278775566026,0.010764862608153774,0.6030735354707997,0.00018673631573626153,0.00018673631573626153,2.1968978321913117
16580,0.0038928767097658355,0.002313210959339809,0.7775499022990954,0.02456013535680472,0.010699776989343199,0.7193127387793745,0.04165146062238559,0.010769251694194447,0.6033194226439467,0.0001868490111591561,0.0001868490111591561,2.198223660695954
16590,0.003888965591625393,0.002313875849423684,0.7777733947642634,0.024539259035396943,0.010703325963982522,0.7195513253097492,0.041625656021580366,0.010773638476331338,0.6035651807468536,0.00018696170658205066,0.00018696170658205066,2.199549489200596
16600,0.0038850593344033624,0.0023145399131514295,0.7779966094626652,0.024518401271363684,0.010706871783868175,0.7197896997558436,0.041599864969680156,0.010778022955154374,0.60381080981257,0.0001870744020049452,0.0001870744020049452,2.2008753177052376
16610,0.0038811579381599773,0.0023152031505128045,0.7782195463908586,0.024497562061851948,0.010710414449485173,0.7200278621502636,0.04157408746321477,0.010782405131253486,0.6040563098741448,0.00018718709742783973,0.00018718709742783973,2.202201146209879
16620,0.0038772614029554736,0.00231586556149757,0.7784422055454017,0.024476741404008715,0.010713953961318521,0.7202658125256147,0.041548323498714027,0.010786785005218614,0.6043016809646282,0.00018729979285073427,0.00018729979285073427,2.2035269747145207
16630,0.003873369728850079,0.002316527146095487,0.7786645869228527,0.024455939294980987,0.010717490319853234,0.720503550914503,0.041522573072707736,0.010791162577639683,0.604546923117069,0.00018741248827362883,0.00018741248827362883,2.2048528032191625
16640,0.003869482915904031,0.0023171879042963154,0.7788866905197699,0.02443515573191576,0.010721023525574323,0.7207410773495343,0.04149683618172569,0.01079553784910663,0.6047920363645171,0.00018752518369652337,0.00018752518369652337,2.2061786317238044
16650,0.003865600964177562,0.002317847836089815,0.7791085163327108,0.024414390711960027,0.010724553578966798,0.720978391863314,0.04147111282229772,0.010799910820209386,0.6050370207400216,0.00018763787911941793,0.00018763787911941793,2.207504460228446
16660,0.003861723873730902,0.0023185069414657475,0.7793300643582344,0.024393644232260776,0.01072808048051567,0.7212154944884483,0.04144540299095363,0.010804281491537882,0.605281876276632,0.00018775057454231247,0.00018775057454231247,2.208830288733088
16670,0.003857851644624288,0.002319165220413872,0.779551334592898,0.024372916289965022,0.01073160423070595,0.7214523852575427,0.04141970668422322,0.010808649863682051,0.6055266030073978,0.000187863269965207,0.000187863269965207,2.2101561172377293
16680,0.0038539842769179516,0.0023198226729239492,0.7797723270332602,0.024352206882219733,0.010735124830022647,0.7216890642032031,0.04139402389863632,0.010813015937231826,0.6057712009653684,0.00018797596538810155,0.00018797596538810155,2.211481945742371
16690,0.003850121770672125,0.0023204792989857397,0.7799930416758788,0.02433151600617192,0.010738642278950775,0.7219255313580353,0.04136835463072272,0.010817379712777136,0.606015670183593,0.00018808866081099608,0.00018808866081099608,2.2128077742470125
16700,0.0038462641259470413,0.002321135098589004,0.7802134785173122,0.02431084365896858,0.010742156577975344,0.7221617867546448,0.04134269887701224,0.01082174119090792,0.6062600106951217,0.00018820135623389065,0.00018820135623389065,2.2141336027516547
16710,0.003842411342802935,0.002321790071723502,0.7804336375541183,0.02429018983775669,0.010745667727581364,0.7223978304256378,0.04131705663403469,0.010826100372214102,0.6065042225330028,0.00018831405165678519,0.00018831405165678519,2.215459431256296
16720,0.003838563421300038,0.0023224442183789945,0.7806535187828552,0.024269554539683262,0.010749175728253848,0.7226336624036199,0.04129142789831987,0.010830457257285622,0.6067483057302869,0.00018842674707967972,0.00018842674707967972,2.216785259760938
16730,0.0038347203614985835,0.0023230975385452415,0.7808731222000811,0.024248937761895288,0.010752680580477804,0.7228692827211968,0.0412658126663976,0.010834811846712407,0.6069922603200227,0.0001885394425025743,0.0001885394425025743,2.2181110882655797
16740,0.003830882163458807,0.0023237500322120033,0.7810924478023541,0.024228339501539756,0.010756182284738245,0.7231046914109743,0.0412402109347977,0.01083916414108439,0.6072360863352599,0.00018865213792546883,0.00018865213792546883,2.2194369167702215
16750,0.0038270488272409385,0.0023244016993690412,0.7813114955862323,0.02420775975576366,0.01075968084152018,0.7233398885055582,0.041214622700049955,0.010843514140991505,0.607479783809048,0.00018876483334836336,0.00018876483334836336,2.220762745274863
16760,0.0038232203529052116,0.0023250525400061147,0.7815302655482739,0.024187198521714005,0.010763176251308623,0.7235748740375544,0.041189047958684194,0.010847861847023688,0.6077233527744362,0.0001888775287712579,0.0001888775287712579,2.2220885737795046
16770,0.0038193967405118594,0.0023257025541129845,0.7817487576850368,0.024166655796537772,0.01076666851458858,0.7238096480395684,0.04116348670723022,0.01085220725977086,0.607966793264474,0.00018899022419415246,0.00018899022419415246,2.2234144022841464
16780,0.0038155779901211193,0.0023263517416794105,0.7819669719930792,0.02414613157738197,0.010770157631845068,0.7240442105442062,0.041137938942217844,0.010856550379822964,0.6082101053122109,0.00018910291961704703,0.00018910291961704703,2.2247402307887882
16790,0.003811764101793216,0.0023270001026951537,0.7821849084689592,0.024125625861393583,0.010773643603563093,0.7242785615840734,0.041112404660176884,0.010860891207769927,0.6084532889506963,0.00018921561503994157,0.00018921561503994157,2.22606605929343
16800,0.0038079550755883897,0.0023276476371499747,0.7824025671092351,0.024105138645719608,0.01077712643022767,0.724512701191776,0.04108688385763714,0.010865229744201685,0.6086963442129796,0.0001893283104628361,0.0001893283104628361,2.227391887798072
16810,0.0038041509115668707,0.0023282943450336326,0.7826199479104646,0.024084669927507043,0.010780606112323805,0.7247466293999195,0.04106137653112842,0.010869565989708167,0.6089392711321102,0.00018944100588573064,0.00018944100588573064,2.228717716302713
16820,0.0038003516097888925,0.002328940226335889,0.7828370508692063,0.024064219703902878,0.010784082650336512,0.72498034624111,0.041035882677180543,0.010873899944879306,0.6091820697411376,0.00018955370130862518,0.00018955370130862518,2.230043544807355
16830,0.0037965571703146876,0.002329585281046504,0.7830538759820181,0.02404378797205411,0.010787556044750804,0.7252138517479532,0.04101040229232331,0.010878231610305036,0.6094247400731113,0.00018966639673151974,0.00018966639673151974,2.231369373311997
16840,0.0037927675932044906,0.0023302295091552376,0.783270423245458,0.02402337472910774,0.010791026296051687,0.7254471459530545,0.04098493537308655,0.010882560986575286,0.6096672821610805,0.00018977909215441428,0.00018977909215441428,2.2326952018166386
16850,0.003788982878518532,0.0023308729106518503,0.7834866926560841,0.024002979972210747,0.010794493404724177,0.7256802288890202,0.040959481916000046,0.01088688807427999,0.6099096960380946,0.00018989178757730882,0.00018989178757730882,2.23402103032128
16860,0.0037852030263170466,0.002331515485526103,0.7837026842104546,0.023982603698510137,0.010797957371253279,0.7259131005884556,0.04093404191759363,0.010891212874009083,0.6101519817372035,0.00019000448300020338,0.00019000448300020338,2.235346858825922
16870,0.0037814280366602684,0.0023321572337677552,0.7839183979051277,0.0239622459051529,0.01080141819612401,0.7261457610839669,0.04090861537439709,0.010895535386352493,0.6103941392914561,0.00019011717842309792,0.00019011717842309792,2.2366726873305636
16880,0.0037776579096084305,0.0023327981553665678,0.7841338337366615,0.02394190658928604,0.010804875879821374,0.7263782104081595,0.04088320228294026,0.010899855611900154,0.6106361687339021,0.00019022987384599246,0.00019022987384599246,2.2379985158352054
16890,0.003773892645221763,0.002333438250312301,0.7843489917016138,0.023921585748056542,0.01080833042283039,0.7266104485936395,0.040857802639752944,0.010904173551242,0.610878070097591,0.000190342569268887,0.000190342569268887,2.2393243443398467
16900,0.0037701322435605006,0.0023340775185947157,0.784563871796543,0.023901283378611405,0.010811781825636062,0.7268424756730125,0.04083241644136494,0.010908489204967958,0.6111198434155719,0.00019045526469178153,0.00019045526469178153,2.2406501728444885
16910,0.0037663767046848774,0.0023347159602035714,0.7847784740180072,0.023880999478097614,0.01081523008872341,0.7270742916788846,0.04080704368430607,0.010912802573667967,0.6113614887208945,0.00019056796011467612,0.00019056796011467612,2.2419760013491308
16920,0.0037626260286551276,0.0023353535751286293,0.7849927983625643,0.023860734043662176,0.010818675212577433,0.7273058966438609,0.04078168436510614,0.010917113657931955,0.6116030060466081,0.00019068065553757066,0.00019068065553757066,2.243301829853772
16930,0.0037588802155314816,0.0023359903633596493,0.7852068448267728,0.023840487072452076,0.01082211719768315,0.7275372906005478,0.04075633848029495,0.010921422458349858,0.6118443954257624,0.00019079335096046517,0.00019079335096046517,2.2446276583584135
16940,0.0037551392653741725,0.0023366263248863917,0.7854206134071904,0.023820258561614318,0.010825556044525567,0.7277684735815506,0.040731006026402325,0.010925728975511601,0.6120856568914063,0.00019090604638335974,0.00019090604638335974,2.2459534868630557
16950,0.0037514031782434334,0.002337261459698617,0.7856341041003755,0.023800048508295896,0.0108289917535897,0.7279994456194755,0.04070568699995808,0.010930033210007127,0.6123267904765898,0.00019101874180625427,0.00019101874180625427,2.247279315367697
16960,0.0037476719541995,0.002337895767786086,0.785847316902886,0.023779856909643803,0.010832424325360556,0.7282302067469281,0.040680381397492,0.010934335162426357,0.6125677962143617,0.0001911314372291488,0.0001911314372291488,2.248605143872339
16970,0.0037439455933026035,0.002338529249138558,0.78606025181128,0.02375968376280502,0.01083585376032315,0.7284607569965141,0.04065508921553393,0.010938634833359231,0.6128086741377721,0.00019124413265204335,0.00019124413265204335,2.2499309723769803
16980,0.003740224095612977,0.0023391619037457945,0.7862729088221158,0.02373952906492656,0.010839280058962487,0.7286910964008393,0.04062981045061363,0.01094293222339568,0.61304942427987,0.0001913568280749379,0.0001913568280749379,2.2512568008816225
16990,0.0037365074611908546,0.0023397937315975557,0.7864852879319514,0.02371939281315541,0.010842703221763582,0.7289212249925096,0.040604545099260966,0.010947227333125635,0.613290046673705,0.00019146952349783248,0.00019146952349783248,2.2525826293862643
17000,0.0037327956900964666,0.0023404247326836015,0.786697389137345,0.023699275004638563,0.010846123249211448,0.7291511428041308,0.04057929315800572,0.010951520163139028,0.6135305413523265,0.00019158221892072702,0.00019158221892072702,2.253908457890906
17010,0.0037290887823900496,0.0023410549069936924,0.7869092124348546,0.023679175636523015,0.01084954014179109,0.7293808498683085,0.040554054623377696,0.01095581071402579,0.6137709083487837,0.00019169491434362155,0.00019169491434362155,2.2552342863955475
17020,0.003725386738131834,0.002341684254517589,0.7871207578210383,0.023659094705955768,0.01085295389998752,0.7296103462176483,0.04052882949190671,0.010960098986375856,0.6140111476961263,0.0001918076097665161,0.0001918076097665161,2.2565601149001893
17030,0.003721689557382055,0.0023423127752450514,0.7873320252924543,0.023639032210083805,0.010856364524285757,0.7298396318847566,0.040503617760122596,0.01096438498077916,0.614251259427404,0.00019192030518941063,0.00019192030518941063,2.2578859434048306
17040,0.003717997240200944,0.00234294046916584,0.7875430148456604,0.023618988146054128,0.0108597720151708,0.7300687069022386,0.040478419424555115,0.010968668697825628,0.6144912435756654,0.00019203300061230517,0.00019203300061230517,2.2592117719094724
17050,0.0037143097866487373,0.0023435673362697156,0.7877537264772152,0.023598962511013725,0.01086317637312767,0.7302975713027003,0.040453234481734116,0.0109729501381052,0.6147311001739608,0.00019214569603519973,0.00019214569603519973,2.2605376004141142
17060,0.0037106271967856635,0.002344193376546438,0.7879641601836767,0.0235789553021096,0.010866577598641371,0.7305262251187475,0.0404280629281894,0.0109772293022078,0.614970829255339,0.00019225839145809427,0.00019225839145809427,2.261863428918756
17070,0.0037069494706719565,0.002344818589985768,0.7881743159616026,0.02355896651648874,0.010869975692196915,0.7307546683829858,0.040402904760450775,0.010981506190723366,0.6152104308528497,0.00019237108688098883,0.00019237108688098883,2.263189257423398
17080,0.003703276608367852,0.002345442976577466,0.7883841938075515,0.023538996151298144,0.010873370654279318,0.7309829011280213,0.040377759975048055,0.01098578080424183,0.6154499049995423,0.00019248378230388337,0.00019248378230388337,2.2645150859280396
17090,0.003699608609933582,0.0023460665363112918,0.7885937937180812,0.0235190442036848,0.010876762485373587,0.7312109233864595,0.040352628568511045,0.010990053143353124,0.6156892517284663,0.0001925964777267779,0.0001925964777267779,2.265840914432681
17100,0.003695945475429378,0.002346689269177006,0.7888031156897498,0.02349911067079571,0.01088015118596473,0.7314387351909062,0.04032751053736955,0.010994323208647176,0.6159284710726709,0.00019270917314967244,0.00019270917314967244,2.267166742937323
17110,0.0036922872049154768,0.0023473111751643695,0.7890121597191158,0.02347919554977787,0.010883536756537764,0.7316663365739672,0.04030240587815338,0.010998591000713924,0.6161675630652058,0.000192821868572567,0.000192821868572567,2.2684925714419646
17120,0.0036886337984521067,0.0023479322542631427,0.7892209258027371,0.02345929883777827,0.010886919197577697,0.7318937275682484,0.04027731458739236,0.011002856520143298,0.6164065277391204,0.00019293456399546155,0.00019293456399546155,2.2698183999466064
17130,0.0036849852560995036,0.0023485525064630853,0.7894294139371715,0.023439420531943894,0.010890298509569539,0.7321209082063556,0.04025223666161629,0.011007119767525228,0.6166453651274638,0.0001930472594183561,0.0001930472594183561,2.271144228451248
17140,0.0036813415779179005,0.0023491719317539576,0.7896376241189773,0.023419560629421767,0.010893674692998304,0.7323478785208943,0.04022717209735499,0.01101138074344965,0.6168840752632857,0.00019315995484125065,0.00019315995484125065,2.27247005695589
17150,0.0036777027639675304,0.0023497905301255208,0.7898455563447128,0.02339971912735885,0.010897047748348997,0.7325746385444702,0.040202120891138254,0.011015639448506497,0.6171226581796356,0.00019327265026414519,0.00019327265026414519,2.2737958854605314
17160,0.0036740688143086257,0.0023504083015675344,0.7900532106109358,0.02337989602290215,0.010900417676106637,0.7328011883096898,0.040177083039495895,0.011019895883285696,0.6173611139095628,0.00019338534568703972,0.00019338534568703972,2.275121713965173
17170,0.0036704397290014193,0.0023510252460697597,0.7902605869142049,0.023360091313198675,0.010903784476756228,0.733027527849158,0.04015205853895772,0.011024150048377184,0.6175994424861168,0.00019349804110993426,0.00019349804110993426,2.2764475424698145
17180,0.003666815508106148,0.002351641363621956,0.7904676852510777,0.023340304995395404,0.010907148150782784,0.7332536571954811,0.04012704738605356,0.01102840194437089,0.6178376439423469,0.00019361073653282882,0.00019361073653282882,2.2777733709744568
17190,0.003663196151683039,0.002352256654213884,0.7906745056181123,0.023320537066639335,0.010910508698671315,0.7334795763812647,0.04010204957731322,0.01103265157185675,0.6180757183113025,0.00019372343195572336,0.00019372343195572336,2.279099199479098
17200,0.0036595816597923296,0.0023528711178353048,0.790881048011867,0.023300787524077462,0.010913866120906834,0.7337052854391147,0.040077065109266494,0.011036898931424694,0.6183136656260333,0.0001938361273786179,0.0001938361273786179,2.28042502798374
17210,0.0036559720324942507,0.0023534847544759785,0.7910873124289003,0.02328105636485679,0.01091722041797435,0.7339307844016368,0.0400520939784432,0.011041144023664655,0.6185514859195884,0.00019394882280151246,0.00019394882280151246,2.2817508564883817
17220,0.0036523672698490347,0.002354097564125665,0.7912932988657697,0.023261343586124285,0.010920571590358873,0.7341560733014367,0.040027136181373144,0.011045386849166564,0.6187891792250176,0.000194061518224407,0.000194061518224407,2.2830766849930235
17230,0.003648767371916918,0.002354709546774125,0.7914990073190336,0.02324164918502698,0.010923919638545417,0.7343811521711203,0.04000219171458614,0.011049627408520356,0.6190267455753701,0.00019417421364730154,0.00019417421364730154,2.284402513497665
17240,0.0036451723387581313,0.002355320702411118,0.7917044377852497,0.023221973158711842,0.010927264563018988,0.7346060210432932,0.03997726057461201,0.011053865702315958,0.6192641850036952,0.00019428690907019608,0.00019428690907019608,2.2857283420023067
17250,0.003641582170432909,0.002355931031026406,0.7919095902609767,0.02320231550432588,0.010930606364264604,0.7348306799505615,0.039952342757980534,0.011058101731143306,0.6195014975430424,0.00019439960449309064,0.00019439960449309064,2.2870541705069485
17260,0.003637996867001483,0.0023565405326097487,0.7921144647427726,0.023182676219016075,0.01093394504276727,0.7350551289255306,0.039927438261221554,0.011062335495592334,0.6197386832264613,0.0001945122999159852,0.0001945122999159852,2.2883799990115903
17270,0.0036344164285240874,0.002357149207150906,0.7923190612271953,0.02316305529992944,0.010937280599011997,0.7352793680008064,0.03990254708086487,0.011066566996252972,0.6199757420870013,0.00019462499533887974,0.00019462499533887974,2.289705827516232
17280,0.003630840558594851,0.0023577571050388763,0.7925233966517231,0.02314345202511138,0.010940613155731067,0.7355034054272985,0.03987766914209192,0.011070796245844373,0.6202126748372199,0.00019473769076177423,0.00019473769076177423,2.291031656020873
17290,0.003627267320412301,0.0023583645555299098,0.7927275816907259,0.023123861694080615,0.010943943512006296,0.7357272949247929,0.039852803975322926,0.011075023324195103,0.6204494859493055,0.0001948503861846688,0.0001948503861846688,2.292357484525515
17300,0.003623696363374531,0.002358971618226331,0.7929316363785985,0.023104283454421934,0.010947271812748273,0.7359510462351779,0.039827951492751146,0.011079248246232304,0.6206861762595128,0.00019496308160756333,0.00019496308160756333,2.2936833130301566
17310,0.00362012768755192,0.0023595782931161748,0.7931355607113192,0.02308471730435019,0.01095059805826047,0.7361746593788551,0.039803111690966224,0.01108347101253574,0.6209227458003216,0.00019507577703045787,0.00019507577703045787,2.2950091415347984
17320,0.0036165612930148454,0.0023601845801874775,0.7933393546848663,0.02306516324208024,0.01095392224884636,0.7363981343762257,0.039778284566557784,0.011087691623685177,0.6211591946042115,0.00019518847245335243,0.00019518847245335243,2.29633497003944
17330,0.0036129971798336867,0.002360790479428274,0.7935430182952181,0.023045621265826953,0.01095724438480942,0.7366214712476921,0.03975347011611546,0.011091910080260371,0.6213955227036623,0.00019530116787624697,0.00019530116787624697,2.297660798544082
17340,0.003609435348078822,0.0023613959908266014,0.7937465515383533,0.023026091373805176,0.010960564466453122,0.7368446700136552,0.03972866833622888,0.01109612638284109,0.6216317301311536,0.0001954138632991415,0.0001954138632991415,2.2989866270487234
17350,0.0036058757978206296,0.002362001114370494,0.79394995441025,0.023006573564229776,0.01096388249408094,0.7370677306945169,0.039703879223487684,0.011100340532007093,0.6218678169191649,0.00019552655872203607,0.00019552655872203607,2.300312455553365
17360,0.0036023185291294882,0.002362605850047988,0.7941532269068867,0.022987067835315605,0.01096719846799635,0.7372906533106788,0.03967910277448151,0.011104552528338144,0.6221037831001762,0.0001956392541449306,0.0001956392541449306,2.301638284058007
17370,0.003598763542075776,0.002363210197847119,0.7943563690242416,0.022967574185277527,0.010970512388502822,0.7375134378825425,0.039654338985799974,0.011108762372414005,0.6223396287066669,0.00019575194956782514,0.00019575194956782514,2.3029641125626488
17380,0.0035952108367298713,0.002363814157755923,0.7945593807582935,0.022948092612330395,0.010973824255903835,0.7377360844305098,0.03962958785403271,0.011112970064814438,0.6225753537711171,0.00019586464499071968,0.00019586464499071968,2.30428994106729
17390,0.0035916604131621525,0.002364417729762435,0.7947622621050201,0.022928623114689073,0.01097713407050286,0.7379585929749821,0.039604849375769365,0.011117175606119207,0.622810958326006,0.00019597734041361425,0.00019597734041361425,2.305615769571932
17400,0.0035881122714429984,0.0023650209138546914,0.7949650130604005,0.022909165690568414,0.01098044183260337,0.738180963536361,0.039580123547599565,0.011121378996908073,0.6230464424038136,0.00019609003583650878,0.00019609003583650878,2.3069415980765737
17410,0.003584566411642787,0.0023656237100207274,0.7951676336204125,0.02288972033818328,0.010983747542508844,0.7384031961350482,0.03955541036611294,0.0111255802377608,0.6232818060370197,0.00019620273125940332,0.00019620273125940332,2.3082674265812155
17420,0.0035810228338318973,0.0023662261182485784,0.7953701237810347,0.02287028705574853,0.010987051200522752,0.7386252907914455,0.039530709827899115,0.01112977932925715,0.6235170492581037,0.00019631542668229789,0.00019631542668229789,2.3095932550858573
17430,0.003577481538080707,0.002366828138526281,0.7955724835382456,0.02285086584147902,0.010990352806948569,0.7388472475259541,0.03950602192954773,0.011133976271976884,0.6237521720995453,0.00019642812210519242,0.00019642812210519242,2.310919083590499
17440,0.0035739425244595956,0.00236742977084187,0.7957747128880235,0.022831456693589613,0.010993652362089767,0.7390690663589758,0.03948134666764842,0.011138171066499766,0.6239871745938244,0.00019654081752808696,0.00019654081752808696,2.3122449120951405
17450,0.00357040579303894,0.002368031015183381,0.7959768118263465,0.02281205961029516,0.010996949866249824,0.7392907473109125,0.039456684038790824,0.01114236371340556,0.6242220567734207,0.0001966535129509815,0.0001966535129509815,2.3135707405997823
17460,0.00356687134388912,0.0023686318715388506,0.7961787803491934,0.022792674589810526,0.011000245319732212,0.7395122904021654,0.03943203403956456,0.011146554213274025,0.6244568186708137,0.00019676620837387606,0.00019676620837387606,2.314896569104424
17470,0.0035633391770805135,0.0023692323398963135,0.7963806184525423,0.02277330163035057,0.011003538722840406,0.7397336956531365,0.03940739666655926,0.011150742566684925,0.6246914603184832,0.0001968789037967706,0.0001968789037967706,2.316222397609066
17480,0.0035598092926834987,0.0023698324202438064,0.7965823261323719,0.022753940730130144,0.011006830075877877,0.7399549630842269,0.039382771916364565,0.011154928774218023,0.6249259817489089,0.00019699159921966514,0.00019699159921966514,2.3175482261137073
17490,0.0035562816907684543,0.002370432112569364,0.7967839033846601,0.02273459188736411,0.011010119379148102,0.7401760927158386,0.039358159785570106,0.011159112836453081,0.6251603829945703,0.0001971042946425597,0.0001971042946425597,2.318874054618349
17500,0.0035527563714057584,0.0023710314168610223,0.7969853502053856,0.02271525510026733,0.011013406632954555,0.7403970845683733,0.03933356027076551,0.011163294753969863,0.6253946640879475,0.00019721699006545424,0.00019721699006545424,2.320199883122991
17510,0.0035492333346657896,0.002371630333106817,0.7971866665905266,0.022695930367054657,0.01101669183760071,0.7406179386622325,0.03930897336854042,0.011167474527348129,0.6256288250615198,0.00019732968548834878,0.00019732968548834878,2.3215257116276327
17520,0.003545712580618927,0.0023722288612947834,0.7973878525360616,0.022676617685940953,0.011019974993390039,0.7408386550178176,0.03928439907548446,0.011171652157167642,0.6258628659477671,0.00019744238091124331,0.00019744238091124331,2.322851540132274
17530,0.003542194109335548,0.002372827001412958,0.797588908037969,0.022657317055141075,0.011023256100626018,0.7410592336555305,0.03925983738818726,0.011175827644008166,0.6260967867791689,0.00019755507633413788,0.00019755507633413788,2.3241773686369163
17540,0.0035386779208860315,0.0023734247534493757,0.7977898330922271,0.022638028472869883,0.011026535159612121,0.7412796745957727,0.039235288303238455,0.011180000988449462,0.6263305875882051,0.00019766777175703242,0.00019766777175703242,2.3255031971415576
17550,0.003535164015340756,0.0023740221173920726,0.7979906276948142,0.022618751937342235,0.01102981217065182,0.7414999778589458,0.03921075181722768,0.011184172191071293,0.6265642684073554,0.00019778046717992695,0.00019778046717992695,2.3268290256461994
17560,0.0035316523927700996,0.002374619093229084,0.7981912918417089,0.022599487446772988,0.011033087134048594,0.7417201434654516,0.03918622792674457,0.011188341252453424,0.6267978292690994,0.00019789316260282152,0.00019789316260282152,2.3281548541508412
17570,0.003528143053244441,0.002375215680948446,0.7983918255288893,0.022580234999377002,0.011036360050105911,0.7419401714356914,0.039161716628378744,0.011192508173175613,0.6270312702059168,0.00019800585802571606,0.00019800585802571606,2.329480682655483
17580,0.003524635996834159,0.002375811880538194,0.7985922287523339,0.022560994593369132,0.011039630919127248,0.742160061790067,0.03913721791871985,0.011196672953817625,0.6272645912502872,0.0001981185534486106,0.0001981185534486106,2.3308065111601244
17590,0.003521131223609631,0.0023764076919863637,0.7987925015080214,0.022541766226964244,0.01104289974141608,0.74237981454898,0.039112731794357515,0.011200835594959222,0.6274977924346903,0.00019823124887150516,0.00019823124887150516,2.332132339664766
17600,0.0035176287336412364,0.002377003115280991,0.7989926437919296,0.02252254989837719,0.01104616651727588,0.7425994297328321,0.03908825825188137,0.011204996097180167,0.627730873791606,0.0001983439442943997,0.0001983439442943997,2.333458168169408
17610,0.003514128526999353,0.002377598150410111,0.7991926556000373,0.02250334560582283,0.011049431247010121,0.7428189073620248,0.03906379728788104,0.011209154461060222,0.6279638353535139,0.00019845663971729423,0.00019845663971729423,2.33478399667405
17620,0.0035106306037543593,0.00237819279736176,0.7993925369283225,0.022484153347516023,0.011052693930922277,0.7430382474569598,0.039039348898946176,0.01121331068717915,0.6281966771528935,0.00019856933514018877,0.00019856933514018877,2.336109825178691
17630,0.0035071349639766345,0.0023787870561239734,0.7995922877727641,0.02246497312167163,0.011055954569315825,0.7432574500380386,0.039014913081666394,0.011217464776116712,0.6284293992222248,0.00019868203056308333,0.00019868203056308333,2.3374356536833334
17640,0.0035036416077365556,0.0023793809266847866,0.79979190812934,0.022445804926504505,0.011059213162494235,0.7434765151256628,0.038990489832631335,0.011221616728452672,0.6286620015939872,0.00019879472598597787,0.00019879472598597787,2.3387614821879747
17650,0.0035001505351045024,0.0023799744090322356,0.7999913979940286,0.022426648760229508,0.011062469710760985,0.7436954427402341,0.03896607914843063,0.011225766544766792,0.6288944843006606,0.0001989074214088724,0.0001989074214088724,2.3400873106926166
17660,0.0034966617461508528,0.002380567503154356,0.8001907573628088,0.0224075046210615,0.011065724214419547,0.7439142329021543,0.0389416810256539,0.011229914225638836,0.6291268473747247,0.00019902011683176697,0.00019902011683176697,2.3414131391972584
17670,0.003493175240945985,0.0023811602090391838,0.8003899862316584,0.022388372507215336,0.011068976673773394,0.7441328856318247,0.038917295460890795,0.011234059771648564,0.629359090848659,0.0001991328122546615,0.0001991328122546615,2.3427389677019
17680,0.0034896910195602775,0.0023817525266747537,0.8005890845965559,0.022369252416905877,0.011072227089126002,0.744351400949647,0.038892922450730935,0.01123820318337574,0.6295912147549434,0.00019924550767755605,0.00019924550767755605,2.3440647962065415
17690,0.003486209082064109,0.0023823444560491023,0.8007880524534797,0.022350144348347978,0.011075475460780845,0.744569778876023,0.03886856199176396,0.011242344461400126,0.6298232191260575,0.00019935820310045059,0.00019935820310045059,2.3453906247111833
17700,0.0034827294285278577,0.0023829359971502652,0.8009868897984085,0.022331048299756504,0.011078721789041396,0.7447880194313542,0.038844214080579496,0.011246483606301485,0.630055103994481,0.00019947089852334515,0.00019947089852334515,2.346716453215825
17710,0.0034792520590219023,0.0023835271499662775,0.8011855966273201,0.022311964269346306,0.011081966074211129,0.7450061226360422,0.038819878713767186,0.011250620618659578,0.6302868693926934,0.0001995835939462397,0.0001995835939462397,2.348042281720467
17720,0.003475776973616621,0.0023841179144851754,0.8013841729361934,0.022292892255332247,0.01108520831659352,0.7452240885104886,0.038795555887916645,0.01125475549905417,0.6305185153531748,0.00019969628936913423,0.00019969628936913423,2.3493681102251083
17730,0.0034723041723823916,0.0023847082906949943,0.8015826187210064,0.022273832255929188,0.011088448516492039,0.745441917075095,0.03877124559961752,0.011258888248065022,0.6307500419084046,0.0001998089847920288,0.0001998089847920288,2.35069393872975
17740,0.003468833655389594,0.00238529827858377,0.8017809339777376,0.02225478426935198,0.011091686674210165,0.745659608350263,0.038746947845459435,0.011263018866271896,0.6309814490908625,0.00019992168021492333,0.00019992168021492333,2.352019767234392
17750,0.0034653654227086053,0.0023858878781395382,0.8019791187023657,0.02223574829381549,0.011094922790051368,0.7458771623563945,0.03872266262203203,0.011267147354254554,0.6312127369330283,0.00020003437563781786,0.00020003437563781786,2.3533455957390337
17760,0.0034618994744098045,0.002386477089350334,0.8021771728908685,0.022216724327534566,0.011098156864319125,0.7460945791138905,0.038698389925924934,0.011271273712592761,0.6314439054673816,0.0002001470710607124,0.0002001470710607124,2.354671424243675
17770,0.00345843581056357,0.002387065912204194,0.8023750965392249,0.022197712368724077,0.011101388897316909,0.7463118586431534,0.038674129753727776,0.011275397941866277,0.6316749547264021,0.00020025976648360697,0.00020025976648360697,2.3559972527483173
17780,0.00345497443124028,0.0023876543466891534,0.8025728896434128,0.022178712415598878,0.011104618889348192,0.7465290009645842,0.03864988210203019,0.011279520042654867,0.6319058847425696,0.0002003724619065015,0.0002003724619065015,2.3573230812529586
17790,0.0034515153365103136,0.0023882423927932476,0.8027705521994108,0.022159724466373824,0.011107846840716452,0.746746006098585,0.03862564696742181,0.011283640015538292,0.6321366955483637,0.00020048515732939604,0.00020048515732939604,2.3586489097576004
17800,0.0034480585264440484,0.0023888300505045127,0.8029680842031974,0.022140748519263776,0.01111107275172516,0.7469628740655567,0.03860142434649227,0.011287757861096313,0.6323673871762641,0.0002005978527522906,0.0002005978527522906,2.3599747382622422
17810,0.003444604001111863,0.002389417319810984,0.803165485650751,0.022121784572483594,0.01111429662267779,0.7471796048859017,0.0385772142358312,0.011291873579908695,0.6325979596587504,0.00020071054817518514,0.00020071054817518514,2.361300566766884
17820,0.003441151760584136,0.002390004200700698,0.8033627565380498,0.022102832624248135,0.011117518453877819,0.7473961985800214,0.03855301663202823,0.0112959871725552,0.6328284130283025,0.00020082324359807968,0.00020082324359807968,2.3626263952715254
17830,0.003437701804931246,0.0023905906931616892,0.803559896861072,0.02208389267277226,0.011120738245628717,0.747612655168317,0.038528831531673,0.01130009863961559,0.6330587473174,0.00020093593902097422,0.00020093593902097422,2.363952223776167
17840,0.003434254134223571,0.002391176797181994,0.8037569066157962,0.022064964716270823,0.011123955998233962,0.7478289746711906,0.03850465893135513,0.011304207981669628,0.6332889625585225,0.00020104863444386878,0.00020104863444386878,2.365278052280809
17850,0.00343080874853149,0.002391762512749648,0.8039537857982009,0.022046048752958684,0.011127171711997026,0.7480451571090436,0.038480498827664265,0.011308315199297075,0.6335190587841498,0.00020116132986676332,0.00020116132986676332,2.366603880785451
17860,0.003427365647925381,0.0023923478398526865,0.8041505344042642,0.022027144781050702,0.011130385387221383,0.7482612025022777,0.03845635121719003,0.011312420293077694,0.6337490360267616,0.00020127402528965786,0.00020127402528965786,2.367929709290092
17870,0.003423924832475622,0.0023929327784791453,0.8043471524299648,0.022008252798761736,0.011133597024210505,0.7484771108712943,0.03843221609652206,0.01131652326359125,0.6339788943188375,0.00020138672071255242,0.00020138672071255242,2.3692555377947344
17880,0.0034204863022525922,0.00239351732861706,0.8045436398712807,0.021989372804306646,0.011136806623267872,0.7486928822364955,0.03840809346224998,0.011320624111417503,0.6342086336928573,0.00020149941613544696,0.00020149941613544696,2.3705813662993758
17890,0.00341705005732667,0.0023941014902544673,0.8047399967241907,0.02197050479590029,0.011140014184696952,0.7489085166182824,0.03838398331096344,0.011324722837136215,0.6344382541813005,0.0002016121115583415,0.0002016121115583415,2.3719071948040176
17900,0.003413616097768233,0.0023946852633794013,0.8049362229846727,0.021951648771757523,0.011143219708801224,0.7491240140370569,0.03835988563925205,0.01132881944132715,0.6346677558166471,0.00020172480698123606,0.00020172480698123606,2.3732330233086594
17910,0.003410184423647661,0.0023952686479798988,0.8051323186487055,0.021932804730093205,0.011146423195884157,0.7493393745132205,0.038335800443705464,0.011332913924570072,0.6348971386313766,0.0002018375024041306,0.0002018375024041306,2.374558851813301
17920,0.003406755035035331,0.002395851644043995,0.8053282837122672,0.021913972669122195,0.011149624646249228,0.7495545980671748,0.0383117277209133,0.011337006287444738,0.6351264026579685,0.00020195019782702514,0.00020195019782702514,2.3758846803179425
17930,0.0034033279320016224,0.002396434251559725,0.8055241181713361,0.021895152587059354,0.011152824060199911,0.7497696847193217,0.038287667467465196,0.011341096530530916,0.6353555479289028,0.00020206289324991967,0.00020206289324991967,2.3772105088225843
17940,0.0033999031146169133,0.0023970164705151256,0.8057198220218909,0.021876344482119538,0.01115602143803968,0.7499846344900625,0.03826361967995078,0.011345184654408367,0.6355845744766592,0.00020217558867281424,0.00020217558867281424,2.378536337327226
17950,0.003396480582951582,0.002397598300898232,0.8059153952599099,0.021857548352517603,0.011159216780072008,0.7501994473997987,0.03823958435495969,0.011349270659656853,0.6358134823337173,0.00020228828409570878,0.00020228828409570878,2.379862165831868
17960,0.0033930603370760067,0.00239817974269708,0.8061108378813713,0.021838764196468415,0.011162410086600372,0.7504141234689324,0.038215561489081555,0.011353354546856136,0.6360422715325567,0.0002024009795186033,0.0002024009795186033,2.3811879943365093
17970,0.0033896423770605664,0.002398760795899705,0.8063061498822537,0.021819992012186824,0.011165601357928242,0.7506286627178649,0.038191551078906004,0.011357436316585978,0.636270942105657,0.00020251367494149785,0.00020251367494149785,2.382513822841151
17980,0.0033862267029756395,0.0023993414604941425,0.8065013312585353,0.021801231797887694,0.011168790594359093,0.7508430651669977,0.03816755312102268,0.011361515969426144,0.6364994940854982,0.00020262637036439241,0.00020262637036439241,2.383839651345793
17990,0.003382813314891604,0.0023999217364684285,0.8066963820061943,0.021782483551785883,0.011171977796196402,0.7510573308367329,0.0381435676120212,0.011365593505956395,0.63672792750456,0.00020273906578728695,0.00020273906578728695,2.3851654798504347
18000,0.0033794022128788384,0.0024005016238105984,0.8068913021212095,0.021763747272096245,0.01117516296374364,0.7512714597474713,0.03811959454849122,0.011369668926756494,0.6369562423953218,0.0002028517612101815,0.0002028517612101815,2.386491308355076
18010,0.0033759933970077217,0.0024010811225086883,0.807086091599559,0.021745022957033643,0.011178346097304281,0.7514854519196155,0.038095633927022345,0.011373742232406201,0.6371844387902633,0.00020296445663307605,0.00020296445663307605,2.3878171368597183
18020,0.003372586867348631,0.002401660232550734,0.8072807504372215,0.021726310604812935,0.011181527197181802,0.7516993073735665,0.03807168574420422,0.011377813423485282,0.6374125167218646,0.0002030771520559706,0.0002030771520559706,2.3891429653643597
18030,0.0033691826239719467,0.00240223895392477,0.8074752786301748,0.02170761021364898,0.011184706263679674,0.7519130261297259,0.03804774999662648,0.011381882500573497,0.6376404762226049,0.00020318984747886513,0.00020318984747886513,2.3904687938690015
18040,0.0033657806669480455,0.002402817286618833,0.8076696761743977,0.021688921781756635,0.011187883297101374,0.7521266082084956,0.03802382668087875,0.011385949464250611,0.6378683173249642,0.00020330254290175967,0.00020330254290175967,2.391794622373643
18050,0.0033623809963473066,0.002403395230620959,0.8078639430658685,0.021670245307350757,0.011191058297750373,0.7523400536302771,0.03799991579355068,0.011390014315096385,0.6380960400614222,0.00020341523832465423,0.00020341523832465423,2.393120450878285
18060,0.0033589836122401083,0.0024039727859191825,0.8080580793005654,0.02165158078864621,0.011194231265930147,0.7525533624154719,0.037976017331231876,0.01139407705369058,0.6383236444644583,0.00020352793374754877,0.00020352793374754877,2.3944462793829264
18070,0.003355588514696829,0.00240454995250154,0.8082520848744672,0.021632928223857845,0.011197402201944168,0.7527665345844818,0.03795213129051199,0.011398137680612961,0.6385511305665524,0.0002036406291704433,0.0002036406291704433,2.3957721078875682
18080,0.003352195703787847,0.002405126730356067,0.8084459597835518,0.021614287611200527,0.011200571106095913,0.7529795701577083,0.03792825766798065,0.011402196196443289,0.6387784984001843,0.00020375332459333787,0.00020375332459333787,2.39709793639221
18090,0.003348805179583541,0.002405703119470799,0.8086397040237979,0.021595658948889113,0.011203737978688852,0.7531924691555529,0.03790439646022748,0.011406252601761327,0.6390057479978334,0.0002038660200162324,0.0002038660200162324,2.398423764896852
18100,0.0033454169421542894,0.0024062791198337717,0.8088333175911837,0.02157704223513846,0.011206902820026465,0.7534052315984178,0.03788054766384212,0.011410306897146838,0.6392328793919797,0.00020397871543912695,0.00020397871543912695,2.399749593401493
18110,0.00334203099157047,0.0024068547314330213,0.8090268004816878,0.021558437468163424,0.011210065630412219,0.7536178575067036,0.03785671127541421,0.011414359083179584,0.6394598926151027,0.0002040914108620215,0.0002040914108620215,2.4010754219061354
18120,0.0033386473279024623,0.0024074299542565826,0.8092201526912882,0.021539844646178866,0.011213226410149595,0.753830346900813,0.03783288729153336,0.011418409160439328,0.6396867876996822,0.00020420410628491605,0.00020420410628491605,2.402401250410777
18130,0.003335265951220644,0.0024080047882924917,0.8094133742159635,0.02152126376739965,0.01121638515954206,0.7540426998011468,0.037809075708789226,0.01142245712950583,0.6399135646781978,0.00020431680170781058,0.00020431680170781058,2.4037270789154186
18140,0.0033318868615953936,0.002408579233528784,0.8096064650516921,0.021502694830040626,0.011219541878893095,0.7542549162281071,0.03778527652377143,0.011426502990958856,0.6401402235831292,0.00020442949713070515,0.00020442949713070515,2.4050529074200604
18150,0.00332851005909709,0.002409153289953496,0.8097994251944524,0.021484137832316657,0.01122269656850617,0.7544669962020953,0.0377614897330696,0.011430546745378167,0.6403667644469562,0.0002045421925535997,0.0002045421925535997,2.406378735924702
18160,0.0033251355437961105,0.0024097269575546624,0.8099922546402226,0.021465592772442598,0.01122584922868476,0.7546789397435131,0.03773771533327337,0.011434588393343527,0.6405931873021583,0.00020465488797649422,0.00020465488797649422,2.4077045644293436
18170,0.003321763315762835,0.002410300236320319,0.8101849533849811,0.021447059648633315,0.011228999859732339,0.7548907468727621,0.03771395332097238,0.011438627935434695,0.6408194921812155,0.00020476758339938876,0.00020476758339938876,2.4090303929339854
18180,0.003318393375067641,0.0024108731262385023,0.8103775214247065,0.02142853845910366,0.01123214846195238,0.755102417610244,0.03769020369275626,0.011442665372231434,0.6410456791166069,0.00020488027882228333,0.00020488027882228333,2.410356221438627
18190,0.003315025721780907,0.002411445627297247,0.8105699587553771,0.021410029202068488,0.011235295035648359,0.7553139519763602,0.03766646644521464,0.011446700704313511,0.641271748140813,0.00020499297424517786,0.00020499297424517786,2.411682049943269
18200,0.003311660355973011,0.0024120177394845893,0.8107622653729711,0.021391531875742668,0.011238439581123747,0.7555253499915123,0.03764274157493715,0.011450733932260685,0.6414976992863128,0.0002051056696680724,0.0002051056696680724,2.4130078784479103
18210,0.0033082972777143324,0.0024125894627885646,0.8109544412734669,0.02137304647834105,0.011241582098682023,0.7557366116761023,0.03761902907851342,0.011454765056652718,0.6417235325855865,0.00020521836509096697,0.00020521836509096697,2.4143337069525526
18220,0.0033049364870752496,0.0024131607971972086,0.8111464864528432,0.021354573008078498,0.011244722588626656,0.7559477370505314,0.0375953289525331,0.011458794078069373,0.6419492480711133,0.0002053310605138615,0.0002053310605138615,2.415659535457194
18230,0.0033015779841261404,0.0024137317426985573,0.811338400907078,0.021336111463169865,0.011247861051261125,0.7561587261352016,0.037571641193585796,0.011462820997090414,0.6421748457753733,0.00020544375593675604,0.00020544375593675604,2.4169853639618357
18240,0.003298221768937383,0.002414302299280646,0.8115301846321499,0.021317661841830017,0.0112509974868889,0.7563695789505142,0.03754796579826116,0.011466845814295601,0.642400325730846,0.00020555645135965058,0.00020555645135965058,2.418311192466477
18250,0.003294867841579357,0.0024148724669315106,0.8117218376240372,0.021299224142273806,0.011254131895813455,0.7565802955168708,0.037524302763148824,0.0114708685302647,0.6426256879700112,0.00020566914678254514,0.00020566914678254514,2.4196370209711193
18260,0.0032915162021224394,0.0024154422456391864,0.811913359878718,0.02128079836271609,0.011257264278338267,0.7567908758546733,0.0375006520848384,0.01147488914557747,0.6428509325253485,0.00020578184220543968,0.00020578184220543968,2.4209628494757607
18270,0.0032881668506370095,0.0024160116353917093,0.8121047513921711,0.021262384501371735,0.011260394634766807,0.7570013199843231,0.03747701375991955,0.011478907660813676,0.6430760594293377,0.00020589453762833422,0.00020589453762833422,2.4222886779804025
18280,0.003284819787193446,0.002416580636177115,0.8122960121603747,0.02124398255645559,0.011263522965402551,0.7572116279262218,0.03745338778498188,0.011482924076553078,0.6433010687144581,0.00020600723305122878,0.00020600723305122878,2.4236145064850443
18290,0.003281475011862126,0.0024171492479834397,0.8124871421793074,0.02122559252618252,0.011266649270548972,0.7574217997007712,0.037429774156615046,0.011486938393375442,0.64352596041319,0.00020611992847412332,0.00020611992847412332,2.424940334989686
18300,0.00327813252471343,0.002417717470798718,0.8126781414449471,0.021207214408767383,0.011269773550509546,0.7576318353283727,0.03740617287140866,0.011490950611860527,0.6437507345580128,0.00020623262389701786,0.00020623262389701786,2.4262661634943274
18310,0.0032747923258177342,0.0024182853046109862,0.8128690099532726,0.021188848202425035,0.011272895805587746,0.7578417348294281,0.03738258392595236,0.011494960732588098,0.643975391181406,0.0002063453193199124,0.0002063453193199124,2.4275919919989692
18320,0.0032714544152454184,0.0024188527494082798,0.813059747700262,0.021170493905370333,0.011276016036087045,0.758051498224339,0.037359007316835786,0.011498968756137916,0.6441999303158497,0.00020645801474280696,0.00020645801474280696,2.428917820503611
18330,0.003268118793066861,0.0024194198051786346,0.813250354681894,0.021152151515818143,0.011279134242310918,0.758261125533507,0.037335443040648564,0.011502974683089744,0.6444243519938232,0.0002065707101657015,0.0002065707101657015,2.430243649008253
18340,0.0032647854593524394,0.0024199864719100864,0.8134408308941465,0.021133821031983316,0.011282250424562839,0.7584706167773336,0.03731189109398033,0.011506978514023344,0.6446486562478064,0.00020668340558859603,0.00020668340558859603,2.431569477512894
18350,0.003261454414172533,0.00242055274959067,0.8136311763329983,0.021115502452080714,0.01128536458314628,0.7586799719762204,0.03728835147342071,0.01151098024951848,0.644872843110279,0.0002067961010114906,0.0002067961010114906,2.4328953060175365
18360,0.00325812565759752,0.0024211186382084226,0.8138213909944277,0.021097195774325193,0.011288476718364719,0.7588891911505692,0.03726482417555935,0.011514979890154911,0.6450969126137205,0.00020690879643438514,0.00020690879643438514,2.434221134522178
18370,0.003254799189697779,0.0024216841377513788,0.8140114748744129,0.021078900996931615,0.011291586830521626,0.7590982743207815,0.03724130919698586,0.011518977436512404,0.6453208647906109,0.00020702149185727967,0.00020702149185727967,2.4355469630268196
18380,0.003251475010543688,0.002422249248207574,0.8142014279689324,0.021060618118114837,0.01129469491992048,0.7593072215072589,0.03721780653428989,0.011522972889170719,0.6455446996734296,0.0002071341872801742,0.0002071341872801742,2.436872791531461
18390,0.0032481531202056256,0.002422813969565045,0.8143912502739645,0.021042347136089715,0.01129780098686475,0.7595160327304032,0.03719431618406106,0.011526966248709618,0.6457684172946565,0.00020724688270306877,0.00020724688270306877,2.438198620036103
18400,0.0032448335187539703,0.002423378301811826,0.8145809417854877,0.02102408804907111,0.011300905031657912,0.7597247080106159,0.037170838142889025,0.011530957515708866,0.6459920176867712,0.0002073595781259633,0.0002073595781259633,2.4395244485407446
18410,0.0032415162062591004,0.002423942244935954,0.8147705024994804,0.021005840855273884,0.011304007054603441,0.7599332473682985,0.03714737240736339,0.011534946690748223,0.6462155008822534,0.00020747227354885785,0.00020747227354885785,2.4408502770453864
18420,0.0032382011827913944,0.002424505798925464,0.8149599324119206,0.02098760555291289,0.01130710705600481,0.7601416508238527,0.03712391897407381,0.011538933774407453,0.6464388669135828,0.00020758496897175241,0.00020758496897175241,2.442176105550028
18430,0.0032348884484212307,0.0024250689637683918,0.8151492315187872,0.020969382140202986,0.011310205036165494,0.7603499183976802,0.037100477839609895,0.011542918767266317,0.6466621158132391,0.00020769766439464695,0.00020769766439464695,2.44350193405467
18440,0.003231578003218988,0.002425631739452773,0.8153383998160582,0.020951170615359036,0.011313300995388966,0.7605580501101825,0.037077049000561295,0.011546901669904578,0.6468852476137019,0.0002078103598175415,0.0002078103598175415,2.4448277625593113
18450,0.0032282698472550445,0.0024261941259666434,0.8155274372997119,0.020932970976595893,0.0113163949339787,0.7607660459817612,0.03705363245351764,0.011550882482902002,0.6471082623474511,0.00020792305524043603,0.00020792305524043603,2.446153591063953
18460,0.0032249639805997784,0.002426756123298039,0.8157163439657273,0.02091478322212842,0.01131948685223817,0.760973906032818,0.03703022819506856,0.011554861206838345,0.6473311600469661,0.0002080357506633306,0.0002080357506633306,2.447479419568595
18470,0.0032216604033235684,0.002427317731434994,0.8159051198100821,0.02089660735017147,0.011322576750470851,0.7611816302837545,0.03700683622180368,0.011558837842293375,0.6475539407447268,0.00020814844608622513,0.00020814844608622513,2.4488052480732367
18480,0.0032183591154967927,0.0024278789503655463,0.8160937648287551,0.020878443358939906,0.011325664628980218,0.7613892187549725,0.03698345653031264,0.011562812389846851,0.647776604473213,0.00020826114150911967,0.00020826114150911967,2.450131076577878
18490,0.00321506011718983,0.00242843978007773,0.8162822790177242,0.020860291246648587,0.011328750488069743,0.7615966714668734,0.03696008911718507,0.011566784850078537,0.647999151264904,0.00020837383693201423,0.00020837383693201423,2.4514569050825203
18500,0.0032117634084730586,0.002429000220559581,0.8164706623729684,0.020842151011512367,0.011331834328042899,0.7618039884398586,0.03693673397901061,0.011570755223568195,0.6482215811522798,0.00020848653235490877,0.00020848653235490877,2.4527827335871617
18510,0.003208468989416857,0.002429560271799135,0.8166589148904656,0.02082402265174611,0.011334916149203162,0.7620111696943301,0.03691339111237888,0.01157472351089559,0.6484438941678202,0.0002085992277778033,0.0002085992277778033,2.4541085620918035
18520,0.0032051768600916035,0.0024301199337844284,0.8168470365661943,0.02080590616556467,0.011337995951854007,0.7622182152506893,0.03689006051387952,0.011578689712640481,0.6486660903440046,0.00020871192320069784,0.00020871192320069784,2.455434390596445
18530,0.0032018870205676765,0.002430679206503496,0.817035027396133,0.020787801551182906,0.011341073736298907,0.7624251251293381,0.03686674218010216,0.011582653829382632,0.6488881697133128,0.0002088246186235924,0.0002088246186235924,2.456760219101087
18540,0.0031985994709154545,0.0024312380899443736,0.8172228873762599,0.02076970880681568,0.011344149502841336,0.7626318993506779,0.036843436107636435,0.011586615861701805,0.6491101323082245,0.00020893731404648694,0.00020893731404648694,2.4580860476057285
18550,0.003195314211205316,0.0024317965840950973,0.8174106165025536,0.02075162793067785,0.011347223251784767,0.7628385379351103,0.03682014229307198,0.011590575810177764,0.6493319781612193,0.00020905000946938148,0.00020905000946938148,2.4594118761103703
18560,0.0031920312415076395,0.0024323546889437023,0.8175982147709924,0.02073355892098427,0.011350294983432676,0.7630450409030369,0.03679686073299841,0.01159453367539027,0.6495537073047771,0.00020916270489227605,0.00020916270489227605,2.460737704615012
18570,0.0031887505618928033,0.0024329124044782245,0.8177856821775544,0.0207155017759498,0.011353364698088534,0.7632514082748594,0.03677359142400538,0.011598489457919085,0.6497753197713773,0.00020927540031517058,0.00020927540031517058,2.462063533119654
18580,0.0031854721724311856,0.0024334697306866997,0.8179730187182183,0.020697456493789304,0.01135643239605582,0.7634576400709794,0.036750334362682505,0.011602443158343974,0.6499968155934999,0.00020938809573806512,0.00020938809573806512,2.4633893616242952
18590,0.003182196073193165,0.002434026667557163,0.8181602243889622,0.020679423072717636,0.011359498077638003,0.7636637363117984,0.03672708954561943,0.011606394777244696,0.6502181948036244,0.00020950079116095966,0.00020950079116095966,2.464715190128937
18600,0.0031789222642491202,0.0024345832150776507,0.8183472991857649,0.020661401510949653,0.011362561743138561,0.7638696970177182,0.036703856969405785,0.011610344315201016,0.6504394574342306,0.00020961348658385422,0.00020961348658385422,2.466041018633579
18610,0.0031756507456694293,0.0024351393732361983,0.8185342431046044,0.020643391806700218,0.011365623392860964,0.7640755222091404,0.036680636630631196,0.011614291772792697,0.6506606035177981,0.00020972618200674876,0.00020972618200674876,2.4673668471382206
18620,0.003172381517524471,0.002435695142020841,0.8187210561414591,0.020625393958184184,0.011368683027108691,0.7642812119064666,0.0366574285258853,0.011618237150599498,0.6508816330868066,0.0002098388774296433,0.0002098388774296433,2.468692675642862
18630,0.003169114579884623,0.002436250521419615,0.8189077382923075,0.020607407963616414,0.011371740646185211,0.764486766130098,0.03663423265175773,0.011622180449201186,0.651102546173736,0.00020995157285253786,0.00020995157285253786,2.4700185041475042
18640,0.0031658499328202647,0.002436805511420556,0.819094289553128,0.020589433821211763,0.011374796250394002,0.764692184900437,0.03661104900483811,0.01162612166917752,0.6513233428110655,0.0002100642682754324,0.0002100642682754324,2.4713443326521456
18650,0.003162587576401774,0.0024373601120116994,0.8192807099198989,0.020571471529185092,0.011377849840038536,0.7648974682378846,0.03658787758171608,0.011630060811108265,0.6515440230312753,0.00021017696369832694,0.00021017696369832694,2.4726701611567874
18660,0.003159327510699529,0.002437914323181081,0.8194669993885987,0.02055352108575126,0.011380901415422287,0.7651026161628427,0.03656471837898128,0.011633997875573182,0.6517645868668449,0.0002102896591212215,0.0002102896591212215,2.473995989661429
18670,0.003156069735783909,0.0024384681449167367,0.8196531579552055,0.020535582489125126,0.01138395097684873,0.7653076286957128,0.036541571393223324,0.011637932863152034,0.651985034350254,0.00021040235454411604,0.00021040235454411604,2.475321818166071
18680,0.003152814251725292,0.0024390215772067013,0.8198391856156978,0.020517655737521543,0.011386998524621338,0.7655125058568966,0.03651843662103186,0.011641865774424583,0.6522053655139822,0.00021051504996701058,0.00021051504996701058,2.4766476466707124
18690,0.003149561058594056,0.0024395746200390114,0.8200250823660542,0.02049974082915538,0.011390044059043588,0.7657172476667957,0.03649531405899652,0.011645796609970591,0.6524255803905092,0.00021062774538990511,0.00021062774538990511,2.477973475175354
18700,0.0031463101564605804,0.002440127273401702,0.8202108482022528,0.02048183776224148,0.01139308758041895,0.7659218541458117,0.03647220370370692,0.011649725370369823,0.652645679012315,0.00021074044081279968,0.00021074044081279968,2.479299303679996
18710,0.003143061545395243,0.0024406795372828097,0.8203964831202721,0.020463946534994715,0.0113961290890509,0.7661263253143461,0.03644910555175271,0.01165365205620204,0.6528656614118791,0.00021085313623569422,0.00021085313623569422,2.4806251321846378
18720,0.0031398152254684215,0.002441231411670369,0.8205819871160904,0.02044606714562994,0.011399168585242911,0.7663306611928006,0.03642601959972351,0.011657576668047002,0.6530855276216808,0.00021096583165858875,0.00021096583165858875,2.481950960689279
18730,0.003136571196750496,0.002441782896552417,0.8207673601856863,0.020428199592362015,0.011402206069298459,0.7665348618015769,0.03640294584420896,0.011661499206484476,0.6533052776742003,0.00021107852708148332,0.00021107852708148332,2.4832767891939214
18740,0.0031333294593118436,0.0024423339919169874,0.8209526023250376,0.02041034387340579,0.011405241541521017,0.7667389271610766,0.03637988428179869,0.011665419672094222,0.6535249116019172,0.00021119122250437786,0.00021119122250437786,2.4846026176985627
18750,0.0031300900132228433,0.0024428846977521176,0.8211377135301234,0.020392499986976134,0.01140827500221406,0.7669428572917014,0.036356834909082335,0.011669338065456003,0.6537444294373111,0.0002113039179272724,0.0002113039179272724,2.4859284462032045
18760,0.003126852858553873,0.0024434350140458425,0.8213226937969218,0.020374667931287897,0.011411306451681058,0.7671466522138525,0.036333797722649525,0.01167325438714958,0.6539638312128617,0.00021141661335016696,0.00021141661335016696,2.4872542747078463
18770,0.0031236179953753117,0.002443984940786198,0.821507543121411,0.020356847704555946,0.011414335890225492,0.7673503119479321,0.03631077271908989,0.011677168637754719,0.6541831169610487,0.0002115293087730615,0.0002115293087730615,2.488580103212488
18780,0.0031203854237575376,0.0024445344779612196,0.8216922614995696,0.020339039304995133,0.011417363318150828,0.7675538365143413,0.03628775989499307,0.011681080817851177,0.6544022867143516,0.00021164200419595603,0.00021164200419595603,2.4899059317171295
18790,0.003117155143770929,0.002445083625558943,0.8218768489273757,0.020321242730820317,0.011420388735760548,0.7677572259334822,0.036264759246948684,0.011684990928018724,0.6546213405052507,0.00021175469961885057,0.00021175469961885057,2.4912317602217713
18800,0.003113927155485865,0.002445632383567404,0.822061305400808,0.02030345798024636,0.01142341214335812,0.7679604802257558,0.03624177077154638,0.011688898968837114,0.6548402783662248,0.00021186739504174513,0.00021186739504174513,2.492557588726413
18810,0.003110701458972723,0.002446180751974638,0.8222456309158447,0.020285685051488117,0.011426433541247021,0.7681635994115643,0.03621879446537578,0.011692804940886117,0.6550591003297545,0.00021198009046463967,0.00021198009046463967,2.493883417231055
18820,0.003107478054301882,0.0024467287307686813,0.8224298254684642,0.02026792394276045,0.011429452929730724,0.7683665835113092,0.03619583032502652,0.01169670884474549,0.6552778064283188,0.0002120927858875342,0.0002120927858875342,2.4952092457356962
18830,0.0031042569415437203,0.0024472763199375686,0.8226138890546448,0.020250174652278217,0.011432470309112704,0.7685694325453918,0.03617287834708823,0.011700610680995,0.6554963966943979,0.00021220548131042877,0.00021220548131042877,2.4965350742403385
18840,0.003101038120768617,0.002447823519469336,0.8227978216703651,0.020232437178256273,0.011435485679696435,0.768772146534214,0.036149938528150544,0.011704510450214407,0.655714871160471,0.0002123181767333233,0.0002123181767333233,2.49786090274498
18850,0.0030978215920469494,0.0024483703293520197,0.8229816233116032,0.020214711518909478,0.01143849904178539,0.7689747254981774,0.0361270108648031,0.011708408152983473,0.6559332298590181,0.00021243087215621785,0.00021243087215621785,2.4991867312496217
18860,0.003094607355449096,0.0024489167495736546,0.8231652939743377,0.020196997672452692,0.011441510395683044,0.7691771694576834,0.03610409535363552,0.011712303789881962,0.6561514728225188,0.00021254356757911239,0.00021254356757911239,2.500512559754263
18870,0.0030913954110454362,0.002449462780122277,0.8233488336545468,0.02017929563710077,0.01144451974169287,0.769379478433134,0.03608119199123744,0.011716197361489634,0.6563696000834529,0.00021265626300200695,0.00021265626300200695,2.5018383882589053
18880,0.0030881857589063477,0.002450008420985922,0.823532242348209,0.020161605411068578,0.011447527080118343,0.7695816524449305,0.0360583007741985,0.011720088868386255,0.6565876116743,0.0002127689584249015,0.0002127689584249015,2.5031642167635466
18890,0.003084978399102209,0.0024505536721526255,0.8237155200513027,0.02014392699257097,0.011450532411262936,0.7697836915134746,0.03603542169910832,0.011723978311151585,0.6568055076275398,0.00021288165384779603,0.00021288165384779603,2.5044900452681884
18900,0.003081773331703399,0.0024510985336104233,0.823898666759806,0.020126260379822798,0.011453535735430126,0.769985595659168,0.03601255476255654,0.011727865690365389,0.657023287975652,0.0002129943492706906,0.0002129943492706906,2.50581587377283
18910,0.0030785705567802956,0.002451643005347351,0.8240816824696977,0.020108605571038933,0.011456537052923384,0.7701873649024122,0.035989699961132784,0.011731751006607425,0.6572409527511163,0.00021310704469358513,0.00021310704469358513,2.507141702277472
18920,0.0030753700744032774,0.002452187087351444,0.8242645671769558,0.020090962564434222,0.011459536364046183,0.7703889992636088,0.0359668572914267,0.011735634260457461,0.6574585019864123,0.00021321974011647966,0.00021321974011647966,2.5084675307821134
18930,0.0030721718846427226,0.002452730779610738,0.8244473208775589,0.02007333135822353,0.011462533669102002,0.7705904987631597,0.03594402675002791,0.011739515452495256,0.6576759357140199,0.0002133324355393742,0.0002133324355393742,2.509793359286755
18940,0.00306897598756901,0.0024532740821132694,0.8246299435674855,0.020055711950621717,0.01146552896839431,0.7707918634214661,0.03592120833352604,0.011743394583300572,0.6578932539664186,0.00021344513096226877,0.00021344513096226877,2.511119187791397
18950,0.003065782383252518,0.002453816994847073,0.8248124352427135,0.020038104339843637,0.011468522262226583,0.7709930932589298,0.03589840203851074,0.011747271653453174,0.6581104567760881,0.0002135578263851633,0.0002135578263851633,2.512445016296039
18960,0.0030625910717636245,0.002454359517800185,0.8249947958992218,0.02002050852410415,0.011471513550902297,0.7711941882959525,0.03587560786157163,0.011751146663532823,0.6583275441755083,0.00021367052180805784,0.00021367052180805784,2.51377084480068
18970,0.0030594020531727086,0.0024549016509606406,0.8251770255329883,0.020002924501618113,0.011474502834724922,0.7713951485529358,0.03585282579929834,0.011755019614119282,0.6585445161971587,0.0002137832172309524,0.0002137832172309524,2.5150966733053224
18980,0.003056215327550148,0.002455443394316476,0.8253591241399918,0.01998535227060039,0.011477490113997936,0.7715959740502814,0.035830055848280515,0.011758890505792312,0.6587613728735189,0.00021389591265384694,0.00021389591265384694,2.5164225018099637
18990,0.003053030894966322,0.002455984747855726,0.8255410917162104,0.019967791829265835,0.01148047538902481,0.7717966648083904,0.03580729800510778,0.011762759339131677,0.6589781142370688,0.00021400860807674148,0.00021400860807674148,2.5177483303146055
19000,0.0030498487554916085,0.0024565257115664275,0.8257229282576227,0.019950243175829305,0.01148345866010902,0.7719972208476651,0.03578455226636976,0.01176662611471714,0.659194740320288,0.00021412130349963602,0.00021412130349963602,2.519074158819247
19010,0.003046668909196386,0.0024570662854366153,0.8259046337602067,0.019932706308505663,0.011486439927554038,0.7721976421885066,0.03576181862865609,0.011770490833128464,0.6594112511556562,0.00021423399892253058,0.00021423399892253058,2.520399987323889
19020,0.003043491356151033,0.0024576064694543254,0.8260862082199413,0.019915181225509764,0.011489419191663342,0.7723979288513171,0.03573909708855642,0.011774353494945409,0.6596276467756531,0.00021434669434542512,0.00021434669434542512,2.5217258158285305
19030,0.0030403160964259275,0.0024581462636075932,0.8262676516328044,0.019897667925056466,0.011492396452740403,0.7725980808564975,0.035716387642660365,0.011778214100747739,0.6598439272127584,0.00021445938976831966,0.00021445938976831966,2.5230516443331723
19040,0.003037143130091449,0.0024586856678844547,0.8264489639947746,0.01988016640536063,0.011495371711088694,0.7727980982244499,0.035693690287557554,0.011782072651115215,0.6600600924994517,0.00021457208519121422,0.00021457208519121422,2.524377472837814
19050,0.003033972457217974,0.0024592246822729455,0.8266301453018303,0.01986267666463712,0.011498344967011692,0.7729979809755758,0.03567100501983764,0.011785929146627601,0.660276142668213,0.00021468478061410876,0.00021468478061410876,2.525703301342456
19060,0.0030308040778758835,0.0024597633067611007,0.8268111955499498,0.019845198701100783,0.011501316220812869,0.7731977291302768,0.03564833183609023,0.011789783587864661,0.6604920777515217,0.0002147974760370033,0.0002147974760370033,2.5270291298470973
19070,0.0030276379921355535,0.002460301541336957,0.8269921147351115,0.019827732512966482,0.0115042854727957,0.7733973427089545,0.03562567073290497,0.011793635975406154,0.6607078977818573,0.00021491017145989783,0.00021491017145989783,2.528354958351739
19080,0.003024474200067364,0.002460839385988549,0.8271729028532937,0.019810278098449076,0.011507252723263658,0.7735968217320106,0.03560302170687149,0.011797486309831845,0.6609236027917,0.0002150228668827924,0.0002150228668827924,2.529680786856381
19090,0.003021312701741693,0.002461376840703913,0.827353559900475,0.01979283545576343,0.011510217972520219,0.7737961662198466,0.03558038475457943,0.011801334591721497,0.6611391928135293,0.00021513556230568694,0.00021513556230568694,2.5310066153610227
19100,0.0030181534972289186,0.002461913905471085,0.8275340858726336,0.01977540458312439,0.011513181220868855,0.7739953761928641,0.035557759872618416,0.01180518082165487,0.6613546678798247,0.00021524825772858147,0.00021524825772858147,2.532332443865664
19110,0.0030149965865994195,0.0024624505802780996,0.8277144807657477,0.019757985478746822,0.011516142468613043,0.774194451671465,0.03553514705757808,0.011809025000211727,0.661570028023066,0.00021536095315147604,0.00021536095315147604,2.5336582723703063
19120,0.003011841969923574,0.0024629868651129933,0.827894744575796,0.019740578140845583,0.011519101716056253,0.7743933926760506,0.03551254630604805,0.011812867127971832,0.6617852732757329,0.00021547364857437058,0.00021547364857437058,2.5349841008749476
19130,0.003008689647271761,0.0024635227599638016,0.8280748772987568,0.019723182567635535,0.01152205896350196,0.7745921992270225,0.035489957614617956,0.011816707205514946,0.6620004036703051,0.0002155863439972651,0.0002155863439972651,2.5363099293795894
19140,0.003005539618714358,0.00246405826481856,0.8282548789306085,0.01970579875733153,0.011525014211253641,0.7747908713447825,0.03546738097987745,0.011820545233420833,0.6622154192392623,0.00021569903942015965,0.00021569903942015965,2.537635757884231
19150,0.0030023918843217444,0.0024645933796653046,0.8284347494673291,0.01968842670814843,0.011527967459614768,0.7749894090497322,0.035444816398416144,0.011824381212269256,0.6624303200150844,0.00021581173484305422,0.00021581173484305422,2.538961586388873
19160,0.0029992464441642983,0.0024651281044920704,0.8286144889048975,0.019671066418301096,0.011530918708888815,0.7751878123622732,0.03542226386682368,0.011828215142639974,0.6626451060302506,0.00021592443026594875,0.00021592443026594875,2.5402874148935144
19170,0.0029961032983123973,0.0024656624392868933,0.8287940972392918,0.019653717886004382,0.011533867959379256,0.7753860813028071,0.03539972338168969,0.011832047025112752,0.6628597773172411,0.0002160371256888433,0.0002160371256888433,2.541613243398156
19180,0.002992962446836421,0.0024661963840378093,0.8289735744664904,0.01963638110947315,0.011536815211389566,0.7755842158917354,0.0353771949396038,0.011835876860267354,0.6630743339085353,0.00021614982111173785,0.00021614982111173785,2.542939071902798
19190,0.0029898238898067478,0.002466729938732854,0.8291529205824719,0.019619056086922257,0.011539760465223219,0.77578221614946,0.035354678537155654,0.011839704648683539,0.6632887758366128,0.0002162625165346324,0.0002162625165346324,2.54426490040744
19200,0.002986687627293755,0.0024672631033600626,0.8293321355832143,0.01960174281656656,0.011542703721183687,0.7759800820963823,0.03533217417093487,0.011843530390941073,0.6635031031339537,0.00021637521195752693,0.00021637521195752693,2.545590728912081
19210,0.0029835536593678224,0.002467795877907471,0.8295112194646962,0.019584441296620916,0.011545644979574447,0.776177813752904,0.03530968183753109,0.011847354087619714,0.6637173158330372,0.00021648790738042147,0.00021648790738042147,2.546916557416723
19220,0.0029804219860993272,0.0024683282623631153,0.8296901722228959,0.01956715152530019,0.011548584240698968,0.7763754111394263,0.03528720153353394,0.01185117573929923,0.6639314139663435,0.00021660060280331603,0.00021660060280331603,2.5482423859213648
19230,0.0029772926075586482,0.002468860256715031,0.8298689938537919,0.01954987350081924,0.011551521504860732,0.7765728742763516,0.035264733255533066,0.011854995346559379,0.6641453975663517,0.00021671329822621057,0.00021671329822621057,2.5495682144260066
19240,0.002974165523816164,0.002469391860951253,0.8300476843533624,0.019532607221392915,0.011554456772363206,0.776770203184081,0.03524227700011809,0.011858812909979925,0.664359266665542,0.0002168259936491051,0.0002168259936491051,2.550894042930648
19250,0.0029710407349422536,0.002469923075059818,0.8302262437175858,0.019515352685236083,0.011557390043509867,0.776967397883016,0.03521983276387864,0.011862628430140632,0.6645730212963938,0.00021693868907199967,0.00021693868907199967,2.55221987143529
19260,0.002967918241007295,0.002470453899028761,0.8304046719424405,0.0194981098905636,0.01156032131860419,0.7771644583935589,0.03519740054340435,0.01186644190762126,0.6647866614913871,0.0002170513844948942,0.0002170513844948942,2.5535456999399315
19270,0.0029647980420816657,0.0024709843328461177,0.830582969023905,0.019480878835590326,0.011563250597949647,0.7773613847361106,0.035174980335284864,0.011870253343001572,0.6650001872830013,0.00021716407991778875,0.00021716407991778875,2.5548715284445733
19280,0.0029616801382357453,0.0024715143764999243,0.8307611349579577,0.019463659518531115,0.011566177881849712,0.7775581769310729,0.0351525721361098,0.011874062736861334,0.6652135987037161,0.0002172767753406833,0.0002172767753406833,2.556197356949215
19290,0.0029585645295399114,0.002472044029978216,0.8309391697405767,0.019446451937600827,0.011569103170607862,0.7777548349988478,0.035130175942468804,0.011877870089780303,0.6654268957860113,0.00021738947076357785,0.00021738947076357785,2.557523185453857
19300,0.0029554512160645434,0.0024725732932690285,0.8311170733677405,0.019429256091014323,0.011572026464527567,0.7779513589598364,0.035107791750951495,0.011881675402338246,0.6656400785623667,0.00021750216618647239,0.00021750216618647239,2.5588490139584983
19310,0.002952340197880019,0.0024731021663603977,0.8312948458354278,0.01941207197698646,0.011574947763912304,0.7781477488344404,0.035085419558147514,0.011885478675114922,0.6658531470652618,0.00021761486160936695,0.00021761486160936695,2.5601748424631405
19320,0.0029492314750567167,0.002473630649240359,0.8314724871396164,0.019394899593732095,0.011577867069065545,0.7783440046430619,0.035063059360646485,0.011889279908690096,0.6660661013271763,0.0002177275570322615,0.0002177275570322615,2.561500670967782
19330,0.002946125047665015,0.0024741587418969486,0.8316499972762852,0.01937773893946609,0.011580784380290766,0.7785401264061018,0.035040711155038054,0.01189307910364353,0.66627894138059,0.00021784025245515602,0.00021784025245515602,2.5628264994724237
19340,0.0029430209157752926,0.0024746864443182014,0.8318273762414122,0.0193605900124033,0.01158369969789144,0.7787361141439623,0.03501837493791184,0.011896876260554986,0.6664916672579825,0.00021795294787805056,0.00021795294787805056,2.564152327977065
19350,0.0029399190794579273,0.002475213756492153,0.8320046240309757,0.019343452810758586,0.011586613022171042,0.7789319678770448,0.034996050705857484,0.011900671380004228,0.6667042789918335,0.00021806564330094513,0.00021806564330094513,2.5654781564817073
19360,0.0029368195387832986,0.0024757406784068404,0.8321817406409546,0.019326327332746807,0.011589524353433044,0.7791276876257508,0.034973738455464615,0.011904464462571014,0.6669167766146227,0.00021817833872383966,0.00021817833872383966,2.5668039849863487
19370,0.0029337222938217835,0.0024762672100502978,0.832358726067327,0.01930921357658282,0.011592433691980923,0.7793232734104821,0.034951438183322865,0.011908255508835112,0.6671291601588298,0.0002182910341467342,0.0002182910341467342,2.5681298134909905
19380,0.0029306273446437613,0.002476793351410562,0.8325355803060711,0.01929211154048148,0.01159534103811815,0.7795187252516401,0.03492914988602187,0.011912044519376282,0.6673414296569345,0.00021840372956962874,0.00021840372956962874,2.5694556419956323
19390,0.0029275346913196104,0.0024773191024756672,0.8327123033531655,0.019275021222657653,0.0115982463921482,0.7797140431696268,0.03490687356015126,0.011915831494774286,0.6675535851414166,0.0002185164249925233,0.0002185164249925233,2.570781470500274
19400,0.002924444333919709,0.0024778444632336505,0.8328888952045883,0.019257942621326192,0.011601149754374549,0.7799092271848435,0.03488460920230066,0.011919616435608888,0.6677656266447557,0.00021862912041541784,0.00021862912041541784,2.5721072990049154
19410,0.0029213562725144354,0.002478369433672547,0.8330653558563182,0.019240875734701957,0.011604051125100668,0.7801042773176918,0.03486235680905971,0.011923399342459848,0.6679775541994313,0.00021874181583831238,0.00021874181583831238,2.573433127509557
19420,0.0029182705071741687,0.0024788940137803923,0.8332416853043335,0.019223820560999805,0.011606950504630035,0.7802991935885737,0.034840116377018046,0.011927180215906932,0.6681893678379234,0.00021885451126120694,0.00021885451126120694,2.574758956014199
19430,0.002915187037969287,0.002479418203545222,0.8334178835446123,0.019206777098434602,0.01160984789326612,0.7804939760178903,0.03481788790276529,0.0119309590565299,0.6684010675927116,0.00021896720668410148,0.00021896720668410148,2.576084784518841
19440,0.0029121058649701683,0.0024799420029550726,0.8335939505731336,0.019189745345221193,0.0116127432913124,0.7806886246260436,0.03479567138289109,0.011934735864908515,0.6686126534962754,0.00021907990210699602,0.00021907990210699602,2.577410613023482
19450,0.002909026988247191,0.0024804654119979785,0.8337698863858751,0.01917272529957445,0.011615636699072346,0.7808831394334349,0.034773466813985056,0.01193851064162254,0.6688241255810946,0.00021919259752989058,0.00021919259752989058,2.5787364415281244
19460,0.0029059504078707346,0.002480988430661976,0.8339456909788153,0.01915571695970922,0.011618528116849434,0.7810775204604661,0.03475127419263684,0.011942283387251737,0.6690354838796492,0.00021930529295278512,0.00021930529295278512,2.580062270032766
19470,0.002902876123911176,0.002481511058935101,0.834121364347933,0.019138720323840373,0.011621417544947138,0.7812717677275386,0.034729093515436064,0.011946054102375868,0.6692467284244183,0.00021941798837567966,0.00021941798837567966,2.5813880985374076
19480,0.002899804136438895,0.0024820332968053887,0.8342969064892062,0.01912173539018276,0.011624304983668933,0.7814658812550542,0.034706924778972366,0.011949822787574697,0.6694578592478823,0.0002195306837985742,0.0002195306837985742,2.582713927042049
19490,0.002896734445524269,0.0024825551442608754,0.8344723173986136,0.01910476215695124,0.011627190433318292,0.7816598610634145,0.03468476797983538,0.011953589443427986,0.6696688763825202,0.00021964337922146876,0.00021964337922146876,2.584039755546691
19500,0.0028936670512376772,0.0024830766012895957,0.8346475970721329,0.019087800622360672,0.011630073894198687,0.7818537071730208,0.03466262311461473,0.011957354070515496,0.6698797798608122,0.0002197560746443633,0.0002197560746443633,2.5853655840513325
19510,0.002890601953649498,0.0024835976678795864,0.8348227455057433,0.019070850784625917,0.011632955366613596,0.7820474196042752,0.03464049017990005,0.011961116669416991,0.6700905697152376,0.00021986877006725783,0.00021986877006725783,2.5866914125559743
19520,0.002887539152830109,0.0024841183440188824,0.8349977626954226,0.01905391264196183,0.011635834850866491,0.7822409983775792,0.03461836917228098,0.011964877240712234,0.6703012459782763,0.0002199814654901524,0.0002199814654901524,2.588017241060616
19530,0.002884478648849889,0.00248463862969552,0.8351726486371496,0.019036986192583275,0.011638712347260846,0.782434443513334,0.034596260088347146,0.011968635784980985,0.6705118086824081,0.00022009416091304694,0.00022009416091304694,2.589343069565258
19540,0.002881420441779217,0.002485158524897534,0.8353474033269022,0.0190200714347051,0.011641587856100134,0.7826277550319416,0.03457416292468818,0.011972392302803008,0.6707222578601125,0.00022020685633594147,0.00022020685633594147,2.5906688980698993
19550,0.0028783645316884706,0.0024856780296129612,0.8355220267606592,0.019003168366542176,0.01164446137768783,0.7828209329538036,0.03455207767789372,0.011976146794758068,0.6709325935438694,0.000220319551758836,0.000220319551758836,2.591994726574541
19560,0.002875310918648029,0.002486197143829836,0.8356965189343986,0.018986276986309357,0.011647332912327411,0.7830139772993218,0.03453000434455339,0.011979899261425923,0.6711428157661582,0.00022043224718173058,0.00022043224718173058,2.593320555079183
19570,0.00287225960272827,0.0024867158675361952,0.8358708798440992,0.018969397292221496,0.011650202460322348,0.7832068880888973,0.03450794292125683,0.011983649703386338,0.6713529245594587,0.0002205449426046251,0.0002205449426046251,2.5946463835838247
19580,0.0028692105839995723,0.002487234200720074,0.836045109485739,0.018952529282493455,0.011653070021976113,0.7833996653429319,0.03448589340459367,0.011987398121219076,0.6715629199562507,0.00022065763802751965,0.00022065763802751965,2.595972212088466
19590,0.0028661638625323144,0.0024877521433695074,0.8362192078552965,0.018935672955340096,0.011655935597592185,0.7835923090818274,0.03446385579115354,0.011991144515503899,0.6717728019890139,0.00022077033345041421,0.00022077033345041421,2.5972980405931083
19600,0.0028631194383968743,0.0024882696954725324,0.8363931749487503,0.018918828308976274,0.011658799187474035,0.7837848193259854,0.034441830077526076,0.011994888886820567,0.6719825706902279,0.00022088302887330875,0.00022088302887330875,2.5986238690977497
19610,0.002860077311663631,0.0024887868570171836,0.8365670107620784,0.01890199534161685,0.011661660791925137,0.7839771960958074,0.034419816260300905,0.011998631235748845,0.6721922260923723,0.0002209957242962033,0.0002209957242962033,2.5999496976023915
19620,0.0028570374824029624,0.0024893036279914973,0.8367407152912596,0.018885174051476678,0.011664520411248967,0.784169439411695,0.034397814336067666,0.012002371562868496,0.672401768227927,0.00022110841971909783,0.00022110841971909783,2.6012755261070333
19630,0.0028539999506852474,0.002489820008383509,0.8369142885322719,0.01886836443677062,0.011667378045748996,0.78436154929405,0.03437582430141599,0.012006109868759282,0.6726111971293716,0.0002212211151419924,0.0002212211151419924,2.602601354611675
19640,0.002850964716580864,0.002490335998181254,0.8370877304810938,0.018851566495713536,0.0116702336957287,0.7845535257632739,0.0343538461529355,0.012009846154000964,0.6728205128291856,0.00022133381056488693,0.00022133381056488693,2.6039271831163164
19650,0.0028479317801601914,0.0024908515973727685,0.8372610411337036,0.01883478022652028,0.011673087361491554,0.7847453688397682,0.03433187988721584,0.012013580419173307,0.6730297153598491,0.00022144650598778147,0.00022144650598778147,2.6052530116209582
19660,0.002844901141493607,0.0024913668059460877,0.8374342204860798,0.018818005627405716,0.01167593904334103,0.7849370785439347,0.03430992550084664,0.012017312664856072,0.6732388047538416,0.00022155920141067603,0.00022155920141067603,2.6065788401256
19670,0.0028418728006514896,0.0024918816238892476,0.8376072685342008,0.018801242696584695,0.011678788741580603,0.7851286548961749,0.03428798299041753,0.01202104289162902,0.6734477810436426,0.00022167189683357057,0.00022167189683357057,2.607904668630242
19680,0.002838846757704218,0.002492396051190284,0.8377801852740449,0.018784491432272083,0.011681636456513747,0.7853200979168904,0.03426605235251814,0.012024771100071916,0.673656644261732,0.0002217845922564651,0.0002217845922564651,2.609230497134883
19690,0.00283582301272217,0.002492910087837232,0.8379529707015906,0.018767751832682734,0.011684482188443937,0.785511407626483,0.03424413358373811,0.012028497290764521,0.6738653944405895,0.00022189728767935964,0.00022189728767935964,2.610556325639525
19700,0.002832801565775725,0.0024934237338181276,0.8381256248128159,0.018751023896031508,0.011687325937674645,0.7857025840453542,0.034222226680667066,0.012032221464286598,0.6740740316126945,0.0002220099831022542,0.0002220099831022542,2.611882154144167
19710,0.00282978241693526,0.002493936989121007,0.8382981476036997,0.018734307620533262,0.011690167704509346,0.7858936271939055,0.03420033163989464,0.01203594362121791,0.6742825558105272,0.00022212267852514875,0.00022212267852514875,2.6132079826488086
19720,0.002826765566271155,0.002494449853733905,0.8384705390702201,0.01871760300440286,0.011693007489251516,0.7860845370925388,0.03417844845801047,0.01203966376213822,0.6744909670665669,0.00022223537394804328,0.00022223537394804328,2.6145338111534504
19730,0.0028237510138537873,0.0024949623276448573,0.8386427992083553,0.018700910045855154,0.011695845292204625,0.7862753137616554,0.03415657713160418,0.012043381887627288,0.6746992654132934,0.00022234806937093785,0.00022234806937093785,2.615859639658092
19740,0.0028207387597535354,0.0024954744108419,0.838814928014084,0.018684228743105005,0.01169868111367215,0.786465957221657,0.03413471765726541,0.01204709799826488,0.6749074508831865,0.00022246076479383238,0.00022246076479383238,2.6171854681627336
19750,0.002817728804040778,0.0024959861033130686,0.8389869254833843,0.01866755909436727,0.011701514953957565,0.7866564674929454,0.03411287003158379,0.012050812094630756,0.6751155235087258,0.00022257346021672692,0.00022257346021672692,2.6185112966673754
19760,0.0028147211467858943,0.002496497405046399,0.8391587916122349,0.01865090109785681,0.011704346813364344,0.7868468445959222,0.034091034251148955,0.012054524177304678,0.675323483322391,0.00022268615563962146,0.00022268615563962146,2.619837125172017
19770,0.0028117157880592613,0.0024970083160299264,0.8393305263966139,0.018634254751788485,0.01170717669219596,0.7870370885509888,0.03406921031255053,0.01205823424686641,0.6755313303566617,0.00022279885106251602,0.00022279885106251602,2.621162953676659
19780,0.002808712727931258,0.002497518836251687,0.8395021298324997,0.018617620054377147,0.011710004590755886,0.7872271993785468,0.03404739821237815,0.012061942303895713,0.6757390646440176,0.00022291154648541056,0.00022291154648541056,2.6224887821813003
19790,0.002805711966472263,0.002498028965699716,0.8396736019158709,0.01860099700383766,0.0117128305093476,0.7874171770989982,0.03402559794722145,0.012065648348972353,0.6759466862169385,0.0002230242419083051,0.0002230242419083051,2.623814610685942
19800,0.002802713503752655,0.00249853870436205,0.8398449426427058,0.01858438559838488,0.011715654448274571,0.7876070217327442,0.03400380951367007,0.012069352382676089,0.6761541951079042,0.00022313693733119966,0.00022313693733119966,2.625140439190584
19810,0.0027997173398428116,0.002499048052226723,0.8400161520089825,0.01856778583623367,0.011718476407840277,0.7877967333001866,0.03398203290831362,0.012073054405586684,0.6763615913493941,0.0002232496327540942,0.0002232496327540942,2.6264662676952257
19820,0.0027967234748131117,0.002499557009281772,0.8401872300106795,0.01855119771559888,0.011721296388348191,0.7879863118217271,0.033960268127741756,0.012076754418283901,0.676568874973888,0.00022336232817698874,0.00022336232817698874,2.6277920961998675
19830,0.002793731908733934,0.0025000655755152324,0.8403581766437755,0.018534621234695375,0.011724114390101787,0.788175757317767,0.0339385151685441,0.012080452421347504,0.6767760460138658,0.0002234750235998833,0.0002234750235998833,2.6291179247045093
19840,0.0027907426416756563,0.0025005737509151394,0.8405289919042485,0.018518056391738015,0.01172693041340454,0.7883650698087085,0.03391677402731028,0.012084148415357251,0.6769831045018069,0.00022358771902277784,0.00022358771902277784,2.6304437532091507
19850,0.0027877556737086577,0.0025010815354695294,0.840699675788077,0.018501503184941655,0.011729744458559921,0.7885542493149525,0.033895044700629935,0.01208784240089291,0.6771900504701911,0.00022370041444567238,0.00022370041444567238,2.6317695817137925
19860,0.0027847710049033157,0.0025015889291664373,0.8408702282912393,0.018484961612521153,0.011732556525871405,0.7887432958569012,0.0338733271850927,0.012091534378534241,0.6773968839514982,0.00022381310986856691,0.00022381310986856691,2.6330954102184343
19870,0.0027817886353300103,0.0025020959319938993,0.841040649409714,0.01846843167269137,0.01173536661564247,0.7889322094549559,0.033851621477288193,0.012095224348861006,0.6776036049782077,0.00022392580529146148,0.00022392580529146148,2.634421238723076
19880,0.002778808565059118,0.002502602543939951,0.8412109391394792,0.01845191336366716,0.011738174728176586,0.7891209901295182,0.03382992757380607,0.012098912312452968,0.6778102135827994,0.00022403850071435602,0.00022403850071435602,2.6357470672277175
19890,0.0027758307941610186,0.002503108764992628,0.8413810974765136,0.018435406683663384,0.011740980863777227,0.78930963790099,0.03380824547123594,0.012102598269889889,0.6780167097977529,0.00022415119613725055,0.00022415119613725055,2.6370728957323593
19900,0.0027728553227060896,0.002503614595139966,0.8415511244167952,0.018418911630894902,0.01174378502274787,0.7894981527897726,0.03378657516616745,0.012106282221751533,0.6782230936555481,0.00022426389156014512,0.00022426389156014512,2.638398724237001
19910,0.0027698821507647106,0.00250412003437,0.8417210199563026,0.01840242820357657,0.011746587205391984,0.7896865348162677,0.03376491665519023,0.012109964168617662,0.6784293651886645,0.00022437658698303966,0.00022437658698303966,2.639724552741643
19920,0.0027669112784072586,0.002504625082670767,0.841890784091014,0.018385956399923253,0.011749387412013049,0.7898747840008771,0.0337432699348939,0.012113644111068037,0.6786355244295819,0.0002244892824059342,0.0002244892824059342,2.6410503812462847
19930,0.0027639427057041133,0.002505129740030302,0.8420604168169081,0.018369496218149803,0.011752185642914536,0.7900629003640023,0.0337216350018681,0.012117322049682421,0.6788415714107799,0.00022460197782882876,0.00022460197782882876,2.6423762097509265
19940,0.0027609764327256522,0.00250563400643664,0.842229918129963,0.018353047656471076,0.011754981898399918,0.7902508839260448,0.03370001185270248,0.012120997985040578,0.6790475061647383,0.0002247146732517233,0.0002247146732517233,2.643702038255568
19950,0.0027580124595422547,0.0025061378818778176,0.842399288026157,0.018336610713101942,0.011757776178772671,0.7904387347074064,0.03367840048398665,0.01212467191772227,0.6792533287239367,0.00022482736867461783,0.00022482736867461783,2.6450278667602096
19960,0.002755050786224298,0.0025066413663418705,0.842568526501469,0.018320185386257244,0.01176056848433627,0.7906264527284886,0.03365680089231025,0.012128343848307258,0.6794590391208547,0.00022494006409751237,0.00022494006409751237,2.6463536952648514
19970,0.0027520914128421614,0.0025071444598168337,0.8427376335518768,0.018303771674151856,0.011763358815394186,0.7908140380096931,0.033635213074262905,0.012132013777375305,0.6796646373879723,0.00022505275952040694,0.00022505275952040694,2.6476795237694932
19980,0.0027491343394662232,0.002507647162290743,0.8429066091733589,0.01828736957500062,0.011766147172249896,0.7910014905714216,0.03361363702643426,0.012135681705506175,0.6798701235577689,0.00022516545494330147,0.00022516545494330147,2.6490053522741346
19990,0.0027461795661668617,0.0025081494737516346,0.8430754533618939,0.018270979087018413,0.011768933555206872,0.7911888104340754,0.03359207274541394,0.01213934763327963,0.6800754976627243,0.000225278150366196,0.000225278150366196,2.6503311807787764
20000,0.002743227093014455,0.0025086513941875435,0.84324416611346,0.018254600208420083,0.011771717964568587,0.7913759976180562,0.03357052022779158,0.012143011561275431,0.6802807597353182,0.00022539084578909057,0.00022539084578909057,2.651657009283418
20010,0.0027402769200793823,0.002509152923586506,0.8434127474240355,0.01823823293742048,0.011774500400638519,0.7915630521437659,0.03354897947015681,0.012146673490073341,0.6804859098080304,0.0002255035412119851,0.0002255035412119851,2.65298283778806
20020,0.002737329047432021,0.0025096540619365575,0.8435811972895991,0.018221877272234482,0.01177728086372014,0.791749974031606,0.03352745046909927,0.012150333420253125,0.6806909479133403,0.00022561623663487965,0.00022561623663487965,2.6543086662927013
20030,0.0027343834751427506,0.0025101548092257334,0.8437495157061288,0.018205533211076937,0.011780059354116922,0.7919367633019778,0.033505933221208574,0.012153991352394542,0.6808958740837279,0.0002257289320577742,0.0002257289320577742,2.655634494797343
20040,0.0027314402032819493,0.00251065516544207,0.8439177026696032,0.018189200752162703,0.011782835872132342,0.7921234199752833,0.033484427723074375,0.012157647287077356,0.6811006883516726,0.00022584162748066872,0.00022584162748066872,2.656960323301985
20050,0.0027284992319199946,0.002511155130573602,0.8440857581760006,0.01817287989370664,0.011785610418069874,0.7923099440719241,0.033462933971286295,0.01216130122488133,0.6813053907496543,0.0002259543229035633,0.0002259543229035633,2.6582861518066268
20060,0.0027255605611272663,0.002511654704608366,0.8442536822212994,0.0181565706339236,0.01178838299223299,0.7924963356123017,0.03344145196243396,0.012164953166386225,0.6815099813101526,0.00022606701832645783,0.00022606701832645783,2.6596119803112686
20070,0.0027226241909741413,0.002512153887534397,0.844421474801478,0.018140272971028455,0.011791153594925165,0.7926825946168178,0.03341998169310702,0.012168603112171807,0.6817144600656474,0.0002261797137493524,0.0002261797137493524,2.6609378088159104
20080,0.002719690121530999,0.002512652679339731,0.8445891359125145,0.018123986903236054,0.011793922226449873,0.7928687211058737,0.0333985231598951,0.012172251062817833,0.6819188270486181,0.00022629240917224693,0.00022629240917224693,2.6622636373205517
20090,0.0027167583528682183,0.0025131510800124037,0.8447566655503878,0.018107712428761257,0.011796688887110588,0.7930547150998714,0.033377076359387824,0.01217589701890407,0.6821230822915446,0.00022640510459514147,0.00022640510459514147,2.6635894658251935
20100,0.0027138288850561765,0.002513649089540451,0.8449240637110759,0.018091449545818924,0.011799453577210784,0.7932405766192122,0.03335564128817483,0.012179540981010279,0.6823272258269064,0.000226517800018036,0.000226517800018036,2.6649152943298353
20110,0.0027109017181652525,0.002514146707911908,0.8450913303905572,0.018075198252623915,0.011802216297053936,0.7934263056842982,0.03333421794284575,0.012183182949716221,0.6825312576871833,0.00022663049544093054,0.00022663049544093054,2.6662411228344767
20120,0.0027079768522658247,0.0025146439351148107,0.8452584655848103,0.01805895854739108,0.011804977046943518,0.7936119023155305,0.03331280631999022,0.012186822925601661,0.682735177904855,0.0002267431908638251,0.0002267431908638251,2.6675669513391185
20130,0.0027050542874282714,0.002515140771137195,0.8454254692898133,0.01804273042833529,0.011807735827183002,0.793797366533311,0.03329140641619787,0.012190460909246362,0.6829389865124013,0.00022685588628671967,0.00022685588628671967,2.6688927798437607
20140,0.0027021340237229716,0.0025156372159670956,0.8455923415015447,0.018026513893671395,0.011810492638075865,0.7939826983580413,0.033270018228058335,0.012194096901230083,0.6831426835423017,0.0002269685817096142,0.0002269685817096142,2.670218608348402
20150,0.0026992160612203035,0.0025161332695925495,0.8457590822159831,0.018010308941614254,0.011813247479925577,0.7941678978101228,0.03324864175216124,0.01219773090213259,0.6833462690270359,0.00022708127713250874,0.00022708127713250874,2.671544436853044
20160,0.002696300399990645,0.0025166289320015913,0.8459256914291062,0.01799411557037873,0.011816000353035618,0.7943529649099573,0.03322727698509622,0.012201362912533643,0.6835497429990837,0.00022719397255540328,0.00022719397255540328,2.6728702653576857
20170,0.002693387040104375,0.0025171242031822574,0.8460921691368932,0.01797793377817968,0.011818751257709457,0.7945378996779466,0.03320592392345291,0.012204992933013005,0.6837531054909247,0.00022730666797829782,0.00022730666797829782,2.674196093862327
20180,0.0026904759816318716,0.002517619083122583,0.8462585153353219,0.017961763563231956,0.01182150019425057,0.7947227021344919,0.033184582563820945,0.012208620964150438,0.6839563565350385,0.00022741936340119238,0.00022741936340119238,2.675521922366969
20190,0.0026875672246435135,0.002518113571810604,0.846424730020371,0.017945604923750427,0.01182424716296243,0.7949073722999952,0.03316325290278995,0.012212247006525708,0.6841594961639051,0.00022753205882408692,0.00022753205882408692,2.6768477508716106
20200,0.002684660769209679,0.0025186076692343554,0.8465908131880185,0.017929457857949943,0.01182699216414851,0.7950919101948577,0.033141934936949564,0.012215871060718574,0.6843625244100041,0.00022764475424698146,0.00022764475424698146,2.6781735793762524
20210,0.002681756615400747,0.002519101375381874,0.8467567648342434,0.017913322364045366,0.01182973519811229,0.7952763158394816,0.033120628662889416,0.012219493127308799,0.6845654413058151,0.00022775744966987602,0.00022775744966987602,2.6794994078808942
20220,0.0026788547632870946,0.002519594690241195,0.8469225849550235,0.017897198440251557,0.011832476265157236,0.7954605892542679,0.03309933407719914,0.012223113206876145,0.6847682468838177,0.00022787014509277056,0.00022787014509277056,2.6808252363855356
20230,0.002675955212939102,0.0025200876138003537,0.8470882735463373,0.017881086084783372,0.01183521536558683,0.7956447304596186,0.033078051176468365,0.012226731300000378,0.6849709411764918,0.0002279828405156651,0.0002279828405156651,2.6821510648901774
20240,0.0026730579644271466,0.002520580146047386,0.8472538306041634,0.017864985295855666,0.011837952499704539,0.7958287394759352,0.033056779957286724,0.012230347407261257,0.6851735242163168,0.00022809553593855964,0.00022809553593855964,2.683476893394819
20250,0.0026701630178216063,0.0025210722869703278,0.8474192561244799,0.0178488960716833,0.01184068766781384,0.7960126163236193,0.03303552041624386,0.012233961529238543,0.6853759960357727,0.0002282082313614542,0.0002282082313614542,2.684802721899461
20260,0.002667270373192861,0.0025215640365572147,0.8475845501032654,0.01783281841048114,0.011843420870218209,0.7961963610230727,0.033014272549929384,0.012237573666512003,0.6855783566673391,0.00022832092678434874,0.00022832092678434874,2.686128550404103
20270,0.002664380030611288,0.002522055394796082,0.8477497125364982,0.01781675231046403,0.011846152107221116,0.7963799735946967,0.03299303635493295,0.012241183819661399,0.6857806061434957,0.00022843362220724327,0.00022843362220724327,2.687454378908744
20280,0.0026614919901472656,0.0025225463616749657,0.8479147434201565,0.017800697769846843,0.011848881379126038,0.7965634540588933,0.03297181182784417,0.01224479198926649,0.6859827444967221,0.00022854631763013784,0.00022854631763013784,2.688780207413386
20290,0.002658606251871173,0.0025230369371819017,0.8480796427502191,0.017784654786844427,0.01185160868623645,0.7967468024360638,0.0329505989652527,0.01224839817590704,0.686184771759498,0.00022865901305303238,0.00022865901305303238,2.6901060359180278
20300,0.002655722815853389,0.002523527121304925,0.8482444105226639,0.017768623359671644,0.011854334028855822,0.7969300187466097,0.032929397763748154,0.012252002380162812,0.6863866879643032,0.00022877170847592691,0.00022877170847592691,2.6914318644226696
20310,0.0026528416821642907,0.0025240169140320714,0.8484090467334693,0.017752603486543356,0.011857057407287631,0.7971131030109331,0.032908208219920174,0.01225560460261357,0.6865884931436174,0.00022888440389882145,0.00022888440389882145,2.692757692927311
20320,0.002649962850874257,0.0025245063153513775,0.8485735513786142,0.017736595165674416,0.011859778821835351,0.7972960552494353,0.032887030330358384,0.012259204843839074,0.6867901873299201,0.00022899709932171602,0.00022899709932171602,2.6940835214319527
20330,0.0026470863220536666,0.002524995325250878,0.8487379244540765,0.017720598395279688,0.011862498272802455,0.797478875482518,0.03286586409165242,0.012262803104419087,0.6869917705556912,0.00022910979474461055,0.00022910979474461055,2.6954093499365945
20340,0.0026442120957728982,0.0025254839437186083,0.8489021659558347,0.017704613173574024,0.011865215760492417,0.7976615637305826,0.03284470950039192,0.012266399384933372,0.6871932428534102,0.0002292224901675051,0.0002292224901675051,2.6967351784412363
20350,0.002641340172102329,0.002525972170742605,0.849066275879867,0.01768863949877229,0.011867931285208713,0.7978441200140309,0.03282356655316651,0.012269993685961694,0.6873946042555571,0.00022933518559039966,0.00022933518559039966,2.698061006945878
20360,0.002638470551112339,0.0025264600063109035,0.8492302542221524,0.017672677369089333,0.011870644847254815,0.7980265443532648,0.03280243524656583,0.01227358600808381,0.6875958547946112,0.0002294478810132942,0.0002294478810132942,2.69938683545052
20370,0.0026356032328733055,0.002526947450411539,0.8493941009786686,0.017656726782740027,0.011873356446934198,0.7982088367686855,0.0327813155771795,0.012277176351879485,0.6877969945030523,0.00022956057643618873,0.00022956057643618873,2.7007126639551613
20380,0.0026327382174556077,0.0025274345030325478,0.849557816145394,0.01764078773793922,0.011876066084550335,0.7983909972806947,0.032760207541597156,0.012280764717928484,0.6879980234133605,0.00022967327185908327,0.00022967327185908327,2.702038492459803
20390,0.002629875504929623,0.002527921164161965,0.8497213997183075,0.017624860232901773,0.0118787737604067,0.7985730259096939,0.032739111136408434,0.012284351106810566,0.6881989415580149,0.00022978596728197783,0.00022978596728197783,2.703364320964445
20400,0.002627015095365731,0.0025284074337878267,0.849884851693387,0.01760894426584254,0.011881479474806769,0.7987549226760852,0.03271802635820297,0.012287935519105495,0.6883997489694954,0.00022989866270487237,0.00022989866270487237,2.7046901494690867
20410,0.0026241569888343095,0.0025288933118981683,0.8500481720666111,0.017593039834976388,0.011884183228054016,0.7989366876002699,0.03269695320357039,0.012291517955393034,0.688600445680282,0.00023001135812776693,0.00023001135812776693,2.7060159779737285
20420,0.0026213011854057363,0.0025293787984810258,0.8502113608339581,0.017577146938518175,0.011886885020451913,0.7991183207026494,0.03267589166910033,0.012295098416252944,0.688801031722854,0.00023012405355066147,0.00023012405355066147,2.70734180647837
20430,0.0026184476851503916,0.0025298638935244344,0.8503744179914065,0.017561265574682752,0.011889584852303934,0.7992998220036256,0.03265484175138242,0.012298676902264988,0.6890015071296912,0.000230236748973556,0.000230236748973556,2.7086676349830117
20440,0.0026155964881386523,0.00253034859701643,0.8505373435349344,0.01754539574168498,0.011892282723913555,0.7994811915236002,0.03263380344700629,0.01230225341400893,0.6892018719332734,0.00023034944439645055,0.00023034944439645055,2.7099934634876535
20450,0.002612747594440897,0.0025308329089450484,0.8507001374605204,0.01752953743773972,0.011894978635584249,0.7996624292829746,0.03261277675256157,0.012305827952064531,0.6894021261660802,0.00023046213981934508,0.00023046213981934508,2.711319291992295
20460,0.002609901004127505,0.0025313168292983254,0.8508627997641429,0.017513690661061832,0.011897672587619491,0.7998435353021506,0.03259176166463791,0.012309400517011555,0.6896022698605913,0.00023057483524223965,0.00023057483524223965,2.7126451204969366
20470,0.0026070567172688536,0.002531800358064296,0.8510253304417801,0.01749785540986617,0.011900364580322753,0.8000245096015295,0.032570758179824924,0.012312971109429763,0.6898023030492865,0.00023068753066513419,0.00023068753066513419,2.7139709490015784
20480,0.002604214733935322,0.002532283495230996,0.8511877294894105,0.017482031682367595,0.01190305461399751,0.8002053522015132,0.032549766294712255,0.012316539729898917,0.6900022257646452,0.00023080022608802872,0.00023080022608802872,2.7152967775062202
20490,0.0026013750541972885,0.002532766240786462,0.8513499969030124,0.017466219476780967,0.011905742688947238,0.8003860631225033,0.03252878600588953,0.012320106378998781,0.6902020380391474,0.0002309129215109233,0.0002309129215109233,2.716622606010862
20500,0.0025985376781251313,0.002533248594718729,0.8515121326785642,0.01745041879132114,0.011908428805475407,0.8005666423849013,0.032507817309946375,0.012323671057309115,0.6904017399052725,0.00023102561693381783,0.00023102561693381783,2.717948434515504
20510,0.0025957026057892288,0.002533730557015832,0.8516741368120443,0.017434629624202974,0.011911112963885495,0.8007470900091088,0.03248686020347243,0.012327233765409685,0.6906013313955006,0.00023113831235671236,0.00023113831235671236,2.719274263020145
20520,0.0025928698372599595,0.0025342121276658077,0.851836009299431,0.01741885197364133,0.011913795164480975,0.8009274060155276,0.03246591468305734,0.012330794503880253,0.6908008125423111,0.00023125100777960693,0.00023125100777960693,2.720600091524787
20530,0.002590039372607702,0.0025346933066566915,0.851997750136703,0.01740308583785107,0.011916475407565321,0.8011075904245594,0.03244498074529071,0.012334353273300578,0.6910001833781836,0.00023136370320250146,0.00023136370320250146,2.721925920029429
20540,0.0025872112119028345,0.002535174093976519,0.8521593593198382,0.01738733121504704,0.011919153693442005,0.8012876432566053,0.03242405838676219,0.012337910074250426,0.6911994439355981,0.000231476398625396,0.000231476398625396,2.7232517485340706
20550,0.002584385355215736,0.002535654489613326,0.8523208368448154,0.017371588103444108,0.011921830022414502,0.8014675645320672,0.03240314760406141,0.012341464907309559,0.6913985942470341,0.00023158909404829057,0.00023158909404829057,2.7245775770387124
20560,0.0025815618026167842,0.002536134493555148,0.8524821827076128,0.017355856501257132,0.01192450439478629,0.8016473542713471,0.032382248393778006,0.01234501777305774,0.6915976343449713,0.0002317017894711851,0.0002317017894711851,2.7259034055433538
20570,0.0025787405541763575,0.0025366141057900204,0.8526433969042084,0.01734013640670097,0.011927176810860836,0.801827012494846,0.0323613607525016,0.012348568672074726,0.6917965642618895,0.00023181448489407964,0.00023181448489407964,2.7272292340479956
20580,0.002575921609964835,0.002537093326305979,0.8528044794305811,0.01732442781799048,0.01192984727094162,0.8020065392229659,0.03234048467682184,0.012352117604940286,0.6919953840302682,0.00023192718031697418,0.00023192718031697418,2.7285550625526374
20590,0.0025731049700525943,0.00253757215509106,0.8529654302827091,0.017308730733340518,0.011932515775332114,0.8021859344761083,0.03231962016332834,0.012355664572234182,0.6921940936825872,0.00023203987573986874,0.00023203987573986874,2.729880891057279
20600,0.002570290634510015,0.0025380505921332986,0.8531262494565709,0.017293045150965948,0.01193518232433579,0.8023651982746748,0.03229876720861074,0.012359209574536173,0.6923926932513262,0.00023215257116276328,0.00023215257116276328,2.731206719561921
20610,0.002567478603407474,0.0025385286374207303,0.8532869369481446,0.017277371069081622,0.011937846918256126,0.8025443306390672,0.03227792580925867,0.012362752612426024,0.6925911827689649,0.00023226526658565782,0.00023226526658565782,2.7325325480665623
20620,0.0025646688768153508,0.0025390062909413915,0.8534474927534088,0.017261708485902402,0.011940509557396593,0.8027233315896868,0.03225709596186178,0.012366293686483497,0.692789562267983,0.00023237796200855238,0.00023237796200855238,2.733858376571204
20630,0.0025618614548040238,0.002539483552683317,0.8536079168683418,0.017246057399643147,0.011943170242060666,0.8029022011469354,0.032236277663009676,0.012369832797288354,0.6929878317808602,0.00023249065743144692,0.00023249065743144692,2.735184205075846
20640,0.002559056337443871,0.0025399604226345428,0.8537682092889219,0.017230417808518715,0.01194582897255182,0.8030809393312147,0.032215470909292006,0.012373369945420359,0.6931859913400761,0.00023260335285434146,0.00023260335285434146,2.7365100335804877
20650,0.002556253524805271,0.002540436900783105,0.8539283700111276,0.017214789710743965,0.011948485749173527,0.803259546162926,0.0321946756972984,0.012376905131459271,0.6933840409781105,0.000232716048277236,0.000232716048277236,2.737835862085129
20660,0.002553453016958602,0.0025409129871170385,0.8540883990309373,0.017199173104533755,0.011951140572229263,0.8034380216624714,0.032173892023618485,0.012380438355984857,0.693581980727443,0.00023282874370013056,0.00023282874370013056,2.739161690589771
20670,0.002550654813974243,0.0025413886816243797,0.8542482963443292,0.017183567988102937,0.011953793442022503,0.8036163658502522,0.0321531198848419,0.012383969619576876,0.6937798106205533,0.0002329414391230251,0.0002329414391230251,2.7404875190944127
20680,0.002547858915922572,0.002541863984293164,0.8544080619472819,0.017167974359666383,0.011956444358856717,0.8037945787466699,0.03213235927755828,0.012387498922815092,0.6939775306899211,0.00023305413454591963,0.00023305413454591963,2.7418133475990545
20690,0.002545065322873967,0.0025423388951114267,0.8545676958357736,0.017152392217438944,0.011959093323035382,0.8039726603721264,0.032111610198357246,0.012391026266279269,0.6941751409680262,0.0002331668299688142,0.0002331668299688142,2.7431391761036963
20700,0.0025422740348988076,0.002542813414067204,0.8547271980057827,0.017136821559635473,0.01196174033486197,0.8041506107470231,0.032090872643828434,0.012394551650549165,0.6943726414873481,0.00023327952539170874,0.00023327952539170874,2.744465004608338
20710,0.002539485052067471,0.002543287541148531,0.8548865684532876,0.01712126238447084,0.011964385394639959,0.8043284298917618,0.032070146610561484,0.012398075076204548,0.6945700322803668,0.00023339222081460327,0.00023339222081460327,2.7457908331129794
20720,0.0025366983744503366,0.0025437612763434436,0.8550458071742667,0.017105714690159896,0.01196702850267282,0.8045061178267441,0.03204943209514602,0.012401596543825177,0.6947673133795618,0.0002335049162374978,0.0002335049162374978,2.7471166616176212
20730,0.002533914002117782,0.002544234619639978,0.8552049141646983,0.0170901784749175,0.011969669659264028,0.8046836745723714,0.03202872909417168,0.012405116053990813,0.6949644848174125,0.00023361761166039238,0.00023361761166039238,2.748442490122263
20740,0.0025311319351401865,0.0025447075710261693,0.8553638894205611,0.01707465373695851,0.011972308864717054,0.8048611001490455,0.032008037604228094,0.012408633607281224,0.6951615466263991,0.0002337303070832869,0.0002337303070832869,2.749768318626905
20750,0.0025283521735879277,0.0025451801304900534,0.855522732937833,0.017059140474497792,0.011974946119335377,0.8050383945771681,0.0319873576219049,0.012412149204276168,0.695358498839001,0.00023384300250618145,0.00023384300250618145,2.751094147131546
20760,0.002525574717531384,0.0025456522980196656,0.8556814447124925,0.017043638685750196,0.011977581423422468,0.8052155578771406,0.031966689143791714,0.012415662845555408,0.6955553414876979,0.00023395569792907602,0.00023395569792907602,2.752419975636188
20770,0.002522799567040935,0.002546124073603042,0.8558400247405183,0.017028148368930584,0.011980214777281803,0.8053925900693647,0.031946032166478185,0.012419174531698707,0.6957520746049696,0.00023406839335197055,0.00023406839335197055,2.75374580414083
20780,0.002520026722186958,0.002546595457228218,0.8559984730178883,0.01701266952225381,0.011982846181216854,0.8055694911742421,0.03192538668655394,0.01242268426328583,0.6959486982232959,0.0002341810887748651,0.0002341810887748651,2.7550716326454716
20790,0.002517256183039832,0.00254706644888323,0.8561567895405814,0.016997202143934742,0.011985475635531095,0.8057462612121744,0.03190475270060861,0.012426192040896535,0.696145212375156,0.00023429378419775963,0.00023429378419775963,2.756397461150113
20800,0.002514487949669935,0.002547537048556112,0.8563149743045755,0.01698174623218823,0.011988103140528002,0.805922900203563,0.03188413020523183,0.012429697865110589,0.6963416170930302,0.0002344064796206542,0.0002344064796206542,2.757723289654755
20810,0.002511722022147645,0.0025480072562349015,0.8564730273058491,0.016966301785229135,0.01199072869651105,0.8060994081688099,0.031863519197013225,0.012433201736507752,0.6965379124093979,0.00023451917504354873,0.00023451917504354873,2.7590491181593966
20820,0.0025089584005433415,0.002548477071907633,0.8566309485403808,0.016950868801272317,0.011993352303783707,0.8062757851283163,0.031842919672542436,0.012436703655667784,0.6967340983567386,0.00023463187046644327,0.00023463187046644327,2.7603749466640384
20830,0.0025061970849274027,0.0025489464955623427,0.8567887380041487,0.016935447278532634,0.011995973962649453,0.8064520311024842,0.0318223316284091,0.012440203623170453,0.6969301749675324,0.0002347445658893378,0.0002347445658893378,2.7617007751686797
20840,0.002503438075370207,0.002549415527187066,0.8569463956931312,0.01692003721522494,0.011998593673411762,0.806628146111715,0.03180175506120283,0.012443701639595519,0.6971261422742587,0.00023485726131223237,0.00023485726131223237,2.763026603673322
20850,0.002500681371942132,0.0025498841667698385,0.857103921603307,0.016904638609564104,0.012001211436374105,0.8068041301764103,0.03178118996751328,0.012447197705522743,0.6973220003093974,0.0002349699567351269,0.0002349699567351269,2.7643524321779633
20860,0.0024979269747135565,0.0025503524142986966,0.8572613157306542,0.01688925145976497,0.012003827251839957,0.8069799833169717,0.03176063634393006,0.01245069182153189,0.697517749105428,0.00023508265215802144,0.00023508265215802144,2.765678260682605
20870,0.0024951748837548594,0.002550820269761675,0.8574185780711511,0.01687387576404241,0.012006441120112791,0.807155705553801,0.03174009418704282,0.01245418398820272,0.6977133886948302,0.000235195347580916,0.000235195347580916,2.767004089187247
20880,0.002492425099136419,0.00255128773314681,0.8575757086207765,0.016858511520611276,0.012009053041496085,0.8073312969072997,0.0317195634934412,0.012457674206114997,0.6979089191100838,0.00023530804300381055,0.00023530804300381055,2.7683299176918887
20890,0.002489677620928614,0.002551754804442137,0.8577327073755081,0.01684315872768643,0.01201166301629331,0.8075067573978695,0.0316990442597148,0.012461162475848483,0.6981043403836686,0.00023542073842670508,0.00023542073842670508,2.76965574619653
20900,0.0024869324492018223,0.0025522214836356913,0.8578895743313247,0.016827817383482723,0.012014271044807939,0.8076820870459117,0.031678536482453286,0.012464648797982942,0.6982996525480639,0.00023553343384959965,0.00023553343384959965,2.7709815747011723
20910,0.0024841895840264218,0.0025526877707155093,0.8580463094842048,0.01681248748621502,0.012016877127343449,0.8078572858718284,0.03165804015824627,0.012468133173098134,0.6984948556357498,0.00023564612927249418,0.00023564612927249418,2.7723074032058137
20920,0.002481449025472792,0.0025531536656696265,0.8582029128301265,0.016797169034098176,0.01201948126420331,0.8080323538960207,0.031637555283683394,0.012471615601773824,0.6986899496792058,0.00023575882469538872,0.00023575882469538872,2.7736332317104555
20930,0.0024787107736113107,0.002553619168486078,0.8583593843650681,0.01678186202534706,0.012022083455691002,0.8082072911388907,0.031617081855354286,0.01247509608458977,0.6988849347109115,0.00023587152011828326,0.00023587152011828326,2.774959060215097
20940,0.002475974828512357,0.0025540842791529003,0.8585157240850085,0.016766566458176514,0.012024683702109995,0.8083820976208398,0.03159661986984858,0.01247857462212574,0.6990798107633468,0.00023598421554117782,0.00023598421554117782,2.776284888719739
20950,0.002473241190246309,0.0025545489976581287,0.8586719319859255,0.016751282330801403,0.012027282003763764,0.8085567733622697,0.031576169323755905,0.012482051214961496,0.6992745778689914,0.00023609691096407236,0.00023609691096407236,2.7776107172243805
20960,0.0024705098588835442,0.0025550133239897986,0.8588280080637977,0.01673600964143659,0.012029878360955782,0.8087313183835818,0.031555730213665895,0.012485525863676798,0.6994692360603249,0.0002362096063869669,0.0002362096063869669,2.7789365457290223
20970,0.002467780834494442,0.002555477258135946,0.8589839523146037,0.01672074838829693,0.012032472773989524,0.808905732705178,0.03153530253616819,0.012488998568851408,0.6996637853698268,0.00023632230180986146,0.00023632230180986146,2.780262374233664
20980,0.002465054117149381,0.0025559408000846062,0.8591397647343214,0.016705498569597285,0.012035065243168462,0.8090800163474595,0.031514886287852414,0.01249246933106509,0.699858225829977,0.000236434997232756,0.000236434997232756,2.781588202738306
20990,0.002462329706918739,0.0025564039498238156,0.8592954453189295,0.016690260183552512,0.012037655768796075,0.8092541693308284,0.0314944814653082,0.012495938150897607,0.7000525574732553,0.00023654769265565054,0.00023654769265565054,2.7829140312429472
21000,0.002459607603872895,0.002556866707341609,0.8594509940644063,0.01667503322837746,0.012040244351175833,0.8094281916756861,0.03147408806512518,0.01249940502892872,0.7002467803321413,0.00023666038807854508,0.00023666038807854508,2.784239859747589
21010,0.0024568878080822266,0.0025573290726260225,0.8596064109667302,0.016659817702287,0.012042830990611212,0.8096020834024342,0.03145370608389299,0.012502869965738192,0.7004408944391144,0.00023677308350143964,0.00023677308350143964,2.785565688252231
21020,0.0024541703196171135,0.0025577910456650917,0.8597616960218796,0.016644613603495985,0.012045415687405685,0.8097758445314744,0.03143333551820125,0.012506332961905786,0.7006348998266547,0.00023688577892433418,0.00023688577892433418,2.7868915167568726
21030,0.0024514551385479326,0.0025582526264468523,0.8599168492258326,0.01662942093021928,0.012047998441862724,0.8099494750832082,0.03141297636463962,0.012509794018011264,0.7008287965272417,0.00023699847434722874,0.00023699847434722874,2.7882173452615144
21040,0.002448742264945063,0.0025587138149593402,0.860071870574568,0.01661423968067173,0.012050579254285806,0.8101229750780373,0.031392628619797705,0.012513253134634389,0.7010225845733551,0.00023711116977012328,0.00023711116977012328,2.7895431737661562
21050,0.002446031698878884,0.0025591746111905908,0.8602267600640641,0.016599069853068207,0.012053158124978407,0.8102963445363633,0.031372292280265154,0.012516710312354924,0.7012162639974747,0.00023722386519301782,0.00023722386519301782,2.7908690022707976
21060,0.0024433234404197725,0.00255963501512864,0.860381517690299,0.016583911445623562,0.012055735054243996,0.8104695834785879,0.031351967342631584,0.01252016555175263,0.7014098348320801,0.00023733656061591235,0.00023733656061591235,2.7921948307754394
21070,0.002440617489638108,0.0025600950267615228,0.8605361434492512,0.016568764456552657,0.01205831004238605,0.8106426919251125,0.031331653803486646,0.01252361885340727,0.701603297109651,0.0002374492560388069,0.0002374492560388069,2.7935206592800808
21080,0.0024379138466042683,0.0025605546460772755,0.8606906373368992,0.01655362888407035,0.012060883089708043,0.8108156698963389,0.03131135165941996,0.012527070217898607,0.7017966508626671,0.00023756195146170143,0.00023756195146170143,2.7948464877847226
21090,0.002435212511388633,0.0025610138730639332,0.8608449993492211,0.016538504726391495,0.012063454196513447,0.8109885174126686,0.031291060907021155,0.012530519645806404,0.701989896123608,0.000237674646884596,0.000237674646884596,2.7961723162893644
21100,0.002432513484061579,0.0025614727077095324,0.8609992294821958,0.016523391981730955,0.012066023363105739,0.8111612344945033,0.03127078154287988,0.012533967137710421,0.7021830329249537,0.00023778734230749056,0.00023778734230749056,2.797498144794006
21110,0.002429816764693485,0.0025619311500021083,0.8611533277318011,0.01650829064830359,0.012068590589788392,0.8113338211622448,0.03125051356358574,0.012537412694190423,0.7023760612991834,0.0002379000377303851,0.0002379000377303851,2.798823973298648
21120,0.0024271223533547303,0.002562389199929697,0.8613072940940157,0.016493200724324253,0.01207115587686488,0.8115062774362942,0.031230256965728398,0.012540856315826172,0.7025689812787771,0.00023801273315327963,0.00023801273315327963,2.8001498018032898
21130,0.002424430250115693,0.0025628468574803334,0.8614611285648179,0.016478122208007807,0.012073719224638674,0.8116786033370537,0.031210011745897468,0.01254429800319743,0.7027617928962147,0.00023812542857617417,0.00023812542857617417,2.801475630307931
21140,0.0024217404550467506,0.0025633041226420534,0.861614831140186,0.01646305509756911,0.012076280633413252,0.8118507988849244,0.031189777900682586,0.01254773775688396,0.7029544961839753,0.0002382381239990687,0.0002382381239990687,2.802801458812573
21150,0.002419052968218283,0.002563760995402893,0.8617684018160984,0.01644799939122302,0.012078840103492089,0.8120228641003084,0.031169555426673386,0.012551175577465525,0.7031470911745392,0.00023835081942196327,0.00023835081942196327,2.8041272873172147
21160,0.0024163677897006673,0.0025642174757508876,0.8619218405885336,0.016432955087184394,0.012081397635178655,0.8121947990036069,0.0311493443204595,0.012554611465521885,0.7033395779003858,0.0002384635148448578,0.0002384635148448578,2.8054531158218565
21170,0.002413684919564283,0.002564673563674073,0.8620751474534699,0.016417922183668093,0.012083953228776426,0.8123666036152217,0.03112914457863056,0.012558045421632805,0.7035319563939947,0.00023857621026775237,0.00023857621026775237,2.8067789443264983
21180,0.0024110043578795077,0.0025651292591604845,0.8622283224068855,0.01640290067888897,0.012086506884588876,0.8125382779555547,0.0311089561977762,0.012561477446378045,0.7037242266878457,0.0002386889056906469,0.0002386889056906469,2.80810477283114
21190,0.0024083261047167207,0.0025655845621981583,0.8623813654447591,0.016387890571061894,0.01208905860291948,0.8127098220450069,0.031088779174486048,0.012564907540337372,0.7039163888144185,0.00023880160111354145,0.00023880160111354145,2.8094306013357815
21200,0.0024056501601462995,0.0025660394727751302,0.8625342765630689,0.016372891858401715,0.01209160838407171,0.8128812359039804,0.031068613505349736,0.012568335704090544,0.7041084428061929,0.000238914296536436,0.000238914296536436,2.8107564298404233
21210,0.002402976524238623,0.0025664939908794353,0.8626870557577933,0.01635790453912329,0.012094156228349043,0.8130525195528767,0.03104845918695691,0.012571761938217326,0.7043003886956485,0.00023902699195933052,0.00023902699195933052,2.8120822583450646
21220,0.002400305197064069,0.0025669481164991093,0.8628397030249106,0.016342928611441484,0.01209670213605495,0.8132236730120973,0.031028316215897182,0.012575186243297478,0.7044922265152649,0.0002391396873822251,0.0002391396873822251,2.813408086849707
21230,0.0023976361786930173,0.002567401849622188,0.8629922183603993,0.016327964073571156,0.012099246107492904,0.8133946963020439,0.031008184588760198,0.012578608619910767,0.7046839562975219,0.00023925238280511963,0.00023925238280511963,2.8147339153543482
21240,0.002394969469195845,0.0025678551902367074,0.8631446017602377,0.016313010923727157,0.012101788142966386,0.8135655894431182,0.030988064302135583,0.01258202906863695,0.7048755780748992,0.0002393650782280142,0.0002393650782280142,2.8160597438589905
21250,0.0023923050686429316,0.002568308138330703,0.8632968532204043,0.01629806916012435,0.012104328242778862,0.8137363524557217,0.03096795535261298,0.012585447590055794,0.7050670918798764,0.00023947777365090873,0.00023947777365090873,2.817385572363632
21260,0.0023896429771046545,0.00256876069389221,0.8634489727368773,0.016283138780977594,0.01210686640723381,0.813906985360256,0.030947857736782006,0.012588864184747058,0.7052584977449332,0.00023959046907380327,0.00023959046907380327,2.8187114008682737
21270,0.0023869831946513927,0.0025692128569092644,0.863600960305635,0.01626821978450175,0.012109402636634705,0.8140774881771229,0.030927771451232308,0.012592278853290508,0.7054497957025494,0.0002397031644966978,0.0002397031644966978,2.820037229372915
21280,0.0023843257213535243,0.002569664627369902,0.8637528159226561,0.01625331216891167,0.012111936931285018,0.8142478609267237,0.03090769649255351,0.012595691596265904,0.7056409857852047,0.00023981585991959237,0.00023981585991959237,2.8213630578775573
21290,0.0023816705572814283,0.0025701160052621582,0.8639045395839186,0.016238415932422215,0.012114469291488225,0.8144181036294604,0.030887632857335243,0.012599102414253008,0.7058320680253786,0.0002399285553424869,0.0002399285553424869,2.8226888863821986
21300,0.0023790177025054824,0.002570566990574069,0.8640561312854014,0.016223531073248244,0.0121169997175478,0.8145882163057344,0.030867580542167147,0.012602511307831585,0.706023042455551,0.00024004125076538144,0.00024004125076538144,2.8240147148868404
21310,0.002376367157096065,0.00257101758329367,0.8642075910230823,0.016208657589604616,0.012119528209767217,0.8147581989759473,0.030847539543638846,0.012605918277581396,0.7062139091082015,0.000240153946188276,0.000240153946188276,2.825340543391482
21320,0.002373718921123556,0.0025714677834089966,0.8643589187929399,0.01619379547970619,0.01212205476844995,0.8149280516605006,0.03082750985833998,0.012609323324082202,0.7064046680158097,0.00024026664161117054,0.00024026664161117054,2.826666371896124
21330,0.0023710729946583315,0.0025719175909080846,0.8645101145909527,0.016178944741767825,0.012124579393899472,0.8150977743797962,0.030807491482860175,0.01261272644791377,0.7065953192108555,0.00024037933703406508,0.00024037933703406508,2.8279922004007654
21340,0.002368429377770772,0.0025723670057789696,0.864661178413099,0.016164105374004378,0.012127102086419258,0.8152673671542358,0.03078748441378907,0.012616127649655858,0.7067858627258183,0.00024049203245695962,0.00024049203245695962,2.829318028905407
21350,0.002365788070531255,0.002572816028009688,0.8648121102553572,0.01614927737463071,0.012129622846312782,0.8154368300042204,0.030767488647716293,0.01261952692988823,0.7069762985931781,0.00024060472787985418,0.00024060472787985418,2.830643857410049
21360,0.0023631490730101584,0.0025732646575882742,0.8649629101137055,0.016134460741861673,0.012132141673883517,0.8156061629501523,0.030747504181231473,0.01262292428919065,0.7071666268454145,0.00024071742330274872,0.00024071742330274872,2.831969685914691
21370,0.002360512385277862,0.0025737128945027645,0.8651135779841224,0.016119655473912132,0.01213465856943494,0.8157753660124328,0.03072753101092425,0.012626319728142876,0.707356847515007,0.00024083011872564326,0.00024083011872564326,2.833295514419332
21380,0.002357878007404743,0.0025741607387411948,0.8652641138625864,0.01610486156899694,0.01213717353327052,0.8159444392114634,0.030707569133384252,0.012629713247324677,0.7075469606344357,0.00024094281414853782,0.00024094281414853782,2.8346213429239744
21390,0.0023552459394611805,0.0025746081902916,0.8654145177450756,0.016090079025330967,0.012139686565693739,0.8161133825676462,0.03068761854520111,0.01263310484731581,0.7077369662361799,0.00024105550957143236,0.00024105550957143236,2.8359471714286157
21400,0.002352616181517553,0.002575055249142017,0.8655647896275688,0.016075307841129056,0.012142197667008062,0.8162821961013822,0.030667679242964457,0.012636494528696042,0.7079268643527193,0.0002411682049943269,0.0002411682049943269,2.8372729999332575
21410,0.002349988733644238,0.0025755019152804808,0.8657149295060439,0.016060548014606074,0.012144706837516969,0.8164508798330734,0.03064775122326393,0.012639882292045131,0.708116655016534,0.00024128090041722144,0.00024128090041722144,2.838598828437899
21420,0.0023473635959116146,0.0025759481886950264,0.8658649373764794,0.01604579954397688,0.012147214077523932,0.8166194337831214,0.03062783448268916,0.012643268137942842,0.7083063382601033,0.00024139359584011597,0.00024139359584011597,2.8399246569425407
21430,0.0023447407683900613,0.0025763940693736905,0.8660148132348539,0.016031062427456333,0.012149719387332425,0.8167878579719275,0.030607929017829775,0.012646652066968939,0.708495914115907,0.00024150629126301054,0.00024150629126301054,2.8412504854471825
21440,0.0023421202511499564,0.0025768395573045086,0.8661645570771457,0.016016336663259287,0.012152222767245924,0.8169561524198939,0.03058803482527541,0.012650034079703179,0.7086853826164247,0.00024161898668590508,0.00024161898668590508,2.8425763139518243
21450,0.0023395020442616788,0.0025772846524755155,0.8663141688993329,0.0160016222496006,0.0121547242175679,0.8171243171474217,0.030568151901615697,0.01265341417672533,0.7088747437941362,0.00024173168210879964,0.00024173168210879964,2.843902142456466
21460,0.002336886147795606,0.002577729354874748,0.8664636486973942,0.015986919184695136,0.012157223738601827,0.8172923521749127,0.03054828024344027,0.012656792358615153,0.7090639976815212,0.00024184437753169418,0.00024184437753169418,2.845227970961108
21470,0.002334272561822117,0.002578173664490241,0.8666129964673078,0.015972227466757753,0.012159721330651184,0.8174602575227685,0.03052841984733876,0.01266016862595241,0.7092531443110595,0.00024195707295458871,0.00024195707295458871,2.8465537994657493
21480,0.00233166128641159,0.0025786175813100306,0.8667622122050521,0.015957547094003308,0.01216221699401944,0.8176280332113908,0.030508570709900797,0.012663542979316864,0.7094421837152305,0.00024206976837748325,0.00024206976837748325,2.847879627970391
21490,0.0023290523216344034,0.0025790611053221526,0.8669112959066059,0.015942878064646657,0.01216471072901007,0.817795679261181,0.03048873282771602,0.012666915419288277,0.7096311159265141,0.00024218246380037782,0.00024218246380037782,2.849205456475033
21500,0.002326445667560936,0.002579504236514642,0.8670602475679469,0.01592822037690266,0.01216720253592655,0.8179631956925411,0.03046890619737405,0.01267028594644641,0.70981994097739,0.00024229515922327235,0.00024229515922327235,2.8505312849796747
21510,0.0023238413242615656,0.002579946974875535,0.8672090671850538,0.015913574028986174,0.012169692415072353,0.8181305825258723,0.030449090815464527,0.012673654561371029,0.7100086589003378,0.0002424078546461669,0.0002424078546461669,2.851857113484316
21520,0.002321239291806672,0.002580389320392867,0.8673577547539049,0.015898939019112063,0.01217218036675095,0.8182978397815763,0.03042928667857709,0.012677021264641894,0.7101972697278371,0.00024252055006906146,0.00024252055006906146,2.8531829419889583
21530,0.0023186395702666316,0.0025808312730546735,0.8675063102704784,0.01588431534549518,0.01217466639126582,0.818464967480055,0.03040949378330136,0.012680386056838768,0.710385773492368,0.000242633245491956,0.000242633245491956,2.8545087704935996
21540,0.0023160421597118244,0.002581272832848991,0.8676547337307532,0.015869703006350384,0.012177150488920437,0.8186319656417099,0.030389712126226976,0.012683748938541415,0.7105741702264098,0.00024274594091485053,0.00024274594091485053,2.8558345989982414
21550,0.0023134470602126284,0.0025817139997638544,0.8678030251307073,0.01585510199989254,0.01217963266001827,0.8187988342869424,0.030369941703943564,0.012687109910329593,0.7107624599624423,0.00024285863633774507,0.00024285863633774507,2.857160427502883
21560,0.0023108542718394214,0.0025821547737872996,0.867951184466319,0.0158405123243365,0.012182112904862796,0.8189655734361543,0.030350182513040763,0.01269046897278307,0.7109506427329451,0.00024297133176063963,0.00024297133176063963,2.858486256007525
21570,0.0023082637946625828,0.002582595154907362,0.868099211733567,0.01582593397789712,0.012184591223757492,0.8191321831097472,0.030330434550108205,0.012693826126481605,0.711138718570398,0.00024308402718353417,0.00024308402718353417,2.8598120845121664
21580,0.0023056756287524903,0.0025830351431120778,0.8682471069284294,0.015811366958789267,0.012187067617005826,0.8192986633281226,0.030310697811735517,0.012697181372004962,0.7113266875072808,0.00024319672260642873,0.00024319672260642873,2.8611379130168086
21590,0.002303089774179523,0.002583474738389482,0.8683948700468846,0.015796811265227792,0.012189542084911277,0.8194650141116824,0.03029097229451233,0.012700534709932904,0.7115145495760731,0.00024330941802932327,0.00024330941802932327,2.86246374152145
21600,0.0023005062310140585,0.002583913940727611,0.8685425010849113,0.01578226689542756,0.012192014627777317,0.819631235480828,0.030271257995028285,0.01270388614084519,0.7117023048092544,0.0002434221134522178,0.0002434221134522178,2.863789570026092
21610,0.0022979249993264755,0.0025843527501145003,0.8686900000384874,0.015767733847603424,0.012194485245907419,0.8197973274559608,0.03025155490987301,0.012707235665321587,0.7118899532393046,0.00024353480887511235,0.00024353480887511235,2.865115398530733
21620,0.0022953460791871527,0.002584791166538185,0.8688373669035915,0.015753212119970245,0.01219695393960506,0.8199632900574829,0.03023186303563614,0.012710583283941855,0.7120774948987034,0.00024364750429800688,0.00024364750429800688,2.866441227035375
21630,0.0022927694706664685,0.0025852291899867014,0.8689846016762022,0.015738701710742882,0.012199420709173712,0.8201291233057957,0.030212182368907305,0.012713928997285759,0.7122649298199305,0.00024376019972090145,0.00024376019972090145,2.8677670555400168
21640,0.0022901951738348012,0.002585666820448085,0.8691317043522974,0.01572420261813619,0.01220188555491685,0.8202948272213008,0.030192512906276132,0.012717272805933056,0.7124522580354653,0.00024387289514379599,0.00024387289514379599,2.8690928840446586
21650,0.0022876231887625294,0.002586104057910371,0.8692786749278557,0.015709714840365034,0.012204348477137946,0.8204604018243996,0.03017285464433226,0.012720614710463514,0.712639479577788,0.00024398559056669055,0.00024398559056669055,2.8704187125493004
21660,0.0022850535155200307,0.0025865409023615956,0.8694255133988555,0.015695238375644266,0.012206809476140477,0.8206258471354941,0.030153207579665324,0.012723954711456894,0.7128265944793778,0.0002440982859895851,0.0002440982859895851,2.871744541053942
21670,0.0022824861541776856,0.0025869773537897946,0.8695722197612754,0.01568077322218875,0.012209268552227915,0.8207911631749858,0.03013357170886495,0.012727292809492958,0.7130136027727147,0.0002442109814124796,0.0002442109814124796,2.8730703695585835
21680,0.0022799211048058696,0.0025874134121830032,0.8697187940110934,0.015666319378213337,0.012211725705703735,0.8209563499632762,0.03011394702852077,0.012730629005151468,0.7132005044902784,0.00024432367683537416,0.00024432367683537416,2.8743961980632253
21690,0.002277358367474964,0.002587849077529257,0.869865236144288,0.01565187684193289,0.01221418093687141,0.821121407520767,0.030094333535222423,0.012733963299012187,0.7133872996645483,0.0002444363722582687,0.0002444363722582687,2.8757220265678667
21700,0.0022747979422553448,0.0025882843498165925,0.8700115461568377,0.015637445611562273,0.012216634246034416,0.8212863358678598,0.030074731225559537,0.012737295691654878,0.7135739883280044,0.00024454906768116324,0.00024454906768116324,2.8770478550725085
21710,0.0022722398292173915,0.0025887192290330444,0.8701577240447208,0.015623025685316334,0.012219085633496225,0.8214511350249563,0.030055140096121744,0.012740626183659303,0.7137605705131262,0.0002446617631040578,0.0002446617631040578,2.8783736835771503
21720,0.002269684028431483,0.002589153715166649,0.8703037698039154,0.01560861706140994,0.012221535099560312,0.8216158050124579,0.030035560143498674,0.012743954775605224,0.7139470462523936,0.00024477445852695237,0.00024477445852695237,2.8796995120817925
21730,0.0022671305399679974,0.0025895878082054413,0.8704496834304004,0.015594219738057944,0.012223982644530151,0.8217803458507663,0.030015991364279966,0.012747281468072405,0.7141334155782859,0.0002448871539498469,0.0002448871539498469,2.881025340586434
21740,0.0022645793638973125,0.002590021508137458,0.8705954649201538,0.015579833713475207,0.012226428268709216,0.8219447575602833,0.029996433755055254,0.012750606261640606,0.7143196785232833,0.00024499984937274144,0.00024499984937274144,2.8823511690910757
21750,0.002262030500289808,0.002590454814950734,0.8707411142691542,0.015565458985876588,0.012228871972400981,0.8221090401614104,0.029976887312414158,0.012753929156889592,0.7145058351198652,0.000245112544795636,0.000245112544795636,2.883676997595717
21760,0.00225948394921586,0.002590887728633305,0.8708866314733797,0.015551095553476944,0.012231313755908921,0.8222731936745492,0.02995735203294632,0.012757250154399125,0.7146918854005112,0.0002452252402185305,0.0002452252402185305,2.885002826100359
21770,0.00225693971074585,0.0025913202491732066,0.8710320165288088,0.015536743414491136,0.012233753619536509,0.8224372181201013,0.02993782791324137,0.012760569254748966,0.7148778293977012,0.0002453379356414251,0.0002453379356414251,2.886328654605001
21780,0.002254397784950154,0.0025917523765584746,0.8711772694314199,0.01552240256713402,0.012236191563587219,0.8226011135184683,0.02991831494988894,0.01276388645851888,0.7150636671439149,0.00024545063106431965,0.00024545063106431965,2.887654483109643
21790,0.002251858171899152,0.0025921841107771453,0.8713223901771916,0.015508073009620454,0.012238627588364524,0.8227648798900519,0.029898813139478665,0.012767201766288627,0.7152493986716317,0.0002455633264872142,0.0002455633264872142,2.8889803116142843
21800,0.0022493208716632207,0.0025926154518172533,0.8714673787621018,0.015493754740165297,0.012241061694171902,0.8229285172552537,0.02987932247860017,0.01277051517863797,0.7154350240133317,0.0002456760219101087,0.0002456760219101087,2.890306140118926
21810,0.00224678588431274,0.002593046399666835,0.8716122351821293,0.01547944775698341,0.012243493881312822,0.8230920256344754,0.029859842963843093,0.012773826696146674,0.7156205432014944,0.00024578871733300326,0.00024578871733300326,2.8916319686235674
21820,0.002244253209918088,0.002593476954313926,0.8717569594332524,0.015465152058289654,0.012245924150090761,0.8232554050481183,0.02984037459179707,0.012777136319394498,0.7158059562685993,0.0002459014127558978,0.0002459014127558978,2.892957797128209
21830,0.0022417228485496436,0.0025939071157465615,0.8719015515114492,0.015450867642298877,0.012248352500809193,0.8234186555165843,0.029820917359051728,0.012780444048961205,0.7159912632471264,0.00024601410817879233,0.00024601410817879233,2.8942836256328506
21840,0.002239194800277784,0.0025943368839527778,0.8720460114126983,0.015436594507225943,0.012250778933771592,0.823581777060275,0.0298014712621967,0.01278374988542656,0.7161764641695552,0.00024612680360168687,0.00024612680360168687,2.8956094541374924
21850,0.002236669065172888,0.00259476625892061,0.872190339132978,0.015422332651285715,0.01225320344928143,0.8237447696995918,0.02978203629782162,0.012787053829370324,0.7163615590683655,0.00024623949902458146,0.00024623949902458146,2.8969352826421346
21860,0.0022341456433053342,0.0025951952406380943,0.8723345346682669,0.015408082072693046,0.012255626047642184,0.8239076334549366,0.029762612462516116,0.01279035588137226,0.716546547976037,0.000246352194447476,0.000246352194447476,2.8982611111467764
21870,0.002231624534745502,0.002595623829093266,0.8724785980145431,0.0153938427696628,0.012258046729157326,0.8240703683467109,0.029743199752869827,0.012793656042012129,0.7167314309250492,0.00024646488987037054,0.00024646488987037054,2.899586939651418
21880,0.002229105739563768,0.0025960520242741605,0.8726225291677849,0.015379614740409827,0.01226046549413033,0.8242329743953162,0.02972379816547238,0.012796954311869694,0.716916207947882,0.0002465775852932651,0.0002465775852932651,2.9009127681560596
21890,0.0022265892578305123,0.002596479826168814,0.872766328123971,0.015365397983148992,0.012262882342864673,0.8243954516211544,0.029704407696913418,0.012800250691524719,0.717100879077015,0.0002466902807161596,0.0002466902807161596,2.902238596660701
21900,0.002224075089616112,0.0025969072347652618,0.8729099948790795,0.01535119249609515,0.012265297275663826,0.8245578000446269,0.029685028343782553,0.012803545181556965,0.717285444344928,0.00024680297613905415,0.00024680297613905415,2.9035644251653427
21910,0.002221563234990946,0.00259733425005154,0.873053529429089,0.015336998277463165,0.012267710292831264,0.8247200196861353,0.029665660102669432,0.012806837782546196,0.7174699037841006,0.00024691567156194874,0.00024691567156194874,2.904890253669985
21920,0.002219053694025394,0.0025977608720156842,0.8731969317699778,0.015322815325467892,0.01227012139467046,0.8248821105660812,0.02964630297016369,0.012810128495072173,0.7176542574270125,0.0002470283669848433,0.0002470283669848433,2.906216082174627
21930,0.0022165464667898323,0.0025981871006457297,0.8733402018977242,0.015308643638324187,0.01227253058148489,0.8250440727048663,0.02962695694285495,0.012813417319714658,0.7178385053061432,0.0002471410624077378,0.0002471410624077378,2.907541910679268
21940,0.0022140415533546402,0.0025986129359297123,0.8734833398083065,0.01529448321424691,0.012274937853578027,0.8252059061228925,0.029607622017332847,0.012816704257053415,0.7180226474539728,0.00024725375783063235,0.00024725375783063235,2.90886773918391
21950,0.0022115389537901964,0.0025990383778556675,0.8736263454977032,0.015280334051450923,0.012277343211253344,0.8253676108405609,0.029588298190187018,0.012819989307668207,0.7182066839029808,0.0002473664532535269,0.0002473664532535269,2.9101935676885513
21960,0.002209038668166879,0.0025994634264116315,0.873769218961893,0.015266196148151081,0.012279746654814318,0.8255291868782734,0.02956898545800709,0.012823272472138795,0.7183906146856468,0.00024747914867642143,0.00024747914867642143,2.911519396193193
21970,0.002206540696555067,0.0025998880815856396,0.8739119601968536,0.015252069502562244,0.01228214818456442,0.8256906342564315,0.029549683817382696,0.01282655375104494,0.7185744398344505,0.00024759184409931597,0.00024759184409931597,2.9128452246978345
21980,0.002204045039025138,0.0026003123433657274,0.8740545691985638,0.015237954112899268,0.012284547800807125,0.8258519529954369,0.029530393264903473,0.01282983314496641,0.7187581593818717,0.0002477045395222105,0.0002477045395222105,2.9141710532024763
21990,0.0022015516956474714,0.002600736211739931,0.8741970459630019,0.015223849977377015,0.012286945503845908,0.8260131431156912,0.02951111379715905,0.012833110654482961,0.71894177336039,0.0002478172349451051,0.0002478172349451051,2.9154968817071185
22000,0.0021990606664924446,0.0026011596866962854,0.8743393904861463,0.015209757094210342,0.012289341293984244,0.8261742046375962,0.029491845410739057,0.012836386280174361,0.7191252818024853,0.00024792993036799963,0.00024792993036799963,2.9168227102117603
22010,0.002196571951630436,0.002601582768222827,0.8744816027639754,0.015195675461614107,0.012291735171525604,0.8263351375815532,0.02947258810223313,0.012839660022620368,0.7193086847406368,0.00024804262579089417,0.00024804262579089417,2.9181485387164017
22020,0.002194085551131825,0.002602005456307591,0.8746236827924674,0.01518160507780317,0.012294127136773463,0.8264959419679637,0.029453341868230898,0.012842931882400746,0.7194919822073248,0.0002481553212137887,0.0002481553212137887,2.9194743672210435
22030,0.0021916014650669897,0.002602427750938613,0.874765630567601,0.015167545940992386,0.012296517190031296,0.8266566178172299,0.029434106705321997,0.01284620186009526,0.7196751742350286,0.00024826801663668324,0.00024826801663668324,2.920800195725685
22040,0.0021891196935063077,0.0026028496521039285,0.874907446085354,0.015153498049396617,0.012298905331602578,0.826817165149753,0.02941488261009606,0.012849469956283669,0.719858260856228,0.0002483807120595778,0.0002483807120595778,2.9221260242303266
22050,0.0021866402365201586,0.002603271159791574,0.8750491293417055,0.015139461401230722,0.01230129156179078,0.8269775839859346,0.029395669579142716,0.012852736171545738,0.7200412421034026,0.0002484934074824724,0.0002484934074824724,2.923451852734969
22060,0.00218416309417892,0.002603692273989585,0.8751906803326335,0.015125435994709556,0.012303675880899378,0.8271378743461766,0.0293764676090516,0.012856000506461228,0.7202241180090324,0.0002486061029053669,0.0002486061029053669,2.9247776812396107
22070,0.002181688266552971,0.002604112994685996,0.8753320990541162,0.015111421828047979,0.012306058289231845,0.8272980362508802,0.029357276696412346,0.0128592629616099,0.7204068886055968,0.00024871879832826145,0.00024871879832826145,2.926103509744252
22080,0.002179215753712689,0.0026045333218688437,0.8754733855021323,0.015097418899460851,0.012308438787091657,0.8274580697204474,0.029338096837814576,0.012862523537571521,0.7205895539255753,0.000248831493751156,0.000248831493751156,2.927429338248894
22090,0.0021767455557284536,0.0026049532555261637,0.87561453967266,0.01508342720716303,0.012310817374782287,0.8276179747752797,0.02931892802984793,0.01286578223492585,0.7207721140014482,0.0002489441891740505,0.0002489441891740505,2.928755166753535
22100,0.0021742776726706428,0.0026053727956459917,0.8757555615616778,0.015069446749369374,0.012313194052607208,0.8277777514357786,0.029299770269102045,0.012869039054252652,0.7209545688656948,0.00024905688459694506,0.00024905688459694506,2.930080995258177
22110,0.0021718121046096347,0.002605791942216363,0.8758964511651641,0.015055477524294744,0.012315568820869895,0.8279373997223458,0.02928062355216655,0.012872293996131686,0.7211369185507948,0.0002491695800198396,0.0002491695800198396,2.931406823762819
22120,0.002169348851615808,0.002606210695225314,0.8760372084790969,0.01504151953015399,0.012317941679873823,0.8280969196553829,0.029261487875631074,0.012875547061142717,0.7213191630892278,0.00024928227544273414,0.00024928227544273414,2.93273265226746
22130,0.0021668879137595404,0.002606629054660879,0.8761778334994551,0.01502757276516198,0.012320312629922465,0.8282563112552916,0.02924236323608525,0.012878798249865507,0.7215013025134738,0.0002493949708656287,0.0002493949708656287,2.9340584807721024
22140,0.002164429291111212,0.002607047020511095,0.8763183262222167,0.01501363722753357,0.012322681671319294,0.8284155745424734,0.02922324963011871,0.01288204756287982,0.7216833368560124,0.00024950766628852326,0.00024950766628852326,2.935384309276744
22150,0.0021619729837411995,0.002607464592763997,0.8764586866433602,0.014999712915483616,0.012325048804367788,0.8285747095373301,0.02920414705432109,0.012885295000765414,0.7218652661493229,0.0002496203617114178,0.0002496203617114178,2.9367101377813856
22160,0.0021595189917198825,0.002607881771407621,0.8765989147588642,0.014985799827226977,0.012327414029371415,0.8287337162602632,0.029185055505282022,0.012888540564102055,0.7220470904258854,0.00024973305713431234,0.00024973305713431234,2.9380359662860274
22170,0.002157067315117639,0.0026082985564300025,0.8767390105647066,0.014971897960978515,0.012329777346633654,0.8288925947316742,0.029165974979591135,0.012891784253469507,0.7222288097181797,0.0002498457525572069,0.0002498457525572069,2.9393617947906687
22180,0.002154617954004847,0.002608714947819177,0.8768789740568662,0.014958007314953087,0.012332138756457977,0.8290513449719646,0.02914690547383806,0.01289502606944753,0.7224104240586852,0.0002499584479801014,0.0002499584479801014,2.9406876232953105
22190,0.0021521709084518855,0.0026091309455631806,0.8770188052313211,0.014944127887365547,0.012334498259147859,0.8292099670015367,0.02912784698461244,0.012898266012615886,0.7225919334798816,0.000250071143402996,0.000250071143402996,2.9420134517999528
22200,0.0021497261785291327,0.0026095465496500485,0.8771585040840498,0.01493025967643076,0.012336855855006773,0.8293684608407914,0.02910879950850389,0.012901504083554338,0.7227733380142486,0.00025018383882589054,0.00025018383882589054,2.9433392803045946
22210,0.002147283764306967,0.0026099617600678165,0.8772980706110307,0.01491640268036358,0.012339211544338194,0.8295268265101305,0.029089763042102063,0.01290474028284265,0.7229546376942662,0.0002502965342487851,0.0002502965342487851,2.944665108809236
22220,0.0021448436658557672,0.0026103765768045206,0.8774375048082421,0.014902556897378868,0.012341565327445594,0.8296850640299557,0.029070737581996572,0.012907974611060581,0.7231358325524135,0.0002504092296716796,0.0002504092296716796,2.9459909373138777
22230,0.0021424058832459113,0.002610790999848196,0.8775768066716625,0.01488872232569148,0.01234391720463245,0.8298431734206687,0.029051723124777065,0.0129112070687879,0.7233169226211709,0.00025052192509457416,0.00025052192509457416,2.947316765818519
22240,0.0021399704165477778,0.0026112050291868787,0.87771597619727,0.014874898963516278,0.012346267176202234,0.8300011547026711,0.029032719667033163,0.012914437656604362,0.7234979079330175,0.0002506346205174687,0.0002506346205174687,2.948642594323161
22250,0.002137537265831745,0.0026116186648086044,0.8778550133810434,0.014861086809068119,0.012348615242458422,0.8301590078963644,0.029013727205354504,0.012917666375089735,0.7236787885204333,0.00025074731594036323,0.00025074731594036323,2.9499684228278027
22260,0.0021351064311681918,0.0026120319067014083,0.8779939182189608,0.014847285860561861,0.012350961403704485,0.8303167330221501,0.028994745736330717,0.012920893224823777,0.7238595644158978,0.0002508600113632578,0.0002508600113632578,2.951294251332445
22270,0.0021326779126274965,0.0026124447548533268,0.8781326907070005,0.014833496116212362,0.0123533056602439,0.83047433010043,0.028975775256551442,0.012924118206386255,0.724040235651891,0.00025097270678615236,0.00025097270678615236,2.9526200798370863
22280,0.0021302517102800367,0.0026128572092523946,0.878271330841141,0.01481971757423448,0.01235564801238014,0.830631799151606,0.0289568157626063,0.012927341320356929,0.7242208022608924,0.0002510854022090469,0.0002510854022090469,2.953945908341728
22290,0.002127827824196192,0.0026132692698866483,0.8784098386173608,0.014805950232843076,0.012357988460416679,0.8307891401960792,0.02893786725108493,0.012930562567315562,0.7244012642753817,0.00025119809763194143,0.00025119809763194143,2.9552717368463695
22300,0.0021254062544463406,0.002613680936744123,0.8785482140316379,0.014792194090253008,0.012360327004656991,0.8309463532542515,0.028918929718576965,0.012933781947841916,0.7245816217278384,0.00025131079305483597,0.00025131079305483597,2.9565975653510113
22310,0.0021229870011008596,0.0026140922098128547,0.8786864570799511,0.01477844914467913,0.012362663645404549,0.8311034383465241,0.028900003161672037,0.012936999462515754,0.7247618746507426,0.0002514234884777305,0.0002514234884777305,2.9579233938556526
22320,0.0021205700642301295,0.002614503089080879,0.8788245677582787,0.014764715394336308,0.01236499838296283,0.8312603954932994,0.028881087576959775,0.012940215111916838,0.7249420230765735,0.0002515361839006251,0.0002515361839006251,2.9592492223602953
22330,0.002118155443904527,0.0026149135745362315,0.8789625460625988,0.014750992837439395,0.012367331217635304,0.8314172247149784,0.02886218296102981,0.01294342889662493,0.7251220670378112,0.00025164887932351964,0.00025164887932351964,2.9605750508649367
22340,0.002115743140194432,0.0026153236661669477,0.87910039198889,0.014737281472203255,0.012369662149725449,0.8315739260319628,0.02884328931047179,0.012946640817219796,0.7253020065669353,0.0002517615747464142,0.0002517615747464142,2.9619008793695785
22350,0.0021133331531702207,0.0026157333639610634,0.8792381055331304,0.014723581296842739,0.012371991179536737,0.8317304994646545,0.028824406621875326,0.012949850874281195,0.7254818416964255,0.0002518742701693087,0.0002518742701693087,2.96322670787422
22360,0.002110925482902274,0.0026161426679066147,0.879375686691299,0.014709892309572708,0.012374318307372642,0.8318869450334548,0.028805534891830062,0.01295305906838889,0.7256615724587614,0.00025198696559220325,0.00025198696559220325,2.9645525363788616
22370,0.0021085201294609693,0.0026165515779916363,0.8795131354593735,0.014696214508608025,0.012376643533536638,0.8320432627587655,0.028786674116925627,0.012956265400122643,0.7258411988864226,0.0002520996610150978,0.0002520996610150978,2.965878364883503
22380,0.002106117092916684,0.0026169600942041646,0.8796504518333326,0.014682547892163543,0.012378966858332199,0.832199452660988,0.028767824293751656,0.012959469870062218,0.726020721011889,0.0002522123564379923,0.0002522123564379923,2.967204193388145
22390,0.0021037163733397986,0.002617368216532235,0.8797876358091545,0.014668892458454123,0.012381288282062801,0.8323555147605244,0.028748985418897782,0.012962672478787378,0.7262001388676402,0.00025232505186088686,0.00025232505186088686,2.9685300218927866
22400,0.0021013179708006904,0.0026177759449638838,0.879924687382818,0.014655248205694624,0.012383607805031916,0.8325114490777757,0.028730157488953634,0.012965873226877882,0.7263794524861559,0.00025243774728378145,0.00025243774728378145,2.969855850397429
22410,0.0020989218853697377,0.0026181832794871457,0.880061606550301,0.014641615132099904,0.012385925427543017,0.8326672556331439,0.02871134050050884,0.012969072114913497,0.7265586618999158,0.000252550442706676,0.000252550442706676,2.97118167890207
22420,0.002096528117117319,0.002618590220090057,0.8801983933075821,0.014627993235884821,0.012388241149899582,0.8328229344470306,0.028692534450153045,0.012972269143473983,0.7267377671413996,0.00025266313812957053,0.00025266313812957053,2.972507507406712
22430,0.002094136666113813,0.002618996766760653,0.8803350476506396,0.014614382515264234,0.012390554972405082,0.8329784855398373,0.02867373933447587,0.012975464313139102,0.726916768243087,0.00025277583355246507,0.00025277583355246507,2.9738333359113533
22440,0.002091747532429598,0.0026194029194869695,0.8804715695754518,0.014600782968453003,0.012392866895362991,0.8331339089319657,0.028654955150066955,0.012978657624488618,0.7270956652374576,0.0002528885289753596,0.0002528885289753596,2.975159164415995
22450,0.002089360716135052,0.002619808678257042,0.8806079590779973,0.014587194593665982,0.012395176919076784,0.8332892046438173,0.028636181893515925,0.012981849078102292,0.7272744581569912,0.00025300122439825414,0.00025300122439825414,2.976484992920637
22460,0.0020869762173005542,0.0026202140430589068,0.8807442161542542,0.014573617389118033,0.012397485043849936,0.8334443726957939,0.02861741956141242,0.012985038674559888,0.7274531470341674,0.00025311391982114873,0.00025311391982114873,2.977810821425279
22470,0.002084594035996482,0.002620619013880599,0.8808803408002014,0.014560051353024012,0.01239979126998592,0.833599413108297,0.028598668150346066,0.012988226414441167,0.727631731901466,0.00025322661524404327,0.00025322661524404327,2.9791366499299206
22480,0.002082214172293215,0.0026210235907101545,0.8810163330118166,0.014546496483598783,0.012402095597788208,0.8337543259017282,0.0285799276569065,0.012991412298325894,0.7278102127913667,0.0002533393106669378,0.0002533393106669378,2.9804624784345624
22490,0.0020798366262611313,0.002621427773535609,0.8811521927850785,0.014532952779057199,0.012404398027560277,0.8339091110964891,0.028561198077683356,0.012994596326793829,0.727988589736349,0.00025345200608983235,0.00025345200608983235,2.9817883069392037
22500,0.002077461397970609,0.0026218315623449976,0.8812879201159656,0.014519420237614121,0.0124066985596056,0.8340637687129814,0.02854247940926626,0.012997778500424736,0.7281668627688929,0.0002535647015127269,0.0002535647015127269,2.9831141354438455
22510,0.002075088487492026,0.0026222349571263567,0.8814235150004559,0.014505898857484408,0.012408997194227653,0.8342182987716068,0.028523771648244843,0.013000958819798377,0.7283450319214777,0.0002536773969356214,0.0002536773969356214,2.984439963948487
22520,0.002072717894895762,0.0026226379578677215,0.881558977434528,0.014492388636882916,0.012411293931729905,0.8343727012927666,0.028505074791208746,0.013004137285494512,0.7285230972265834,0.00025379009235851596,0.00025379009235851596,2.9857657924531287
22530,0.002070349620252195,0.0026230405645571277,0.8816943074141605,0.014478889574024507,0.012413588772415836,0.8345269762968628,0.0284863888347476,0.013007313898092909,0.7287010587166896,0.0002539027877814105,0.0002539027877814105,2.9870916209577705
22540,0.0020679836636317028,0.0026234427771826114,0.8818295049353315,0.014465401667124034,0.012415881716588915,0.8346811238042967,0.02846771377545103,0.013010488658173325,0.7288789164242759,0.00025401548320430503,0.00025401548320430503,2.988417449462412
22550,0.0020656200251046642,0.002623844595732208,0.8819645699940195,0.014451924914396359,0.01241817276455262,0.8348351438354701,0.028449049609908673,0.013013661566315525,0.7290566703818222,0.0002541281786271996,0.0002541281786271996,2.989743277967054
22560,0.002063258704741458,0.002624246020193953,0.8820995025862026,0.014438459314056342,0.012420461916610424,0.8349890364107847,0.02843039633471016,0.013016832623099273,0.7292343206218079,0.00025424087405009416,0.00025424087405009416,2.991069106471696
22570,0.002060899702612462,0.0026246470505558823,0.8822343027078595,0.01442500486431884,0.012422749173065798,0.8351428015506418,0.02841175394644513,0.013020001829104328,0.7294118671767131,0.0002543535694729887,0.0002543535694729887,2.9923949349763372
22580,0.002058543018788055,0.0026250476868060315,0.8823689703549685,0.014411561563398711,0.01242503453422222,0.8352964392754432,0.028393122441703205,0.013023169184910456,0.7295893100790172,0.00025446626489588324,0.00025446626489588324,2.993720763480979
22590,0.0020561886533386154,0.0026254479289324366,0.882503505523508,0.014398129409510815,0.012427318000383164,0.8354499496055907,0.028374501817074023,0.013026334691097416,0.7297666493611998,0.0002545789603187778,0.0002545789603187778,2.995046591985621
22600,0.0020538366063345215,0.0026258477769231323,0.8826379082094562,0.014384708400870007,0.0124295995718521,0.8356033325614856,0.028355892069147216,0.013029498348244973,0.7299438850557408,0.00025469165574167237,0.00025469165574167237,2.996372420490263
22610,0.0020514868778461516,0.0026262472307661553,0.8827721784087916,0.01437129853569115,0.012431879248932506,0.8357565881635297,0.028337293194512416,0.013032660156932888,0.7301210171951198,0.0002548043511645669,0.0002548043511645669,2.9976982489949044
22620,0.0020491394679438843,0.0026266462904495406,0.8829063161174926,0.014357899812189098,0.012434157031927854,0.8359097164321245,0.028318705189759253,0.013035820117740926,0.7302980458118166,0.00025491704658746144,0.00025491704658746144,2.9990240774995462
22630,0.0020467943766980983,0.0026270449559613242,0.8830403213315375,0.014344512228578717,0.01243643292114162,0.8360627173876719,0.028300128051477365,0.013038978231248848,0.7304749709383108,0.000255029742010356,0.000255029742010356,3.0003499060041876
22640,0.002044451604179172,0.002627443227289542,0.8831741940469048,0.014331135783074857,0.012438706916877276,0.8362155910505731,0.028281561776256382,0.013042134498036415,0.730651792607082,0.0002551424374332505,0.0002551424374332505,3.0016757345088294
22650,0.0020421111504574834,0.002627841104422229,0.8833079342595725,0.01431777047389238,0.012440979019438296,0.8363683374412298,0.028263006360685933,0.013045288918683392,0.7308285108506102,0.00025525513285614505,0.00025525513285614505,3.003001563013471
22660,0.002039773015603411,0.0026282385873474213,0.8834415419655197,0.014304416299246146,0.012443249229128157,0.836520956580044,0.028244461801355654,0.013048441493769538,0.7310051257013747,0.0002553678282790396,0.0002553678282790396,3.0043273915181126
22670,0.002037437199687333,0.0026286356760531543,0.8835750171607241,0.014291073257351012,0.01244551754625033,0.836673448487417,0.028225928094855177,0.013051592223874621,0.7311816371918556,0.00025548052370193413,0.00025548052370193413,3.0056532200227544
22680,0.0020351037027796287,0.002629032370527464,0.8837083598411642,0.014277741346421834,0.01244778397110829,0.8368258131837505,0.02820740523777413,0.013054741109578398,0.7313580453545321,0.0002555932191248287,0.0002555932191248287,3.0069790485273966
22690,0.002032772524950676,0.002629428670758386,0.8838415700028187,0.014264420564673473,0.012450048504005511,0.836978050689446,0.02818889322670215,0.013057888151460634,0.7315343502218843,0.00025570591454772326,0.00025570591454772326,3.008304877032038
22700,0.0020304436662708534,0.002629824576733956,0.8839746476416659,0.014251110910320788,0.012452311145245467,0.8371301610249052,0.02817039205822887,0.013061033350101092,0.7317105518263917,0.0002558186099706178,0.0002558186099706178,3.0096307055366798
22710,0.002028117126810539,0.0026302200884422092,0.8841075927536838,0.01423781238157864,0.012454571895131633,0.8372821442105298,0.02815190172894392,0.013064176706079534,0.7318866502005341,0.00025593130539351233,0.00025593130539351233,3.010956534041321
22720,0.0020257929066401113,0.0026306152058711823,0.8842404053348512,0.014224524976661882,0.01245683075396748,0.8374340002667213,0.028133422235436932,0.013067318219975721,0.7320626453767911,0.0002560440008164069,0.0002560440008164069,3.0122823625459634
22730,0.002023471005829949,0.00263100992900891,0.884373085381146,0.014211248693785379,0.012459087722056488,0.8375857292138814,0.028114953574297545,0.013070457892369417,0.7322385373876424,0.0002561566962393014,0.0002561566962393014,3.0136081910506047
22740,0.0020211514244504306,0.002631404257843428,0.8845056328885471,0.014197983531163982,0.012461342799702124,0.8377373310724116,0.028096495742115382,0.013073595723840384,0.7324143262655678,0.000256269391662196,0.000256269391662196,3.014934019555247
22750,0.0020188341625719344,0.0026317981923627723,0.8846380478530327,0.014184729487012554,0.012463595987207868,0.8378888058627137,0.028078048735480077,0.013076731714968388,0.7325900120430469,0.00025638208708509054,0.00025638208708509054,3.0162598480598883
22760,0.0020165192202648385,0.0026321917325549784,0.8847703302705809,0.014171486559545952,0.01246584728487719,0.8380401536051891,0.028059612550981265,0.013079865866333185,0.7327655947525594,0.00025649478250798507,0.00025649478250798507,3.01758567656453
22770,0.002014206597599522,0.0026325848784080823,0.8849024801371704,0.014158254746979033,0.012468096693013566,0.8381913743202396,0.02804118718520858,0.013082998178514542,0.7329410744265851,0.0002566074779308796,0.0002566074779308796,3.0189115050691715
22780,0.002011896294646362,0.0026329776299101196,0.8850344974487796,0.014145034047526659,0.012470344211920469,0.8383424680282667,0.02802277263475165,0.01308612865209222,0.7331164510976033,0.00025672017335377415,0.00025672017335377415,3.0202373335738133
22790,0.002009588311475739,0.0026333699870491256,0.8851663822013867,0.01413182445940369,0.012472589841901374,0.8384934347496721,0.02800436889620011,0.01308925728764598,0.7332917247980941,0.0002568328687766687,0.0002568328687766687,3.021563162078455
22800,0.00200728264815803,0.0026337619498131358,0.8852981343909699,0.01411862598082498,0.012474833583259754,0.8386442745048572,0.027985975966143592,0.013092384085755589,0.7334668955605372,0.0002569455641995632,0.0002569455641995632,3.0228889905830965
22810,0.0020049793047636133,0.0026341535181901867,0.8854297540135081,0.014105438610005388,0.012477075436299086,0.8387949873142242,0.02796759384117173,0.013095509047000804,0.7336419634174121,0.00025705825962245776,0.00025705825962245776,3.0242148190877383
22820,0.002002678281362868,0.0026345446921683135,0.8855612410649794,0.014092262345159775,0.01247931540132284,0.838945573198174,0.027949222517874156,0.013098632171961394,0.7338169284011986,0.00025717095504535235,0.00025717095504535235,3.0255406475923805
22830,0.002000379578026172,0.002634935471735552,0.8856925955413619,0.014079097184502998,0.012481553478634493,0.8390960321771086,0.0279308619928405,0.013101753461217114,0.7339917905443761,0.0002572836504682469,0.0002572836504682469,3.026866476097022
22840,0.0019980831948239047,0.0026353258568799372,0.8858238174386344,0.014065943126249918,0.012483789668537516,0.8392463642714295,0.027912512262660394,0.013104872915347732,0.7341665498794248,0.0002573963458911414,0.0002573963458911414,3.0281923046016637
22850,0.001995789131826443,0.002635715847589506,0.8859549067527749,0.014052800168615385,0.012486023971335386,0.8393965695015384,0.027894173323923473,0.01310799053493301,0.7343412064388241,0.00025750904131403596,0.00025750904131403596,3.029518133106305
22860,0.0019934973891041663,0.0026361054438522927,0.8860858634797621,0.014039668309814268,0.012488256387331576,0.839546647887837,0.027875845173219366,0.013111106320552707,0.7345157602550536,0.0002576217367369305,0.0002576217367369305,3.030843961610947
22870,0.0019912079667274533,0.002636494645656334,0.8862166876155744,0.01402654754806142,0.01249048691682956,0.8396965994507266,0.02785752780713771,0.013114220272786588,0.7346902113605932,0.00025773443215982504,0.00025773443215982504,3.0321697901155886
22880,0.001988920864766681,0.0026368834529896653,0.88634737915619,0.014013437881571701,0.012492715560132813,0.8398464242106091,0.027839221222268132,0.013117332392214418,0.7348645597879225,0.00025784712758271963,0.00025784712758271963,3.033495618620231
22890,0.00198663608329223,0.002637271865840322,0.8864779380975871,0.01400033930855997,0.012494942317544807,0.839996122187886,0.02782092541520027,0.013120442679415954,0.7350388055695213,0.00025795982300561417,0.00025795982300561417,3.0348214471248722
22900,0.001984353622374477,0.00263765988419634,0.8866083644357444,0.013987251827241084,0.012497167189369017,0.840145693402959,0.027802640382523752,0.013123551134970962,0.7352129487378691,0.0002580725184285087,0.0002580725184285087,3.036147275629514
22910,0.001982073482083801,0.002638047508045755,0.8867386581666402,0.013974175435829902,0.012499390175908918,0.8402951378762298,0.027784366120828213,0.013126657759459204,0.7353869893254456,0.00025818521385140324,0.00025818521385140324,3.0374731041341554
22920,0.00197979566249058,0.0026384347373766023,0.8868688192862528,0.013961110132541282,0.012501611277467984,0.8404444556280997,0.027766102626703287,0.01312976255346044,0.7355609273647306,0.0002582979092742978,0.0002582979092742978,3.038798932638797
22930,0.0019775201636651933,0.0026388215721769182,0.8869988477905607,0.013948055915590086,0.012503830494349687,0.8405936466789705,0.027747849896738598,0.013132865517554437,0.7357347628882037,0.0002584106046971923,0.0002584106046971923,3.040124761143439
22940,0.0019752469856780188,0.002639208012434738,0.8871287436755421,0.013935012783191168,0.012506047826857504,0.8407427110492438,0.02772960792752379,0.013135966652320955,0.7359084959283448,0.00025852330012008685,0.00025852330012008685,3.0414505896480803
22950,0.0019729761285994345,0.002639594058138097,0.8872585069371755,0.013921980733559387,0.012508263275294905,0.8408916487593212,0.027711376715648488,0.013139065958339757,0.7360821265176334,0.0002586359955429814,0.0002586359955429814,3.042776418152722
22960,0.0019707075924998195,0.0026399797092750317,0.8873881375714391,0.013908959764909605,0.012510476839965368,0.8410404598296044,0.02769315625770232,0.013142163436190605,0.7362556546885494,0.000258748690965876,0.000258748690965876,3.0441022466573644
22970,0.0019684413774495525,0.0026403649658335773,0.8875176355743116,0.013895949875456679,0.012512688521172367,0.8411891442804952,0.027674946550274932,0.01314525908645326,0.736429080473572,0.0002588613863887705,0.0002588613863887705,3.0454280751620058
22980,0.001966177483519011,0.0026407498278017694,0.8876470009417712,0.013882951063415465,0.012514898319219373,0.8413377021323947,0.027656747589955948,0.013148352909707488,0.7366024039051814,0.00025897408181166506,0.00025897408181166506,3.0467539036666476
22990,0.001963915910778574,0.0026411342951676436,0.8877762336697961,0.013869963327000823,0.012517106234409861,0.8414861334057049,0.027638559373334995,0.01315144490653305,0.7367756250158571,0.0002590867772345596,0.0002590867772345596,3.0480797321712894
23000,0.0019616566592986196,0.0026415183679192357,0.8879053337543648,0.01385698666442761,0.012519312267047307,0.8416344381208273,0.027620381897001715,0.013154535077509709,0.736948743838079,0.00025919947265745413,0.00025919947265745413,3.0494055606759307
23010,0.0019593997291495265,0.0026419020460445816,0.8880343011914559,0.013844021073910688,0.012521516417435184,0.8417826162981635,0.02760221515754574,0.013157623423217224,0.7371217604043263,0.0002593121680803487,0.0002593121680803487,3.050731389180573
23020,0.0019571451204016734,0.0026422853295317164,0.8881631359770475,0.013831066553664915,0.012523718685876966,0.8419306679581152,0.027584059151556695,0.013160709944235361,0.7372946747470791,0.00025942486350324326,0.00025942486350324326,3.0520572176852148
23030,0.001954892833125438,0.0026426682183686764,0.888291838107118,0.01381812310190515,0.012525919072676125,0.8420785931210839,0.027565913875624216,0.013163794641143882,0.7374674868988169,0.0002595375589261378,0.0002595375589261378,3.053383046189856
23040,0.0019526428673911993,0.0026430507125434974,0.8884204075776462,0.013805190716846247,0.01252811757813614,0.8422263918074715,0.027547779326337937,0.01316687751452255,0.7376401968920197,0.00025965025434903234,0.00025965025434903234,3.054708874694498
23050,0.0019503952232693353,0.0026434328120442142,0.8885488443846098,0.013792269396703069,0.01253031420256048,0.8423740640376792,0.027529655500287492,0.013169958564951127,0.7378128047591668,0.0002597629497719269,0.0002597629497719269,3.0560347031991393
23060,0.0019481499008302246,0.002643814516858863,0.8886771485239875,0.013779359139690472,0.012532508946252621,0.8425216098321088,0.027511542394062505,0.013173037793009374,0.7379853105327381,0.0002598756451948214,0.0002598756451948214,3.057360531703781
23070,0.0019459069001442457,0.002644195826975479,0.8888053199917576,0.013766459944023316,0.012534701809516038,0.8426690292111622,0.02749344000425262,0.013176115199277055,0.7381577142452131,0.00025998834061771595,0.00025998834061771595,3.058686360208423
23080,0.0019436662212817771,0.002644576742382099,0.8889333587838987,0.013753571807916455,0.012536892792654204,0.8428163221952405,0.027475348327447458,0.013179190784333931,0.7383300159290718,0.0002601010360406105,0.0002601010360406105,3.0600121887130642
23090,0.001941427864313197,0.0026449572630667575,0.8890612648963889,0.013740694729584755,0.012539081895970593,0.8429634888047457,0.02745726736023666,0.013182264548759768,0.7385022156167936,0.0002602137314635051,0.0002602137314635051,3.0613380172177065
23100,0.001939191829308884,0.0026453373890174907,0.8891890383252069,0.01372782870724307,0.01254126911976868,0.8431105290600792,0.027439197099209854,0.013185336493134324,0.7386743133408585,0.0002603264268863996,0.0002603264268863996,3.0626638457223483
23110,0.0019369581163392164,0.0026457171202223344,0.8893166790663308,0.013714973739106262,0.012543454464351938,0.8432574429816427,0.027421137540956673,0.013188406618037366,0.738846309133746,0.00026043912230929415,0.00026043912230929415,3.0639896742269896
23120,0.0019347267254745729,0.0026460964566693236,0.8894441871157389,0.013702129823389184,0.012545637930023841,0.8434042305898379,0.02740308868206675,0.013191474924048652,0.7390182030279356,0.0002605518177321887,0.0002605518177321887,3.0653155027316314
23130,0.0019324976567853317,0.002646475398346495,0.8895715624694099,0.0136892969583067,0.012547819517087862,0.8435508919050662,0.027385050519129716,0.013194541411747949,0.7391899950559075,0.00026066451315508323,0.00026066451315508323,3.0666413312362732
23140,0.001930270910341871,0.002646853945241883,0.8896988051233218,0.013676475142073666,0.012549999225847479,0.8436974269477295,0.027367023048735208,0.013197606081715014,0.7393616852501408,0.00026077720857797777,0.00026077720857797777,3.0679671597409146
23150,0.0019280464862145698,0.002647232097343524,0.8898259150734533,0.01366366437290494,0.012552177056606162,0.8438438357382292,0.02734900626747285,0.013200668934529616,0.7395332736431157,0.00026088990400087236,0.00026088990400087236,3.069292988245557
23160,0.0019258243844738061,0.002647609854639454,0.8899528923157827,0.013650864649015375,0.012554353009667387,0.8439901182969671,0.027331000171932282,0.013203729970771513,0.7397047602673116,0.0002610025994237669,0.0002610025994237669,3.0706188167501987
23170,0.0019236046051899585,0.002647987217117708,0.8900797368462883,0.013638075968619838,0.01255652708533463,0.8441362746443447,0.027313004758703137,0.013206789191020467,0.7398761451552082,0.00026111529484666143,0.00026111529484666143,3.07194464525484
23180,0.0019213871484334048,0.0026483641847663223,0.8902064486609486,0.01362529832993319,0.01255869928391136,0.8442823048007635,0.02729502002437504,0.013209846595856244,0.7400474283392854,0.00026122799026955597,0.00026122799026955597,3.073270473759482
23190,0.0019191720142745245,0.002648740757573332,0.8903330277557417,0.013612531731170283,0.012560869605701054,0.8444282087866253,0.02727704596553763,0.013212902185858603,0.7402186098520226,0.0002613406856924505,0.0002613406856924505,3.074596302264123
23200,0.0019169592027836954,0.0026491169355267728,0.8904594741266462,0.013599776170545974,0.012563038051007187,0.8445739866223317,0.027259082578780527,0.013215955961607309,0.7403896897258997,0.00026145338111534504,0.00026145338111534504,3.075922130768765
23210,0.0019147487140312959,0.0026494927186146806,0.8905857877696405,0.013587031646275128,0.01256520462013323,0.8447196383282842,0.027241129860693384,0.013219007923682125,0.7405606679933964,0.0002615660765382396,0.0002615660765382396,3.0772479592734068
23220,0.0019125405480877047,0.0026498681068250914,0.8907119686807029,0.013574298156572599,0.01256736931338266,0.8448651639248846,0.02722318780786582,0.013222058072662812,0.7407315446869922,0.0002616787719611342,0.0002616787719611342,3.078573787778049
23230,0.0019103347050233002,0.00265024310014604,0.8908380168558117,0.013561575699653244,0.01256953213105895,0.8450105634325343,0.027205256416887466,0.01322510640912913,0.740902319839167,0.00026179146738402866,0.00026179146738402866,3.07989961628269
23240,0.0019081311849084607,0.0026506176985655627,0.8909639322909454,0.013548864273731923,0.012571693073465574,0.8451558368716351,0.027187335684347964,0.013228152933660847,0.7410729934824004,0.00026190416280692325,0.00026190416280692325,3.081225444787332
23250,0.001905929987813564,0.0026509919020716952,0.8910897149820823,0.013536163877023501,0.012573852140906007,0.8453009842625886,0.02716942560683694,0.01323119764683772,0.741243565649172,0.0002620168582298178,0.0002620168582298178,3.0825512732919735
23260,0.0019037311138089899,0.0026513657106524728,0.8912153649252009,0.013523474507742828,0.01257600933368372,0.8454460056257962,0.027151526180944026,0.013234240549239516,0.7414140363719617,0.0002621295536527123,0.0002621295536527123,3.0838771017966153
23270,0.0019015345629651158,0.0026517391242959314,0.8913408821162794,0.013510796164104765,0.012578164652102191,0.8455909009816598,0.027133637403258852,0.013237281641445994,0.7415844056832489,0.00026224224907560686,0.00026224224907560686,3.085202930301257
23280,0.00189934033535232,0.0026521121429901066,0.8914662665512962,0.013498128844324173,0.012580318096464892,0.8457356703505808,0.027115759270371055,0.01324032092403692,0.7417546736155137,0.00026235494449850145,0.00026235494449850145,3.0865287588058994
23290,0.001897148431040982,0.002652484766723034,0.8915915182262298,0.013485472546615907,0.012582469667075297,0.845880313752961,0.027097891778870266,0.013243358397592053,0.7419248402012355,0.000262467639921396,0.000262467639921396,3.0878545873105407
23300,0.0018949588501014794,0.0026528569954827495,0.8917166371370585,0.013472827269194828,0.01258461936423688,0.846024831209202,0.02708003492534612,0.01324639406269116,0.742094905472894,0.00026258033534429053,0.00026258033534429053,3.0891804158151825
23310,0.0018927715926041905,0.002653228829257289,0.8918416232797609,0.013460193010275791,0.012586767188253117,0.8461692227397052,0.027062188706388244,0.013249427919913999,0.7422648694629691,0.00026269303076718506,0.00026269303076718506,3.090506244319824
23320,0.0018905866586194939,0.002653600268034687,0.8919664766503149,0.01344756976807366,0.01258891313942748,0.8463134883648725,0.027044353118586273,0.013252459969840332,0.7424347322039402,0.0002628057261900796,0.0002628057261900796,3.0918320728244657
23330,0.0018884040482177687,0.0026539713118029803,0.8920911972446993,0.013434957540803294,0.012591057218063442,0.8464576281051052,0.027026528158529843,0.013255490213049927,0.7426044937282872,0.00026291842161297414,0.00026291842161297414,3.0931579013291075
23340,0.0018862237614693923,0.002654341960550204,0.8922157850588921,0.013422356326679541,0.01259319942446448,0.8466016419808052,0.027008713822808582,0.013258518650122541,0.7427741540684897,0.0002630311170358687,0.0002630311170358687,3.094483729833749
23350,0.0018840457984447435,0.0026547122142643945,0.8923402400888719,0.013409766123917272,0.012595339758934065,0.8467455300123741,0.02699091010801212,0.013261545281637938,0.7429437132570273,0.0002631438124587632,0.0002631438124587632,3.0958095583383907
23360,0.0018818701592142014,0.0026550820729335867,0.8924645623306172,0.013397186930731336,0.012597478221775675,0.8468892922202133,0.026973117010730095,0.013264570108175885,0.7431131713263801,0.00026325650788165775,0.00026325650788165775,3.097135386843032
23370,0.0018796968438481434,0.0026554515365458165,0.8925887517801064,0.013384618745336597,0.01259961481329278,0.8470329286247247,0.026955334527552135,0.013267593130316137,0.7432825283090273,0.0002633692033045523,0.0002633692033045523,3.098461215347674
23380,0.0018775258524169483,0.00265582060508912,0.8927128084333175,0.013372061565947913,0.012601749533788856,0.8471764392463095,0.026937562655067873,0.01327061434863846,0.7434517842374487,0.0002634818987274469,0.0002634818987274469,3.099787043852316
23390,0.0018753571849909948,0.002656189278551532,0.8928367322862291,0.01335951539078014,0.012603882383567378,0.8473198241053698,0.026919801389866948,0.013273633763722618,0.7436209391441243,0.0002635945941503414,0.0002635945941503414,3.1011128723569574
23400,0.001873190841640661,0.0026565575569210886,0.8929605233348196,0.01334698021804814,0.012606013362931818,0.847463083222307,0.026902050728538983,0.013276651376148372,0.7437899930615335,0.00026370728957323596,0.00026370728957323596,3.1024387008615992
23410,0.0018710268224363254,0.002656925440185826,0.8930841815750674,0.01333445604596677,0.012608142472185651,0.8476062166175226,0.026884310667673616,0.013279667186495484,0.7439589460221561,0.0002638199849961305,0.0002638199849961305,3.103764529366241
23420,0.0018688651274483667,0.0026572929283337787,0.8932077070029507,0.013321942872750887,0.01261026971163235,0.8477492243114184,0.02686658120386048,0.013282681195343718,0.7441277980584716,0.00026393268041902503,0.00026393268041902503,3.1050903578708824
23430,0.0018667057567471627,0.0026576600213529832,0.8933310996144481,0.013309440696615351,0.012612395081575392,0.847892106324396,0.026848862333689202,0.013285693403272835,0.74429654920296,0.0002640453758419196,0.0002640453758419196,3.1064161863755246
23440,0.0018645487104030926,0.002658026719231475,0.8934543594055379,0.013296949515775022,0.012614518582318247,0.8480348626768569,0.026831154053749418,0.013288703810862598,0.7444651994881007,0.00026415807126481416,0.00026415807126481416,3.1077420148801664
23450,0.001862393988486534,0.0026583930219572904,0.8935774863721985,0.013284469328444756,0.012616640214164393,0.8481774933892028,0.02681345636063076,0.01329171241869277,0.7446337489463737,0.0002642707666877087,0.0002642707666877087,3.109067843384808
23460,0.001860241591067866,0.0026587589295184637,0.8937004805104078,0.01327200013283941,0.012618759977417302,0.8483199984818354,0.026795769250922863,0.013294719227343113,0.7448021976102585,0.00026438346211060323,0.00026438346211060323,3.1103936718894496
23470,0.0018580915182174669,0.0026591244419030317,0.893823341816145,0.013259541927173844,0.012620877872380448,0.8484623779751561,0.026778092721215355,0.01329772423739339,0.7449705455122347,0.00026449615753349777,0.00026449615753349777,3.1117195003940914
23480,0.0018559437700057149,0.0026594895590990294,0.8939460702853879,0.01324709470966292,0.012622993899357305,0.8486046318895666,0.026760426768097867,0.013300727449423361,0.7451387926847821,0.0002646088529563923,0.0002646088529563923,3.1130453288987328
23490,0.0018537983465029884,0.002659854281094493,0.8940686659141153,0.013234658478521491,0.012625108058651347,0.8487467602454686,0.026742771388160037,0.013303728864012793,0.7453069391603805,0.00026472154837928685,0.00026472154837928685,3.1143711574033746
23500,0.0018516552477796664,0.002660218607877458,0.8941911286983051,0.013222233231964422,0.01262722035056605,0.8488887630632638,0.026725126577991497,0.013306728481741446,0.7454749849715095,0.00026483424380218144,0.00026483424380218144,3.115696985908017
23510,0.0018495144739061262,0.0026605825394359593,0.8943134586339357,0.013209818968206565,0.012629330775404886,0.8490306403633535,0.026707492334181876,0.01330972630318908,0.7456429301506488,0.000264946939225076,0.000264946939225076,3.117022814412658
23520,0.0018473760249527477,0.002660946075758034,0.8944356557169861,0.013197415685462784,0.012631439333471328,0.8491723921661396,0.026689868653320806,0.013312722328935461,0.7458107747302779,0.0002650596346479705,0.0002650596346479705,3.1183486429173
23530,0.001845239900989908,0.002661309216831717,0.8945577199434341,0.013185023381947934,0.012633546025068854,0.8493140184920237,0.026672255531997924,0.013315716559560353,0.7459785187428769,0.00026517233007086505,0.00026517233007086505,3.1196744714219418
23540,0.0018431061020879865,0.0026616719626450435,0.8946796513092582,0.013172642055876873,0.012635650850500934,0.8494555193614072,0.026654652966802854,0.013318708995643514,0.7461461622209252,0.0002652850254937596,0.0002652850254937596,3.121000299926583
23550,0.0018409746283173606,0.0026620343131860498,0.8948014498104369,0.013160271705464459,0.012637753810071043,0.8495968947946918,0.026637060954325234,0.013321699637764708,0.7463137051969024,0.0002653977209166541,0.0002653977209166541,3.122326128431225
23560,0.0018388454797484096,0.0026623962684427715,0.8949231154429482,0.013147912328925553,0.012639854904082657,0.8497381448122794,0.0266194794911547,0.0133246884865037,0.7464811477032886,0.0002655104163395487,0.0002655104163395487,3.123651956935867
23570,0.0018367186564515116,0.002662757828403244,0.8950446482027711,0.013135563924475017,0.012641954132839249,0.8498792694345711,0.02660190857388088,0.01332767554244025,0.746648489772563,0.00026562311176244325,0.00026562311176244325,3.1249777854405085
23580,0.001834594158497045,0.002663118993055503,0.8951660480858834,0.0131232264903277,0.012644051496644292,0.850020268681969,0.026584348199093402,0.01333066080615412,0.7468157314372056,0.0002657358071853378,0.0002657358071853378,3.1263036139451503
23590,0.0018324719859553887,0.0026634797623875848,0.8952873150882638,0.013110900024698472,0.012646146995801261,0.8501611425748746,0.02656679836338191,0.013333644278225075,0.7469828727296961,0.00026584850260823233,0.00026584850260823233,3.1276294424497917
23600,0.0018303521388969202,0.0026638401363875248,0.8954084492058906,0.01309858452580218,0.012648240630613632,0.8503018911336894,0.026549259063336023,0.013336625959232875,0.747149913682514,0.00026596119803112687,0.00026596119803112687,3.1289552709544335
23610,0.0018282346173920188,0.002664200115043358,0.8955294504347421,0.01308627999185369,0.012650332401384875,0.850442514378815,0.026531730295545383,0.013339605849757285,0.7473168543281392,0.0002660738934540214,0.0002660738934540214,3.1302810994590753
23620,0.0018261194215110626,0.0026645596983431202,0.8956503187707967,0.013073986421067857,0.012652422308418466,0.850583012330653,0.026514212056599623,0.013342583950378064,0.7474836946990513,0.00026618658887691594,0.00026618658887691594,3.1316069279637166
23630,0.0018240065513244299,0.002664918886274848,0.8957710542100329,0.01306170381165954,0.01265451035201788,0.8507233850096052,0.026496704343088366,0.013345560261674976,0.7476504348277297,0.0002662992842998105,0.0002662992842998105,3.1329327564683584
23640,0.0018218960069024991,0.0026652776788265763,0.895891656748429,0.013049432161843604,0.012656596532486589,0.8508636324360731,0.026479207151601254,0.013348534784227787,0.7478170747466547,0.00026641197972270507,0.00026641197972270507,3.1342585849730007
23650,0.0018197877883156489,0.002665636075986341,0.8960121263819631,0.013037171469834897,0.012658680850128069,0.8510037546304583,0.026461720478727913,0.013351507518616254,0.7479836144883055,0.0002665246751455996,0.0002665246751455996,3.135584413477642
23660,0.0018176818956342578,0.0026659940777421774,0.8961324631066142,0.013024921733848284,0.012660763305245792,0.8511437516131625,0.026444244321057974,0.013354478465420143,0.748150054085162,0.00026663737056849415,0.00026663737056849415,3.136910241982284
23670,0.0018155783289287035,0.0026663516840821216,0.8962526669183601,0.013012682952098622,0.012662843898143237,0.8512836234045872,0.026426778675181076,0.013357447625219216,0.748316393569704,0.0002667500659913887,0.0002667500659913887,3.1382360704869257
23680,0.0018134770882693647,0.002666708894994209,0.8963727378131794,0.013000455122800769,0.012664922629123871,0.8514233700251341,0.026409323537686852,0.013360414998593235,0.748482632974411,0.0002668627614142832,0.0002668627614142832,3.139561898991567
23690,0.0018113781737266208,0.0026670657104664753,0.8964926757870504,0.012988238244169583,0.012666999498491172,0.8515629914952048,0.026391878905164923,0.013363380586121961,0.7486487723317625,0.0002669754568371778,0.0002669754568371778,3.1408877274962093
23700,0.001809281585370849,0.0026674221304869568,0.8966124808359518,0.012976032314419924,0.012669074506548614,0.8517024878352007,0.02637444477420494,0.01336634438838516,0.7488148116742387,0.00026708815226007235,0.00026708815226007235,3.142213556000851
23710,0.0018071873232724286,0.0026677781550436884,0.8967321529558616,0.01296383733176665,0.012671147653599672,0.851841859065524,0.026357021141396514,0.013369306405962593,0.7489807510343189,0.0002672008476829669,0.0002672008476829669,3.1435393845054924
23720,0.0018050953875017373,0.0026681337841247058,0.8968516921427582,0.012951653294424622,0.012673218939947816,0.8519811052065758,0.026339608003329296,0.013372266639434019,0.7491465904444828,0.0002673135431058614,0.0002673135431058614,3.144865213010134
23730,0.001803005778129154,0.002668489017718045,0.89697109839262,0.012939480200608693,0.012675288365896525,0.8521202262787578,0.02632220535659291,0.013375225089379206,0.7493123299372104,0.00026742623852875596,0.00026742623852875596,3.1461910415147756
23740,0.001800918495225057,0.0026688438558117415,0.8970903717014256,0.012927318048533724,0.01267735593174927,0.8522592223024718,0.02630481319777698,0.013378181756377913,0.7494779695449811,0.0002675389339516505,0.0002675389339516505,3.1475168700194174
23750,0.0017988335388598245,0.0026691982983938307,0.8972095120651531,0.012915166836414575,0.012679421637809524,0.8523980932981191,0.026287431523471155,0.013381136641009903,0.7496435093002748,0.00026765162937454504,0.00026765162937454504,3.148842698524059
23760,0.0017967509091038354,0.002669552345452349,0.8973285194797811,0.012903026562466105,0.012681485484380764,0.8525368392861017,0.026270060330265056,0.013384089743854941,0.749808949235571,0.0002677643247974396,0.0002677643247974396,3.1501685270287005
23770,0.0017946706060274675,0.0026699059969753315,0.8974473939412878,0.012890897224903169,0.012683547471766463,0.8526754602868208,0.02625269961474832,0.013387041065492785,0.7499742893833493,0.00026787702022033417,0.00026787702022033417,3.151494355533343
23780,0.0017925926297010996,0.002670259252950814,0.8975661354456517,0.012878778821940627,0.012685607600270096,0.8528139563206786,0.026235349373510575,0.013389990606503203,0.7501395297760898,0.0002679897156432287,0.0002679897156432287,3.1528201840379846
23790,0.0017905169801951104,0.002670612113366832,0.8976847439888511,0.012866671351793339,0.012687665870195134,0.8529523274080761,0.02621800960314146,0.013392938367465952,0.7503046704462719,0.00026810241106612324,0.00026810241106612324,3.154146012542626
23800,0.0017884436575798782,0.002670964578211422,0.8978032195668644,0.012854574812676163,0.012689722281845055,0.8530905735694153,0.0262006803002306,0.013395884348960798,0.7504697114263753,0.0002682151064890178,0.0002682151064890178,3.1554718410472677
23810,0.0017863726619257807,0.0026713166474726185,0.89792156217567,0.012842489202803958,0.01269177683552333,0.8532286948250977,0.026183361461367634,0.013398828551567502,0.7506346527488796,0.0002683278019119123,0.0002683278019119123,3.1567976695519095
23820,0.0017843039933031972,0.0026716683211384573,0.8980397718112461,0.01283041452039158,0.012693829531533432,0.8533666911955247,0.026166053083142196,0.013401770975865826,0.7507994944462647,0.00026844049733480685,0.00026844049733480685,3.158123498056551
23830,0.0017822376517825057,0.002672019599196975,0.8981578484695714,0.01281835076365389,0.01269588037017884,0.8535045627010984,0.026148755162143905,0.013404711622435535,0.7509642365510103,0.0002685531927577014,0.0002685531927577014,3.1594493265611927
23840,0.001780173637434085,0.0026723704816362065,0.8982757921466239,0.012806297930805744,0.012697929351763025,0.8536423093622201,0.026131467694962406,0.013407650491856389,0.751128879095596,0.000268665888180596,0.000268665888180596,3.160775155065835
23850,0.0017781119503283132,0.0026727209684441876,0.8983936028383823,0.012794256020062003,0.01269997647658946,0.8537799311992913,0.026114190678187328,0.013410587584708153,0.7512934221125016,0.0002687785836034905,0.0002687785836034905,3.1621009835704763
23860,0.0017760525905355685,0.0026730710596089544,0.898511280540825,0.012782225029637525,0.012702021744961623,0.8539174282327141,0.026096924108408307,0.013413522901570586,0.7514578656342065,0.00026889127902638506,0.00026889127902638506,3.163426812075118
23870,0.0017739955581262295,0.002673420755118542,0.8986288252499299,0.012770204957747168,0.012704065157182982,0.8540548004828894,0.026079667982214966,0.013416456443023455,0.7516222096931907,0.0002690039744492796,0.0002690039744492796,3.16475264057976
23880,0.0017719408531706752,0.002673770054960986,0.8987462369616759,0.012758195802605789,0.012706106713557017,0.8541920479702195,0.026062422296196947,0.013419388209646518,0.7517864543219338,0.00026911666987217413,0.00026911666987217413,3.1660784690844013
23890,0.0017698884757392829,0.002674118959124323,0.8988635156720413,0.01274619756242825,0.0127081464143872,0.8543291707151057,0.026045187046943873,0.01342231820201954,0.7519505995529154,0.00026922936529506867,0.00026922936529506867,3.167404297589043
23900,0.0017678384259024321,0.0026744674675965876,0.8989806613770042,0.012734210235429406,0.012710184259977003,0.8544661687379497,0.026027962231045386,0.013425246420722283,0.7521146454186153,0.0002693420607179632,0.0002693420607179632,3.1687301260936844
23910,0.0017657907037305011,0.002674815580365816,0.899097674072543,0.01272223381982412,0.012712220250629902,0.8546030420591529,0.026010747845091112,0.01342817286633451,0.7522785919515131,0.00026945475614085774,0.00026945475614085774,3.1700559545983262
23920,0.0017637453092938682,0.0026751632974200434,0.8992145537546364,0.012710268313827247,0.01271425438664937,0.8547397906991172,0.025993543885670684,0.013431097539435983,0.7524424391840887,0.0002695674515637523,0.0002695674515637523,3.1713817831029676
23930,0.0017617022426629108,0.0026755106187473063,0.8993313004192626,0.012698313715653643,0.012716286668338881,0.8548764146782439,0.02597635034937374,0.013434020440606464,0.7526061871488215,0.0002696801469866469,0.0002696801469866469,3.17270761160761
23940,0.0017596615039080085,0.0026758575443356397,0.8994479140623998,0.01268637002351817,0.012718317096001913,0.8550129140169351,0.025959167232789907,0.013436941570425716,0.7527698358781914,0.0002697928424095414,0.0002697928424095414,3.1740334401122516
23950,0.00175762309309954,0.0026762040741730793,0.8995643946800266,0.01267443723563569,0.012720345669941934,0.8551492887355922,0.025941994532508818,0.013439860929473501,0.752933385404678,0.00026990553783243595,0.00026990553783243595,3.1753592686168934
23960,0.0017555870103078822,0.002676550208247661,0.8996807422681213,0.012662515350221054,0.012722372390462422,0.8552855388546166,0.0259248322451201,0.013442778518329583,0.753096835760761,0.0002700182332553305,0.0002700182332553305,3.176685097121535
23970,0.0017535532556034149,0.0026768959465474206,0.8997969568226623,0.012650604365489126,0.01272439725786685,0.8554216643944099,0.025907680367213394,0.013445694337573722,0.7532601869789199,0.0002701309286782251,0.0002701309286782251,3.178010925626177
23980,0.0017515218290565166,0.002677241289060393,0.8999130383396279,0.012638704279654763,0.012726420272458691,0.8555576653753741,0.02589053889537833,0.013448608387785683,0.7534234390916349,0.0002702436241011196,0.0002702436241011196,3.179336754130819
23990,0.0017494927307375643,0.002677586235774615,0.9000289868149965,0.012626815090932825,0.012728441434541422,0.8556935418179107,0.025873407826204543,0.013451520669545226,0.7535865921313852,0.00027035631952401415,0.00027035631952401415,3.18066258263546
24000,0.0017474659607169376,0.0026779307866781218,0.9001448022447467,0.012614936797538162,0.012730460744418514,0.855829293742421,0.02585628715628166,0.013454431183432118,0.7537496461306509,0.0002704690149469087,0.0002704690149469087,3.181988411140102
24010,0.001745441519065015,0.0026782749417589486,0.9002604846248565,0.012603069397685645,0.012732478202393442,0.8559649211693069,0.025839176882199315,0.013457339930026116,0.7539126011219112,0.0002705817103698032,0.0002705817103698032,3.183314239644744
24020,0.0017434194058521747,0.0026786187010051313,0.9003760339513046,0.012591212889590125,0.012734493808769681,0.85610042411897,0.025822077000547144,0.013460246909906985,0.7540754571376462,0.00027069440579269776,0.00027069440579269776,3.184640068149385
24030,0.0017413996211487943,0.002678962064404706,0.9004914502200692,0.012579367271466463,0.012736507563850703,0.8562358026118119,0.025804987507914774,0.013463152123654487,0.7542382142103353,0.0002708071012155923,0.0002708071012155923,3.185965896654027
24040,0.0017393821650252535,0.0026793050319457077,0.9006067334271285,0.012567532541529517,0.012738519467939984,0.8563710566682341,0.02578790840089184,0.013466055571848387,0.7544008723724587,0.00027091979663848684,0.00027091979663848684,3.1872917251586683
24050,0.0017373670375519304,0.002679647603616173,0.9007218835684614,0.012555708697994144,0.012740529521340997,0.8565061863086383,0.025770839676067973,0.013468957255068444,0.7545634316564954,0.0002710324920613814,0.0002710324920613814,3.18861755366331
24060,0.0017353542387992024,0.0026799897794041365,0.9008369006400457,0.012543895739075203,0.012742537724357217,0.8566411915534262,0.025753781330032807,0.013471857173894423,0.7547258920949257,0.0002711451874842759,0.0002711451874842759,3.1899433821679515
24070,0.001733343768837449,0.002680331559297635,0.9009517846378604,0.012532093662987557,0.012744544077292117,0.8567760724229994,0.02573673335937597,0.013474755328906084,0.7548882537202288,0.0002712578829071705,0.0002712578829071705,3.191269210672594
24080,0.001731335627737049,0.0026806729432847028,0.9010665355578832,0.012520302467946057,0.012746548580449171,0.8569108289377593,0.025719695760687104,0.013477651720683192,0.7550505165648848,0.00027137057833006504,0.00027137057833006504,3.1925950391772355
24090,0.0017293298155683795,0.0026810139313533767,0.901181153396093,0.012508522152165562,0.012748551234131857,0.8570454611181079,0.025702668530555833,0.013480546349805509,0.755212680661373,0.0002714832737529596,0.0002714832737529596,3.1939208676818773
24100,0.0017273263324018193,0.0026813545234916918,0.9012956381484677,0.01249675271386094,0.012750552038643642,0.8571799689844464,0.025685651665571792,0.013483439216852794,0.7553747460421734,0.00027159596917585417,0.00027159596917585417,3.1952466961865196
24110,0.0017253251783077481,0.0026816947196876837,0.901409989810986,0.012484994151247042,0.012752550994288004,0.8573143525571766,0.025668645162324616,0.013486330322404816,0.7555367127397656,0.0002717086645987487,0.0002717086645987487,3.196572524691161
24120,0.001723326353356543,0.002682034519929389,0.9015242083796264,0.01247324646253873,0.012754548101368418,0.8574486118567003,0.025651649017403935,0.013489219667041332,0.7556985807866292,0.00027182136002164325,0.00027182136002164325,3.1978983531958027
24130,0.0017213298576185827,0.002682373924204842,0.901638293850367,0.012461509645950856,0.012756543360188357,0.8575827469034188,0.02563466322739938,0.013492107251342107,0.7558603502152441,0.0002719340554445378,0.0002719340554445378,3.199224181700444
24140,0.0017193356911642452,0.0026827129325020793,0.9017522462191863,0.012449783699698286,0.012758536771051293,0.8577167577177338,0.02561768778890058,0.013494993075886901,0.7560220210580897,0.0002720467508674323,0.0002720467508674323,3.200550010205086
24150,0.0017173438540639104,0.0026830515448091363,0.9018660654820626,0.012438068621995873,0.012760528334260703,0.8578506443200471,0.025600722698497176,0.013497877141255481,0.7561835933476461,0.00027215944629032686,0.00027215944629032686,3.2018758387097277
24160,0.0017153543463879547,0.002683389761114049,0.9019797516349745,0.012426364411058478,0.01276251805012006,0.8579844067307603,0.02558376795277879,0.013500759448027606,0.7563450671163925,0.0002722721417132214,0.0002722721417132214,3.203201667214369
24170,0.0017133671682067581,0.002683727581404852,0.9020933046738998,0.01241467106510096,0.012764505918932838,0.8581180449702748,0.025566823548335067,0.013503639996783038,0.7565064423968089,0.00027238483713611593,0.00027238483713611593,3.204527495719011
24180,0.0017113823195906987,0.0026840650056695822,0.9022067245948175,0.012402988582338178,0.012766491941002512,0.8582515590589923,0.025549889481755628,0.013506518788101543,0.7566677192213749,0.00027249753255901047,0.00027249753255901047,3.205853324223652
24190,0.0017093998006101542,0.002684402033896275,0.9023200113937058,0.012391316960984989,0.012768476116632553,0.8583849490173143,0.025532965749630113,0.01350939582256288,0.7568288976225703,0.00027261022798190506,0.00027261022798190506,3.2071791527282945
24200,0.0017074196113355037,0.0026847386660729653,0.9024331650665428,0.01237965619925625,0.01277045844612644,0.858518214865643,0.025516052348548153,0.013512271100746813,0.7569899776328747,0.0002727229234047996,0.0002727229234047996,3.2085049812329363
24210,0.0017054417518371256,0.0026850749021876895,0.9025461856093073,0.012368006295366824,0.012772438929787642,0.8586513566243791,0.02549914927509938,0.013515144623233106,0.7571509592847678,0.00027283561882769414,0.00027283561882769414,3.209830809737578
24220,0.0017034662221853988,0.002685410742228483,0.9026590730179774,0.012356367247531565,0.012774417567919635,0.858784374313925,0.025482256525873423,0.013518016390601517,0.7573118426107293,0.0002729483142505887,0.0002729483142505887,3.2111566382422194
24230,0.0017014930224507003,0.0026857461861833822,0.9027718272885318,0.012344739053965336,0.012776394360825895,0.8589172679546819,0.025465374097459914,0.013520886403431815,0.757472627643239,0.0002730610096734832,0.0002730610096734832,3.212482466746861
24240,0.0016995221527034091,0.0026860812340404215,0.9028844484169484,0.012333121712882986,0.012778369308809894,0.8590500375670516,0.02544850198644849,0.013523754662303756,0.7576333144147762,0.00027317370509637775,0.00027317370509637775,3.2138082952515026
24250,0.001697553613013905,0.002686415885787637,0.9029969363992056,0.012321515222499389,0.012780342412175107,0.8591826831714356,0.025431640189428784,0.013526621167797107,0.7577939029578211,0.0002732864005192723,0.0002732864005192723,3.2151341237561444
24260,0.0016955874034525645,0.002686750141413065,0.9031092912312823,0.012309919581029389,0.012782313671225006,0.8593152047882355,0.025414788702990423,0.013529485920491628,0.757954393304853,0.0002733990959421669,0.0002733990959421669,3.2164599522607866
24270,0.0016936235240897668,0.002687084000904741,0.9032215129091565,0.012298334786687853,0.012784283086263067,0.8594476024378531,0.02539794752372304,0.013532348920967083,0.7581147854883521,0.0002735117913650614,0.0002735117913650614,3.217785780765428
24280,0.0016916619749958908,0.0026874174642506996,0.9033336014288066,0.012286760837689639,0.012786250657592764,0.8595798761406899,0.025381116648216275,0.013535210169803233,0.7582750795407973,0.00027362448678795595,0.00027362448678795595,3.21911160927007
24290,0.001689702756241314,0.0026877505314389775,0.9034455567862109,0.012275197732249598,0.012788216385517569,0.8597120259171473,0.02536429607305975,0.013538069667579842,0.758435275494669,0.0002737371822108505,0.0002737371822108505,3.2204374377747116
24300,0.0016877458678964156,0.0026880832024576105,0.9035573789773479,0.012263645468582598,0.01279018027034096,0.8598440517876275,0.025347485794843104,0.013540927414876672,0.7585953733824466,0.00027384987763374503,0.00027384987763374503,3.221763266279353
24310,0.0016857913100315738,0.0026884154772946335,0.9036690679981961,0.012252104044903496,0.012792142312366408,0.8599759537725316,0.025330685810155976,0.013543783412273483,0.7587553732366097,0.00027396257305663957,0.00027396257305663957,3.2230890947839947
24320,0.0016838390827171672,0.002688747355938083,0.9037806238447336,0.012240573459427142,0.012794102511897387,0.8601077318922612,0.02531389611558798,0.013546637660350044,0.7589152750896383,0.0002740752684795341,0.0002740752684795341,3.224414923288636
24330,0.0016818891860235733,0.0026890788383759938,0.9038920465129391,0.012229053710368403,0.012796060869237373,0.8602393861672183,0.02529711670772876,0.01354949015968611,0.7590750789740118,0.00027418796390242864,0.00027418796390242864,3.225740751793278
24340,0.0016799416200211715,0.002689409924596402,0.9040033359987905,0.012217544795942135,0.012798017384689839,0.8603709166178042,0.025280347583167946,0.013552340910861448,0.75923478492221,0.00027430065932532323,0.00027430065932532323,3.22706658029792
24350,0.0016779963847803401,0.002689740614587343,0.9041144922982666,0.012206046714363195,0.012799972058558259,0.8605023232644206,0.02526358873849517,0.01355518991445582,0.7593943929667126,0.00027441335474821777,0.00027441335474821777,3.228392408802562
24360,0.0016760534803714569,0.0026900709083368534,0.9042255154073455,0.012194559463846446,0.012801924891146106,0.8606336061274691,0.02524684017030007,0.013558037171048988,0.7595539031399993,0.0002745260501711123,0.0002745260501711123,3.2297182373072033
24370,0.001674112906864901,0.002690400805832968,0.9043364053220059,0.012183083042606744,0.012803875882756856,0.8607647652273516,0.025230101875172273,0.013560882681220713,0.7597133154745498,0.00027463874559400685,0.00027463874559400685,3.231044065811845
24380,0.0016721746643310513,0.0026907303070637222,0.9044471620382258,0.012171617448858946,0.012805825033693981,0.8608958005844692,0.025213373849701407,0.013563726445550761,0.7598726300028438,0.00027475144101690144,0.00027475144101690144,3.2323698943164874
24390,0.0016702387528402846,0.0026910594120171526,0.904557785551984,0.012160162680817906,0.012807772344260957,0.8610267122192239,0.025196656090477117,0.01356656846461889,0.7600318467573608,0.000274864136439796,0.000274864136439796,3.2336957228211287
24400,0.0016683051724629802,0.0026913881206812942,0.9046682758592585,0.012148718736698493,0.012809717814761258,0.8611575001520172,0.02517994859408902,0.013569408739004866,0.7601909657705808,0.0002749768318626905,0.0002749768318626905,3.2350215513257705
24410,0.0016663739232695173,0.0026917164330441832,0.9047786329560279,0.012137285614715563,0.012811661445498355,0.8612881644032506,0.025163251357126763,0.013572247269288448,0.7603499870749831,0.00027508952728558505,0.00027508952728558505,3.2363473798304123
24420,0.001664445005330274,0.0026920443490938547,0.9048888568382704,0.012125863313083969,0.012813603236775727,0.8614187049933261,0.025146564376179972,0.013575084056049404,0.7605089107030478,0.0002752022227084796,0.0002752022227084796,3.2376732083350537
24430,0.0016625184187156268,0.0026923718688183444,0.9049989475019643,0.012114451830018573,0.012815543188896845,0.8615491219426449,0.025129887647838276,0.013577919099867494,0.7606677366872545,0.0002753149181313741,0.0002753149181313741,3.2389990368396955
24440,0.0016605941634959564,0.0026926989922056886,0.9051089049430885,0.012103051163734233,0.012817481302165182,0.8616794152716087,0.02511322116869131,0.013580752401322477,0.7608264650600827,0.00027542761355426866,0.00027542761355426866,3.240324865344337
24450,0.001658672239741641,0.002693025719243922,0.9052187291576208,0.012091661312445807,0.012819417576884214,0.8618095850006193,0.02509656493532871,0.013583583960994119,0.7609850958540122,0.0002755403089771632,0.0002755403089771632,3.2416506938489786
24460,0.0016567526475230582,0.002693352049921081,0.9053284201415398,0.012080282274368158,0.012821352013357415,0.8619396311500782,0.0250799189443401,0.013586413779462183,0.7611436291015229,0.0002756530044000578,0.0002756530044000578,3.242976522353621
24470,0.0016548353869105864,0.002693677984225201,0.9054379778908238,0.012068914047716135,0.012823284611888258,0.862069553740387,0.025063283192315124,0.01358924185730643,0.7613020648350941,0.00027576569982295233,0.00027576569982295233,3.2443023508582622
24480,0.0016529204579746049,0.002694003522144318,0.9055474024014514,0.012057556630704604,0.012825215372780219,0.8621993527919474,0.025046657675843402,0.01359206819510662,0.7614604030872056,0.00027587839524584687,0.00027587839524584687,3.245628179362904
24490,0.0016510078607854914,0.0026943286636664674,0.9056566936694008,0.012046210021548423,0.01282714429633677,0.8623290283251609,0.025030042391514573,0.013594892793442523,0.7616186438903374,0.0002759910906687414,0.0002759910906687414,3.246954007867546
24500,0.0016490975954136238,0.002694653408779685,0.9057658516906504,0.012034874218462449,0.012829071382861386,0.8624585803604291,0.025013437335918272,0.013597715652893893,0.7617767872769688,0.00027610378609163594,0.00027610378609163594,3.248279836372187
24510,0.0016471896619293823,0.002694977757472006,0.9058748764611784,0.01202354921966154,0.01283099663265754,0.8625880089181538,0.024996842505644126,0.013600536774040498,0.7619348332795797,0.0002762164815145305,0.0002762164815145305,3.249605664876829
24520,0.0016452840604031442,0.0026953017097314665,0.9059837679769636,0.012012235023360556,0.012832920046028706,0.8627173140187365,0.024980257897281775,0.0136033561574621,0.7620927819306498,0.000276329176937425,0.000276329176937425,3.2509314933814704
24530,0.0016433807909052868,0.002695625265546102,0.9060925262339838,0.012000931627774354,0.01283484162327836,0.8628464956825788,0.024963683507420835,0.013606173803738457,0.7622506332626586,0.0002764418723603196,0.0002764418723603196,3.2522573218861126
24540,0.0016414798535061906,0.0026959484249039485,0.906201151228218,0.011989639031117792,0.012836761364709976,0.8629755539300823,0.024947119332650952,0.013608989713449336,0.7624083873080861,0.00027655456778321414,0.00027655456778321414,3.2535831503907544
24550,0.001639581248276234,0.002696271187793041,0.906309642955644,0.011978357231605731,0.012838679270627026,0.8631044887816487,0.024930565369561765,0.0136118038871745,0.7625660440994118,0.0002766672632061087,0.0002766672632061087,3.254908978895396
24560,0.001637684975285793,0.0026965935542014163,0.9064180014122406,0.011967086227453027,0.012840595341332986,0.8632333002576796,0.024914021614742887,0.013614616325493708,0.7627236036691153,0.0002767799586290032,0.0002767799586290032,3.2562348074000376
24570,0.001635791034605248,0.002696915524117109,0.9065262265939862,0.011955826016874541,0.012842509577131329,0.8633619883785766,0.024897488064783965,0.013617427028986726,0.7628810660496765,0.00027689265405189776,0.00027689265405189776,3.2575606359046794
24580,0.0016338994263049777,0.0026972370975281547,0.9066343184968586,0.011944576598085132,0.01284442197832553,0.8634905531647413,0.02488096471627462,0.013620235998233313,0.763038431273575,0.0002770053494747923,0.0002770053494747923,3.2588864644093207
24590,0.0016320101504553597,0.0026975582744225898,0.9067422771168367,0.011933337969299655,0.012846332545219061,0.8636189946365754,0.024864451565804496,0.013623043233813234,0.7631956993732905,0.00027711804489768683,0.00027711804489768683,3.2602122929139625
24600,0.0016301232071267717,0.00269787905478845,0.906850102449899,0.01192211012873297,0.012848241278115397,0.8637473128144803,0.02484794860996322,0.013625848736306252,0.7633528703813026,0.0002772307403205814,0.0002772307403205814,3.2615381214186048
24610,0.0016282385963895937,0.00269819943861377,0.9069577944920234,0.011910893074599936,0.012850148177318013,0.8638755077188579,0.024831455845340425,0.013628652506292128,0.7635099443300912,0.0002773434357434759,0.0002773434357434759,3.2628639499232457
24620,0.0016263563183142038,0.0026985194258865863,0.9070653532391887,0.01189968680511541,0.012852053243130383,0.8640035793701096,0.024814973268525744,0.013631454544350623,0.7636669212521358,0.0002774561311663705,0.0002774561311663705,3.264189778427888
24630,0.0016244763729709793,0.0026988390165949344,0.9071727786873728,0.011888491318494251,0.01285395647585598,0.8641315277886372,0.02479850087610881,0.013634254851061503,0.7638238011799162,0.00027756882658926504,0.00027756882658926504,3.2655156069325297
24640,0.0016225987604302993,0.00269915821072685,0.9072800708325546,0.011877306612951322,0.012855857875798278,0.8642593529948421,0.02478203866467925,0.013637053427004527,0.7639805841459119,0.00027768152201215957,0.00027768152201215957,3.266841435437171
24650,0.0016207234807625432,0.002699477008270369,0.9073872296707122,0.011866132686701478,0.01285775744326075,0.8643870550091259,0.024765586630826703,0.013639850272759461,0.7641372701826029,0.00027779421743505416,0.00027779421743505416,3.2681672639418133
24660,0.0016188505340380874,0.0026997954092135264,0.907494255197824,0.011854969537959573,0.012859655178546875,0.8645146338518906,0.024749144771140794,0.013642645388906065,0.7642938593224686,0.0002779069128579487,0.0002779069128579487,3.269493092446455
24670,0.001616979920327312,0.002700113413544358,0.9076011474098682,0.01184381716494047,0.012861551081960122,0.8646420895435375,0.024732713082211158,0.013645438776024102,0.7644503515979889,0.00027801960828084324,0.00027801960828084324,3.2708189209510965
24680,0.0016151116397005948,0.0027004310212509,0.9077079063028235,0.011832675565859032,0.012863445153803967,0.8647694221044683,0.024716291560627435,0.013648230434693334,0.7646067470416433,0.0002781323037037378,0.0002781323037037378,3.2721447494557383
24690,0.0016132456922283147,0.0027007482323211877,0.907814531872668,0.01182154473893011,0.012865337394381882,0.8648966315550844,0.024699880202979252,0.013651020365493528,0.7647630456859119,0.0002782449991266323,0.0002782449991266323,3.27347057796038
24700,0.001611382077980849,0.0027010650467432567,0.9079210241153803,0.011810424682368564,0.012867227803997346,0.8650237179157878,0.02468347900585624,0.013653808569004439,0.7649192475632739,0.00027835769454952685,0.00027835769454952685,3.2747964064650215
24710,0.0016095207970285774,0.0027013814645051428,0.9080273830269386,0.011799315394389255,0.012869116382953828,0.8651506812069799,0.02466708796584803,0.013656595045805834,0.7650753527062092,0.0002784703899724214,0.0002784703899724214,3.2761222349696633
24720,0.0016076618494418782,0.002701697485594882,0.9081336086033215,0.011788216873207042,0.012871003131554804,0.8652775214490623,0.02465070707954426,0.013659379796477475,0.7652313611471975,0.0002785830853953159,0.0002785830853953159,3.2774480634743046
24730,0.0016058052352911282,0.002702013110000509,0.9082397008405072,0.01177712911703678,0.01287288805010375,0.8654042386624369,0.02463433634353456,0.013662162821599124,0.7653872729187184,0.00027869578081821046,0.00027869578081821046,3.2787738919789464
24740,0.0016039509546467079,0.002702328337710061,0.9083456597344741,0.01176605212409333,0.012874771138904135,0.8655308328675048,0.024617975754408557,0.013664944121750545,0.7655430880532519,0.000278808476241105,0.000278808476241105,3.280099720483588
24750,0.0016020990075789948,0.002702643168711572,0.9084514852812006,0.011754985892591552,0.012876652398259438,0.865657304084668,0.02460162530875589,0.013667723697511498,0.7656988065832773,0.00027892117166399954,0.00027892117166399954,3.2814255489882296
24760,0.0016002493941583667,0.002702957602993079,0.908557177476665,0.011743930420746299,0.01287853182847313,0.865783652334328,0.024585285003166188,0.013670501549461747,0.7658544285412743,0.00027903386708689413,0.00027903386708689413,3.282751377492872
24770,0.0015984021144552032,0.0027032716405426165,0.9086627363168458,0.011732885706772434,0.012880409429848689,0.8659098776368865,0.024568954834229086,0.013673277678181054,0.7660099539597229,0.00027914656250978867,0.00027914656250978867,3.2840772059975136
24780,0.0015965571685398828,0.002703585281348221,0.9087681617977212,0.01172185174888481,0.012882285202689584,0.8660359800127451,0.024552634798534215,0.013676052084249183,0.7661653828711027,0.0002792592579326832,0.0002792592579326832,3.285403034502155
24790,0.0015947145564827827,0.002703898525397928,0.9088734539152699,0.011710828545298297,0.012884159147299292,0.8661619594823052,0.024536324892671206,0.013678824768245893,0.7663207153078933,0.0002793719533555778,0.0002793719533555778,3.2867288630067972
24800,0.0015928742783542817,0.002704211372679773,0.9089786126654699,0.011699816094227742,0.012886031263981286,0.8662878160659686,0.024520025113229694,0.013681595730750952,0.7664759513025744,0.00027948464877847233,0.00027948464877847233,3.288054691511439
24810,0.001591036334224759,0.002704523823181792,0.9090836380442998,0.011688814393888013,0.01288790155303904,0.866413549784137,0.024503735456799312,0.013684364972344116,0.7666310908876256,0.00027959734420136687,0.00027959734420136687,3.2893805200160804
24820,0.0015892007241645927,0.0027048358768920204,0.9091885300477379,0.011677823442493959,0.01288977001477603,0.8665391606572119,0.02448745591996969,0.013687132493605153,0.7667861340955268,0.0002797100396242614,0.0002797100396242614,3.290706348520722
24830,0.0015873674482441607,0.002705147533798494,0.9092932886717625,0.011666843238260444,0.012891636649495726,0.8666646487055949,0.024471186499330458,0.013689898295113821,0.7669410809587575,0.00027982273504715595,0.00027982273504715595,3.292032177025364
24840,0.0015855365065338416,0.0027054587938892477,0.9093979139123521,0.011655873779402326,0.012893501457501606,0.8667900139496877,0.02445492719147125,0.013692662377449887,0.7670959315097976,0.0002799354304700505,0.0002799354304700505,3.2933580055300054
24850,0.0015837078991040145,0.0027057696571523185,0.9095024057654851,0.011644915064134462,0.012895364439097143,0.8669152564098919,0.024438677992981703,0.013695424741193112,0.7672506857811268,0.000280048125892945,0.000280048125892945,3.294683834034647
24860,0.0015818816260250571,0.0027060801235757413,0.9096067642271398,0.011633967090671712,0.01289722559458581,0.8670403761066089,0.024422438900451447,0.013698185386923254,0.7674053438052243,0.00028016082131583956,0.00028016082131583956,3.2960096625392885
24870,0.0015800576873673477,0.0027063901931475517,0.9097109892932946,0.011623029857228932,0.012899084924271083,0.8671653730602408,0.02440620991047011,0.01370094431522008,0.7675599056145703,0.0002802735167387341,0.0002802735167387341,3.2973354910439303
24880,0.001578236083201266,0.002706699865855786,0.9098150809599279,0.011612103362020985,0.012900942428456434,0.8672902472911888,0.024389991019627327,0.013703701526663354,0.7677143712416444,0.0002803862121616287,0.0002803862121616287,3.2986613195485726
24890,0.0015764168135971885,0.002707009141688479,0.9099190392230181,0.011601187603262727,0.012902798107445337,0.8674149988198545,0.02437378222451273,0.013706457021832836,0.7678687407189264,0.0002804989075845232,0.0002804989075845232,3.2999871480532144
24900,0.0015745998786254952,0.002707318020633667,0.9100228640785435,0.011590282579169017,0.01290465196154127,0.8675396276666398,0.024357583521715957,0.013709210801308287,0.7680230140788956,0.00028061160300741776,0.00028061160300741776,3.3013129765578557
24910,0.0015727852783565636,0.002707626502679385,0.9101265555224823,0.011579388287954712,0.0129065039910477,0.8676641338519461,0.024341394907826636,0.013711962865669471,0.768177191354032,0.0002807242984303123,0.0002807242984303123,3.3026388050624975
24920,0.0015709730128607735,0.0027079345878136696,0.9102301135508133,0.011568504727834671,0.012908354196268108,0.8677885173961752,0.024325216379434394,0.013714713215496152,0.7683312725768152,0.00028083699385320684,0.00028083699385320684,3.303964633567139
24930,0.0015691630822085014,0.0027082422760245557,0.9103335381595145,0.011557631897023754,0.012910202577505964,0.8679127783197286,0.024309047933128873,0.01371746185136809,0.768485257779725,0.0002809496892761014,0.0002809496892761014,3.3052904620717807
24940,0.0015673554864701262,0.0027085495673000795,0.9104368293445645,0.011546769793736818,0.012912049135064742,0.8680369166430079,0.0242928895654997,0.013720208773865051,0.7686391469952409,0.0002810623846989959,0.0002810623846989959,3.3066162905764225
24950,0.0015655502257160277,0.0027088564616282763,0.9105399871019416,0.011535918416188722,0.01291389386924792,0.8681609323864147,0.024276741273136504,0.013722953983566794,0.7687929402558428,0.0002811750801218905,0.0002811750801218905,3.3079421190810647
24960,0.001563747300016583,0.0027091629589971818,0.910643011427624,0.011525077762594323,0.012915736780358966,0.8682848255703506,0.024260603052628928,0.013725697481053081,0.7689466375940102,0.00028128777554478504,0.00028128777554478504,3.309267947585706
24970,0.0015619467094421706,0.002709469059394832,0.9107459023175905,0.011514247831168483,0.01291757786870136,0.8684085962152175,0.024244474900566595,0.013728439266903678,0.7691002390422229,0.0002814004709676796,0.0002814004709676796,3.310593776090348
24980,0.0015601484540631702,0.0027097747628092622,0.9108486597678193,0.011503428620126058,0.012919417134578573,0.8685322443414165,0.02422835681353914,0.013731179341698346,0.7692537446329606,0.0002815131663905741,0.0002815131663905741,3.3119196045949892
24990,0.0015583525339499587,0.002710080069228508,0.9109512837742884,0.011492620127681907,0.012921254578294078,0.8686557699693496,0.024212248788136194,0.013733917706016847,0.769407154398703,0.00028162586181346865,0.00028162586181346865,3.313245433099631
25000,0.0015565589491729147,0.0027103849786406053,0.9110537743329765,0.011481822352050891,0.01292309020015135,0.8687791731194183,0.024196150820947393,0.013736654360438944,0.7695604683719296,0.0002817385572363632,0.0002817385572363632,3.3145712616042724
25010,0.0015547676998024177,0.00271068949103359,0.9111561314398622,0.011471035291447863,0.012924924000453865,0.8689024538120244,0.024180062908562366,0.013739389305544396,0.7697136865851203,0.00028185125265925773,0.00028185125265925773,3.315897090108914
25020,0.0015529787859088454,0.0027109936063954973,0.9112583550909233,0.011460258944087684,0.012926755979505095,0.8690256120675692,0.024163985047570752,0.013742122541912972,0.7698668090707548,0.00028196394808215227,0.00028196394808215227,3.317222918613556
25030,0.0015511922075625755,0.002711297324714363,0.9113604452821388,0.011449493308185215,0.012928586137608514,0.8691486479064545,0.024147917234562177,0.01374485407012443,0.7700198358613126,0.00028207664350504686,0.00028207664350504686,3.3185487471181982
25040,0.0015494079648339875,0.002711600645978223,0.9114624020094866,0.011438738381955313,0.012930414475067598,0.869271561349082,0.024131859466126268,0.013747583890758534,0.7701727669892736,0.0002821893389279414,0.0002821893389279414,3.3198745756228396
25050,0.0015476260577934604,0.0027119035701751127,0.9115642252689454,0.011427994163612835,0.012932240992185819,0.8693943524158533,0.024115811738852667,0.013750312004395046,0.7703256024871175,0.00028230203435083593,0.00028230203435083593,3.3212004041274814
25060,0.0015458464865113707,0.002712206097293068,0.9116659150564934,0.011417260651372642,0.012934065689266652,0.8695170211271698,0.024099774049331005,0.01375303841161373,0.7704783423873238,0.00028241472977373047,0.00028241472977373047,3.3225262326321228
25070,0.0015440692510580978,0.0027125082273201243,0.911767471368109,0.011406537843449591,0.012935888566613572,0.8696395675034333,0.02408374639415091,0.013755763112994344,0.7706309867223722,0.00028252742519662506,0.00028252742519662506,3.323852061136765
25080,0.0015422943515040212,0.0027128099602443173,0.9118688941997704,0.011395825738058541,0.01293770962453005,0.8697619915650452,0.02406772876990202,0.013758486109116657,0.7707835355247427,0.0002826401206195196,0.0002826401206195196,3.325177889641407
25090,0.0015405217879195174,0.002713111296053683,0.9119701835474564,0.011385124333414346,0.012939528863319562,0.8698842933324075,0.024051721173173963,0.013761207400560426,0.7709359888269146,0.00028275281604241414,0.00028275281604241414,3.3265037181460486
25100,0.0015387515603749666,0.0027134122347362566,0.9120713394071449,0.011374433627731875,0.012941346283285582,0.8700064728259214,0.024035723600556374,0.013763926987905416,0.7710883466613679,0.0002828655114653087,0.0002828655114653087,3.32782954665069
25110,0.0015369836689407453,0.002713712776280074,0.9121723617748148,0.011363753619225977,0.012943161884731585,0.8701285300659888,0.02401973604863888,0.01376664487173139,0.771240609060582,0.0002829782068882032,0.0002829782068882032,3.3291553751553318
25120,0.0015352181136872342,0.0027140129206731714,0.912273250646444,0.011353084306111514,0.012944975667961045,0.8702504650730113,0.024003758514011122,0.013769361052618109,0.7713927760570369,0.00028309090231109775,0.00028309090231109775,3.330481203659973
25130,0.0015334548946848094,0.0027143126679035835,0.9123740060180112,0.011342425686603343,0.012946787633277433,0.8703722778673904,0.023987790993262727,0.013772075531145336,0.7715448476832121,0.0002832035977339923,0.0002832035977339923,3.331807032164615
25140,0.0015316940120038507,0.002714612017959346,0.9124746278854944,0.011331777758916327,0.012948597780984226,0.8704939684695278,0.02397183348298333,0.013774788307892834,0.7716968239715873,0.0002833162931568869,0.0002833162931568869,3.333132860669257
25150,0.0015299354657147372,0.002714910970828496,0.9125751162448724,0.011321140521265316,0.012950406111384899,0.870615536899825,0.02395588597976256,0.013777499383440365,0.7718487049546423,0.0002834289885797814,0.0002834289885797814,3.3344586891738985
25160,0.0015281792558878454,0.002715209526499067,0.9126754710921233,0.01131051397186518,0.012952212624782921,0.8707369831786836,0.023939948480190047,0.013780208758367692,0.7720004906648567,0.00028354168400267595,0.00028354168400267595,3.3357845176785403
25170,0.0015264253825935546,0.0027155076849590966,0.9127756924232256,0.011299898108930765,0.012954017321481772,0.8708583073265055,0.02392402098085543,0.013782916433254577,0.7721521811347103,0.0002836543794255705,0.0002836543794255705,3.337110346183182
25180,0.0015246738459022443,0.0027158054461966195,0.9128757802341577,0.01128929293067694,0.012955820201784922,0.8709795093636921,0.023908103478348337,0.013785622408680783,0.7723037763966826,0.00028376707484846503,0.00028376707484846503,3.3384361746878235
25190,0.001522924645884291,0.0027161028101996714,0.9129757345208979,0.011278698435318557,0.012957621265995846,0.8711005893106449,0.023892195969258404,0.01378832668522607,0.7724552764832532,0.0002838797702713596,0.0002838797702713596,3.3397620031924657
25200,0.0015211777826100751,0.0027163997769562884,0.9130755552794245,0.011268114621070477,0.012959420514418021,0.871221547187766,0.023876298450175266,0.013791029263470204,0.7726066814269023,0.00028399246569425416,0.00028399246569425416,3.3410878316971075
25210,0.001519433256149973,0.0027166963464545055,0.913175242505716,0.01125754148614756,0.012961217947354917,0.8713423830154565,0.023860410917688545,0.013793730143992947,0.772757991260109,0.0002841051611171487,0.0002841051611171487,3.342413660201749
25220,0.0015176910665743652,0.002716992518682359,0.9132747961957508,0.011246979028764663,0.01296301356511001,0.8714630968141182,0.02384453336838788,0.01379642932737406,0.7729092060153536,0.00028421785654004323,0.00028421785654004323,3.3437394887063907
25230,0.001515951213953628,0.002717288293627884,0.9133742163455072,0.011236427247136643,0.012964807367986773,0.8715836886041527,0.023828665798862902,0.013799126814193307,0.7730603257251152,0.00028433055196293777,0.00028433055196293777,3.3450653172110325
25240,0.0015142136983581416,0.002717583671279117,0.9134735029509636,0.01122588613947836,0.012966599356288681,0.8717041584059616,0.023812808205703244,0.013801822605030448,0.7732113504218738,0.0002844432473858323,0.0002844432473858323,3.346391145715674
25250,0.0015124785198582839,0.0027178786516240928,0.9135726560080982,0.01121535570400467,0.012968389530319207,0.8718245062399466,0.023796960585498537,0.013804516700465248,0.7733622801381091,0.00028455594280872684,0.00028455594280872684,3.3477169742203157
25260,0.0015107456785244324,0.0027181732346508473,0.9136716755128897,0.011204835938930438,0.012970177890381827,0.8719447321265092,0.023781122934838417,0.013807209101077468,0.7735131149063007,0.0002846686382316214,0.0002846686382316214,3.349042802724957
25270,0.0015090151744269666,0.0027184674203474166,0.9137705614613165,0.011194326842470516,0.012971964436780014,0.8720648360860512,0.023765295250312516,0.013809899807446872,0.7736638547589284,0.00028478133365451597,0.00028478133365451597,3.3503686312295993
25280,0.0015072870076362648,0.002718761208701836,0.9138693138493564,0.011183828412839767,0.012973749169817242,0.8721848181389741,0.023749477528510463,0.01381258882015322,0.7738144997284717,0.0002848940290774105,0.0002848940290774105,3.351694459734241
25290,0.0015055611782227051,0.002719054599702141,0.9139679326729886,0.011173340648253044,0.012975532089796984,0.8723046783056795,0.02373366976602189,0.013815276139776279,0.7739650498474105,0.00028500672450030505,0.00028500672450030505,3.353020288238883
25300,0.0015038376862566666,0.002719347593336368,0.9140664179281908,0.011162863546925212,0.012977313197022715,0.872424416606569,0.023717871959436435,0.013817961766895806,0.7741155051482245,0.0002851194199231996,0.0002851194199231996,3.3543461167435242
25310,0.0015021165318085264,0.0027196401895925515,0.9141647696109415,0.011152397107071126,0.01297909249179791,0.8725440330620443,0.02370208410534372,0.013820645702091567,0.7742658656633931,0.0002852321153460941,0.0002852321153460941,3.355671945248166
25320,0.0015003977149486642,0.0027199323884587283,0.9142629877172195,0.011141941326905642,0.012980869974426042,0.872663527692507,0.02368630620033339,0.013823327945943324,0.7744161314253962,0.00028534481076898866,0.00028534481076898866,3.3569977737528074
25330,0.0014986812357474576,0.002720224189922933,0.9143610722430027,0.011131496204643621,0.012982645645210586,0.8727829005183586,0.02367053824099507,0.013826008499030838,0.7745663024667135,0.0002854575061918832,0.0002854575061918832,3.358323602257449
25340,0.0014969670942752852,0.0027205155939732024,0.9144590231842696,0.011121061738499926,0.012984419504455013,0.8729021515600007,0.023654780223918388,0.013828687361933874,0.7747163788198249,0.0002855702016147778,0.0002855702016147778,3.3596494307620914
25350,0.001495255290602526,0.0027208066005975718,0.9145568405369988,0.011110637926689409,0.012986191552462802,0.8730212808378354,0.02363903214569299,0.01383136453523219,0.7748663605172096,0.0002856828970376723,0.0002856828970376723,3.360975259266733
25360,0.0014935458247995578,0.0027210972097840764,0.9146545242971684,0.011100224767426932,0.012987961789537424,0.8731402883722638,0.023623294002908492,0.013834040019505556,0.7750162475913477,0.00028579559246056686,0.00028579559246056686,3.3623010877713746
25370,0.0014918386969367593,0.002721387421520752,0.9147520744607569,0.011089822258927353,0.012989730215982351,0.8732591741836874,0.02360756579215454,0.013836713815333728,0.7751660400747187,0.0002859082878834614,0.0002859082878834614,3.3636269162760164
25380,0.0014901339070845089,0.0027216772357956344,0.9148494910237426,0.011079430399405529,0.012991496832101062,0.8733779382925082,0.023591847510020757,0.01383938592329647,0.7753157379998022,0.00028602098330635594,0.00028602098330635594,3.3649527447806578
25390,0.0014884314553131849,0.0027219666525967598,0.914946773982104,0.011069049187076317,0.012993261638197029,0.873496580719128,0.023576139153096785,0.013842056343973546,0.7754653413990782,0.0002861336787292505,0.0002861336787292505,3.3662785732852996
25400,0.0014867313416931662,0.002722255671912163,0.9150439233318194,0.01105867862015458,0.012995024634573723,0.8736151014839475,0.023560440717972253,0.013844725077944717,0.7756148503050262,0.000286246374152145,0.000286246374152145,3.367604401789941
25410,0.0014850335662948302,0.0027225442937298797,0.915140939068867,0.011048318696855176,0.012996785821534622,0.8737335006073694,0.023544752201236786,0.013847392125789747,0.7757642647501258,0.00028635906957503955,0.00028635906957503955,3.3689302302945827
25420,0.0014833381291885568,0.0027228325180379464,0.9152378211892257,0.01103796941539296,0.012998545199383198,0.8738517781097946,0.023529073599480022,0.013850057488088397,0.775913584766857,0.0002864717649979341,0.0002864717649979341,3.3702560587992245
25430,0.0014816450304447224,0.002723120344824398,0.9153345696888732,0.011027630773982793,0.013000302768422928,0.8739699340116253,0.02351340490929159,0.01385272116542043,0.7760628103876992,0.0002865844604208287,0.0002865844604208287,3.3715818873038668
25440,0.0014799542701337074,0.0027234077740772708,0.9154311845637884,0.01101730277083953,0.013002058528957281,0.8740879683332625,0.02349774612726113,0.013855383158365608,0.7762119416451321,0.0002866971558437232,0.0002866971558437232,3.372907715808508
25450,0.0014782658483258894,0.0027236948057845997,0.9155276658099494,0.011006985404178039,0.013003812481289736,0.8742058810951081,0.023482097249978268,0.013858043467503694,0.7763609785716356,0.00028680985126661775,0.00028680985126661775,3.37423354431315
25460,0.0014765797650916467,0.0027239814399344212,0.9156240134233348,0.010996678672213168,0.013005564625723763,0.8743236723175638,0.02346645827403264,0.01386070209341445,0.7765099211996891,0.00028692254668951235,0.00028692254668951235,3.375559372817792
25470,0.0014748960205013578,0.0027242676765147703,0.9157202273999226,0.010986382573159781,0.01300731496256284,0.8744413420210311,0.02345082919601387,0.013863359036677642,0.7766587695617727,0.0002870352421124069,0.0002870352421124069,3.3768852013224335
25480,0.0014732146146254014,0.0027245535155136827,0.9158163077356917,0.010976097105232733,0.013009063492110437,0.8745588902259116,0.023435210012511604,0.013866014297873028,0.7768075236903657,0.0002871479375353014,0.0002871479375353014,3.3782110298270753
25490,0.001471535547534156,0.0027248389569191943,0.9159122544266198,0.010965822266646885,0.013010810214670031,0.874676316952607,0.023419600720115463,0.01386866787758037,0.7769561836179479,0.00028726063295819596,0.00028726063295819596,3.379536858331717
25500,0.0014698588192979993,0.002725124000719341,0.916008067468686,0.010955558055617097,0.013012555130545094,0.8747936222215188,0.023404001315415087,0.013871319776379435,0.7771047493769991,0.0002873733283810905,0.0002873733283810905,3.3808626868363585
25510,0.0014681844299873105,0.002725408646902158,0.9161037468578682,0.010945304470358224,0.013014298240039104,0.8749108060530489,0.023388411795000102,0.013873969994849982,0.7772532209999989,0.00028748602380398503,0.00028748602380398503,3.3821885153410003
25520,0.001466512379672468,0.0027256928954556814,0.9161992925901449,0.010935061509085126,0.01301603954345553,0.8750278684675986,0.02337283215546014,0.013876618533571776,0.7774015985194273,0.00028759871922687957,0.00028759871922687957,3.3835143438456416
25530,0.0014648426684238493,0.002725976746367947,0.9162947046614947,0.010924829170012662,0.01301777904109785,0.8751448094855695,0.023357262393384846,0.013879265393124576,0.7775498819677633,0.0002877114146497741,0.0002877114146497741,3.3848401723502834
25540,0.0014631752963118337,0.0027262601996269893,0.9163899830678954,0.010914607451355692,0.013019516733269534,0.8752616291273635,0.023341702505363833,0.013881910574088148,0.7776980713774873,0.00028782411007266865,0.00028782411007266865,3.386166000854925
25550,0.0014615102634067995,0.002726543255220845,0.916485127805326,0.01090439635132907,0.01302125262027406,0.8753783274133821,0.023326152487986748,0.013884554077042251,0.7778461667810784,0.00028793680549556324,0.00028793680549556324,3.387491829359567
25560,0.0014598475697791247,0.00272682591313755,0.9165801388697645,0.010894195868147657,0.0130229867024149,0.8754949043640269,0.02331061233784322,0.013887195902566651,0.7779941682110169,0.0002880495009184578,0.0002880495009184578,3.388817657864209
25570,0.001458187215499188,0.002727108173365139,0.9166750162571895,0.01088400600002631,0.013024718979995529,0.8756113599996993,0.023295082051522878,0.013889836051241111,0.7781420756997821,0.0002881621963413523,0.0002881621963413523,3.3901434863688507
25580,0.001456529200637369,0.0027273900358916483,0.9167697599635791,0.010873826745179893,0.01302644945331942,0.8757276943408012,0.02327956162561536,0.01389247452364539,0.7782898892798538,0.00028827489176424685,0.00028827489176424685,3.391469314873492
25590,0.0014548735252640438,0.0027276715007051137,0.9168643699849122,0.010863658101823258,0.013028178122690047,0.8758439074077341,0.02326405105671029,0.013895111320359251,0.7784376089837116,0.0002883875871871414,0.0002883875871871414,3.392795143378134
25600,0.0014532201894495926,0.0027279525677935705,0.9169588463171665,0.010853500068171268,0.013029904988410886,0.8759599992208997,0.02324855034139731,0.013897746441962457,0.7785852348438351,0.0002885002826100359,0.0002885002826100359,3.394120971882775
25610,0.001451569193264393,0.0027282332371450545,0.9170531889563207,0.01084335264243878,0.01303163005078541,0.8760759698006997,0.02323305947626604,0.013900379889034772,0.7787327668927043,0.00028861297803293046,0.00028861297803293046,3.395446800387417
25620,0.0014499205367788236,0.002728513508747601,0.9171473978983532,0.010833215822840652,0.013033353310117091,0.8761918191675354,0.023217578457906125,0.013903011662155958,0.7788802051627988,0.00028872567345582505,0.00028872567345582505,3.396772628892059
25630,0.0014482742200632626,0.0027287933825892465,0.9172414731392424,0.010823089607591737,0.013035074766709407,0.8763075473418087,0.02320210728290719,0.013905641761905776,0.7790275496865982,0.0002888383688787196,0.0002888383688787196,3.398098457396701
25640,0.001446630243188089,0.0027290728586580257,0.9173354146749666,0.010812973994906905,0.01303679442086583,0.8764231543439213,0.023186645947858874,0.01390827018886399,0.7791748004965822,0.00028895106430161413,0.00028895106430161413,3.3994242859013424
25650,0.0014449886062236814,0.002729351936941975,0.917429222501504,0.010802868983001007,0.013038512272889831,0.8765386401942742,0.023171194449350802,0.013910896943610364,0.7793219576252305,0.00028906375972450867,0.00028906375972450867,3.400750114405984
25660,0.0014433493092404176,0.00272963061742913,0.9175228966148337,0.010792774570088905,0.013040228323084888,0.8766540049132696,0.023155752783972607,0.013913522026724655,0.7794690211050227,0.0002891764551474032,0.0002891764551474032,3.4020759429106255
25670,0.001441712352308676,0.002729908900107526,0.9176164370109331,0.010782690754385454,0.013041942571754474,0.876769248521309,0.023140320948313926,0.013916145438786633,0.7796159909684388,0.00028928915057029774,0.00028928915057029774,3.4034017714152673
25680,0.0014400777354988351,0.002730186784965199,0.9177098436857811,0.010772617534105515,0.013043655019202065,0.8768843710387941,0.02312489893896439,0.013918767180376053,0.7797628672479582,0.0002894018459931923,0.0002894018459931923,3.4047275999199087
25690,0.0014384454588812737,0.0027304642719901844,0.9178031166353561,0.010762554907463943,0.013045365665731131,0.8769993724861264,0.02310948675251363,0.013921387252072683,0.7799096499760607,0.00028951454141608687,0.00028951454141608687,3.406053428424551
25700,0.00143681552252637,0.002730741361170518,0.9178962558556363,0.010752502872675604,0.013047074511645149,0.8771142528837074,0.023094084385551283,0.013924005654456282,0.7800563391852259,0.0002896272368389814,0.0002896272368389814,3.4073792569291927
25710,0.0014351879265045021,0.0027310180524942355,0.9179892613426002,0.010742461427955348,0.013048781557247592,0.8772290122519388,0.023078691834666973,0.013926622388106614,0.7802029349079336,0.00028973993226187594,0.00028973993226187594,3.4087050854338345
25720,0.0014335626708860492,0.0027312943459493724,0.918082133092226,0.010732430571518037,0.013050486802841935,0.8773436506112224,0.023063309096450334,0.013929237453603442,0.7803494371766634,0.0002898526276847705,0.0002898526276847705,3.410030913938476
25730,0.0014319397557413893,0.002731570241523965,0.9181748711004923,0.010722410301578533,0.013052190248731652,0.8774581679819596,0.023047936167491002,0.013931850851526529,0.7804958460238952,0.000289965323107665,0.000289965323107665,3.4113567424431177
25740,0.0014303191811408998,0.002731845739206048,0.9182674753633775,0.010712400616351689,0.013053891895220215,0.8775725643845521,0.02303257304437861,0.013934462582455636,0.7806421614821084,0.0002900780185305596,0.0002900780185305596,3.41268257094776
25750,0.001428700947154961,0.0027321208389836575,0.9183599458768597,0.010702401514052365,0.0130555917426111,0.8776868398394015,0.02301721972370279,0.013937072646970524,0.7807883835837828,0.00029019071395345415,0.00029019071395345415,3.4140083994524013
25760,0.0014270850538539506,0.0027323955408448293,0.9184522826369172,0.010692412992895424,0.01305728979120778,0.8778009943669094,0.02300187620205317,0.013939681045650961,0.7809345123613984,0.0002903034093763487,0.0002903034093763487,3.415334227957043
25770,0.001425471501308246,0.002732669844777599,0.9185444856395291,0.010682435051095717,0.01305898604131373,0.8779150279874776,0.02298654247601939,0.013942287779076704,0.7810805478474343,0.0002904161047992432,0.0002904161047992432,3.416660056461685
25780,0.0014238602895882274,0.0027329437507700024,0.918636554880673,0.010672467686868107,0.013060680493232424,0.8780289407215074,0.02297121854219107,0.013944892847827517,0.7812264900743707,0.00029052880022213776,0.00029052880022213776,3.4179858849663263
25790,0.0014222514187642718,0.002733217258810075,0.9187284903563275,0.01066251089842745,0.013062373147267334,0.8781427325894006,0.022955904397157858,0.013947496252483163,0.781372339074687,0.0002906414956450323,0.0002906414956450323,3.419311713470968
25800,0.001420644888906758,0.0027334903688858523,0.9188202920624713,0.01065256468398861,0.013064064003721938,0.8782564036115588,0.022940600037509376,0.013950097993623406,0.7815180948808631,0.00029075419106792684,0.00029075419106792684,3.4206375419756094
25810,0.0014190407000860645,0.00273376308098537,0.9189119599950824,0.01064262904176644,0.013065753062899706,0.8783699538083835,0.02292530545983526,0.013952698071828005,0.7816637575253784,0.0002908668864908214,0.0002908668864908214,3.4219633704802512
25820,0.0014174388523725706,0.002734035395096664,0.919003494150139,0.010632703969975803,0.013067440325104115,0.8784833832002765,0.02291002066072514,0.013955296487676726,0.7818093270407129,0.00029097958191371596,0.00029097958191371596,3.4232891989848935
25830,0.0014158393458366535,0.00273430731120777,0.9190948945236201,0.010622789466831551,0.013069125790638639,0.8785966918076394,0.02289474563676865,0.01395789324174933,0.7819548034593462,0.0002910922773366105,0.0002910922773366105,3.4246150274895353
25840,0.0014142421805486915,0.002734578829306723,0.9191861611115035,0.01061288553054855,0.013070809459806747,0.8787098796508737,0.02287948038455542,0.013960488334625577,0.7821001868137578,0.00029120497275950504,0.00029120497275950504,3.4259408559941766
25850,0.001412647356579064,0.00273484994938156,0.9192772939097681,0.010602992159341653,0.01307249133291192,0.8788229467503811,0.022864224900675086,0.013963081766885235,0.7822454771364277,0.0002913176681823996,0.0002913176681823996,3.4272666844988184
25860,0.0014110548739981492,0.002735120671420316,0.9193682929143918,0.010593109351425717,0.013074171410257629,0.8789358931265632,0.02284897918171728,0.013965673539108062,0.7823906744598353,0.0002914303636052941,0.0002914303636052941,3.42859251300346
25870,0.0014094647328763248,0.002735390995411026,0.9194591581213533,0.010583237105015606,0.013075849692147349,0.8790487187998216,0.02283374322427163,0.013968263651873822,0.7825357788164606,0.00029154305902818865,0.00029154305902818865,3.4299183415081016
25880,0.0014078769332839698,0.002735660921341726,0.9195498895266305,0.010573375418326179,0.013077526178884552,0.879161423790558,0.02281851702492777,0.013970852105762278,0.782680790238783,0.00029165575445108324,0.00029165575445108324,3.431244170012744
25890,0.001406291475291463,0.002735930449200452,0.9196404871262023,0.010563524289572293,0.013079200870772712,0.8792740081191738,0.022803300580275344,0.013973438901353191,0.7828257087592825,0.0002917684498739778,0.0002917684498739778,3.432569998517385
25900,0.0014047083589691818,0.00273619957897524,0.919730950916047,0.0105536837169688,0.013080873768115306,0.8793864718060709,0.022788093886903966,0.013976024039226325,0.7829705344104384,0.0002918811452968723,0.0002918811452968723,3.433895827022027
25910,0.001403127584387506,0.002736468310654125,0.9198212808921428,0.010543853698730567,0.013082544871215806,0.8794988148716507,0.022772896941403276,0.013978607519961442,0.7831152672247307,0.00029199384071976686,0.00029199384071976686,3.435221655526669
25920,0.001401549151616813,0.002736736644225143,0.9199114770504682,0.01053403423307245,0.013084214180377685,0.8796110373363148,0.02275770974036291,0.013981189344138304,0.7832599072346389,0.0002921065361426614,0.0002921065361426614,3.43654748403131
25930,0.0013999730607274809,0.0027370045796763294,0.9200015393870015,0.010524225318209304,0.01308588169590442,0.8797231392204651,0.022742532280372495,0.013983769512336675,0.7834044544726428,0.00029221923156555593,0.00029221923156555593,3.437873312535952
25940,0.0013983993117898889,0.0027372721169957198,0.9200914678977209,0.010514426952355993,0.013087547418099484,0.879835120544503,0.022727364558021667,0.013986348025136316,0.7835489089712222,0.00029233192698845047,0.00029233192698845047,3.4391991410405933
25950,0.0013968279048744156,0.0027375392561713504,0.920181262578605,0.01050463913372737,0.013089211347266348,0.87994698132883,0.022712206569900056,0.013988924883116989,0.7836932707628566,0.000292444622411345,0.000292444622411345,3.440524969545235
25960,0.001395258840051439,0.0027378059971912565,0.9202709234256323,0.010494861860538302,0.013090873483708491,0.880058721593848,0.022697058312597298,0.013991500086858458,0.7838375398800257,0.0002925573178342396,0.0002925573178342396,3.4418507980498774
25970,0.0013936921173913369,0.0027380723400434737,0.920360450434781,0.010485095131003638,0.013092533827729383,0.8801703413599584,0.022681919782703022,0.013994073636940486,0.7839817163552093,0.00029267001325713413,0.00029267001325713413,3.443176626554519
25980,0.001392127736964489,0.002738338284716038,0.9204498436020295,0.01047533894333824,0.0130941923796325,0.8802818406475629,0.022666790976806857,0.013996645533942833,0.784125800220887,0.00029278270868002867,0.00029278270868002867,3.4445024550591605
25990,0.0013905656988412733,0.0027386038311969845,0.9205391029233561,0.01046559329575697,0.013095849139721318,0.8803932194770633,0.022651671891498446,0.013999215778445264,0.7842697915095386,0.0002928954041029232,0.0002928954041029232,3.4458282835638023
26000,0.0013890060030920678,0.0027388689794743495,0.9206282283947392,0.010455858186474681,0.013097504108299306,0.8805044778688609,0.02263656252336741,0.01400178437102754,0.7844136902536437,0.00029300809952581775,0.00029300809952581775,3.4471541120684437
26010,0.0013874486497872508,0.0027391337295361684,0.9207172200121574,0.010446133613706235,0.013099157285669941,0.8806156158433572,0.022621462869003392,0.014004351312269424,0.7845574964856821,0.0002931207949487123,0.0002931207949487123,3.4484799405730855
26020,0.0013858936389972015,0.002739398081370477,0.9208060777715888,0.010436419575666487,0.013100808672136699,0.8807266334209544,0.022606372924996013,0.014006916602750677,0.7847012102381331,0.0002932334903716068,0.0002932334903716068,3.449805769077727
26030,0.0013843409707922976,0.0027396620349653105,0.9208948016690118,0.010426716070570302,0.013102458268003051,0.8808375306220537,0.022591292687934913,0.014009480243051063,0.784844831543477,0.0002933461857945014,0.0002933461857945014,3.4511315975823695
26040,0.0013827906452429182,0.002739925590308705,0.920983391700405,0.010417023096632533,0.013104106073572472,0.8809483074670568,0.02257622215440972,0.014012042233750346,0.7849883604341931,0.00029345888121739595,0.00029345888121739595,3.452457426087011
26050,0.0013812426624194413,0.0027401887473886962,0.9210718478617466,0.010407340652068041,0.013105752089148435,0.8810589639763652,0.022561161321010072,0.014014602575428286,0.785131796942761,0.0002935715766402905,0.0002935715766402905,3.4537832545916527
26060,0.0013796970223922452,0.0027404515061933196,0.9211601701490149,0.01039766873509168,0.013107396315034416,0.8811695001703808,0.022546110184325598,0.014017161268664648,0.785275141101661,0.000293684272063185,0.000293684272063185,3.455109083096294
26070,0.0013781537252317085,0.0027407138667106105,0.9212483585581883,0.010388007343918313,0.013109038751533887,0.8812799160695048,0.022531068740945927,0.014019718314039191,0.785418392943372,0.00029379696748607956,0.00029379696748607956,3.456434911600936
26080,0.0013766127710082101,0.0027409758289286055,0.9213364130852455,0.0103783564767628,0.013110679398950326,0.8813902116941394,0.022516036987460703,0.01402227371213168,0.7855615525003743,0.0002939096629089741,0.0002939096629089741,3.457760740105577
26090,0.0013750741597921279,0.0027412373928353394,0.9214243337261644,0.010368716131839999,0.013112318257587203,0.8815003870646857,0.022501014920459545,0.014024827463521877,0.7857046198051472,0.00029402235833186864,0.00029402235833186864,3.459086568610219
26100,0.0013735378916538395,0.0027414985584188483,0.9215121204769238,0.01035908630736476,0.013113955327747992,0.8816104422015455,0.022486002536532088,0.014027379568789545,0.7858475948901705,0.0002941350537547632,0.0002941350537547632,3.460412397114861
26110,0.0013720039666637249,0.0027417593256671676,0.9215997733335016,0.010349467001551952,0.013115590609736171,0.8817203771251206,0.02247099983226797,0.014029930028514444,0.785990477787924,0.0002942477491776577,0.0002942477491776577,3.461738225619502
26120,0.0013704723848921622,0.0027420196945683335,0.9216872922918767,0.010339858212616428,0.01311722410385521,0.8818301918558124,0.022456006804256818,0.01403247884327634,0.7861332685308874,0.0002943604446005523,0.0002943604446005523,3.4630640541241444
26130,0.001368943146409529,0.002742279665110381,0.9217746773480272,0.010330259938773052,0.013118855810408583,0.8819398864140223,0.022441023449088267,0.014035026013654993,0.7862759671515401,0.00029447314002344684,0.00029447314002344684,3.464389882628786
26140,0.0013674162512862043,0.002742539237281346,0.9218619284979314,0.010320672178236675,0.013120485729699767,0.8820494608201523,0.02242604976335195,0.014037571540230168,0.7864185736823623,0.0002945858354463414,0.0002945858354463414,3.4657157111334276
26150,0.0013658916995925668,0.002742798411069265,0.921949045737568,0.010311094929222159,0.013122113862032235,0.8821589150946039,0.0224110857436375,0.014040115423581623,0.7865610881558333,0.00029469853086923597,0.00029469853086923597,3.46704153963807
26160,0.0013643694913989938,0.0027430571864621722,0.922036029062915,0.010301528189944365,0.013123740207709459,0.8822682492577786,0.022396131386534547,0.014042657664289127,0.7867035106044329,0.0002948112262921305,0.0002948112262921305,3.4683673681427116
26170,0.0013628496267758645,0.002743315563448104,0.9221228784699508,0.010291971958618145,0.013125364767034917,0.8823774633300783,0.022381186688632725,0.014045198262932436,0.7868458410606407,0.00029492392171502505,0.00029492392171502505,3.4696931966473534
26180,0.0013613321057935582,0.002743573542015096,0.9222095939546541,0.010282426233458366,0.01312698754031208,0.8824865573319043,0.022366251646521666,0.014047737220091318,0.7869880795569366,0.0002950366171379196,0.0002950366171379196,3.471019025151995
26190,0.0013598169285224523,0.002743831122151184,0.922296175513003,0.01027289101267988,0.013128608527844421,0.8825955312836584,0.022351326256791,0.01405027453634553,0.7871302261258,0.0002951493125608141,0.0002951493125608141,3.4723448536566366
26200,0.0013583040950329245,0.002744088303844404,0.9223826231409762,0.01026336629449755,0.013130227729935419,0.8827043852057422,0.02233641051603036,0.014052810212274839,0.7872722807997109,0.00029526200798370866,0.00029526200798370866,3.473670682161278
26210,0.0013567936053953543,0.0027443450870827907,0.9224689368345513,0.010253852077126232,0.013131845146888543,0.8828131191185573,0.02232150442082938,0.014055344248459004,0.7874142436111488,0.0002953747034066032,0.0002953747034066032,3.4749965106659197
26220,0.0013552854596801207,0.0027446014718543804,0.9225551165897076,0.010244348358780783,0.013133460779007268,0.8829217330425053,0.022306607967777694,0.014057876645477791,0.7875561145925934,0.00029548739882949773,0.00029548739882949773,3.476322339170561
26230,0.0013537796579576006,0.002744857458147209,0.9226411624024231,0.010234855137676063,0.013135074626595071,0.8830302269979878,0.02229172115346493,0.01406040740391096,0.7876978937765243,0.00029560009425239227,0.00029560009425239227,3.477648167675203
26240,0.001352276200298173,0.0027451130459493116,0.9227270742686761,0.010225372412026932,0.013136686689955424,0.8831386010054065,0.022276843974480726,0.014062936524338276,0.7878395811954216,0.00029571278967528686,0.00029571278967528686,3.478973996179845
26250,0.0013507750867722173,0.002745368235248724,0.922812852184445,0.010215900180048242,0.0131382969693918,0.8832468550851629,0.02226197642741471,0.014065464007339499,0.7879811768817646,0.0002958254850981814,0.0002958254850981814,3.480299824684487
26260,0.0013492763174501104,0.002745623026033482,0.9228984961457082,0.010206438439954864,0.013139905465207675,0.8833549892576588,0.022247118508856516,0.014067989853494393,0.7881226808680333,0.00029593818052107594,0.00029593818052107594,3.4816256531891283
26270,0.001347779892402231,0.0027458774182916217,0.9229840061484442,0.010196987189961643,0.013141512177706522,0.8834630035432954,0.022232270215395776,0.014070514063382718,0.7882640931867069,0.0002960508759439705,0.0002960508759439705,3.48295148169377
26280,0.0013462858116989594,0.002746131412011178,0.9230693821886312,0.010187546428283449,0.013143117107191815,0.8835708979624749,0.02221743154362212,0.01407303663758424,0.7884054138702655,0.000296163571366865,0.000296163571366865,3.4842773101984115
26290,0.001344794075410672,0.0027463850071801866,0.9231546242622476,0.010178116153135134,0.01314472025396703,0.8836786725355985,0.022202602490125182,0.014075557576678718,0.7885466429511887,0.00029627626678975955,0.00029627626678975955,3.4856031387030533
26300,0.0013433046836077473,0.002746638203786684,0.9232397323652719,0.010168696362731556,0.013146321618335637,0.8837863272830679,0.022187783051494596,0.014078076881245918,0.7886877804619562,0.0002963889622126541,0.0002963889622126541,3.486928967207695
26310,0.0013418176363605644,0.002746891001818705,0.9233247064936823,0.010159287055287578,0.013147921200601114,0.8838938622252849,0.022172973224319995,0.0140805945518656,0.7888288264350476,0.0002965016576355487,0.0002965016576355487,3.4882547957123373
26320,0.001340332933739502,0.0027471434012642858,0.9234095466434573,0.010149888229018052,0.013149519001066933,0.8840012773826508,0.02215817300519101,0.014083110589117528,0.7889697809029428,0.0002966143530584432,0.0002966143530584432,3.4895806242169787
26330,0.0013388505758149373,0.0027473954021114614,0.9234942528105753,0.010140499882137841,0.013151115020036568,0.8841085727755674,0.022143382390697273,0.014085624993581463,0.7891106438981211,0.00029672704848133775,0.00029672704848133775,3.4909064527216205
26340,0.0013373705626572503,0.0027476470043482685,0.9235788249910145,0.010131122012861803,0.013152709257813495,0.8842157484244365,0.022128601377428413,0.014088137765837169,0.7892514154530628,0.0002968397439042323,0.0002968397439042323,3.492232281226262
26350,0.0013358928943368186,0.002747898207962742,0.9236632631807536,0.010121754619404798,0.013154301714701186,0.8843228043496595,0.022113829961974068,0.014090648906464408,0.7893920956002469,0.00029695243932712683,0.00029695243932712683,3.4935581097309036
26360,0.00133441757092402,0.0027481490129429176,0.9237475673757706,0.010112397699981682,0.013155892391003114,0.8844297405716378,0.022099068140923866,0.014093158416042943,0.7895326843721537,0.00029706513475002137,0.00029706513475002137,3.4948839382355454
26370,0.0013329445924892339,0.002748399419276831,0.923831737572044,0.010103051252807315,0.013157481287022758,0.8845365571107736,0.022084315910867444,0.014095666295152534,0.7896731818012624,0.0002971778301729159,0.0002971778301729159,3.496209766740187
26380,0.001331473959102839,0.002748649426952518,0.9239157737655523,0.010093715276096553,0.013159068403063587,0.8846432539874679,0.022069573268394434,0.014098172544372945,0.789813587920053,0.0002972905255958105,0.0002972905255958105,3.497535595244829
26390,0.0013300056708352125,0.0027488990359580147,0.9239996759522737,0.010084389768064262,0.013160653739429078,0.8847498312221228,0.022054840210094462,0.01410067716428394,0.7899539027610051,0.00029740322101870503,0.00029740322101870503,3.498861423749471
26400,0.0013285397277567335,0.0027491482462813563,0.9240834441281869,0.01007507472692529,0.013162237296422703,0.8848562888351394,0.02204011673255717,0.014103180155465281,0.7900941263565984,0.00029751591644159957,0.00029751591644159957,3.500187252254112
26410,0.00132707612993778,0.0027493970579105785,0.9241670782892699,0.010065770150894496,0.013163819074347938,0.8849626268469201,0.02202540283237218,0.01410568151849673,0.7902342587393126,0.0002976286118644941,0.0002976286118644941,3.501513080758754
26420,0.0013256148774487319,0.002749645470833717,0.9242505784315014,0.01005647603818675,0.013165399073508255,0.8850688452778658,0.02201069850612913,0.014108181253958046,0.7903742999416272,0.00029774130728738864,0.00029774130728738864,3.5028389092633954
26430,0.001324155970359966,0.0027498934850388066,0.9243339445508593,0.010047192387016901,0.013166977294207127,0.8851749441483782,0.02199600375041765,0.014110679362429,0.7905142499960224,0.00029785400271028324,0.00029785400271028324,3.5041647377680376
26440,0.0013226994087418608,0.0027501411005138848,0.9244171766433226,0.010037919195599812,0.013168553736748034,0.8852809234788592,0.02198131856182738,0.014113175844489345,0.7906541089349773,0.0002979666981331778,0.0002979666981331778,3.5054905662726794
26450,0.001321245192664796,0.002750388317246986,0.9245002747048692,0.010028656462150336,0.013170128401434444,0.8853867832897104,0.021966642936947944,0.01411567070071885,0.790793876790972,0.0002980793935560723,0.0002980793935560723,3.506816394777321
26460,0.0013197933221991485,0.002750635135226146,0.9245832387314775,0.010019404184883335,0.013171701288569836,0.8854925236013333,0.021951976872368974,0.014118163931697274,0.790933553596486,0.00029819208897896685,0.00029819208897896685,3.5081422232819626
26470,0.0013183437974152975,0.0027508815544394004,0.9246660687191262,0.01001016236201367,0.013173272398457678,0.8855981444341294,0.021937320364680105,0.014120655538004382,0.7910731393839989,0.0002983047844018614,0.0002983047844018614,3.5094680517866044
26480,0.0013168966183836222,0.0027511275748747853,0.9247487646637933,0.010000930991756193,0.01317484173140145,0.8857036458085006,0.021922673410470973,0.014123145520219933,0.7912126341859906,0.0002984174798247559,0.0002984174798247559,3.5107938802912457
26490,0.0013154517851744997,0.002751373196520336,0.9248313265614575,0.009991710072325771,0.01317640928770462,0.8858090277448484,0.02190803600633121,0.014125633878923695,0.7913520380349409,0.00029853017524765046,0.00029853017524765046,3.5121197087958875
26500,0.0013140092978583084,0.0027516184193640885,0.924913754408097,0.009982499601937256,0.01317797506767067,0.8859142902635743,0.021893408148850442,0.014128120614695424,0.7914913509633291,0.000298642870670545,0.000298642870670545,3.5134455373005293
26510,0.0013125691565054275,0.002751863243394078,0.9249960481996901,0.009973299578805507,0.013179539071603064,0.8860194333850798,0.0218787898346183,0.014130605728114889,0.7916305730036352,0.0002987555660934396,0.0002987555660934396,3.5147713658051716
26520,0.001311131361186236,0.002752107668598341,0.9250782079322153,0.009964110001145386,0.013181101299805285,0.886124457129767,0.021864181060224426,0.014133089219761847,0.7917697041883388,0.0002988682615163341,0.0002988682615163341,3.516097194309813
26530,0.0013096959119711107,0.002752351694964912,0.925160233601651,0.00995493086717175,0.013182661752580805,0.8862293615180371,0.021849581822258445,0.014135571090216063,0.7919087445499196,0.00029898095693922866,0.00029898095693922866,3.5174230228144547
26540,0.0013082628089304306,0.0027525953224818277,0.9252421252039756,0.009945762175099454,0.013184220430233096,0.886334146570292,0.021834992117309993,0.0141380513400573,0.7920476941208572,0.0002990936523621232,0.0002990936523621232,3.518748851319096
26550,0.0013068320521345748,0.0027528385511371234,0.9253238827351675,0.009936603923143363,0.01318577733306563,0.886438812306933,0.021820411941968706,0.014140529969865319,0.7921865529336313,0.00029920634778501774,0.00029920634778501774,3.520074679823738
26560,0.001305403641653921,0.0027530813809188343,0.9254055061912048,0.009927456109518328,0.013187332461381885,0.886543358748362,0.021805841292824205,0.014143006980219884,0.7923253210207218,0.0002993190432079123,0.0002993190432079123,3.5214005083283793
26570,0.0013039775775588484,0.002753323811814997,0.9254869955680661,0.00991831873243921,0.013188885815485336,0.8866477859149804,0.02179128016646613,0.014145482371700758,0.7924639984146084,0.00029943173863080687,0.00029943173863080687,3.522726336833022
26580,0.001302553859919735,0.002753565843813646,0.9255683508617296,0.009909191790120874,0.013190437395679454,0.88675209382719,0.021776728559484114,0.0141479561448877,0.7926025851477704,0.0002995444340537014,0.0002995444340537014,3.5240521653376633
26590,0.0013011324888069584,0.002753807476902818,0.925649572068174,0.009900075280778175,0.013191987202267712,0.8868562825053923,0.021762186468467788,0.014150428300360476,0.7927410812526877,0.00029965712947659594,0.00029965712947659594,3.525377993842305
26600,0.0012997134642908983,0.002754048711070548,0.9257306591833774,0.009890969202625968,0.013193535235553586,0.8869603519699889,0.021747653890006782,0.014152898838698847,0.7928794867618402,0.0002997698248994905,0.0002997698248994905,3.5267038223469465
26610,0.001298296786441932,0.0027542895463048725,0.9258116122033184,0.009881873553879112,0.013195081495840554,0.8870643022413817,0.02173313082069073,0.014155367760482575,0.7930178017077073,0.000299882520322385,0.000299882520322385,3.5280296508515883
26620,0.0012968824553304397,0.002754529982593826,0.9258924311239751,0.009872788332752467,0.013196625983432082,0.8871681333399718,0.021718617257109267,0.014157835066291424,0.7931560261227689,0.00029999521574527956,0.00029999521574527956,3.5293554793562296
26630,0.0012954704710267974,0.0027547700199254455,0.9259731159413263,0.009863713537460895,0.01319816869863165,0.8872718452861612,0.021704113195852023,0.014160300756705156,0.7932941600395046,0.0003001079111681741,0.0003001079111681741,3.5306813078608714
26640,0.001294060833601385,0.0027550096582877655,0.9260536666513496,0.009854649166219243,0.01319970964174273,0.8873754381003516,0.02168961863350863,0.014162764832303533,0.793432203490394,0.00030022060659106863,0.00030022060659106863,3.5320071363655132
26650,0.0012926535431245817,0.002755248897668822,0.9261340832500241,0.009845595217242384,0.013201248813068795,0.8874789118029441,0.021675133566668718,0.014165227293666318,0.793570156507917,0.0003003333020139632,0.0003003333020139632,3.5333329648701555
26660,0.0012912485996667638,0.002755487738056651,0.926214365733328,0.00983655168874517,0.013202786212913323,0.8875822664143409,0.021660657991921926,0.014167688141373272,0.793708019124553,0.00030044599743685776,0.00030044599743685776,3.534658793374797
26670,0.0012898460032983116,0.002755726179439288,0.9262945140972396,0.009827518578942459,0.013204321841579783,0.8876855019549433,0.02164619190585788,0.01417014737600416,0.7938457913727821,0.0003005586928597523,0.0003005586928597523,3.5359846218794386
26680,0.0012884457540896024,0.0027559642218047686,0.9263745283377373,0.009818495886049107,0.013205855699371653,0.8877886184451531,0.021631735305066215,0.014172604998138744,0.7939834732850837,0.00030067138828264683,0.00030067138828264683,3.53731045038408
26690,0.001287047852111015,0.0027562018651411287,0.9264544084507994,0.009809483608279983,0.013207387786592405,0.8878916159053717,0.021617288186136566,0.014175061008356783,0.7941210648939374,0.00030078408370554137,0.00030078408370554137,3.538636278888722
26700,0.0012856522974329277,0.0027564391094364034,0.9265341544324045,0.009800481743849931,0.013208918103545514,0.8879944943560009,0.021602850545658563,0.014177515407238044,0.7942585662318232,0.0003008967791284359,0.0003008967791284359,3.5399621073933636
26710,0.0012842590901257192,0.0027566759546786288,0.9266137662785306,0.009791490290973821,0.013210446650534453,0.8880972538174421,0.021588422380221836,0.014179968195362288,0.7943959773312206,0.00030100947455133045,0.00030100947455133045,3.541287935898005
26720,0.0012828682302597682,0.0027569124008558405,0.9266932439851564,0.009782509247866503,0.013211973427862697,0.8881998943100972,0.02157400368641602,0.014182419373309276,0.7945332982246093,0.00030112216997422504,0.00030112216997422504,3.542613764402647
26730,0.001281479717905452,0.002757148447956074,0.9267725875482602,0.00977353861274284,0.013213498435833719,0.8883024158543675,0.021559594460830746,0.014184868941658772,0.794670528944469,0.0003012348653971196,0.0003012348653971196,3.543939592907289
26740,0.00128009355313315,0.0027573840959673654,0.9268517969638203,0.009764578383817694,0.013215021674750993,0.8884048184706549,0.021545194700055646,0.01418731690099054,0.7948076695232795,0.0003013475608200141,0.0003013475608200141,3.5452654214119304
26750,0.0012787097360132406,0.0027576193448777503,0.9269308722278152,0.009755628559305916,0.013216543144917995,0.8885071021793609,0.021530804400680358,0.014189763251884339,0.7949447199935203,0.00030146025624290865,0.00030146025624290865,3.546591249916572
26760,0.001277328266616102,0.0027578541946752634,0.9270098133362229,0.00974668913742237,0.0132180628466382,0.8886092670008873,0.021516423559294506,0.014192207994919933,0.7950816803876714,0.0003015729516658032,0.0003015729516658032,3.5479170784212135
26770,0.0012759491450121119,0.002758088645347942,0.9270886202850224,0.009737760116381913,0.013219580780215076,0.8887113129556352,0.021502052172487726,0.014194651130677086,0.7952185507382121,0.0003016856470886977,0.0003016856470886977,3.5492429069258553
26780,0.00127457237127165,0.0027583226968838203,0.9271672930701916,0.009728841494399404,0.013221096945952103,0.8888132400640067,0.021487690236849658,0.014197092659735558,0.7953553310776222,0.00030179834251159226,0.00030179834251159226,3.550568735430497
26790,0.0012731979454650945,0.0027585563492709348,0.9272458316877091,0.009719933269689698,0.013222611344152754,0.8889150483464034,0.02147333774896992,0.014199532582675114,0.7954920214383817,0.0003019110379344868,0.0003019110379344868,3.5518945639351385
26800,0.001271825867662823,0.002758789602497321,0.9273242361335532,0.009711035440467657,0.013224123975120499,0.8890167378232267,0.021458994705438154,0.014201970900075514,0.79562862185297,0.0003020237333573814,0.0003020237333573814,3.5532203924397807
26810,0.0012704561379352141,0.0027590224565510143,0.9274025064037021,0.009702148004948138,0.013225634839158819,0.8891183085148785,0.021444661102843984,0.014204407612516522,0.7957651323538668,0.00030213642878027593,0.00030213642878027593,3.5545462209444225
26820,0.0012690887563526474,0.002759254911420051,0.9274806424941348,0.009693270961346001,0.013227143936571182,0.88921976044176,0.02143033693777705,0.0142068427205779,0.7959015529735518,0.00030224912420317047,0.00030224912420317047,3.555872049449064
26830,0.0012677237229855001,0.0027594869670924662,0.9275586444008289,0.009684404307876107,0.013228651267661064,0.8893210936242731,0.02141602220682699,0.01420927622483941,0.7960378837445048,0.000302361819626065,0.000302361819626065,3.5571978779537057
26840,0.0012663610379041504,0.0027597186235562956,0.9276365121197632,0.009675548042753307,0.013230156832731939,0.8894223080828193,0.021401716906583424,0.014211708125880818,0.7961741246992056,0.0003024745150489596,0.0003024745150489596,3.558523706458348
26850,0.0012650007011789778,0.0027599498807995746,0.9277142456469157,0.009666702164192466,0.013231660632087283,0.8895234038378004,0.021387421033635987,0.014214138424281882,0.7963102758701335,0.00030258721047185413,0.00030258721047185413,3.5598495349629897
26860,0.0012636427128803604,0.00276018073881034,0.9277918449782654,0.00965786667040844,0.013233162666030567,0.8896243809096179,0.021373134584574318,0.014216567120622366,0.7964463372897683,0.00030269990589474867,0.00030269990589474867,3.561175363467631
26870,0.0012622870730786763,0.002760411197576626,0.9278693101097901,0.009649041559616083,0.013234662934865268,0.8897252393186733,0.02135885755598804,0.014218994215482034,0.7965823089905901,0.0003028126013176432,0.0003028126013176432,3.562501191972273
26880,0.0012609337818443047,0.002760641257086469,0.9279466410374686,0.009640226830030265,0.013236161438894856,0.8898259790853684,0.021344589944466797,0.014221419709440644,0.796718191005078,0.00030292529674053774,0.00030292529674053774,3.5638270204769142
26890,0.0012595828392476223,0.002760870917327905,0.9280238377572789,0.009631422479865837,0.01323765817842281,0.8899266002301047,0.02133033174660021,0.014223843603077964,0.7968539833657123,0.0003030379921634323,0.0003030379921634323,3.565152848981556
26900,0.0012582342453590092,0.0027611001782889694,0.9281009002651996,0.009622628507337656,0.013239153153752601,0.8900271027732839,0.021316082958977915,0.014226265896973754,0.7969896861049722,0.0003031506875863268,0.0003031506875863268,3.566478677486198
26910,0.0012568880002488433,0.0027613290399576976,0.9281778285572091,0.00961384491066058,0.013240646365187703,0.8901274867353076,0.02130184357818955,0.014228686591707777,0.7971252992553377,0.00030326338300922136,0.00030326338300922136,3.567804505990839
26920,0.0012555441039875034,0.0027615575023221253,0.9282546226292858,0.009605071688049473,0.013242137813031591,0.8902277521365773,0.021287613600824738,0.014231105687859794,0.7972608228492882,0.0003033760784321159,0.0003033760784321159,3.569130334495481
26930,0.0012542025566453668,0.002761785565370289,0.9283312824774079,0.009596308837719192,0.01324362749758774,0.890327898997495,0.021273393023473117,0.014233523186009569,0.7973962569193035,0.0003034887738550105,0.0003034887738550105,3.5704561630001233
26940,0.0012528633582928124,0.0027620132290902227,0.9284078080975537,0.009587556357884592,0.01324511541915962,0.8904279273384617,0.02125918184272432,0.014235939086736865,0.7975316014978636,0.000303601469277905,0.000303601469277905,3.5717819915047646
26950,0.0012515265090002198,0.0027622404934699637,0.928484199485702,0.009578814246760537,0.01324660157805071,0.8905278371798795,0.021244980055167978,0.014238353390621444,0.7976668566174477,0.00030371416470079956,0.00030371416470079956,3.5731078200094064
26960,0.0012501920088379657,0.002762467358497547,0.9285604566378308,0.009570082502561882,0.013248085974564481,0.8906276285421498,0.021230787657393724,0.014240766098243067,0.797802022310536,0.0003038268601236941,0.0003038268601236941,3.5744336485140478
26970,0.0012488598578764293,0.002762693824161008,0.9286365795499186,0.009561361123503484,0.01324956860900441,0.8907273014456744,0.021216604645991184,0.014243177210181498,0.7979370986096077,0.00030393955554658864,0.00030393955554658864,3.5757594770186896
26980,0.00124753005618599,0.0027629198904483825,0.9287125682179437,0.009552650107800207,0.013251049481673967,0.8908268559108548,0.021202431017550007,0.014245586727016498,0.7980720855471427,0.0003040522509694832,0.0003040522509694832,3.5770853055233314
26990,0.0012462026038370243,0.002763145557347707,0.9287884226378845,0.009543949453666899,0.01325252859287663,0.8909262919580926,0.021188266768659807,0.014247994649327833,0.7982069831556209,0.00030416494639237777,0.00030416494639237777,3.5784111340279736
27000,0.001244877500899912,0.002763370824847016,0.9288641428057196,0.00953525915931843,0.013254005942915868,0.8910256096077893,0.021174111895910223,0.014250400977695261,0.7983417914675217,0.0003042776418152723,0.0003042776418152723,3.579736962532615
27010,0.0012435547474450312,0.0027635956929343455,0.928939728717427,0.00952657922296965,0.01325548153209516,0.8911248088803468,0.021159966395890892,0.014252805712698548,0.7984765105153249,0.00030439033723816684,0.00030439033723816684,3.5810627910372568
27020,0.0012422343435427603,0.002763820161597732,0.9290151803689854,0.009517909642835427,0.013256955360717979,0.8912238897961665,0.02114583026519144,0.014255208854917455,0.7986111403315101,0.0003045030326610614,0.0003045030326610614,3.582388619541898
27030,0.0012409162892634776,0.00276404423082521,0.929090497756373,0.00950925041713061,0.013258427429087798,0.8913228523756501,0.0211317035004015,0.014257610404931745,0.7987456809485571,0.0003046157280839559,0.0003046157280839559,3.58371444804654
27040,0.0012396005846775611,0.0027642679006048155,0.9291656808755681,0.009500601544070064,0.01325989773750809,0.8914216966391992,0.02111758609811071,0.014260010363321179,0.7988801323989456,0.00030472842350685045,0.00030472842350685045,3.5850402765511817
27050,0.0012382872298553906,0.002764491170924585,0.9292407297225495,0.009491963021868643,0.013261366286282331,0.8915204226072154,0.021103478054908698,0.014262408730665522,0.7990144947151553,0.000304841118929745,0.000304841118929745,3.586366105055823
27060,0.001236976224867343,0.002764714041772553,0.9293156442932949,0.009483334848741209,0.013262833075713996,0.8916190303001005,0.021089379367385093,0.014264805507544533,0.7991487679296657,0.0003049538143526395,0.0003049538143526395,3.587691933560465
27070,0.0012356675697837972,0.0027649365131367557,0.9293904245837834,0.009474717022902618,0.013264298106106557,0.8917175197382559,0.021075290032129535,0.014267200694537978,0.7992829520749568,0.0003050665097755341,0.0003050665097755341,3.589017762065107
27080,0.0012343612646751319,0.0027651585850052285,0.9294650705899927,0.00946610954256773,0.013265761377763488,0.8918158909420831,0.02106121004573166,0.014269594292225619,0.7994170471835081,0.00030517920519842866,0.00030517920519842866,3.5903435905697485
27090,0.0012330573096117265,0.0027653802573660074,0.9295395823079017,0.009457512405951402,0.013267222890988263,0.8919141439319839,0.021047139404781083,0.014271986301187216,0.7995510532877992,0.0003052919006213232,0.0003052919006213232,3.5916694190743903
27100,0.0012317557046639571,0.002765601530207128,0.9296139597334883,0.009448925611268495,0.013268682646084358,0.8920122787283601,0.021033078105867447,0.014274376722002532,0.79968497042031,0.00030540459604421773,0.00030540459604421773,3.5929952475790317
27110,0.0012304564499022032,0.002765822403516626,0.9296882028627313,0.009440349156733863,0.013270140643355244,0.8921102953516129,0.021019026145580384,0.014276765555251335,0.7998187986135201,0.00030551729146711227,0.00030551729146711227,3.5943210760836735
27120,0.001229159545396845,0.0027660428772825377,0.9297623116916093,0.009431783040562372,0.013271596883104399,0.8922081938221443,0.021004983520509526,0.01427915280151338,0.7999525378999093,0.00030562998689000686,0.00030562998689000686,3.5956469045883157
27130,0.0012278649912182576,0.0027662629514928973,0.9298362862160999,0.009423227260968873,0.013273051365635294,0.8923059741603558,0.02099095022724451,0.014281538461368433,0.8000861883119571,0.0003057426823129014,0.0003057426823129014,3.5969727330929575
27140,0.0012265725919145486,0.002766482659374528,0.9299101376048833,0.009414681200021624,0.013274504195996325,0.8924036434283242,0.020976926069084825,0.014283922568255579,0.8002197517230016,0.0003058553777357959,0.0003058553777357959,3.5982985615975984
27150,0.0012252812690199421,0.002766702184266611,0.9299839274845749,0.00940614145754726,0.013275955952216967,0.8925012404851742,0.02096290997684104,0.014286305303937022,0.8003532383157995,0.00030596807315869047,0.00030596807315869047,3.5996243901022407
27160,0.0012239908576703047,0.0027669215541960496,0.930057665275983,0.009397607512971412,0.01327740672279486,0.8925987712803267,0.020948901785158854,0.014288686696522994,0.8004866496651537,0.000306080768581585,0.000306080768581585,3.600950218606882
27170,0.001222701357848439,0.0027671407691657666,0.9301313509800895,0.009389079365237932,0.013278856507909553,0.8926962358258522,0.02093490149169295,0.014291066746412198,0.8006199857934004,0.00030619346400447955,0.00030619346400447955,3.602276047111524
27180,0.0012214127695371474,0.0027673598291786863,0.9302049845978777,0.009380557013290674,0.013280305307740587,0.8927936341338208,0.020920909094098005,0.014293445454003339,0.8007532467228761,0.0003063061594273741,0.0003063061594273741,3.6036018756161656
27190,0.0012201250927192328,0.0027675787342377315,0.9302785661303299,0.00937204045607349,0.013281753122467509,0.8928909662163029,0.020906924590028703,0.01429582281969512,0.8008864324759172,0.0003064188548502686,0.0003064188548502686,3.604927704120807
27200,0.0012188383273774978,0.0027677974843458267,0.9303520955784291,0.009363529692530232,0.013283199952269863,0.8929882320853688,0.02089294797713972,0.014298198843886247,0.8010195430748598,0.00030653155027316316,0.00030653155027316316,3.606253532625449
27210,0.0012175524734947454,0.0027680160795058944,0.9304255729431576,0.009355024721604755,0.013284645797327193,0.8930854317530885,0.020878979253085735,0.014300573526975424,0.8011525785420405,0.0003066442456960577,0.0003066442456960577,3.60757936113009
27220,0.0012162675310537778,0.002768234519720859,0.9304989982254986,0.009346525542240912,0.013286090657819046,0.8931825652315324,0.02086501841552143,0.014302946869361356,0.8012855388997959,0.0003067569411189523,0.0003067569411189523,3.6089051896347324
27230,0.001214983500037398,0.0027684528049936436,0.9305723714264347,0.009338032153382555,0.013287534533924967,0.8932796325327708,0.02085106546210148,0.014305318871442747,0.801418424170462,0.0003068696365418468,0.0003068696365418468,3.610231018139374
27240,0.0012137003804284085,0.0027686709353271716,0.9306456925469483,0.009329544553973536,0.013288977425824501,0.8933766336688739,0.020837120390480572,0.014307689533618302,0.8015512343763754,0.00030698233196474136,0.00030698233196474136,3.611556846644016
27250,0.001212418172209612,0.002768888910724367,0.9307189615880226,0.00932106274295771,0.013290419333697191,0.8934735686519119,0.02082318319831338,0.014310058856286724,0.8016839695398725,0.0003070950273876359,0.0003070950273876359,3.6128826751486574
27260,0.0012111368753638114,0.0027691067311881533,0.9307921785506397,0.00931258671927893,0.013291860257722584,0.8935704374939551,0.020809253883254587,0.01431242683984672,0.8018166296832896,0.00030720772281053044,0.00030720772281053044,3.614208503653299
27270,0.001209856489873809,0.0027693243967214535,0.9308653434357825,0.009304116481881048,0.013293300198080223,0.8936672402070737,0.02079533244295887,0.014314793484696992,0.8019492148289632,0.000307320418233425,0.000307320418233425,3.6155343321579405
27280,0.0012085770157224077,0.002769541907327192,0.9309384562444343,0.009295652029707916,0.013294739154949655,0.8937639768033381,0.02078141887508091,0.014317158791236245,0.8020817249992294,0.0003074331136563195,0.0003074331136563195,3.6168601606625823
27290,0.0012072984528924103,0.0027697592630082915,0.9310115169775769,0.00928719336170339,0.013296177128510426,0.8938606472948184,0.020767513177275387,0.014319522759863184,0.8022141602164249,0.0003075458090792141,0.0003075458090792141,3.6181859891672246
27300,0.001206020801366619,0.002769976463767676,0.9310845256361936,0.009278740476811322,0.013297614118942076,0.8939572516935849,0.020753615347196976,0.014321885390976515,0.802346520502886,0.00030765850450210864,0.00030765850450210864,3.619511817671866
27310,0.001204744061127837,0.002770193509608269,0.9311574822212668,0.009270293373975563,0.013299050126424156,0.8940537900117078,0.020739725382500362,0.014324246684974938,0.802478805880949,0.0003077711999250032,0.0003077711999250032,3.6208376461765077
27320,0.0012034682321588666,0.002770410400532994,0.9312303867337794,0.009261852052139969,0.013300485151136207,0.8941502622612575,0.020725843280840223,0.014326606642257161,0.8026110163729502,0.0003078838953478977,0.0003078838953478977,3.6221634746811495
27330,0.0012021933144425107,0.0027706271365447745,0.9313032391747141,0.009253416510248389,0.013301919193257775,0.8942466684543041,0.02071196903987124,0.01432896526322189,0.8027431520012263,0.00030799659077079225,0.00030799659077079225,3.623489303185791
27340,0.0012009193079615718,0.002770843717646534,0.9313760395450534,0.00924498674724468,0.013303352252968406,0.8943430086029179,0.02069810265724809,0.014331322548267824,0.8028752127881135,0.0003081092861936868,0.0003081092861936868,3.6248151316904327
27350,0.0011996462126988528,0.0027710601438411964,0.9314487878457802,0.009236562762072693,0.013304784330447643,0.8944392827191692,0.020684244130625452,0.014333678497793673,0.8030071987559481,0.00030822198161658133,0.00030822198161658133,3.626140960195074
27360,0.0011983740286371561,0.0027712764151316847,0.9315214840778772,0.00922814455367628,0.013306215425875033,0.8945354908151281,0.02067039345765801,0.014336033112198138,0.8031391099270666,0.0003083346770394759,0.0003083346770394759,3.6274667886997163
27370,0.0011971027557592846,0.0027714925315209227,0.9315941282423269,0.009219732120999299,0.01330764553943012,0.8946316329028652,0.020656550636000443,0.014338386391879924,0.8032709463238054,0.00030844737246237046,0.00030844737246237046,3.628792617204358
27380,0.001195832394048041,0.0027717084930118344,0.9316667203401123,0.009211325462985595,0.01330907467129245,0.8947277089944503,0.020642715663307422,0.014340738337237738,0.8034027079685008,0.000308560067885265,0.000308560067885265,3.630118445709
27390,0.0011945629434862277,0.0027719242996073427,0.931739260372216,0.00920292457857903,0.013310502821641567,0.8948237191019539,0.020628888537233638,0.014343088948670282,0.8035343948834892,0.00030867276330815953,0.00030867276330815953,3.6314442742136412
27400,0.0011932944040566476,0.002772139951310371,0.9318117483396204,0.00919452946672345,0.013311929990657015,0.8949196632374463,0.020615069255433764,0.01434543822657626,0.803666007091107,0.00030878545873105407,0.00030878545873105407,3.632770102718283
27410,0.0011920267757421033,0.002772355448123844,0.9318841842433088,0.009186140126362709,0.013313356178518341,0.8950155414129976,0.020601257815562483,0.014347786171354378,0.8037975446136907,0.0003088981541539486,0.0003088981541539486,3.6340959312229244
27420,0.0011907600585253973,0.0027725707900506835,0.9319565680842633,0.009177756556440663,0.01331478138540509,0.8951113536406782,0.02058745421527447,0.01435013278340334,0.8039290074735764,0.00030901084957684315,0.00030901084957684315,3.635421759727566
27430,0.0011894942523893327,0.0027727859770938145,0.932028899863467,0.009169378755901165,0.013316205611496804,0.8952070999325582,0.020573658452224412,0.01435247806312185,0.8040603956931008,0.00030912354499973774,0.00030912354499973774,3.6367475882322085
27440,0.0011882293573167119,0.0027730010092561603,0.9321011795819025,0.009161006723688064,0.01331762885697303,0.8953027803007078,0.02055987052406698,0.014354822010908612,0.8041917092946002,0.0003092362404226323,0.0003092362404226323,3.63807341673685
27450,0.0011869653732903373,0.0027732158865406437,0.9321734072405525,0.009152640458745217,0.013319051122013315,0.8953983947571974,0.02054609042845686,0.014357164627162333,0.8043229483004108,0.0003093489358455268,0.0003093489358455268,3.6393992452414916
27460,0.0011857023002930123,0.0027734306089501892,0.9322455828403997,0.009144279960016474,0.0133204724067972,0.8954939433140974,0.020532318163048728,0.014359505912281715,0.8044541127328692,0.00030946163126842135,0.00030946163126842135,3.6407250737461334
27470,0.001184440138307539,0.0027736451764877198,0.9323177063824267,0.009135925226445692,0.013321892711504234,0.8955894259834778,0.020518553725497265,0.014361845866665465,0.8045852026143118,0.0003095743266913159,0.0003095743266913159,3.6420509022507748
27480,0.00118317888731672,0.002773859589156159,0.9323897778676162,0.00912757625697672,0.01332331203631396,0.8956848427774089,0.02050479711345715,0.014364184490712284,0.8047162179670747,0.0003096870221142104,0.0003096870221142104,3.6433767307554166
27490,0.0011819185473033584,0.00277407384695843,0.9324617972969512,0.009119233050553413,0.01332473038140592,0.8957801937079609,0.020491048324583067,0.014366521784820879,0.8048471588134946,0.00030979971753710496,0.00030979971753710496,3.644702559260058
27500,0.0011806591182502565,0.0027742879498974574,0.9325337646714141,0.009110895606119622,0.013326147746959666,0.8958754787872043,0.02047730735652969,0.014368857749389952,0.8049780251759077,0.00030991241295999955,0.00030991241295999955,3.6460283877647
27510,0.0011794006001402174,0.0027745018979761643,0.9326056799919878,0.009102563922619203,0.013327564133154737,0.8959706980272091,0.0204635742069517,0.01437119238481821,0.8051088170766504,0.0003100251083828941,0.0003100251083828941,3.647354216269342
27520,0.0011781429929560432,0.002774715691197474,0.932677543259655,0.009094237998996007,0.01332897954017068,0.8960658514400457,0.020449848873503776,0.014373525691504357,0.8052395345380593,0.00031013780380578863,0.00031013780380578863,3.6486800447739838
27530,0.0011768862966805372,0.00277492932956431,0.9327493544753983,0.009085917834193888,0.01333039396818704,0.896160939037784,0.0204361313538406,0.014375857669847097,0.8053701775824704,0.00031025049922868317,0.00031025049922868317,3.650005873278625
27540,0.0011756305112965014,0.002775142813079596,0.9328211136402002,0.009077603427156699,0.013331807417383363,0.8962559608324948,0.02042242164561685,0.014378188320245134,0.8055007462322205,0.0003103631946515777,0.0003103631946515777,3.651331701783267
27550,0.001174375636786739,0.0027753561417462554,0.9328928207550439,0.009069294776828291,0.013333219887939191,0.896350916836248,0.020408719746487204,0.014380517643097175,0.8056312405096456,0.00031047589007447224,0.00031047589007447224,3.6526575302879083
27560,0.0011731216731340527,0.0027755693155672124,0.9329644758209117,0.00906099188215252,0.013334631380034073,0.8964458070611141,0.020395025654106346,0.014382845638801921,0.8057616604370824,0.00031058858549736683,0.00031058858549736683,3.6539833587925505
27570,0.0011718686203212448,0.0027757823345453897,0.9330360788387865,0.009052694742073238,0.013336041893847551,0.896540631519163,0.020381339366128952,0.014385172307758078,0.8058920060368671,0.00031070128092026137,0.00031070128092026137,3.6553091872971923
27580,0.0011706164783311182,0.0027759951986837113,0.9331076298096508,0.009044403355534296,0.013337451429559171,0.8966353902224651,0.020367660880209703,0.01438749765036435,0.8060222773313361,0.0003108139763431559,0.0003108139763431559,3.656635015801834
27590,0.0011693652471464755,0.0027762079079851005,0.9331791287344874,0.00903611772147955,0.013338859987348477,0.8967300831830908,0.020353990194003278,0.014389821667019442,0.8061524743428259,0.00031092667176605044,0.00031092667176605044,3.6579608443064755
27600,0.0011681149267501194,0.0027764204624524808,0.9332505756142792,0.00902783783885285,0.013340267567395018,0.8968247104131103,0.020340327305164357,0.014392144358122059,0.8062825970936728,0.000311039367188945,0.000311039367188945,3.6592866728111173
27610,0.0011668655171248525,0.0027766328620887765,0.9333219704500088,0.009019563706598052,0.013341674169878333,0.8969192719245936,0.02032667221134762,0.014394465724070904,0.8064126456062131,0.0003111520626118395,0.0003111520626118395,3.6606125013157587
27620,0.0011656170182534776,0.00277684510689691,0.9333933132426588,0.009011295323659008,0.01334307979497797,0.8970137677296113,0.020313024910207745,0.014396785765264682,0.8065426199027833,0.00031126475803473406,0.00031126475803473406,3.6619383298204005
27630,0.0011643694301187973,0.0027770571968798057,0.933464603993212,0.00900303268897957,0.013344484442873474,0.8971081978402334,0.020299385399399412,0.014399104482102099,0.8066725200057198,0.00031137745345762865,0.00031137745345762865,3.6632641583250427
27640,0.0011631227527036142,0.0027772691320403866,0.933535842702651,0.008994775801503593,0.01334588811374439,0.8972025622685303,0.020285753676577305,0.014401421874981857,0.806802345937359,0.0003114901488805232,0.0003114901488805232,3.664589986829684
27650,0.0011618769859907312,0.002777480912381577,0.9336070293719586,0.008986524660174926,0.013347290807770263,0.8972968610265722,0.020272129739396096,0.014403737944302664,0.8069320977200372,0.0003116028443034177,0.0003116028443034177,3.665915815334326
27660,0.0011606321299629508,0.0027776925379063,0.9336781640021176,0.008978279263937426,0.01334869252513064,0.8973910941264295,0.020258513585510472,0.01440605269046322,0.8070617753760908,0.00031171553972631226,0.00031171553972631226,3.6672416438389677
27670,0.0011593881846030756,0.0027779040086174786,0.9337492465941104,0.008970039611734945,0.01335009326600506,0.8974852615801721,0.020244905212575107,0.014408366113862231,0.8071913789278561,0.0003118282351492068,0.0003118282351492068,3.668567472343609
27680,0.0011581451498939084,0.002778115324518037,0.9338202771489198,0.008961805702511335,0.013351493030573074,0.8975793633998704,0.020231304618244683,0.014410678214898404,0.8073209083976698,0.00031194093057210134,0.00031194093057210134,3.669893300848251
27690,0.001156903025818252,0.0027783264856108985,0.933891255667529,0.008953577535210451,0.013352891819014225,0.8976733995975948,0.020217711800173878,0.01441298899397044,0.8074503638078678,0.00031205362599499587,0.00031205362599499587,3.671219129352892
27700,0.001155661812358909,0.0027785374918989866,0.9339621821509198,0.008945355108776143,0.013354289631508058,0.8977673701854155,0.020204126756017373,0.014415298451477047,0.8075797451807869,0.00031216632141789046,0.00031216632141789046,3.6725449578575344
27710,0.0011544215094986816,0.0027787483433852254,0.9340330566000756,0.008937138422152267,0.013355686468234117,0.8978612751754027,0.02019054948342985,0.014417606587816925,0.8077090525387634,0.000312279016840785,0.000312279016840785,3.6738707863621762
27720,0.0011531821172203732,0.002778959040072538,0.934103879015979,0.008928927474282675,0.013357082329371947,0.8979551145796266,0.020176979980065984,0.014419913403388782,0.8078382859041334,0.00031239171226367954,0.00031239171226367954,3.675196614866818
27730,0.0011519436355067862,0.0027791695819638475,0.9341746493996126,0.008920722264111218,0.013358477215101094,0.8980488884101575,0.020163418243580457,0.014422218898591322,0.8079674452992337,0.0003125044076865741,0.0003125044076865741,3.6765224433714594
27740,0.001150706064340723,0.002779379969062078,0.934245367751959,0.008912522790581752,0.013359871125601103,0.8981425966790656,0.02014986427162795,0.014424523073823248,0.8080965307464004,0.0003126171031094686,0.0003126171031094686,3.677848271876101
27750,0.0011494694037049865,0.0027795902013701534,0.934316034074001,0.008904329052638129,0.01336126406105152,0.8982362393984213,0.02013631806186314,0.014426825929483265,0.80822554226797,0.00031272979853236315,0.00031272979853236315,3.6791741003807426
27760,0.0011482336535823796,0.002779800278890997,0.9343866483667216,0.008896141049224201,0.013362656021631888,0.8983298165802949,0.020122779611940707,0.01442912746597008,0.8083544798862791,0.0003128424939552577,0.0003128424939552577,3.6804999288853844
27770,0.0011469988139557045,0.0027800102016275314,0.9344572106311029,0.008887958779283823,0.013364047007521751,0.8984233282367562,0.02010924891951533,0.014431427683682394,0.8084833436236635,0.0003129551893781523,0.0003129551893781523,3.6818257573900266
27780,0.0011457648848077642,0.0027802199695826815,0.9345277208681282,0.008879782241760845,0.013365437018900658,0.898516774379876,0.020095725982241693,0.014433726583018912,0.80861213350246,0.0003130678848010468,0.0003130678848010468,3.6831515858946684
27790,0.0011445318661213613,0.00278042958275937,0.9345981790787797,0.008871611435599124,0.01336682605594815,0.8986101550217243,0.02008221079777447,0.01443602416437834,0.808740849545005,0.00031318058022394136,0.00031318058022394136,3.6844774143993098
27800,0.0011432997578792986,0.0027806390411605204,0.9346685852640404,0.008863446359742509,0.013368214118843775,0.8987034701743712,0.020068703363768342,0.01443832042815938,0.8088694917736348,0.0003132932756468359,0.0003132932756468359,3.6858032429039516
27810,0.0011420685600643783,0.002780848344789057,0.9347389394248931,0.008855287013134854,0.013369601207767076,0.8987967198498873,0.02005520367787799,0.01444061537476074,0.8089980602106858,0.00031340597106973043,0.00031340597106973043,3.687129071408593
27820,0.0011408382726594037,0.0027810574936479025,0.93480924156232,0.008847133394720015,0.013370987322897598,0.8988899040603426,0.020041711737758098,0.014442909004581124,0.8091265548784944,0.00031351866649262497,0.00031351866649262497,3.6884548999132347
27830,0.001139608895647177,0.0027812664877399813,0.9348794916773047,0.008838985503441843,0.013372372464414889,0.8989830228178075,0.020028227541063336,0.014445201318019232,0.8092549757993968,0.0003136313619155195,0.0003136313619155195,3.689780728417876
27840,0.0011383804290105012,0.002781475327068216,0.9349496897708288,0.00883084333824419,0.01337375663249849,0.8990760761343521,0.02001475108544839,0.014447492315473773,0.8093833229957296,0.0003137440573384141,0.0003137440573384141,3.6911065569225183
27850,0.0011371528727321786,0.002781684011635531,0.9350198358438759,0.008822706898070909,0.013375139827327947,0.8991690640220468,0.020001282368567935,0.014449781997343451,0.8095115964898292,0.00031385675276130863,0.00031385675276130863,3.69243238542716
27860,0.0011359262267950122,0.0027818925414448492,0.9350899298974282,0.008814576181865855,0.013376522049082806,0.8992619864929616,0.019987821388076657,0.014452070364026967,0.8096397963040318,0.00031396944818420317,0.00031396944818420317,3.693758213931802
27870,0.0011347004911818046,0.0027821009164990945,0.9351599719324687,0.00880645118857288,0.013377903297942612,0.8993548435591671,0.019974368141629232,0.01445435741592303,0.809767922460674,0.0003140821436070977,0.0003140821436070977,3.6950840424364433
27880,0.0011334756658753584,0.0027823091368011903,0.9352299619499799,0.008798331917135836,0.013379283574086909,0.8994476352327333,0.01996092262688034,0.014456643153430341,0.8098959749820919,0.00031419483902999225,0.00031419483902999225,3.696409870941085
27890,0.0011322517508584764,0.00278251720235406,0.9352998999509445,0.008790218366498577,0.013380662877695243,0.8995403615257305,0.01994748484148466,0.014458927576947608,0.8100239538906223,0.0003143075344528868,0.0003143075344528868,3.6977356994457264
27900,0.0011310287461139613,0.002782725113160628,0.9353697859363455,0.008782110535604955,0.013382041208947159,0.899633022450229,0.01993405478309687,0.01446121068687353,0.8101518592086011,0.0003144202298757813,0.0003144202298757813,3.6990615279503682
27910,0.0011298066516246155,0.0027829328692238167,0.9354396199071652,0.008774008423398826,0.013383418568022202,0.8997256180182992,0.019920632449371655,0.014463492483606817,0.8102796909583652,0.0003145329252986759,0.0003145329252986759,3.7003873564550105
27920,0.0011285854673732418,0.00278314047054655,0.9355094018643864,0.00876591202882404,0.013384794955099914,0.8998181482420109,0.01990721783796369,0.014465772967546172,0.8104074491622505,0.00031464562072157045,0.00031464562072157045,3.7017131849596523
27930,0.001127365193342643,0.002783347917131752,0.9355791318089921,0.00875782135082445,0.013386170370359845,0.8999106131334349,0.019893810946527656,0.014468052139090299,0.8105351338425938,0.000314758316144465,0.000314758316144465,3.7030390134642936
27940,0.0011261458295156216,0.0027835552089823454,0.9356488097419647,0.008749736388343912,0.013387544813981536,0.9000030127046409,0.01988041177271823,0.0144703299986379,0.8106627450217312,0.0003148710115673595,0.0003148710115673595,3.7043648419689355
27950,0.0011249273758749804,0.0027837623461012544,0.935718435664287,0.008741657140326275,0.013388918286144535,0.9000953469676998,0.019867020314190097,0.014472606546587684,0.810790282721999,0.00031498370699025406,0.00031498370699025406,3.705690670473577
27960,0.001123709832403522,0.0027839693284914023,0.9357880095769419,0.008733583605715394,0.013390290787028384,0.9001876159346812,0.019853636568597934,0.014474881783338351,0.8109177469657339,0.0003150964024131486,0.0003150964024131486,3.7070164989782186
27970,0.0011224931990840492,0.0027841761561557127,0.9358575314809118,0.008725515783455123,0.01339166231681263,0.9002798196176557,0.01984026053359642,0.014477155709288609,0.8110451377752722,0.00031520909783604314,0.00031520909783604314,3.70834232748286
27980,0.0011212774758993646,0.0027843828290971093,0.9359270013771794,0.008717453672489314,0.013393032875676818,0.9003719580286936,0.01982689220684023,0.01447942832483716,0.8111724551729501,0.00031532179325893773,0.00031532179325893773,3.709668155987502
27990,0.0011200626628322706,0.002784589347318515,0.9359964192667277,0.008709397271761819,0.013394402463800493,0.9004640311798648,0.019813531585984055,0.01448169963038271,0.8112996991811042,0.00031543448868183227,0.00031543448868183227,3.710993984492144
28000,0.0011188487598655704,0.002784795710822854,0.9360657851505392,0.008701346580216493,0.013395771081363198,0.9005560390832401,0.019800178668682562,0.014483969626323964,0.8114268698220709,0.0003155471841047268,0.0003155471841047268,3.712319812996786
28010,0.0011176357669820663,0.00278500191961305,0.9361350990295965,0.008693301596797187,0.01339713872854448,0.9006479817508892,0.01978683345259044,0.014486238313059625,0.8115539671181863,0.00031565987952762134,0.00031565987952762134,3.713645641501427
28020,0.001116423684164561,0.002785207973692026,0.9362043609048826,0.008685262320447756,0.013398505405523883,0.9007398591948828,0.019773495935362366,0.014488505690988397,0.811680991091787,0.0003157725749505159,0.0003157725749505159,3.714971470006069
28030,0.0011152125113958573,0.0027854138730627055,0.9362735707773799,0.008677228750112051,0.013399871112480952,0.9008316714272908,0.01976016611465302,0.014490771760508987,0.8118079417652093,0.0003158852703734104,0.0003158852703734104,3.7162972985107103
28040,0.0011140022486587579,0.0027856196177280124,0.9363427286480713,0.008669200884733927,0.013401235849595234,0.9009234184601836,0.019746843988117078,0.014493036522020096,0.8119348191607897,0.00031599796579630495,0.00031599796579630495,3.717623127015352
28050,0.0011127928959360652,0.00278582520769087,0.9364118345179395,0.008661178723257236,0.013402599617046271,0.9010151003056316,0.019733529553409224,0.014495299975920431,0.8120616233008644,0.00031611066121919955,0.00031611066121919955,3.7189489555199944
28060,0.0011115844532105822,0.002786030642954202,0.9364808883879671,0.00865316226462583,0.01340396241501361,0.9011067169757048,0.019720222808184133,0.014497562122608696,0.81218835420777,0.0003162233566420941,0.0003162233566420941,3.720274784024636
28070,0.0011103769204651114,0.0027862359235209322,0.9365498902591367,0.008645151507783564,0.013405324243676795,0.9011982684824735,0.01970692375009649,0.014499822962483597,0.8123150119038429,0.0003163360520649886,0.0003163360520649886,3.7216006125292775
28080,0.0011091702976824555,0.002786441049393984,0.9366188401324316,0.00863714645167429,0.013406685103215372,0.901289754838008,0.01969363237680097,0.014502082495943834,0.8124415964114192,0.00031644874748788316,0.00031644874748788316,3.7229264410339193
28090,0.0011079645848454172,0.0027866460205762805,0.9366877380088338,0.00862914709524186,0.013408044993808885,0.9013811760543786,0.019680348685952257,0.014504340723388116,0.8125681077528356,0.0003165614429107777,0.0003165614429107777,3.7242522695385607
28100,0.001106759781936799,0.002786850837070745,0.936756583889326,0.00862115343743013,0.013409403915636879,0.9014725321436555,0.019667072675205025,0.014506597645215145,0.8126945459504282,0.00031667413833367223,0.00031667413833367223,3.7255780980432025
28110,0.001105555888939404,0.0027870554988803026,0.9368253777748916,0.008613165477182948,0.0134107618688789,0.9015638231179091,0.01965380434221396,0.014508853261823626,0.8128209110265336,0.00031678683375656677,0.00031678683375656677,3.7269039265478443
28120,0.0011043529058360343,0.0027872600060078754,0.9368941196665126,0.008605183213444173,0.013412118853714492,0.9016550489892095,0.019640543684633735,0.014511107573612264,0.8129472030034882,0.00031689952917946136,0.00031689952917946136,3.7282297550524865
28130,0.001103150832609493,0.0027874643584563873,0.9369628095651721,0.008597206645157654,0.0134134748703232,0.9017462097696268,0.019627290700119038,0.014513360580979764,0.8130734219036282,0.0003170122246023559,0.0003170122246023559,3.729555583557128
28140,0.0011019496692425829,0.0027876685562287624,0.9370314474718527,0.008589235771267245,0.01341482991888457,0.9018373054712314,0.01961404538632454,0.014515612284324828,0.8131995677492901,0.00031712492002525044,0.00031712492002525044,3.7308814120617697
28150,0.001100749415718106,0.002787872599327923,0.9371000333875371,0.0085812705907168,0.013416183999578146,0.9019283361060937,0.019600807740904922,0.014517862684046163,0.8133256405628102,0.000317237615448145,0.000317237615448145,3.732207240566411
28160,0.0010995500720188656,0.002788076487756794,0.9371685673132081,0.00857331110245017,0.013417537112583472,0.9020193016862837,0.01958757776151487,0.014520111780542471,0.8134516403665251,0.0003173503108710395,0.0003173503108710395,3.733533069071053
28170,0.0010983516381276642,0.0027882802215182982,0.9372370492498481,0.00856535730541121,0.013418889258080095,0.9021102022238717,0.019574355445809058,0.014522359574212461,0.8135775671827709,0.00031746300629393405,0.00031746300629393405,3.7348588975756942
28180,0.0010971541140273045,0.0027884838006153596,0.9373054791984402,0.008557409198543772,0.01342024043624756,0.9022010377309283,0.019561140791442166,0.014524606065454831,0.8137034210338842,0.0003175757017168286,0.0003175757017168286,3.736184726080336
28190,0.001095957499700589,0.0027886872250509013,0.9373738571599668,0.008549466780791708,0.01342159064726541,0.9022918082195233,0.019547933796068874,0.01452685125466829,0.8138292019422012,0.0003176883971397232,0.0003176883971397232,3.7375105545849783
28200,0.0010947617951303204,0.0027888904948278467,0.9374421831354106,0.008541530051098874,0.013422939891313193,0.9023825137017272,0.019534734457343862,0.014529095142251543,0.8139549099300584,0.0003178010925626177,0.0003178010925626177,3.73883638308962
28210,0.0010935670002993015,0.00278909360994912,0.9375104571257545,0.00853359900840912,0.01342428816857045,0.90247315418961,0.019521542772921813,0.01453133772860329,0.8140805450197922,0.00031791378798551225,0.00031791378798551225,3.7401622115942614
28220,0.0010923731151903351,0.0027892965704176442,0.9375786791319811,0.0085256736516663,0.01342563547921673,0.9025637296952423,0.0195083587404574,0.014533579014122241,0.814206107233739,0.0003180264834084068,0.0003180264834084068,3.7414880400989032
28230,0.0010911801397862236,0.0027894993762363433,0.9376468491550733,0.008517753979814267,0.013426981823431576,0.902654240230694,0.01949518235760531,0.014535818999207096,0.8143315965942352,0.00031813917883130133,0.00031813917883130133,3.7428138686035446
28240,0.0010899880740697697,0.0027897020274081402,0.9377149671960134,0.008509839991796875,0.013428327201394533,0.9027446858080357,0.019482013622020216,0.014538057684256563,0.814457013123617,0.00031825187425419587,0.00031825187425419587,3.7441396971081864
28250,0.0010887969180237763,0.0027899045239359595,0.9377830332557847,0.008501931686557976,0.013429671613285146,0.9028350664393374,0.0194688525313568,0.014540295069669343,0.814582356844221,0.00031836456967709046,0.00031836456967709046,3.7454655256128286
28260,0.0010876066716310458,0.0027901068658227235,0.9378510473353692,0.008494029063041423,0.01343101505928296,0.9029253821366694,0.01945569908326974,0.014542531155844144,0.8147076277783835,0.000318477265099985,0.000318477265099985,3.7467913541174704
28270,0.001086417334874381,0.0027903090530713563,0.93791900943575,0.008486132120191071,0.01343235753956752,0.9030156329121021,0.01944255327541372,0.014544765943179667,0.8148328259484408,0.00031858996052287953,0.00031858996052287953,3.748117182622112
28280,0.0010852289077365846,0.002790511085684782,0.9379869195579099,0.008478240856950769,0.013433699054318371,0.9031058187777055,0.01942941510544342,0.014546999432074619,0.8149579513767293,0.00031870265594577407,0.00031870265594577407,3.7494430111267536
28290,0.0010840413902004592,0.002790712963665923,0.9380547777028311,0.008470355272264373,0.013435039603715058,0.90319593974555,0.019416284571013513,0.014549231622927702,0.8150830040855855,0.0003188153513686686,0.0003188153513686686,3.750768839631395
28300,0.0010828547822488077,0.002790914687017704,0.9381225838714969,0.008462475365075736,0.013436379187937126,0.9032859958277057,0.019403161669778683,0.014551462516137623,0.8152079840973459,0.00031892804679156314,0.00031892804679156314,3.7520946681360368
28310,0.0010816690838644323,0.0027911162557430476,0.9381903380648899,0.008454601134328709,0.01343771780716412,0.9033759870362433,0.019390046399393606,0.014553692112103086,0.8153328914343465,0.0003190407422144577,0.0003190407422144577,3.753420496640678
28320,0.0010804842950301362,0.002791317669844878,0.9382580402839925,0.008446732578967145,0.013439055461575587,0.9034659133832326,0.01937693875751297,0.014555920411222795,0.8154577261189241,0.00031915343763735227,0.00031915343763735227,3.754746325145321
28330,0.001079300415728722,0.0027915189293261184,0.9383256905297876,0.0084388696979349,0.013440392151351068,0.9035557748807439,0.019363838741791446,0.014558147413895455,0.8155824881734148,0.0003192661330602468,0.0003192661330602468,3.756072153649962
28340,0.0010781174459429917,0.0027917200341896924,0.9383932888032579,0.008431012490175827,0.01344172787667011,0.9036455715408477,0.019350746349883714,0.014560373120519767,0.815707177620155,0.00031937882848314135,0.00031937882848314135,3.757397982154604
28350,0.0010769353856557487,0.002791920984438524,0.9384608351053861,0.008423160954633774,0.01344306263771226,0.903735303375614,0.01933766157944446,0.01456259753149444,0.8158317944814812,0.0003194915239060359,0.0003194915239060359,3.7587238106592453
28360,0.0010757542348497956,0.002792121780075536,0.9385283294371548,0.0084153150902526,0.01344439643465706,0.9038249703971131,0.019324584428128358,0.014564820647218178,0.8159563387797298,0.0003196042193289304,0.0003196042193289304,3.760049639163887
28370,0.0010745739935079349,0.0027923224211036522,0.9385957717995468,0.008407474895976154,0.013445729267684055,0.9039145726174154,0.019311514893590093,0.014567042468089684,0.8160808105372372,0.00031971691475182496,0.00031971691475182496,3.7613754676685285
28380,0.0010733946616129691,0.0027925229075257967,0.938663162193545,0.00839964037074829,0.013447061136972792,0.9040041100485909,0.01929845297348434,0.014569262994507661,0.8162052097763396,0.0003198296101747195,0.0003198296101747195,3.7627012961731703
28390,0.0010722162391477012,0.002792723239344892,0.9387305006201316,0.008391811513512861,0.013448392042702815,0.9040935827027101,0.019285398665465775,0.014571482226870817,0.8163295365193736,0.0003199423055976141,0.0003199423055976141,3.7640271246778125
28400,0.0010710387260949338,0.0027929234165638625,0.9387977870802898,0.008383988323213722,0.013449721985053668,0.9041829905918431,0.019272351967189086,0.014573700165577855,0.8164537907886754,0.0003200550010205086,0.0003200550010205086,3.7653529531824543
28410,0.0010698621224374697,0.0027931234391856312,0.938865021575002,0.008376170798794724,0.013451050964204899,0.9042723337280603,0.01925931287630895,0.014575916811027479,0.8165779726065815,0.00032016769644340316,0.00032016769644340316,3.7666787816870957
28420,0.001068686428158111,0.0027933233072131225,0.9389322041052511,0.008368358939199719,0.01345237898033605,0.9043616121234318,0.019246281390480045,0.014578132163618392,0.8167020819954282,0.0003202803918662977,0.0003202803918662977,3.7680046101917375
28430,0.001067511643239661,0.002793523020649259,0.9389993346720197,0.008360552743372562,0.013453706033626665,0.9044508257900278,0.01923325750735705,0.014580346223749301,0.816826118977552,0.00032039308728919224,0.00032039308728919224,3.769330438696379
28440,0.0010663377676649222,0.0027937225794969645,0.9390664132762906,0.008352752210257107,0.013455032124256293,0.9045399747399187,0.019220241224594644,0.01458255899181891,0.8169500835752892,0.0003205057827120868,0.0003205057827120868,3.7706562672010207
28450,0.0010651648014166968,0.0027939219837591627,0.9391334399190463,0.008344957338797204,0.013456357252404476,0.9046290589851748,0.01920723253984751,0.014584770468225924,0.8170739758109762,0.0003206184781349813,0.0003206184781349813,3.7719820957056625
28460,0.0010639927444777884,0.002794121233438777,0.9392004146012695,0.008337168127936707,0.013457681418250761,0.9047180785378661,0.019194231450770326,0.014586980653369044,0.8171977957069493,0.0003207311735578759,0.0003207311735578759,3.7733079242103047
28470,0.001062821596830999,0.0027943203285387313,0.9392673373239432,0.00832938457661947,0.013459004621974692,0.9048070334100632,0.019181237955017773,0.014589189547646979,0.8173215432855451,0.00032084386898077044,0.00032084386898077044,3.774633752714946
28480,0.0010616513584591313,0.002794519269061949,0.93933420808805,0.008321606683789343,0.013460326863755813,0.9048959236138361,0.019168252050244527,0.01459139715145843,0.8174452185690997,0.000320956564403665,0.000320956564403665,3.775959581219588
28490,0.0010604820293449882,0.0027947180550113534,0.9394010268945724,0.008313834448390185,0.01346164814377367,0.9049847491612549,0.01915527373410527,0.014593603465202104,0.8175688215799498,0.0003210692598265595,0.0003210692598265595,3.777285409724229
28500,0.0010593136094713723,0.002794916686389868,0.9394677937444933,0.008306067869365844,0.013462968462207807,0.9050735100643903,0.019142303004254683,0.014595808489276704,0.8176923523404317,0.00032118195524945405,0.00032118195524945405,3.778611238228871
28510,0.0010581460988210861,0.0027951151632004166,0.9395345086387954,0.008298306945660174,0.013464287819237772,0.9051622063353122,0.019129339858347444,0.014598012224080935,0.8178158108728816,0.0003212946506723486,0.0003212946506723486,3.7799370667335124
28520,0.0010569794973769326,0.002795313485445923,0.9396011715784613,0.008290551676217029,0.013465606215043106,0.9052508379860911,0.01911638429403823,0.0146002146700135,0.8179391971996358,0.00032140734609524313,0.00032140734609524313,3.781262895238154
28530,0.0010558138051217144,0.00279551165312931,0.9396677825644738,0.008282802059980261,0.013466923649803357,0.9053394050287971,0.019103436308981724,0.014602415827473106,0.8180625113430312,0.0003215200415181377,0.0003215200415181377,3.7825887237427964
28540,0.0010546490220382338,0.0027957096662535015,0.9397343415978155,0.008275058095893725,0.013468240123698069,0.9054279074755003,0.019090495900832605,0.014604615696858456,0.8181857533254037,0.00032163273694103226,0.00032163273694103226,3.7839145522474382
28550,0.001053485148109294,0.0027959075248214214,0.9398008486794693,0.00826731978290127,0.013469555636906785,0.9055163453382712,0.019077563067245555,0.014606814278568254,0.8183089231690899,0.0003217454323639268,0.0003217454323639268,3.7852403807520796
28560,0.0010523221833176972,0.002796105228835993,0.9398673038104176,0.008259587119946753,0.013470870189609054,0.9056047186291799,0.019064637805875247,0.014609011573001207,0.8184320208964262,0.00032185812778682133,0.00032185812778682133,3.7865662092567214
28570,0.0010511601276462464,0.0027963027783001393,0.9399337069916434,0.008251860105974024,0.013472183781984417,0.9056930273602968,0.019051720114376367,0.014611207580556018,0.818555046529749,0.00032197082320971587,0.00032197082320971587,3.7878920377613627
28580,0.0010499989810777441,0.0027965001732167846,0.9400000582241292,0.00824413873992694,0.013473496414212421,0.905781271543692,0.019038809990403593,0.01461340230163139,0.8186780000913944,0.0003220835186326104,0.0003220835186326104,3.7892178662660045
28590,0.0010488387435949932,0.0027966974135888523,0.9400663575088578,0.00823642302074935,0.013474808086472612,0.9058694511914359,0.019025907431611602,0.014615595736626028,0.818800881603699,0.00032219621405550495,0.00032219621405550495,3.7905436947706463
28600,0.0010476794151807961,0.0027968944994192658,0.9401326048468119,0.008228712947385109,0.013476118798944533,0.9059575663155987,0.019013012435655077,0.014617787885938637,0.8189236910889993,0.00032230890947839954,0.00032230890947839954,3.7918695232752886
28610,0.0010465209958179557,0.002797091430710949,0.9401988002389744,0.00822100851877807,0.01347742855180773,0.9060456169282506,0.019000125000188692,0.014619978749967922,0.8190464285696315,0.0003224216049012941,0.0003224216049012941,3.79319535177993
28620,0.0010453634854892743,0.0027972882074668247,0.9402649436863276,0.008213309733872085,0.013478737345241748,0.906133603041462,0.018987245122867136,0.014622168329112586,0.819169094067932,0.0003225343003241886,0.0003225343003241886,3.7945211802845717
28630,0.001044206884177555,0.0027974848296898167,0.9403310351898543,0.008205616591611006,0.01348004517942613,0.9062215246673027,0.01897437280134508,0.014624356623771336,0.8192916876062374,0.00032264699574708315,0.00032264699574708315,3.795847008789213
28640,0.0010430511918656004,0.002797681297382849,0.9403970747505374,0.00819792909093869,0.013481352054540425,0.9063093818178435,0.01896150803327721,0.014626543634342874,0.8194142092068837,0.0003227596911699777,0.0003227596911699777,3.797172837293855
28650,0.0010418964085362127,0.0027978776105488453,0.9404630623693597,0.008190247230798985,0.013482657970764174,0.9063971745051544,0.018948650816318198,0.014628729361225905,0.8195366588922075,0.0003228723865928722,0.0003228723865928722,3.7984986657984967
28660,0.0010407425341721953,0.002798073769190728,0.9405289980473035,0.00818257101013575,0.013483962928276924,0.9064849027413058,0.01893580114812273,0.014630913804819136,0.8196590366845454,0.00032298508201576676,0.00032298508201576676,3.799824494303138
28670,0.0010395895687563504,0.0027982697733114218,0.9405948817853518,0.008174900427892831,0.01348526692725822,0.9065725665383676,0.018922959026345484,0.014633096965521267,0.8197813426062335,0.00032309777743866135,0.00032309777743866135,3.8011503228077803
28680,0.001038437512271481,0.0027984656229138494,0.9406607135844871,0.008167235483014087,0.013486569967887607,0.9066601659084105,0.01891012444864114,0.014635278843731007,0.8199035766796082,0.0003232104728615559,0.0003232104728615559,3.802476151312422
28690,0.0010372863647003894,0.002798661318000935,0.9407264934456924,0.008159576174443368,0.01348787205034463,0.9067477008635044,0.018897297412664375,0.014637459439847057,0.8200257389270059,0.00032332316828445043,0.00032332316828445043,3.8038019798170635
28700,0.0010361361260258783,0.002798856858575602,0.9407922213699502,0.008151922501124526,0.013489173174808832,0.9068351714157197,0.018884477916069873,0.014639638754268122,0.8201478293707631,0.00032343586370734497,0.00032343586370734497,3.8051278083217053
28710,0.0010349867962307507,0.0027990522446407736,0.9408578973582431,0.008144274462001418,0.01349047334145976,0.9069225775771266,0.01887166595651231,0.014641816787392908,0.8202698480332161,0.0003235485591302395,0.0003235485591302395,3.8064536368263466
28720,0.0010338383752978091,0.0027992474761993737,0.9409235214115541,0.008136632056017893,0.01349177255047696,0.9070099193597955,0.018858861531646363,0.014643993539620117,0.8203917949367012,0.00032366125455313404,0.00032366125455313404,3.8077794653309884
28730,0.0010326908632098562,0.0027994425532543257,0.9409890935308657,0.008128995282117807,0.013493070802039974,0.9070971967757965,0.01884606463912672,0.014646169011348457,0.820513670103555,0.0003237739499760286,0.0003237739499760286,3.8091052938356302
28740,0.0010315442599496945,0.0027996374758085534,0.9410546137171607,0.00812136413924501,0.01349436809632835,0.9071844098371998,0.018833275276608052,0.01464834320297663,0.8206354735561138,0.00032388664539892317,0.00032388664539892317,3.8104311223402725
28750,0.0010303985655001268,0.00279983224386498,0.9411200819714217,0.008113738626343358,0.013495664433521631,0.907271558556076,0.018820493441745047,0.014650516114903341,0.8207572053167138,0.0003239993408218177,0.0003239993408218177,3.811756950844914
28760,0.0010292537798439558,0.002800026857426529,0.9411854982946314,0.008106118742356703,0.013496959813799362,0.9073586429444949,0.01880771913219238,0.014652687747527295,0.8208788654076916,0.00032411203624471224,0.00032411203624471224,3.8130827793495556
28770,0.0010281099029639843,0.002800221316496124,0.9412508626877726,0.008098504486228897,0.013498254237341089,0.9074456630145269,0.018794952345604726,0.014654858101247196,0.8210004538513835,0.0003242247316676068,0.0003242247316676068,3.814408607854197
28780,0.0010269669348430149,0.002800415621076689,0.9413161751518281,0.008090895856903792,0.013499547704326357,0.9075326187782423,0.018782193079636772,0.014657027176461748,0.8211219706701259,0.0003243374270905013,0.0003243374270905013,3.815734436358839
28790,0.00102582487546385,0.002800609771171147,0.9413814356877803,0.008083292853325244,0.013500840214934709,0.9076195102477114,0.018769441331943196,0.014659194973569656,0.8212434158862553,0.00032445012251339586,0.00032445012251339586,3.8170602648634806
28800,0.0010246837248092924,0.0028008037667824216,0.9414466442966122,0.008075695474437105,0.013502131769345694,0.9077063374350045,0.018756697100178674,0.014661361492969625,0.8213647895221078,0.00032456281793629045,0.00032456281793629045,3.818386093368123
28810,0.0010235434828621448,0.0028009976079134366,0.9415118009793064,0.008068103719183227,0.013503422367738853,0.9077931003521916,0.018743960381997892,0.014663526735060358,0.8214860916000201,0.000324675513359185,0.000324675513359185,3.819711921872764
28820,0.0010224041496052101,0.0028011912945671157,0.9415769057368455,0.008060517586507466,0.013504712010293733,0.9078797990113433,0.018731231175055523,0.01466569070024056,0.8216073221423283,0.0003247882087820795,0.0003247882087820795,3.821037750377406
28830,0.001021265725021291,0.002801384826746382,0.9416419585702123,0.00805293707535367,0.013506000697189878,0.9079664334245295,0.018718509477006248,0.014667853388908938,0.8217284811713691,0.00032490090420497406,0.00032490090420497406,3.8223635788820474
28840,0.0010201282090931897,0.0028015782044541588,0.9417069594803894,0.008045362184665696,0.013507288428606833,0.9080530036038207,0.01870579528550475,0.014670014801464192,0.8218495687094786,0.0003250135996278686,0.0003250135996278686,3.823689407386689
28850,0.0010189916018037092,0.0028017714276933705,0.9417719084683597,0.008037792913387395,0.013508575204724144,0.9081395095612869,0.018693088598205707,0.014672174938305029,0.8219705847789932,0.00032512629505076314,0.00032512629505076314,3.8250152358913305
28860,0.001017855903135652,0.0028019644964669406,0.941836805535106,0.008030229260462622,0.013509861025721355,0.9082259513089985,0.018680389412763797,0.014674333799830155,0.8220915294022496,0.0003252389904736577,0.0003252389904736577,3.8263410643959723
28870,0.001016721113071821,0.0028021574107777916,0.9419016506816106,0.008022671224835229,0.013511145891778013,0.9083123288590259,0.0186676977268337,0.01467649138643827,0.8222124026015838,0.0003253516858965522,0.0003253516858965522,3.827666892900614
28880,0.0010155872315950189,0.002802350170628848,0.9419664439088564,0.008015118805449067,0.01351242980307366,0.9083986422234392,0.0186550135380701,0.014678647698528082,0.8223332043993323,0.0003254643813194468,0.0003254643813194468,3.8289927214052564
28890,0.0010144542586880481,0.002802542776023033,0.9420311852178261,0.00800757200124799,0.013513712759787843,0.9084848914143085,0.01864233684412767,0.014680802736498296,0.8224539348178317,0.00032557707674234134,0.00032557707674234134,3.8303185499098977
28900,0.0010133221943337113,0.0028027352269632704,0.9420958746095025,0.008000030811175854,0.013514994762100106,0.9085710764437044,0.018629667642661094,0.014682956500747614,0.8225745938794181,0.0003256897721652359,0.0003256897721652359,3.8316443784145395
28910,0.0010121910385148113,0.0028029275234524834,0.9421605120848683,0.007992495234176509,0.013516275810189994,0.908657197323697,0.018617005931325047,0.014685108991674741,0.8226951816064281,0.0003258024675881304,0.0003258024675881304,3.832970206919181
28920,0.0010110607912141509,0.0028031196654935957,0.942225097644906,0.00798496526919381,0.013517555904237054,0.9087432540663565,0.018604351707774216,0.014687260209678383,0.8228156980211979,0.00032591516301102495,0.00032591516301102495,3.8342960354238227
28930,0.0010099314524145324,0.0028033116530895305,0.9422896312905984,0.007977440915171607,0.013518835044420828,0.908829246683753,0.018591704969663274,0.014689410155157243,0.822936143146064,0.0003260278584339195,0.0003260278584339195,3.8356218639284645
28940,0.001008803022098759,0.002803503486243212,0.9423541130229283,0.007969922171053755,0.013520113230920863,0.9089151751879571,0.018579065714646903,0.014691558828510027,0.8230565170033629,0.0003261405538568141,0.0003261405538568141,3.8369476924331067
28950,0.001007675500249633,0.002803695164957564,0.9424185428428785,0.007962409035784108,0.013521390463916703,0.9090010395910387,0.01856643394037978,0.014693706230135436,0.8231768196154305,0.0003262532492797086,0.0003262532492797086,3.838273520937748
28960,0.0010065488868499569,0.0028038866892355087,0.9424829207514315,0.007954901508306517,0.013522666743587894,0.9090868399050683,0.018553809644516594,0.01469585236043218,0.8232970510046039,0.00032636594470260316,0.00032636594470260316,3.83959934944239
28970,0.0010054231818825339,0.0028040780590799703,0.9425472467495697,0.007947399587564836,0.01352394207011398,0.9091725761421161,0.018541192824712012,0.014697997219798958,0.823417211193219,0.0003264786401254977,0.0003264786401254977,3.8409251779470313
28980,0.0010042983853301663,0.002804269274493873,0.9426115208382765,0.007939903272502918,0.013525216443674505,0.9092582483142523,0.018528583478620724,0.014700140808634478,0.8235373002036123,0.00032659133554839223,0.00032659133554839223,3.842251006451673
28990,0.0010031744971756567,0.0028044603354801397,0.9426757430185342,0.007932412562064615,0.013526489864449017,0.9093438564335472,0.0185159816038974,0.014702283127337441,0.8236573180581199,0.00032670403097128677,0.00032670403097128677,3.843576834956315
29000,0.0010020515174018081,0.002804651242041694,0.9427399132913256,0.007924927455193782,0.01352776233261706,0.909429400512071,0.01850338719819673,0.014704424176306555,0.8237772647790788,0.0003268167263941813,0.0003268167263941813,3.844902663460956
29010,0.001000929445991423,0.002804841994181459,0.9428040316576333,0.00791744795083427,0.013529033848358175,0.909514880561894,0.018490800259173386,0.014706563955940524,0.8238971403888248,0.0003269294218170759,0.0003269294218170759,3.8462284919655985
29020,0.000999808282927304,0.0028050325919023594,0.9428680981184401,0.007909974047929933,0.013530304411851914,0.9096002965950866,0.01847822078448205,0.014708702466638052,0.8240169449096948,0.00032704211723997043,0.00032704211723997043,3.8475543204702403
29030,0.000998688028192254,0.002805223035207318,0.9429321126747285,0.007902505745424625,0.013531574023277815,0.9096856486237186,0.0184656487717774,0.014710839708797841,0.8241366783640247,0.00032715481266286497,0.00032715481266286497,3.8488801489748816
29040,0.0009975686817690755,0.0028054133240992584,0.9429960753274818,0.007895043042262196,0.013532842682815427,0.9097709366598605,0.018453084218714118,0.0147129756828186,0.8242563407741512,0.0003272675080857595,0.0003272675080857595,3.8502059774795234
29050,0.0009964502436405711,0.002805603458581104,0.9430599860776819,0.007887585937386503,0.013534110390644297,0.9098561607155828,0.01844052712294688,0.01471511038909903,0.8243759321624107,0.00032738020350865405,0.00032738020350865405,3.851531805984165
29060,0.0009953327137895438,0.002805793438655779,0.9431238449263121,0.007880134429741396,0.013535377146943963,0.9099413208029553,0.018427977482130372,0.014717243828037836,0.8244954525511393,0.0003274928989315486,0.0003274928989315486,3.8528576344888066
29070,0.000994216092198796,0.002805983264326206,0.9431876518743549,0.007872688518270728,0.013536642951893978,0.9100264169340487,0.018415435293919268,0.014719376000033724,0.8246149019626736,0.0003276055943544432,0.0003276055943544432,3.854183462993449
29080,0.0009931003788511302,0.002806172935595309,0.943251406922793,0.007865248201918355,0.013537907805673882,0.9101114491209331,0.01840290055596825,0.014721506905485397,0.82473428041935,0.0003277182897773377,0.0003277182897773377,3.8555092914980906
29090,0.0009919855737293495,0.002806362452466012,0.9433151100726089,0.007857813479628127,0.01353917170846322,0.9101964173756786,0.018390373265931997,0.01472363654479156,0.8248535879435048,0.00032783098520023225,0.00032783098520023225,3.856835120002732
29100,0.0009908716768162562,0.0028065518149412378,0.9433787613247857,0.007850384350343896,0.013540434660441539,0.9102813217103555,0.01837785342146519,0.014725764918350917,0.8249728245574743,0.0003279436806231268,0.0003279436806231268,3.858160948507374
29110,0.0009897586880946534,0.0028067410230239102,0.943442360680306,0.00784296081300952,0.013541696661788383,0.910366162137034,0.018365341020222505,0.014727892026562174,0.8250919902835951,0.0003280563760460213,0.0003280563760460213,3.859486777012015
29120,0.0009886466075473433,0.0028069300767169527,0.9435059081401521,0.007835542866568847,0.013542957712683297,0.9104509386677846,0.018352836059858626,0.014730017869824034,0.8252110851442035,0.00032816907146891586,0.00032816907146891586,3.860812605516657
29130,0.0009875354351571288,0.0028071189760232895,0.9435694037053073,0.007828130509965734,0.013544217813305826,0.9105356513146773,0.01834033853802823,0.0147321424485352,0.8253301091616358,0.0003282817668918104,0.0003282817668918104,3.8621384340212987
29140,0.0009864251709068125,0.002807307720945843,0.943632847376754,0.00782072374214403,0.013545476963835516,0.9106203000897825,0.018327848452385997,0.014734265763094381,0.8254490623582286,0.00032839446231470494,0.00032839446231470494,3.86346426252594
29150,0.0009853158147791973,0.0028074963114875376,0.9436962391554748,0.00781332256204759,0.013546735164451911,0.9107048850051704,0.018315365800586604,0.014736387813900277,0.825567944756318,0.00032850715773759953,0.00032850715773759953,3.8647900910305824
29160,0.0009842073667570858,0.0028076847476512967,0.9437595790424527,0.007805926968620268,0.013547992415334557,0.9107894060729113,0.018302890580284736,0.014738508601351594,0.8256867563782406,0.00032861985316049407,0.00032861985316049407,3.866115919535224
29170,0.0009830998268232803,0.0028078730294400435,0.94382286703867,0.007798536960805916,0.013549248716662996,0.9108738633050752,0.01829042278913507,0.014740628125847038,0.8258054972463327,0.0003287325485833886,0.0003287325485833886,3.8674417480398655
29180,0.000981993194960584,0.002808061156856702,0.9438861031451098,0.007791152537548387,0.013550504068616775,0.9109582567137327,0.018277962424792286,0.014742746387785312,0.8259241673829306,0.00032884524400628314,0.00032884524400628314,3.8687675765445073
29190,0.0009808874711517992,0.0028082491299041955,0.9439492873627547,0.007783773697791533,0.013551758471375441,0.9110425863109538,0.018265509484911062,0.01474486338756512,0.8260427668103708,0.0003289579394291777,0.0003289579394291777,3.8700934050491487
29200,0.0009797826553797288,0.0028084369485854473,0.9440124196925873,0.007776400440479209,0.013553011925118536,0.9111268521088091,0.01825306396714608,0.014746979125585166,0.8261612955509897,0.0003290706348520722,0.0003290706348520722,3.8714192335537905
29210,0.0009786787476271752,0.0028086246129033813,0.9440755001355903,0.007769032764555267,0.013554264430025605,0.9112110541193682,0.018240625869152018,0.014749093602244157,0.8262797536271237,0.00032918333027496675,0.00032918333027496675,3.8727450620584323
29220,0.0009775757478769414,0.002808812122860921,0.9441385286927465,0.00776167066896356,0.013555515986276197,0.9112951923547022,0.018228195188583554,0.014751206817940796,0.826398141061109,0.00032929602569786135,0.00032929602569786135,3.8740708905630745
29230,0.0009764736561118299,0.00280899947846099,0.9442015053650387,0.00775431415264794,0.013556766594049852,0.9113792668268808,0.01821577192309537,0.014753318773073787,0.8265164578752822,0.0003294087211207559,0.0003294087211207559,3.875396719067716
29240,0.0009753724723146433,0.002809186679706512,0.9442644301534493,0.007746963214552262,0.013558016253526118,0.9114632775479742,0.018203356070342146,0.014755429468041835,0.8266347040919796,0.0003295214165436504,0.0003295214165436504,3.8767225475723577
29250,0.0009742721964681844,0.00280937372660041,0.9443273030589612,0.007739617853620378,0.013559264964884537,0.9115472245300528,0.018190947627978564,0.014757538903243644,0.8267528797335375,0.00032963411196654496,0.00032963411196654496,3.878048376076999
29260,0.0009731728285552559,0.0028095606191456076,0.9443901240825571,0.007732278068796142,0.013560512728304658,0.911631107785187,0.018178546593659296,0.014759647079077919,0.8268709848222924,0.0003297468073894395,0.0003297468073894395,3.879374204581641
29270,0.0009720743685586604,0.002809747357345029,0.9444528932252199,0.007724943859023405,0.013561759543966023,0.9117149273254468,0.018166152965039026,0.014761753995943365,0.8269890193805807,0.00032985950281233403,0.00032985950281233403,3.8807000330862826
29280,0.0009709768164612006,0.0028099339412015973,0.9445156104879318,0.007717615223246021,0.013563005412048178,0.9117986831629026,0.018153766739772436,0.014763859654238685,0.8271069834307386,0.00032997219823522857,0.00032997219823522857,3.882025861590924
29290,0.0009698801722456791,0.0028101203707182358,0.9445782758716758,0.007710292160407844,0.013564250332730668,0.9118823753096246,0.0181413879155142,0.014765964054362585,0.8272248769951028,0.00033008489365812316,0.00033008489365812316,3.8833516900955662
29300,0.0009687844358948987,0.0028103066458978684,0.9446408893774346,0.0077029746694527255,0.013565494306193039,0.9119660037776831,0.018129016489919006,0.01476806719671377,0.8273427000960095,0.0003301975890810177,0.0003301975890810177,3.884677518600208
29310,0.000967689607391662,0.0028104927667434187,0.944703451006191,0.00769566274932452,0.013566737332614834,0.9120495685791483,0.018116652460641525,0.01477016908169094,0.8274604527557949,0.00033031028450391224,0.00033031028450391224,3.8860033471048494
29320,0.0009665956867187717,0.00281067873325781,0.9447659607589276,0.0076883563989670785,0.013567979412175598,0.9121330697260905,0.018104295825336437,0.014772269709692806,0.8275781349967958,0.0003304229799268068,0.0003304229799268068,3.887329175609491
29330,0.0009655026738590303,0.002810864545443966,0.9448284186366271,0.007681055617324255,0.013569220545054878,0.9122165072305799,0.01809194658165843,0.014774369081118066,0.8276957468413482,0.0003305356753497013,0.0003305356753497013,3.888655004114133
29340,0.0009644105687952408,0.0028110502033048103,0.9448908246402723,0.007673760403339904,0.013570460731432218,0.9122998811046868,0.018079604727262177,0.014776467196365429,0.8278132883117887,0.00033064837077259585,0.00033064837077259585,3.8899808326187744
29350,0.0009633193715102057,0.0028112357068432662,0.9449531787708457,0.007666470755957876,0.013571699971487163,0.9123831913604814,0.018067270259802357,0.0147785640558336,0.8279307594304537,0.00033076106619549044,0.00033076106619549044,3.8913066611234166
29360,0.0009622290819867275,0.0028114210560622574,0.9450154810293301,0.0076591866741220265,0.013572938265399258,0.912466438010034,0.018054943176933652,0.014780659659921279,0.8280481602196795,0.000330873761618385,0.000330873761618385,3.8926324896280584
29370,0.0009611397002076093,0.0028116062509647077,0.9450777314167084,0.007651908156776206,0.013574175613348047,0.9125496210654148,0.01804262347631074,0.014782754009027173,0.8281654907018025,0.0003309864570412795,0.0003309864570412795,3.8939583181326998
29380,0.0009600512261556533,0.00281179129155354,0.9451399299339629,0.007644635202864269,0.013575412015513075,0.912632740538694,0.018030311155588306,0.014784847103549988,0.828282750899159,0.00033109915246417405,0.00033109915246417405,3.8952841466373416
29390,0.0009589636598136624,0.0028119761778316785,0.9452020765820768,0.007637367811330068,0.01357664747207389,0.912715796441942,0.01801800621242102,0.014786938943888425,0.8283999408340854,0.0003312118478870686,0.0003312118478870686,3.896609975141983
29400,0.0009578770011644394,0.0028121609098020464,0.9452641713620323,0.007630105981117456,0.013577881983210034,0.9127987887872291,0.01800570864446357,0.014789029530441193,0.8285170605289184,0.00033132454330996313,0.00033132454330996313,3.8979358036466247
29410,0.0009567912501907867,0.0028123454874675676,0.9453262142748126,0.007622849711170288,0.013579115549101052,0.9128817175866252,0.01799341844937063,0.014791118863606992,0.828634110005994,0.00033143723873285767,0.00033143723873285767,3.8992616321512665
29420,0.0009557064068755072,0.002812529910831165,0.9453882053213999,0.0076155990004324135,0.01358034816992649,0.912964582852201,0.017981135624796887,0.01479320694378453,0.8287510892876487,0.0003315499341557522,0.0003315499341557522,3.900587460655908
29430,0.0009546224712014034,0.002812714179895763,0.9454501445027773,0.007608353847847688,0.013581579845865895,0.9130473845960264,0.01796886016839701,0.014795293771372507,0.8288679983962188,0.0003316626295786468,0.0003316626295786468,3.90191328916055
29440,0.0009535394431512783,0.0028128982946642837,0.9455120318199272,0.007601114252359964,0.013582810577098807,0.9131301228301718,0.01795659207782569,0.014797379346769633,0.828984837354041,0.00033177532500154133,0.00033177532500154133,3.903239117665192
29450,0.0009524573227079341,0.0028130822551396526,0.9455738672738327,0.007593880212913093,0.013584040363804775,0.9132127975667074,0.017944331350737596,0.014799463670374609,0.8291016061834515,0.00033188802042443587,0.00033188802042443587,3.9045649461698333
29460,0.0009513761098541738,0.0028132660613247916,0.9456356508654761,0.0075866517284509305,0.013585269206163344,0.9132954088177037,0.017932077984787416,0.014801546742586139,0.8292183049067865,0.0003320007158473304,0.0003320007158473304,3.905890774674475
29470,0.0009502958045728,0.002813449713222625,0.9456973825958402,0.007579428797917328,0.013586497104354056,0.9133779565952306,0.01791983197762982,0.01480362856380293,0.8293349335463827,0.00033211341127022494,0.00033211341127022494,3.907216603179117
29480,0.0009492164068466152,0.0028136332108360767,0.945759062465908,0.007572211420256138,0.013587724058556457,0.9134604409113584,0.0179075933269195,0.014805709134423684,0.8294514921245761,0.0003322261066931195,0.0003322261066931195,3.9085424316837583
29490,0.0009481379166584223,0.0028138165541680693,0.9458206904766618,0.007564999594411215,0.013588950068950095,0.9135428617781575,0.017895362030311127,0.014807788454847108,0.8295679806637035,0.0003323388021160141,0.0003323388021160141,3.9098682601884005
29500,0.000947060333991024,0.002813999743221527,0.9458822666290847,0.007557793319326411,0.013590175135714512,0.9136252192076982,0.017883138085459382,0.014809866525471905,0.8296843991861012,0.0003324514975389086,0.0003324514975389086,3.9111940886930423
29510,0.0009459836588272228,0.0028141827779993734,0.945943790924159,0.007550592593945579,0.013591399259029253,0.9137075132120506,0.017870921490018947,0.014811943346696778,0.8298007477141052,0.00033256419296180315,0.00033256419296180315,3.9125199171976837
29520,0.0009449078911498213,0.0028143656585045314,0.9460052633628677,0.007543397417212574,0.013592622439073864,0.9137897438032848,0.017858712241644502,0.014814018918920435,0.8299170262700524,0.0003326768883846977,0.0003326768883846977,3.9138457457023255
29530,0.0009438330309416226,0.0028145483847399253,0.9460666839461933,0.007536207788071246,0.013593844676027889,0.9138719109934713,0.01784651033799072,0.014816093242541578,0.8300332348762789,0.0003327895838075922,0.0003327895838075922,3.9151715742069673
29540,0.0009427590781854288,0.002814730956708478,0.9461280526751187,0.007529023705465449,0.013595065970070874,0.9139540147946805,0.017834315776712288,0.01481816631795891,0.830149373555121,0.00033290227923048676,0.00033290227923048676,3.9164974027116086
29550,0.000941686032864043,0.002814913374413114,0.9461893695506265,0.007521845168339037,0.013596286321382364,0.9140360552189823,0.017822128555463883,0.01482023814557114,0.8302654423289154,0.0003330149746533813,0.0003330149746533813,3.9178232312162504
29560,0.0009406138949602678,0.002815095637856756,0.9462506345736993,0.007514672175635863,0.013597505730141905,0.9141180322784472,0.017809948671900184,0.014822308725776967,0.8303814412199982,0.00033312767007627584,0.00033312767007627584,3.919149059720892
29570,0.0009395426644569058,0.0028152777470423274,0.94631184774532,0.007507504726299778,0.013598724196529039,0.9141999459851454,0.017797776123675873,0.014824378058975102,0.830497370250706,0.0003332403654991704,0.0003332403654991704,3.920474888225534
29580,0.0009384723413367595,0.0028154597019727523,0.9463730090664713,0.007500342819274638,0.013599941720723313,0.9142817963511469,0.017785610908445625,0.014826446145564243,0.830613229443375,0.00033335306092206496,0.00033335306092206496,3.921800716730176
29590,0.000937402925582632,0.0028156415026509536,0.9464341185381356,0.007493186453504293,0.013601158302904271,0.9143635833885223,0.017773453023864124,0.014828512985943098,0.8307290188203416,0.0003334657563449595,0.0003334657563449595,3.923126545234817
29600,0.0009363344171773256,0.002815823149079856,0.946495176161296,0.007486035627932598,0.01360237394325146,0.9144453071093417,0.017761302467586046,0.014830578580510371,0.8308447384039424,0.00033357845176785404,0.00033357845176785404,3.924452373739459
29610,0.000935266816103643,0.0028160046412623817,0.9465561819369349,0.007478890341503405,0.013603588641944423,0.9145269675256753,0.017749159237266075,0.014832642929664767,0.8309603882165136,0.0003336911471907486,0.0003336911471907486,3.925778202244101
29620,0.0009342001223443872,0.0028161859792014553,0.9466171358660352,0.007471750593160568,0.013604802399162706,0.9146085646495935,0.017737023330558887,0.014834706033804988,0.8310759682803915,0.0003338038426136431,0.0003338038426136431,3.927104030748742
29630,0.0009331343358823605,0.0028163671629,0.9466780379495797,0.007464616381847939,0.013606015215085853,0.9146900984931664,0.017724894745119166,0.014836767893329742,0.8311914786179128,0.0003339165380365377,0.0003339165380365377,3.9284298592533844
29640,0.0009320694567003657,0.002816548192360939,0.9467388881885509,0.007457487706509371,0.013607227089893408,0.9147715690684644,0.017712773478601583,0.014838828508637731,0.8313069192514135,0.00033402923345943224,0.00033402923345943224,3.929755687758026
29650,0.0009310054847812056,0.0028167290675871963,0.9467996865839314,0.007450364566088718,0.01360843802376492,0.9148529763875575,0.017700659528660824,0.014840887880127659,0.8314222902032302,0.0003341419288823268,0.0003341419288823268,3.9310815162626676
29660,0.0009299424201076828,0.002816909788581695,0.9468604331367042,0.007443246959529833,0.01360964801687993,0.9149343204625162,0.01768855289295157,0.014842946008198233,0.8315375914956993,0.0003342546243052213,0.0003342546243052213,3.9324073447673094
29670,0.0009288802626625998,0.002817090355347359,0.9469211278478518,0.007436134885776567,0.013610857069417986,0.9150156013054107,0.017676453569128496,0.014845002893248156,0.8316528231511572,0.00033436731972811586,0.00033436731972811586,3.933733173271951
29680,0.0009278190124287593,0.002817270767887112,0.9469817707183569,0.007429028343772775,0.013612065181558629,0.9150968189283111,0.017664361554846287,0.014847058535676132,0.8317679851919402,0.0003344800151510104,0.0003344800151510104,3.9350590017765925
29690,0.0009267586693889644,0.002817451026203877,0.9470423617492023,0.0074219273324623095,0.013613272353481408,0.9151779733432878,0.017652276847759617,0.014849112935880865,0.8318830776403846,0.00033459271057390493,0.00033459271057390493,3.9363848302812343
29700,0.0009256992335260172,0.002817631130300578,0.9471029009413707,0.0074148318507890245,0.013614478585365868,0.9152590645624112,0.01764019944552317,0.014851166094261061,0.8319981005188269,0.0003347054059967995,0.0003347054059967995,3.9377106587858766
29710,0.0009246407048227208,0.0028178110801801385,0.9471633882958448,0.007407741897696772,0.01361568387739155,0.9153400925977512,0.01762812934579162,0.014853218011215424,0.8321130538496035,0.00033481810141969406,0.00033481810141969406,3.939036487290518
29720,0.0009235830832618778,0.002817990875845482,0.9472238238136073,0.007400657472129403,0.013616888229738004,0.9154210574613783,0.017616066546219653,0.014855268687142658,0.8322279376550509,0.0003349307968425886,0.0003349307968425886,3.9403623157951597
29730,0.0009225263688262906,0.002818170517299532,0.9472842074956408,0.0073935785730307735,0.01361809164258477,0.9155019591653626,0.017604011044461944,0.01485731812244147,0.8323427519575053,0.00033504349226548313,0.00033504349226548313,3.941688144299801
29740,0.0009214705614987621,0.0028183500045452117,0.9473445393429282,0.007386505199344737,0.013619294116111397,0.9155827977217744,0.017591962838173176,0.01485936631751056,0.832457496779303,0.00033515618768837767,0.00033515618768837767,3.943013972804443
29750,0.0009204156612620949,0.002818529337585445,0.947404819356452,0.007379437350015144,0.013620495650497427,0.915663573142684,0.017579921925008027,0.014861413272748635,0.8325721721427807,0.0003352688831112722,0.0003352688831112722,3.9443398013090847
29760,0.0009193616680990917,0.0028187085164231556,0.9474650475371952,0.007372375023985847,0.013621696245922408,0.9157442854401618,0.017567888302621175,0.0148634589885544,0.8326867780702745,0.00033538157853416675,0.00033538157853416675,3.945665629813726
29770,0.0009183085819925551,0.002818887541061267,0.94752522388614,0.007365318220200702,0.013622895902565883,0.9158249346262777,0.017555861968667305,0.014865503465326557,0.8328013145841209,0.00033549427395706134,0.00033549427395706134,3.9469914583183683
29780,0.0009172564029252882,0.0028190664115027024,0.9475853484042697,0.007358266937603561,0.013624094620607397,0.9159055207131022,0.01754384292080109,0.014867546703463814,0.8329157817066563,0.0003356069693799559,0.0003356069693799559,3.94831728682301
29790,0.0009162051308800929,0.0028192451277503855,0.9476454210925664,0.007351221175138276,0.013625292400226495,0.9159860437127054,0.017531831156677214,0.014869588703364873,0.833030179460217,0.0003357196648028504,0.0003357196648028504,3.9496431153276514
29800,0.0009151547658397725,0.0028194236898072397,0.9477054419520132,0.0073441809317487,0.013626489241602723,0.9160665036371577,0.017519826673950353,0.01487162946542844,0.8331445078671394,0.00033583236022574495,0.00033583236022574495,3.9509689438322932
29810,0.0009141053077871294,0.0028196020976761892,0.9477654109835929,0.007337146206378688,0.013627685144915625,0.9161469004985293,0.01750782947027519,0.014873668990053218,0.8332587669497601,0.0003359450556486395,0.0003359450556486395,3.952294772336935
29820,0.0009130567567049662,0.002819780351360157,0.947825328188288,0.007330116997972091,0.013628880110344747,0.9162272343088904,0.017495839543306402,0.014875707277637911,0.8333729567304152,0.000336057751071534,0.000336057751071534,3.9536206008415764
29830,0.000912009112576086,0.0028199584508620664,0.947885193567081,0.007323093305472762,0.013630074138069631,0.9163075050803112,0.01748385689069867,0.014877744328581227,0.8334870772314412,0.00033617044649442856,0.00033617044649442856,3.954946429346218
29840,0.000910962375383291,0.002820136396184842,0.9479450071209552,0.007316075127824555,0.013631267228269827,0.9163877128248622,0.017471881510106674,0.014879780143281864,0.8336011284751745,0.00033628314191732315,0.00033628314191732315,3.9562722578508605
29850,0.0009099165451093843,0.002820314187331406,0.9480047688508927,0.007309062463971323,0.013632459381124876,0.9164678575546134,0.017459913399185095,0.014881814722138533,0.8337151104839515,0.0003363958373402177,0.0003363958373402177,3.957598086355502
29860,0.0009088716217371679,0.0028204918243046827,0.9480644787578765,0.007302055312856918,0.013633650596814326,0.9165479392816352,0.01744795255558861,0.014883848065549937,0.8338290232801085,0.00033650853276311223,0.00033650853276311223,3.9589239148601436
29870,0.0009078276052494452,0.0028206693071075955,0.9481241368428892,0.007295053673425193,0.013634840875517718,0.9166279580179977,0.017435998976971897,0.014885880173914777,0.833942866885982,0.00033662122818600677,0.00033662122818600677,3.9602497433647854
29880,0.0009067844956290186,0.002820846635743068,0.9481837431069136,0.007288057544620003,0.0136360302174146,0.9167079137757713,0.01742405266098964,0.014887911047631762,0.8340566413239082,0.0003367339236089013,0.0003367339236089013,3.9615755718694268
29890,0.0009057422928586906,0.0028210238102140237,0.9482432975509322,0.0072810669253852,0.013637218622684518,0.9167878065670263,0.017412113605296514,0.014889940687099592,0.8341703466162236,0.00033684661903179584,0.00033684661903179584,3.9629014003740686
29900,0.0009047009969212641,0.0028212008305233864,0.948302800175928,0.007274081814664636,0.013638406091507014,0.9168676364038328,0.017400181807547203,0.014891969092716974,0.8342839827852646,0.00033695931445469043,0.00033695931445469043,3.964227228878711
29910,0.0009036606077995417,0.002821377696674079,0.9483622509828836,0.007267102211402164,0.013639592624061633,0.9169474032982609,0.017388257265396386,0.014893996264882614,0.8343975498533678,0.00033707200987758497,0.00033707200987758497,3.965553057383352
29920,0.0009026211254763261,0.0028215544086690257,0.9484216499727817,0.007260128114541638,0.013640778220527923,0.9170271072623813,0.01737633997649874,0.014896022203995213,0.8345110478428691,0.0003371847053004795,0.0003371847053004795,3.966878885887994
29930,0.00090158254993442,0.00282173096651115,0.9484809971466049,0.007253159523026911,0.013641962881085427,0.9171067483082639,0.01736442993850895,0.014898046910453478,0.8346244767761052,0.00033729740072337405,0.00033729740072337405,3.9682047143926353
29940,0.0009005448811566258,0.0028219073702033747,0.9485402925053359,0.0072461964358018355,0.013643146605913689,0.917186326447979,0.017352527149081684,0.014900070384656114,0.8347378366754126,0.0003374100961462686,0.0003374100961462686,3.969530542897277
29950,0.0008995081191257466,0.0028220836197486244,0.9485995360499576,0.007239238851810265,0.013644329395192256,0.9172658416935969,0.017340631605871633,0.014902092627001822,0.8348511275631273,0.0003375227915691631,0.0003375227915691631,3.970856371401919
29960,0.0008984722638245848,0.002822259715149822,0.9486587277814527,0.007232286769996052,0.013645511249100673,0.917345294057188,0.017328743306533473,0.01490411363788931,0.8349643494615859,0.00033763548699205766,0.00033763548699205766,3.9721821999065603
29970,0.0008974373152359431,0.0028224356564098907,0.9487178677008035,0.00722534018930305,0.013646692167818483,0.9174246835508223,0.017316862248721882,0.01490613341771728,0.8350775023931248,0.0003377481824149522,0.0003377481824149522,3.973508028411202
29980,0.0008964032733426242,0.002822611443531755,0.9487769558089933,0.007218399108675111,0.013647872151525232,0.91750401018657,0.017304988430091543,0.014908151966884439,0.8351905863800806,0.0003378608778378468,0.0003378608778378468,3.9748338569158443
29990,0.0008953701381274307,0.002822787076518338,0.9488359921070043,0.007211463527056089,0.013649051200400466,0.9175832739765017,0.017293121848297132,0.014910169285789487,0.8353036014447892,0.0003379735732607413,0.0003379735732607413,3.9761596854204857
30000,0.0008943379095731655,0.002822962555372563,0.9488949765958196,0.007204533443389838,0.01365022931462373,0.9176624749326876,0.01728126250099333,0.014912185374831133,0.8354165476095873,0.00033808626868363586,0.00033808626868363586,3.9774855139251275
30010,0.0008933065876626311,0.002823137880097354,0.9489539092764214,0.007197608856620208,0.013651406494374567,0.9177416130671976,0.017269410385834818,0.01491420023440808,0.8355294248968113,0.0003381989641065304,0.0003381989641065304,3.9788113424297693
30020,0.0008922761723786303,0.002823313050695634,0.9490127901497929,0.007190689765691054,0.013652582739832522,0.9178206883921021,0.017257565500476274,0.014916213864919033,0.8356422333287974,0.00033831165952942494,0.00033831165952942494,3.9801371709344107
30030,0.0008912466637039655,0.002823488067170327,0.9490716192169165,0.007183776169546231,0.013653758051177143,0.9178997009194716,0.017245727842572375,0.014918226266762695,0.835754972927882,0.0003384243549523195,0.0003384243549523195,3.9814629994390525
30040,0.0008902180616214396,0.0028236629295243566,0.9491303964787752,0.007176868067129587,0.013654932428587972,0.9179786506613762,0.017233897409777807,0.014920237440337773,0.8358676437164019,0.00033853705037521407,0.00033853705037521407,3.9827888279436947
30050,0.0008891903661138552,0.002823837637760646,0.9491891219363515,0.007169965457384979,0.013656105872244554,0.9180575376298858,0.017222074199747247,0.014922247386042968,0.8359802457166928,0.0003386497457981086,0.0003386497457981086,3.984114656448336
30060,0.0008881635771640151,0.0028240121918821186,0.949247795590628,0.007163068339256258,0.013657278382326438,0.9181363618370714,0.017210258210135373,0.014924256104276987,0.8360927789510918,0.00033876244122100314,0.00033876244122100314,3.985440484952978
30070,0.0008871376947547217,0.0028241865918916986,0.9493064174425877,0.007156176711687279,0.013658449959013164,0.9182151232950025,0.017198449438596865,0.014926263595438532,0.8362052434419346,0.0003388751366438977,0.0003388751366438977,3.9867663134576197
30080,0.000886112718868778,0.0028243608377923088,0.949364987493213,0.007149290573621894,0.01365962060248428,0.9182938220157498,0.017186647882786402,0.014928269859926312,0.8363176392115581,0.0003389878320667922,0.0003389878320667922,3.988092141962261
30090,0.0008850886494889865,0.0028245349295868737,0.9494235057434869,0.007142409924003955,0.013660790312919328,0.9183724580113832,0.017174853540358664,0.014930274898139027,0.8364299662822985,0.00033910052748968675,0.00033910052748968675,3.989417970466903
30100,0.0008840654865981499,0.0028247088672783156,0.9494819721943917,0.0071355347617773155,0.013661959090497857,0.9184510312939734,0.017163066408968333,0.014932278710475384,0.8365422246764921,0.0003392132229125813,0.0003392132229125813,3.990743798971544
30110,0.0008830432301790707,0.002824882650869559,0.9495403868469106,0.007128665085885829,0.01366312693539941,0.9185295418755904,0.01715128648627009,0.014934281297334085,0.8366544144164754,0.00033932591833547583,0.00033932591833547583,3.992069627476186
30120,0.0008820218802145518,0.0028250562803635274,0.949598749702026,0.0071218008952733496,0.013664293847803531,0.9186079897683045,0.017139513769918607,0.014936282659113837,0.8367665355245847,0.0003394386137583704,0.0003394386137583704,3.9933954559808282
30130,0.0008810014366873958,0.0028252297557631438,0.9496570607607205,0.007114942188883727,0.013665459827889768,0.9186863749841859,0.01712774825756857,0.014938282796213342,0.8368785880231565,0.00033955130918126496,0.00033955130918126496,3.9947212844854696
30140,0.0008799818995804056,0.002825403077071332,0.9497153200239771,0.007108088965660818,0.013666624875837662,0.9187646975353049,0.017115989946874653,0.014940281709031309,0.8369905719345272,0.0003396640046041595,0.0003396640046041595,3.9960471129901114
30150,0.0008789632688763834,0.002825576244291016,0.9497735274927784,0.007101241224548473,0.013667788991826762,0.9188429574337318,0.01710423883549154,0.014942279397966437,0.8371024872810329,0.00033977670002705403,0.00033977670002705403,3.997372941494753
30160,0.0008779455445581323,0.0028257492574251188,0.9498316831681071,0.0070943989644905465,0.013668952176036609,0.9189211546915366,0.017092494921073915,0.014944275863417435,0.8372143340850103,0.00033988939544994857,0.00033988939544994857,3.9986987699993946
30170,0.0008769287266084545,0.002825922116476564,0.9498897870509458,0.007087562184430891,0.01367011442864675,0.9189992893207898,0.01708075820127645,0.014946271105783003,0.8373261123687956,0.0003400020908728431,0.0003400020908728431,4.000024598504036
30180,0.0008759128150101533,0.002826094821448275,0.9499478391422773,0.007080730883313359,0.013671275749836731,0.9190773613335617,0.017069028673753824,0.01494826512546185,0.8374378221547255,0.0003401147862957377,0.0003401147862957377,4.001350427008679
30190,0.0008748978097460308,0.002826267372343176,0.9500058394430844,0.007073905060081804,0.013672436139786096,0.9191553707419223,0.017057306336160726,0.014950257922852676,0.8375494634651359,0.00034022748171863224,0.00034022748171863224,4.00267625551332
