Time (s),10nm_retentate,10nm_permeate,10nm_cumulative_yield,180nm_retentate,180nm_permeate,180nm_cumulative_yield,300nm_retentate,300nm_permeate,300nm_cumulative_yield,V2_{V_2},Added Buffer,Diavolumes
0,0.0125,0.0,0.0,0.0625,0.0,0.0,0.075,0.0,0.0,0.0,0.0,0.0
10,0.012489732747557691,1.74543291519263e-06,0.0008213801953847669,0.06245484778258584,7.675876960406855e-06,0.0007224354786265275,0.07496102649808763,6.625495325101763e-06,0.0005196466921648441,1.473599257167289e-07,1.473599257167289e-07,0.001733646184902693
20,0.012479470461862222,3.4900214834223977e-06,0.0016423630510223044,0.062409709546060094,1.534937716978356e-05,0.0014446472630384526,0.07492205713287782,1.325028741076889e-05,0.0010392382282955993,2.9471985143345775e-07,2.9471985143345775e-07,0.003467292369805385
30,0.012469213164653584,5.233762008890934e-06,0.00246294682771338,0.062364585241166365,2.3020509001717822e-05,0.0021666361413381478,0.0748830918600295,1.987438379498356e-05,0.0015587751996065536,4.420797771501867e-07,4.420797771501867e-07,0.0052009385547080785
40,0.01245896085566008,6.976654537786539e-06,0.003283131547193665,0.06231947489140913,3.068926846044728e-05,0.002888401737453862,0.07484413070929218,2.6497779420329805e-05,0.0020782572094376318,5.894397028669156e-07,5.894397028669156e-07,0.006934584739610772
50,0.01244871352966953,8.718699956180033e-06,0.0041029176264376615,0.06227437852099419,3.835565143098714e-05,0.003609943664092907,0.07480517372742641,3.312046633750875e-05,0.002597683634314412,7.367996285836446e-07,7.367996285836446e-07,0.008668230924513465
60,0.012438471188983367,1.0459897872827963e-05,0.004922304881330806,0.06222929615230121,4.6019654108793295e-05,0.004331261563180545,0.07476622093450007,3.974244113498813e-05,0.003117054206665736,8.841595543003735e-07,8.841595543003735e-07,0.010401877109416159
70,0.01242823383631529,1.2200247826400842e-05,0.005741293094776866,0.06218422780761865,5.368127270482914e-05,0.005052355078101566,0.07472727234912604,4.6363700648570605e-05,0.0036363686783192632,1.0315194800171024e-06,1.0315194800171024e-06,0.012135523294318851
80,0.012418001474379006,1.3939749355569197e-05,0.006559882049679621,0.06213917350923495,6.134050343005804e-05,0.0057732238522407555,0.0746883279899173,5.298424171405882e-05,0.004155626801102653,1.1788794057338312e-06,1.1788794057338312e-06,0.013869169479221543
90,0.012407774105888216,1.5678401999003538e-05,0.00737807152894284,0.062094133279438565,6.899734249544336e-05,0.006493867528982905,0.07464938787548672,5.960406116725542e-05,0.004674828326843562,1.32623933145056e-06,1.32623933145056e-06,0.015602815664124236
100,0.012397551733556623,1.7416205295374386e-05,0.008195861315470298,0.062049107140517944,7.665178611194848e-05,0.007214285751712799,0.07461045202444727,6.622315584396304e-05,0.00519397300736965,1.4735992571672891e-06,1.4735992571672891e-06,0.01733646184902693
110,0.012387334360097929,1.9153158783352258e-05,0.009013251192165768,0.06200409511476154,8.430383049053678e-05,0.007934478163815225,0.07457152045541185,7.284152257998435e-05,0.005713060594508577,1.620959182884018e-06,1.620959182884018e-06,0.019070108033929622
120,0.01237712198822584,2.0889262001607675e-05,0.009830240941933022,0.06195909722445781,9.195347184217161e-05,0.008654444408674973,0.07453259318699339,7.945915821112198e-05,0.006232090840087999,1.7683191086007468e-06,1.7683191086007468e-06,0.020803754218832314
130,0.012366914620654054,2.262451448881115e-05,0.010646830347675834,0.06191411349189519,9.960070637781637e-05,0.009374184129676834,0.07449367023780483,8.607605957317858e-05,0.006751063495935575,1.9156790343174757e-06,1.9156790343174757e-06,0.022537400403735006
140,0.012356712260096277,2.4358915783633208e-05,0.01146301919229798,0.061869143939362145,0.0001072455303084344,0.010093696970205589,0.07445475162645906,9.269222350195681e-05,0.007269978313878966,2.0630389600342043e-06,2.0630389600342043e-06,0.024271046588637695
150,0.01234651490926621,2.6092465424744362e-05,0.012278807258703226,0.061824188589147115,0.0001148879398449891,0.010812982573646032,0.07441583737156905,9.930764683325932e-05,0.007788835045745829,2.210398885750934e-06,2.210398885750934e-06,0.026004692773540394
160,0.012336322570877559,2.7825162950815126e-05,0.013094194329795352,0.061779247463538564,0.00012252793119844384,0.01153204058338295,0.07437692749174771,0.00010592232640288875,0.008307633443363823,2.3577588114676624e-06,2.3577588114676624e-06,0.027738338958443087
170,0.012326135247644025,2.9557007900516025e-05,0.013909180188478126,0.06173432058482493,0.00013016550057976193,0.012250870642801122,0.07433802200560795,0.00011253625904664773,0.008826373258560607,2.505118737184391e-06,2.505118737184391e-06,0.029471985143345775
180,0.01231595294227931,3.1287999812517574e-05,0.014723764617655328,0.06168940797529466,0.00013780064419990687,0.012969472395285352,0.0742991209317627,0.0001191494416003389,0.009345054243163836,2.6524786629011197e-06,2.6524786629011197e-06,0.031205631328248464
190,0.012305775657497117,3.301813822549029e-05,0.015537947400230722,0.06164450965723622,0.00014543335826984192,0.013687845484220416,0.07426022428882491,0.000125761870899765,0.009863676149001176,2.799838588617849e-06,2.799838588617849e-06,0.03293927751315116
200,0.01229560339601115,3.47474226781047e-05,0.016351728319108094,0.06159962565293805,0.00015306363900053046,0.014405989552991102,0.07422133209540747,0.00013237354378072854,0.010382238727900277,2.947198514334578e-06,2.947198514334578e-06,0.03467292369805385
210,0.012285436160535112,3.647585270903132e-05,0.017165107157191207,0.06155475598468861,0.00016069148260293594,0.015123904244982205,0.07418244437012333,0.00013898445707903227,0.010900741731688805,3.0945584400513065e-06,3.0945584400513065e-06,0.03640656988295654
220,0.012275273953782704,3.8203427856940646e-05,0.01797808369738383,0.06150990067477634,0.00016831688528802163,0.015841589203578504,0.0741435611315854,0.00014559460763047876,0.011419184912194413,3.241918365768036e-06,3.241918365768036e-06,0.038140216067859244
230,0.01226511677846763,3.9930147660503235e-05,0.018790657722589754,0.06146505974548969,0.00017593984326675103,0.016559044072164804,0.07410468239840663,0.00015220399227087076,0.011937568021244765,3.3892782914847646e-06,3.3892782914847646e-06,0.03987386225276193
240,0.012254964637303592,4.165601165838956e-05,0.019602829015712732,0.06142023321911713,0.0001835603527500874,0.017276268494125873,0.07406580818919993,0.0001588126078360108,0.012455890810667515,3.5366382172014932e-06,3.5366382172014932e-06,0.04160750843766462
250,0.012244817533004295,4.3381019389270175e-05,0.02041459735965655,0.06137542111794709,0.0001911784099489941,0.017993262112846502,0.07402693852257822,0.0001654204511617016,0.012974153032290322,3.683998142918222e-06,3.683998142918222e-06,0.04334115462256731
260,0.012234675468283438,4.510517039181559e-05,0.02122596253732498,0.06133062346426803,0.00019879401107443466,0.018710024571711496,0.07398807341715442,0.00017202751908374585,0.01349235443794085,3.8313580686349505e-06,3.8313580686349505e-06,0.045074800807470006
270,0.01222453844585473,4.68284642046963e-05,0.022036924331621785,0.061285840280368396,0.00020640715233737224,0.01942655551410562,0.07394921289154148,0.00017863380843794607,0.014010494779446752,3.97871799435168e-06,3.97871799435168e-06,0.0468084469923727
280,0.012214406468431867,4.855090036658286e-05,0.022847482525450755,0.06124107158853664,0.00021401782994877037,0.02014285458341368,0.07391035696435232,0.000185239316060105,0.014528573808635686,4.1260779200684095e-06,4.1260779200684095e-06,0.048542093177275404
290,0.012204279538728557,5.0272478416145766e-05,0.02365763690171565,0.06119631741106122,0.00022162604011959238,0.020858921423020458,0.07387150565419984,0.0001918440387860253,0.015046591277335318,4.273437845785138e-06,4.273437845785138e-06,0.05027573936217809
300,0.012194157659458499,5.199319789205552e-05,0.024467387243320243,0.06115157777023057,0.0002292317790608016,0.021574755676310738,0.073832658979697,0.00019844797345150954,0.015564546937373297,4.420797771501868e-06,4.420797771501868e-06,0.05200938554708079
310,0.012184040833335397,5.371305833298268e-05,0.02527673333316832,0.061106852688333164,0.00023683504298336146,0.022290356986669313,0.07379381695945669,0.00020505111689236044,0.01608244054057729,4.568157697218596e-06,4.568157697218596e-06,0.053743031731983484
320,0.012173929063072957,5.543205927759774e-05,0.026085674954163637,0.06106214218765744,0.00024443582809823526,0.023005724997480964,0.07375497961209188,0.00021165346594438056,0.016600271838774945,4.715517622935325e-06,4.715517622935325e-06,0.05547667791688617
330,0.012163822348563188,5.7150200744258313e-05,0.026894212114945082,0.061017446309972675,0.0002520341273046448,0.023720859040437154,0.07371614697461544,0.00021825501431537301,0.01711804033846063,4.8628775486520535e-06,4.8628775486520535e-06,0.05721032410178886
340,0.01215372064207299,5.8867490847592014e-05,0.02770234863416094,0.06097276542176362,0.0002596298783001834,0.024435753251781964,0.07367731939151761,0.00022485570344200358,0.017635741446431655,5.010237474368782e-06,5.010237474368782e-06,0.05894397028669155
350,0.012143623926289806,6.0583932530733215e-05,0.028510085896815626,0.06092809966993734,0.0002672230561106514,0.025150405281002482,0.07363849700171192,0.00023145550970897247,0.018153373310507644,5.157597400085511e-06,5.157597400085511e-06,0.06067761647159424
360,0.01213353220208617,6.229952564535145e-05,0.029317423833106555,0.06088344907456832,0.00027481365732338496,0.025864814806906816,0.07359967982456046,0.00023805442982471897,0.018670935672526978,5.30495732580224e-06,5.30495732580224e-06,0.06241126265649694
370,0.012123445470334612,6.401427004311625e-05,0.03012436237323117,0.06083881365573105,0.00028240167852572025,0.02657898150830308,0.0735608678794254,0.00024465246049768235,0.019188428274328026,5.452317251518969e-06,5.452317251518969e-06,0.06414490884139963
380,0.012113363731907665,6.572816557569712e-05,0.030930901447386874,0.06079419343350003,0.0002899871163049936,0.027292905063999392,0.0735220611856688,0.00025124959843630175,0.019705850857749157,5.599677177235698e-06,5.599677177235698e-06,0.06587855502630233
390,0.012103286987677863,6.74412120947636e-05,0.0317370409857711,0.06074958842794975,0.00029756996724854116,0.02800658515280387,0.07348325976265284,0.0002578458403490166,0.02022320316462875,5.747037102952427e-06,5.747037102952427e-06,0.06761220121120502
400,0.012093215238517736,6.915340945198522e-05,0.032542780918581274,0.060704998659154706,0.00030515022794369914,0.028720021453524622,0.07344446362973961,0.00026444118294426594,0.02074048493680517,5.894397028669156e-06,5.894397028669156e-06,0.0693458473961077
410,0.012083148485299816,7.08647574990315e-05,0.033348121176014815,0.06066042414718938,0.00031272789497780373,0.02943321364496976,0.07340567280629123,0.0002710356229304892,0.021257695916116797,6.041756954385884e-06,6.041756954385884e-06,0.0710794935810104
420,0.012073086728896636,7.257525608757197e-05,0.034153061688269155,0.06061586491212828,0.0003203029649381912,0.030146161405947405,0.07336688731166983,0.0002776291570161255,0.021774835844402003,6.189116880102614e-06,6.189116880102614e-06,0.0728131397659131
430,0.01206302997018073,7.428490506927615e-05,0.034957602385541714,0.06057132097404589,0.00032787543441219777,0.030858864415265672,0.07332810716523755,0.0002842217819096142,0.02229190446349915,6.3364768058193424e-06,6.3364768058193424e-06,0.07454678595081579
440,0.012052978210024627,7.599370429581358e-05,0.03576174319802992,0.0605267923530167,0.0003354452999871596,0.03157132235173267,0.0732893323863565,0.00029081349431939445,0.022808901515246623,6.483836731536072e-06,6.483836731536072e-06,0.07628043213571849
450,0.012042931449300862,7.770165361885378e-05,0.03656548405593118,0.06048227906911521,0.0003430125582504129,0.03228353489415651,0.07325056299438878,0.00029740429095390553,0.023325826741482786,6.6311966572528006e-06,6.6311966572528006e-06,0.07801407832062118
460,0.012032889688881965,7.940875289006626e-05,0.03736882488944294,0.060437781142415915,0.000350577205789294,0.03299550172134532,0.07321179900869654,0.0003039941685215867,0.023842679884046016,6.778556582969529e-06,6.778556582969529e-06,0.07974772450552386
470,0.012022852929640468,8.111500196112058e-05,0.03817176562876262,0.0603932985929933,0.00035813923919113906,0.033707222512107206,0.0731730404486419,0.00031058312373087723,0.024359460684774684,6.925916508686258e-06,6.925916508686258e-06,0.08148137069042656
480,0.012012821172448906,8.282040068368625e-05,0.038974306204087636,0.06034883144092185,0.0003656986550432842,0.03441869694525027,0.07313428733358696,0.00031717115329021634,0.024876168885507165,7.0732764344029865e-06,7.0732764344029865e-06,0.08321501687532924
490,0.01200279441817981,8.452494890943278e-05,0.03977644654561542,0.06030437970627608,0.0003732554499330657,0.035129924699582656,0.07309553968289385,0.0003237582539080433,0.02539280422808183,7.220636360119716e-06,7.220636360119716e-06,0.08494866306023195
500,0.011992772667705709,8.622864649002971e-05,0.04057818658354338,0.06025994340913047,0.00038080962044781977,0.03584090545391245,0.07305679751592471,0.0003303444222927973,0.025909366454337043,7.3679962858364454e-06,7.3679962858364454e-06,0.08668230924513465
510,0.01198275592189914,8.793149327714658e-05,0.041379526248068975,0.06021552256955951,0.0003883611631748826,0.03655163888704777,0.07301806085204166,0.0003369296551529177,0.02642585530611119,7.515356211553174e-06,7.515356211553174e-06,0.08841595543003733
520,0.011972744181632631,8.96334891224529e-05,0.04218046546938959,0.0601711172076377,0.0003959100747015906,0.03726212467779676,0.07297932971060679,0.00034351394919684356,0.026942270525242635,7.662716137269903e-06,7.662716137269903e-06,0.09014960161494003
530,0.011962737447778718,9.133463387761819e-05,0.04298100417770267,0.060126727343439525,0.00040345635161527965,0.037972362504967494,0.07294060411098226,0.0003500973011330143,0.027458611853569747,7.810076062986631e-06,7.810076062986631e-06,0.09188324779984272
540,0.011952735721209931,9.3034927394312e-05,0.043781142303205636,0.06008235299703949,0.00041099999050328627,0.03868235204736811,0.07290188407253018,0.00035667970766986926,0.027974879032930923,7.95743598870336e-06,7.95743598870336e-06,0.0936168939847454
550,0.011942739002798802,9.473436952420384e-05,0.04458087977609592,0.06003799418851208,0.00041854098795294646,0.03939209298380673,0.07286316961461266,0.00036326116551584737,0.0284910718051645,8.10479591442009e-06,8.10479591442009e-06,0.09535054016964811
560,0.011932747293417865,9.643296011896323e-05,0.04538021652657093,0.05999365093793178,0.0004260793405515966,0.04010158499309144,0.07282446075659182,0.00036984167137938816,0.029007189912108877,8.252155840136817e-06,8.252155840136817e-06,0.09708418635455078
570,0.01192276059393965,9.813069903025971e-05,0.04617915248482809,0.0599493232653731,0.0004336150448865727,0.040810827754030374,0.07278575751782981,0.0003764212219689307,0.029523233095602407,8.399515765853548e-06,8.399515765853548e-06,0.09881783253945349
580,0.01191277890523669,9.982758610976282e-05,0.046977687581064846,0.05990501119091052,0.0004411480975452112,0.04151982094543164,0.07274705991768873,0.0003829998139929144,0.03003920109748348,8.546875691570276e-06,8.546875691570276e-06,0.10055147872435619
590,0.01190280222818152,0.00010152362120914205,0.047775821745478605,0.059860714734618535,0.0004486784951148482,0.042228564246103356,0.07270836797553071,0.0003895774441597783,0.030555093659590454,8.694235617287005e-06,8.694235617287005e-06,0.10228512490925887
600,0.011892830563646666,0.00010321880418006697,0.0485735549082668,0.05981643391657165,0.00045620623418281996,0.04293705733485364,0.07266968171071786,0.0003961541091779618,0.03107091052376171,8.841595543003734e-06,8.841595543003734e-06,0.10401877109416156
610,0.011882863912504666,0.00010491313487420705,0.049370886999626835,0.05977216875684434,0.0004637313113364627,0.0436452998904906,0.07263100114261233,0.00040272980575590427,0.03158665143183563,8.988955468720462e-06,8.988955468720462e-06,0.10575241727906426
620,0.01187290227562805,0.00010660661314323187,0.05016781794975616,0.0597279192755111,0.0004712537231631125,0.04435329159182235,0.0725923262905762,0.0004093045306020447,0.032102316125650565,9.136315394437192e-06,9.136315394437192e-06,0.10748606346396697
630,0.011862945653889349,0.00010829923883881091,0.050964347688852184,0.05968368549264643,0.0004787734662501057,0.045061032117657,0.07255365717397162,0.0004158782804248225,0.0326179043470449,9.283675320153921e-06,9.283675320153921e-06,0.10921970964886965
640,0.011852994048161097,0.00010999101181261375,0.05176047614711235,0.05963946742832483,0.00048629053718477855,0.04576852114680268,0.07251499381216071,0.0004224510519326768,0.033133415837857005,9.43103524587065e-06,9.43103524587065e-06,0.11095335583377235
650,0.011843047459315826,0.00011168193191630987,0.05255620325473405,0.05959526510262078,0.0004938049325544671,0.046475758358067484,0.0724763362245056,0.00042902284183404696,0.033648850339925256,9.578395171587378e-06,9.578395171587378e-06,0.11268700201867503
660,0.011833105888226067,0.00011337199900156883,0.05335152894191473,0.05955107853560877,0.0005013166489465078,0.04718274343025955,0.0724376844303684,0.00043559364683737215,0.034164207595088016,9.725755097304107e-06,9.725755097304107e-06,0.11442064820357772
670,0.011823169335764354,0.00011506121292006012,0.054146453138851816,0.05950690774736331,0.0005088256829482367,0.047889476042186976,0.07239903844911122,0.00044216346365109167,0.03467948734518366,9.873115023020837e-06,9.873115023020837e-06,0.11615429438848043
680,0.011813237802803217,0.00011674957352345331,0.05494097577574273,0.05946275275795888,0.0005163320311469899,0.04859595587265787,0.0723603983000962,0.0004487322889836448,0.035194689332050576,1.0020474948737564e-05,1.0020474948737564e-05,0.1178879405733831
690,0.01180331129021519,0.00011843708066341788,0.055735096782784876,0.05941861358746997,0.0005238356901301039,0.049302182600480374,0.07232176400268546,0.00045530011954347067,0.035709813297527114,1.0167834874454295e-05,1.0167834874454295e-05,0.11962158675828581
700,0.011793389798872804,0.0001201237341916234,0.05652881609017571,0.05937449025597109,0.0005313366564849149,0.05000815590446258,0.07228313557624112,0.0004618669520390086,0.03622485898345166,1.0315194800171022e-05,1.0315194800171022e-05,0.12135523294318848
710,0.011783473329648592,0.00012180953395973936,0.05732213362811263,0.05933038278353671,0.0005388349267987588,0.05071387546341259,0.0722445130401253,0.00046843278317869786,0.03673982613166258,1.0462554725887752e-05,1.0462554725887752e-05,0.12308887912809119
720,0.011773561883415088,0.00012349447981943533,0.05811504932679309,0.059286291190241334,0.0005463304976589722,0.05141934095613856,0.07220589641370012,0.00047499760967097777,0.03725471448399826,1.060991465160448e-05,1.060991465160448e-05,0.12482252531299388
730,0.01176365546104482,0.0001251785716223808,0.05890756311641448,0.05924221549615946,0.000553823365652891,0.052124552061448566,0.07216728571632772,0.00048156142822428733,0.037769523782297046,1.075727457732121e-05,1.075727457732121e-05,0.12655617149789658
740,0.011753754063410324,0.0001268618092202453,0.059699674927174234,0.059198155721365574,0.0005613135273678517,0.052829508458150744,0.07212868096737018,0.00048812423554706616,0.03828425376839734,1.090463450303794e-05,1.090463450303794e-05,0.1282898176827993
750,0.011743857691384129,0.00012854419246469836,0.06049138468926981,0.059154111885934176,0.0005688009793911902,0.05353420982505319,0.07209008218618967,0.0004946860283477531,0.0387989041841375,1.1051994428754666e-05,1.1051994428754666e-05,0.13002346386770194
760,0.01173396634583877,0.0001302257212074095,0.061282692332898576,0.059110084009939744,0.0005762857183102428,0.054238655840964024,0.0720514893921483,0.0005012468033347877,0.0393134747713559,1.1199354354471397e-05,1.1199354354471397e-05,0.13175711005260465
770,0.011724080027646777,0.00013190639530004828,0.062073597788258,0.05906607211345678,0.000583767740712346,0.05494284618469138,0.07201290260460817,0.000507806557216609,0.0398279652718909,1.1346714280188124e-05,1.1346714280188124e-05,0.13349075623750734
780,0.011714198737680682,0.00013358621459428417,0.06286410098554547,0.059022076216559784,0.0005912470431848357,0.05564678053504336,0.07197432184293143,0.0005143652867016565,0.040342375427580894,1.1494074205904854e-05,1.1494074205904854e-05,0.13522440242241004
790,0.011704322476813021,0.00013526517894178676,0.06365420185495846,0.058978096339323244,0.0005987236223150482,0.05635045857082807,0.07193574712648017,0.0005209229884983691,0.040856704980264245,1.1641434131621583e-05,1.1641434131621583e-05,0.13695804860731273
800,0.011694451245916322,0.00013694328819422556,0.06444390032669436,0.05893413250182165,0.0006061974746903198,0.05705387997085362,0.07189717847461655,0.0005274796593151865,0.041370953671779336,1.1788794057338311e-05,1.1788794057338311e-05,0.1386916947922154
810,0.011684585045863118,0.00013862054220327005,0.06523319633095061,0.05889018472412949,0.0006136685968979867,0.057757044413928156,0.07185861590670266,0.0005340352958605475,0.041885121243964506,1.1936153983055042e-05,1.1936153983055042e-05,0.14042534097711812
820,0.011674723877525944,0.0001402969408205898,0.0660220897979246,0.05884625302632126,0.000621136985525385,0.05845995157885977,0.07182005944210063,0.0005405898948428917,0.042399207438658174,1.208351390877177e-05,1.208351390877177e-05,0.14215898716202083
830,0.01166486774177733,0.00014197248389785432,0.06681058065781378,0.05880233742847146,0.0006286026371598509,0.05916260114445655,0.07178150910017259,0.0005471434529706581,0.04291321199769868,1.2230873834488499e-05,1.2230873834488499e-05,0.1438926333469235
840,0.011655016639489806,0.00014364717128673314,0.06759866884081558,0.05875843795065458,0.0006360655483887208,0.059864992789526665,0.07174296490028066,0.000553695966952286,0.043427134662924395,1.237823376020523e-05,1.237823376020523e-05,0.14562627953182622
850,0.011645170571535909,0.0001453210028388958,0.06838635427712743,0.058714554612945107,0.0006435257157993309,0.0605671261928782,0.07170442686178696,0.0005602474334962149,0.04394097517617372,1.2525593685921956e-05,1.2525593685921956e-05,0.14735992571672887
860,0.011635329538788167,0.0001469939784060118,0.06917363689694671,0.05867068743541754,0.0006509831359790172,0.06126900103331926,0.07166589500405361,0.0005667978493108837,0.044454733279284994,1.2672953611638687e-05,1.2672953611638687e-05,0.14909357190163158
870,0.011625493542119114,0.0001486660978397507,0.06996051663047091,0.058626836438146375,0.000658437805515116,0.06197061698965797,0.07162736934644275,0.0005733472111047318,0.04496840871409661,1.2820313537355414e-05,1.2820313537355414e-05,0.15082721808653426
880,0.011615662582401284,0.00015033736099178197,0.07074699340789739,0.05858300164120609,0.0006658897209949636,0.06267197374070246,0.07158884990831647,0.0005798955155861984,0.04548200122244694,1.2967673463072144e-05,1.2967673463072144e-05,0.15256086427143697
890,0.011605836660507206,0.0001520077677137752,0.07153306715942362,0.058539183064671194,0.0006733388790058962,0.0633730709652608,0.07155033670903692,0.0005864427594637229,0.045995510546174345,1.3115033388788874e-05,1.3115033388788874e-05,0.15429451045633968
900,0.011596015777309414,0.0001536773178573999,0.072318737815247,0.058495380728616174,0.00068078527613525,0.06407390834214118,0.0715118297679662,0.0005929889394457443,0.046508936427117196,1.3262393314505601e-05,1.3262393314505601e-05,0.15602815664124237
910,0.011586199933680439,0.00015534601127432555,0.07310400530556495,0.058451594653115516,0.0006882289089703611,0.06477448555015163,0.07147332910446645,0.0005995340522407021,0.04702227860711389,1.3409753240222331e-05,1.3409753240222331e-05,0.15776180282614508
920,0.011576389130492814,0.00015701384781622175,0.07388886956057493,0.05840782485824372,0.0006956697740985661,0.06547480226810033,0.07143483473789979,0.0006060780945570354,0.047535536828002774,1.3557113165939062e-05,1.3557113165939062e-05,0.15949544901104779
930,0.011566583368619071,0.00015868082733475796,0.07467333051047431,0.05836407136407529,0.0007031078681072006,0.06617485817479535,0.07139634668762833,0.0006126210631031835,0.048048710831622245,1.3704473091655789e-05,1.3704473091655789e-05,0.16122909519595044
940,0.011556782648931743,0.00016034694968160377,0.07545738808546058,0.05832033419068469,0.0007105431875836013,0.06687465294904482,0.07135786497301419,0.0006191629545875856,0.048561800359810635,1.3851833017372516e-05,1.3851833017372516e-05,0.16296274138085312
950,0.011546986972303361,0.00016201221470842861,0.07624104221573111,0.05827661335814644,0.0007179757291151043,0.06757418626965686,0.07131938961341952,0.000625703765718681,0.049074805154406355,1.3999192943089246e-05,1.3999192943089246e-05,0.16469638756575583
960,0.011537196339606459,0.00016367662226690215,0.07702429283148335,0.058232908886535026,0.0007254054892890456,0.06827345781543959,0.07128092062820642,0.0006322434932049089,0.04958772495724775,1.4146552868805973e-05,1.4146552868805973e-05,0.16643003375065848
970,0.011527410751713566,0.00016534017220869377,0.0778071398629147,0.05818922079592493,0.0007328324646927618,0.0689724672652011,0.071242458036737,0.0006387821337547087,0.05010055951017323,1.4293912794522703e-05,1.4293912794522703e-05,0.1681636799355612
980,0.011517630209497217,0.0001670028643854731,0.07858958324022262,0.05814554910639065,0.0007402566519135888,0.06967121429774953,0.0712040018583734,0.0006453196840765194,0.05061330855502113,1.4441272720239434e-05,1.4441272720239434e-05,0.1698973261204639
990,0.011507854713829944,0.00016866469864890962,0.07937162289360451,0.05810189383800669,0.0007476780475388631,0.070369698591893,0.07116555211247776,0.0006518561408787803,0.05112597183362983,1.458863264595616e-05,1.458863264595616e-05,0.17163097230536659
1000,0.011498084265584279,0.00017032567485067285,0.0801532587532578,0.05805825501084752,0.0007550966481559205,0.07106791982643956,0.07112710881841217,0.000658391500869931,0.05163854908783773,1.4735992571672891e-05,1.4735992571672891e-05,0.1733646184902693
1010,0.011488318865632752,0.00017198579284243237,0.08093449074937992,0.05801463264498766,0.0007625124503520975,0.07176587768019742,0.07108867199553875,0.0006649257607584103,0.05215104005948316,1.4883352497389621e-05,1.4883352497389621e-05,0.175098264675172
1020,0.011478558514847897,0.0001736450524758576,0.08171531881216827,0.05797102676050158,0.0007699254507147304,0.07246357183197462,0.07105024166321965,0.0006714589172526576,0.05266344449040452,1.5030712423106348e-05,1.5030712423106348e-05,0.17683191086007466
1030,0.011468803214102248,0.00017530345360261822,0.08249574287182032,0.05792743737746379,0.0007773356458311551,0.0731610019605793,0.07101181784081698,0.0006779909670611122,0.05317576212244018,1.5178072348823078e-05,1.5178072348823078e-05,0.17856555704497737
1040,0.011459052964268333,0.00017696099607438363,0.08327576285853346,0.05788386451594877,0.0007847430322887082,0.0738581677448196,0.07097340054769286,0.0006845219068922135,0.05368799269742851,1.5325432274539805e-05,1.5325432274539805e-05,0.18029920322988005
1050,0.011449307766218688,0.00017861767974282336,0.0840553787025051,0.057840308196031025,0.0007921476066747256,0.07455506886350359,0.0709349898032094,0.0006910517334544004,0.05420013595720788,1.5472792200256536e-05,1.5472792200256536e-05,0.18203284941478276
1060,0.011439567620825842,0.00018027350445960704,0.0848345903339327,0.057796768437785036,0.0007995493655765437,0.0752517049954394,0.07089658562672874,0.0006975804434561125,0.05471219164361667,1.5620152125973263e-05,1.5620152125973263e-05,0.18376649559968544
1070,0.01142983252896233,0.00018192847007640406,0.08561339768301367,0.0577532452612853,0.0008069483055814985,0.07594807581943515,0.070858188037613,0.0007041080336057886,0.05522415949849323,1.5767512051689993e-05,1.5767512051689993e-05,0.18550014178458815
1080,0.011420102491500684,0.00018358257644488407,0.08639180067994544,0.05770973868660631,0.0008143444232769266,0.07664418101429897,0.0708197970552243,0.0007106345006118685,0.055736039263675964,1.5914871977406723e-05,1.5914871977406723e-05,0.18723378796949086
1090,0.011410377509313433,0.00018523582341671652,0.0871697992549254,0.05766624873382256,0.0008217377152501639,0.07734002025883895,0.07078141269892475,0.0007171598411827908,0.056247830681003204,1.606223190312345e-05,1.606223190312345e-05,0.18896743415439352
1100,0.011400657583273114,0.00018688821084357097,0.08794739333815103,0.057622775423008546,0.0008291281780885467,0.07803559323186321,0.07074303498807649,0.0007236840520269955,0.05675953349231337,1.620959182884018e-05,1.620959182884018e-05,0.19070108033929623
1110,0.011390942714252254,0.00018853973857711696,0.08872458285981974,0.057579318774238754,0.0008365158083794113,0.07873089961217988,0.07070466394204163,0.0007302071298529214,0.057271147439444815,1.635695175455691e-05,1.635695175455691e-05,0.19243472652419893
1120,0.01138123290312339,0.00019019040646902396,0.0895013677501289,0.05753587880758768,0.0008439006027100935,0.07942593907859703,0.0706662995801823,0.0007367290713690076,0.0577826722642359,1.6504311680273638e-05,1.6504311680273638e-05,0.19416837270910162
1130,0.011371528150759052,0.00019184021437096153,0.090277747939276,0.05749245554312982,0.0008512825576679299,0.08012071130992282,0.07062794192186062,0.0007432498732836937,0.05829410770852499,1.6651671605990365e-05,1.6651671605990365e-05,0.19590201889400427
1140,0.011361828458031771,0.00019348916213459918,0.09105372335745841,0.05744904900093966,0.000858661669840257,0.08081521598496536,0.0705895909864387,0.0007497695323054188,0.058805453514150494,1.6799031531707095e-05,1.6799031531707095e-05,0.19763566507890698
1150,0.01135213382581408,0.0001951372496116065,0.09182929393487363,0.057405659201091704,0.0008660379358144104,0.08150945278253274,0.07055124679327869,0.0007562880451426222,0.05931670942295077,1.6946391457423826e-05,1.6946391457423826e-05,0.1993693112638097
1160,0.011342444254978514,0.0001967844766536529,0.09260445960171901,0.05736228616366043,0.0008734113521777266,0.08220342138143309,0.07051290936174268,0.000762805408503743,0.059827875176764155,1.7093751383140552e-05,1.7093751383140552e-05,0.20110295744871237
1170,0.011332759746397601,0.00019843084311240805,0.09337922028819201,0.05731892990872034,0.0008807819155175417,0.08289712146047451,0.07047457871119281,0.0007693216190972206,0.060338950517429074,1.7241111308857283e-05,1.7241111308857283e-05,0.20283660363361508
1180,0.011323080300943875,0.0002000763488395414,0.09415357592449004,0.05727559045634593,0.0008881496224211922,0.08359055269846515,0.0704362548609912,0.0007758366736314945,0.06084993518678388,1.7388471234574013e-05,1.7388471234574013e-05,0.2045702498185178
1190,0.01131340591948987,0.0002017209936867224,0.09492752644081053,0.05723226782661168,0.0008955144694760141,0.08428371477421309,0.07039793783049997,0.0007823505688150033,0.06136082892666693,1.753583116029074e-05,1.753583116029074e-05,0.20630389600342044
1200,0.011303736602908114,0.00020336477750562072,0.09570107176735092,0.05718896203959209,0.0009028764532693437,0.08497660736652646,0.07035962763908124,0.0007888633013561866,0.0618716314789166,1.768319108600747e-05,1.768319108600747e-05,0.20803754218832315
1210,0.011294072352071144,0.00020500770014790577,0.09647421183430858,0.05714567311536166,0.0009102355703885169,0.08566923015421335,0.07032132430609715,0.0007953748679634838,0.06238234258537128,1.7830551011724197e-05,1.7830551011724197e-05,0.20977118837322584
1220,0.011284413167851488,0.00020664976146524719,0.09724694657188102,0.05710240107399488,0.0009175918174208705,0.08636158281608193,0.07028302785090978,0.000801885265345334,0.06289296198786934,1.7977910937440928e-05,1.7977910937440928e-05,0.21150483455812855
1230,0.011274759051121682,0.00020829096130931438,0.09801927591026556,0.057059145935566234,0.0009249451909537402,0.08705366503094025,0.0702447382928813,0.0008083944902101764,0.06340348942824912,1.8125270863157655e-05,1.8125270863157655e-05,0.21323848074303123
1240,0.011265110002754253,0.00020993129953177702,0.09879119977965976,0.05701590772015022,0.0009322956875744625,0.08774547647759647,0.07020645565137382,0.0008149025392664503,0.06391392464834905,1.8272630788874385e-05,1.8272630788874385e-05,0.21497212692793394
1250,0.01125546602362174,0.00021157077598430444,0.09956271811026089,0.05697268644782133,0.0009396433038703735,0.08843701683485868,0.07016817994574943,0.000821409409222595,0.06442426739000745,1.8419990714591112e-05,1.8419990714591112e-05,0.2167057731128366
1260,0.011245827114596669,0.00021320939051856636,0.1003338308322665,0.056929482138654064,0.0009469880364288094,0.08912828578153499,0.07012991119537029,0.0008279150967870498,0.06493451739506273,1.8567350640307842e-05,1.8567350640307842e-05,0.2184394192977393
1270,0.011236193276551577,0.00021484714298623217,0.10110453787587395,0.0568862948127229,0.0009543298818371064,0.08981928299643355,0.0700916494195985,0.0008344195986682536,0.06544467440535323,1.8714710566024573e-05,1.8714710566024573e-05,0.220173065482642
1280,0.011226564510358993,0.00021648403323897147,0.10187483917128068,0.05684312449010234,0.0009616688366826007,0.09051000815836242,0.0700533946377962,0.0008409229115746461,0.06595473816271734,1.88620704917413e-05,1.88620704917413e-05,0.2219067116675447
1290,0.01121694081689145,0.00021812006112845376,0.10264473464868411,0.05679997119086689,0.0009690048975526287,0.09120046094612975,0.07001514686932549,0.0008474250322146663,0.06646470840899343,1.900943041745803e-05,1.900943041745803e-05,0.2236403578524474
1300,0.011207322197021481,0.00021975522650634856,0.10341422423828166,0.05675683493509102,0.0009763380610345266,0.09189064103854366,0.0699769061335485,0.0008539259572967534,0.06697458488601989,1.9156790343174757e-05,1.9156790343174757e-05,0.22537400403735006
1310,0.011197708651621617,0.0002213895292243254,0.10418330787027075,0.05671371574284923,0.0009836683237156305,0.09258054811441228,0.06993867244982736,0.0008604256835293469,0.06748436733563505,1.9304150268891487e-05,1.9304150268891487e-05,0.22710765022225277
1320,0.011188100181564391,0.00022302296913405382,0.10495198547484884,0.05667061363421602,0.0009909956821832764,0.09327018185254365,0.0699004458375242,0.0008669242076208857,0.06799405549967731,1.9451510194608214e-05,1.9451510194608214e-05,0.22884129640715545
1330,0.011178496787722335,0.00022465554608720333,0.10572025698221331,0.05662752862926587,0.000998320133024801,0.09395954193174598,0.06986222631600111,0.0008734215262798094,0.06850364911998505,1.9598870120324944e-05,1.9598870120324944e-05,0.23057494259205816
1340,0.01116889847096798,0.0002262872599354435,0.10648812232256162,0.056584460748073294,0.00100564167282754,0.0946486280308273,0.06982401390462024,0.0008799176362145572,0.06901314793839665,1.9746230046041675e-05,1.9746230046041675e-05,0.23230858877696087
1350,0.011159305232173861,0.00022791811053044376,0.10725558142609116,0.056541410010712764,0.0010129602981788302,0.09533743982859577,0.06978580862274371,0.000886412534133568,0.06952255169675044,1.98935899717584e-05,1.98935899717584e-05,0.23404223496186352
1360,0.011149717072212509,0.00022954809772387372,0.10802263422299938,0.05649837643725878,0.0010202760056660072,0.09602597700385951,0.06974761048973363,0.0008929062167452815,0.07003186013688482,2.0040949897475132e-05,2.0040949897475132e-05,0.23577588114676623
1370,0.011140133991956454,0.00023117722136740292,0.10878928064348371,0.056455360047785834,0.0010275887918764076,0.09671423923542659,0.06970941952495213,0.0008993986807581364,0.07054107300063815,2.018830982319186e-05,2.018830982319186e-05,0.2375095273316689
1380,0.011130555992278232,0.00023280548131270087,0.10955552061774157,0.05641236086236842,0.0010348986533973677,0.09740222620210519,0.06967123574776132,0.0009058899228805725,0.07105019002984883,2.033566974890859e-05,2.033566974890859e-05,0.23924317351657162
1390,0.011120983074050373,0.00023443287741143698,0.11032135407597032,0.05636937890108104,0.0010422055868162233,0.09808993758270336,0.06963305917752335,0.0009123799398210289,0.07155921096635522,2.0483029674625316e-05,2.0483029674625316e-05,0.2409768197014743
1400,0.011111415238145407,0.00023605940951528092,0.11108678094836748,0.05632641418399817,0.0010495095887203107,0.09877737305602924,0.06959488983360032,0.0009188687282879449,0.07206813555199568,2.0630389600342047e-05,2.0630389600342047e-05,0.242710465886377
1410,0.011101852485435871,0.00023768507747590222,0.11185180116513044,0.05628346673119431,0.0010568106556969666,0.09946453230089097,0.06955672773535435,0.0009253562849897596,0.0725769635286086,2.0777749526058774e-05,2.0777749526058774e-05,0.24444411207127967
1420,0.011092294816794294,0.00023930988114497032,0.1126164146564566,0.056240536562743956,0.0010641087843335268,0.10015141499609664,0.06951857290214757,0.0009318426066349119,0.07308569463803231,2.0925109451775504e-05,2.0925109451775504e-05,0.24617775825618238
1430,0.011082742233093208,0.0002409338203741548,0.11338062135254341,0.0561976236987216,0.0010714039712173276,0.10083802082045436,0.0694804253533421,0.0009383276899318418,0.07359432862210523,2.1072469377492234e-05,2.1072469377492234e-05,0.2479114044410851
1440,0.011073194735205148,0.0002425568950151251,0.11414442118358828,0.056154728159201736,0.0010786962129357052,0.10152434945277225,0.06944228510830006,0.000944811531588988,0.07410286522266574,2.121982930320896e-05,2.121982930320896e-05,0.24964505062598777
1450,0.011063652324002643,0.00024417910491955093,0.11490781407978864,0.056111849964258845,0.0010859855060759958,0.10221040057185841,0.06940415218638359,0.00095129412831479,0.07461130418155217,2.136718922892569e-05,2.136718922892569e-05,0.2513786968108905
1460,0.011054115000358227,0.0002458004499391016,0.1156707999713419,0.056068989133967434,0.0010932718472255354,0.10289617385652097,0.06936602660695478,0.0009577754768176868,0.07511964524060288,2.151454915464242e-05,2.151454915464242e-05,0.25311234299579316
1470,0.011044582765144431,0.0002474209299254468,0.11643337878844554,0.056026145688401995,0.0011005552329716609,0.10358166898556807,0.06932790838937576,0.0009642555738061181,0.07562788814165633,2.166190908035915e-05,2.166190908035915e-05,0.25484598918069584
1480,0.01103505561923379,0.0002490405447302559,0.11719555046129689,0.05598331964763701,0.0011078356599017077,0.10426688563780778,0.06928979755300868,0.0009707344159885227,0.0761360326265508,2.1809269006075876e-05,2.1809269006075876e-05,0.2565796353655985
1490,0.011025533563498833,0.0002506592942051987,0.11795731492009348,0.05594051103174698,0.0011151131246030126,0.10495182349204824,0.06925169411721564,0.0009772120000733403,0.07664407843712474,2.1956628931792606e-05,2.1956628931792606e-05,0.2583132815505012
1500,0.011016016598812094,0.0002522771782019445,0.11871867209503267,0.0558977198608064,0.0011223876236629115,0.10563648222709755,0.06921359810135876,0.0009836883227690096,0.07715202531521644,2.2103988857509336e-05,2.2103988857509336e-05,0.26004692773540394
1510,0.011006504726046102,0.0002538941965721628,0.11947962191631188,0.055854946154889756,0.0011296591536687408,0.10632086152176384,0.06917550952480017,0.0009901633807839702,0.07765987300266433,2.2251348783226063e-05,2.2251348783226063e-05,0.2617805739203066
1520,0.010996997946073395,0.0002555103491675232,0.12024016431412854,0.05581218993407155,0.0011369277112078368,0.10700496105485523,0.06913742840690199,0.0009966371708266613,0.07816762124130676,2.2398708708942794e-05,2.2398708708942794e-05,0.2635142201052093
1530,0.0109874962597665,0.00025712563583969527,0.12100029921868011,0.05576945121842626,0.001144193292867535,0.10768878050517977,0.06909935476702633,0.001003109689605522,0.07867526977298213,2.254606863465952e-05,2.254606863465952e-05,0.265247866290112
1540,0.01097799966799795,0.00025874005644034847,0.12176002656016398,0.055726730028028394,0.0011514558952351725,0.10837231955154564,0.06906128862453534,0.0010095809338289917,0.07918281833952877,2.269342856037625e-05,2.269342856037625e-05,0.26698151247501467
1550,0.010968508171640282,0.00026035361082115234,0.12251934626877757,0.05568402638295244,0.0011587155148980852,0.10905557787276093,0.06902322999879111,0.0010160509002055096,0.07969026668278507,2.2840788486092978e-05,2.2840788486092978e-05,0.26871515865991735
1560,0.010959021771566022,0.00026196629883377644,0.12327825827471829,0.05564134030327288,0.0011659721484436093,0.10973855514763381,0.06898517890915579,0.0010225195854435152,0.08019761454458943,2.2988148411809708e-05,2.2988148411809708e-05,0.2704488048448201
1570,0.010949540468647705,0.0002635781203298903,0.12403676250818366,0.05559867180906423,0.0011732257924590812,0.11042125105497234,0.06894713537499148,0.0010289869862514472,0.08070486166678018,2.313550833752644e-05,2.313550833752644e-05,0.27218245102972277
1580,0.010940064263757864,0.00026518907516116336,0.12479485889937096,0.05555602092040096,0.0011804764435318367,0.11110366527358462,0.06890909941566031,0.0010354530993377455,0.08121200779119574,2.3282868263243165e-05,2.3282868263243165e-05,0.27391609721462545
1590,0.01093059315776903,0.00026679916317926526,0.12555254737847776,0.05551338765735757,0.0011877240982492122,0.11178579748227878,0.06887107105052441,0.001041917921410849,0.08171905265967443,2.3430228188959896e-05,2.3430228188959896e-05,0.2756497433995282
1600,0.010921127151553734,0.00026840838423586544,0.12630982787570136,0.05547077204000856,0.001194968753198544,0.11246764735986295,0.06883305029894589,0.0010483814491791966,0.08222599601405463,2.3577588114676626e-05,2.3577588114676626e-05,0.2773833895844309
1610,0.010911666245984511,0.0002700167381826335,0.12706670032123926,0.05542817408842842,0.0012022104049671683,0.11314921458514525,0.06879503718028689,0.0010548436793512282,0.08273283759617478,2.3724948040393353e-05,2.3724948040393353e-05,0.27911703576933355
1620,0.010902210441933891,0.0002716242248712389,0.1278231646452889,0.055385593822691634,0.001209449050142421,0.11383049883693373,0.06875703171390951,0.0010613046086353827,0.08323957714787314,2.387230796611008e-05,2.387230796611008e-05,0.28085068195423624
1630,0.010892759740274406,0.0002732308441533512,0.1285792207780476,0.05534303126287271,0.001216684685311639,0.1145114997940366,0.06871903391917587,0.0010677642337400992,0.08374621441098817,2.401966789182681e-05,2.401966789182681e-05,0.2825843281391389
1640,0.01088331414187859,0.00027483659588063984,0.12933486864971286,0.05530048642904613,0.001223917307062158,0.11519221713526193,0.06868104381544812,0.0010742225513738176,0.08425274912735825,2.4167027817543537e-05,2.4167027817543537e-05,0.2843179743240416
1650,0.010873873647618975,0.00027644147990477455,0.13009010819048214,0.05525795934128638,0.0012311469119813143,0.11587265053941781,0.06864306142208837,0.0010806795582449763,0.08475918103882167,2.4314387743260268e-05,2.4314387743260268e-05,0.2860516205089443
1660,0.010864438258368091,0.0002780454960774247,0.13084493933055277,0.055215450019667975,0.0012383734966564441,0.11655279968531239,0.06860508675845872,0.001087135251062015,0.08526550988721687,2.4461747668976998e-05,2.4461747668976998e-05,0.287785266693847
1670,0.010855007974998474,0.0002796486442502598,0.13159936200012223,0.055172958484265386,0.0012455970576748837,0.11723266425175374,0.06856711984392133,0.001093589626533373,0.08577173541438221,2.4609107594693725e-05,2.4609107594693725e-05,0.2895189128787497
1680,0.010845582798382651,0.00028125092427494947,0.13235337612938797,0.05513048475515312,0.0012528175916239695,0.11791224391755005,0.06852916069783829,0.0011000426813674896,0.08627785736215605,2.4756467520410455e-05,2.4756467520410455e-05,0.2912525590636524
1690,0.010836162729393159,0.00028285233600316317,0.13310698164854734,0.055088028852405664,0.001260035095091037,0.11859153836150937,0.06849120933957173,0.0011064944122728038,0.08678387547237677,2.4903827446127186e-05,2.4903827446127186e-05,0.2929862052485551
1700,0.010826747768902528,0.00028445287928657045,0.13386017848779783,0.055045590796097506,0.0012672495646634232,0.11927054726243982,0.06845326578848379,0.001112944815957755,0.08728978948688275,2.5051187371843912e-05,2.5051187371843912e-05,0.29471985143345775
1710,0.01081733791778329,0.00028605255397684087,0.13461296657733687,0.05500317060630315,0.001274460996928464,0.11994927029914956,0.06841533006393656,0.0011193938891307822,0.08779559914751234,2.519854729756064e-05,2.519854729756064e-05,0.29645349761836043
1720,0.010807933176907978,0.00028765135992564386,0.1353653458473618,0.05496076830309708,0.0012816693884734956,0.12062770715044664,0.0683774021852922,0.0011258416285003252,0.08830130419610394,2.5345907223277373e-05,2.5345907223277373e-05,0.29818714380326317
1730,0.010798533547149124,0.00028924929698464905,0.13611731622807013,0.0549183839065538,0.0012888747358858544,0.12130585749513922,0.0683394821719128,0.0011322880307748225,0.08880690437449588,2.54932671489941e-05,2.54932671489941e-05,0.29992078998816585
1740,0.01078913902937926,0.00029084636500552595,0.13686887764965924,0.05487601743674778,0.0012960770357528762,0.1219837210120354,0.0683015700431605,0.001138733092662714,0.08931239942452658,2.5640627074710827e-05,2.5640627074710827e-05,0.30165443617306853
1750,0.01077974962447092,0.000292442563839944,0.13762003004232656,0.05483366891375354,0.0013032762846618977,0.12266129737994332,0.0682636658183974,0.0011451768108724388,0.08981778908803442,2.5787987000427557e-05,2.5787987000427557e-05,0.30338808235797127
1760,0.010770365333296632,0.00029403789333957287,0.13837077333626954,0.05479133835764556,0.0013104724792002548,0.12333858627767104,0.06822576951698567,0.0011516191821124358,0.09032307310685771,2.5935346926144288e-05,2.5935346926144288e-05,0.30512172854287395
1770,0.010760986156728932,0.00029563235335608185,0.13912110746168557,0.05474902578849833,0.0013176656159552837,0.1240155873840267,0.06818788115828738,0.0011580602030911444,0.09082825122283486,2.6082706851861015e-05,2.6082706851861015e-05,0.30685537472777663
1780,0.01075161209564035,0.0002972259437411407,0.13987103234877207,0.05470673122638635,0.0013248556915143208,0.12469230037781842,0.06815000076166468,0.001164499870517004,0.09133332317780425,2.6230066777577745e-05,2.6230066777577745e-05,0.3085890209126793
1790,0.01074224315090342,0.0002988186643464189,0.14062054792772655,0.054664454691384104,0.0013320427024647024,0.12536872493785434,0.06811212834647967,0.001170938181098454,0.09183828871360424,2.6377426703294475e-05,2.6377426703294475e-05,0.31032266709758205
1800,0.010732879323390673,0.00030041051502358604,0.14136965412874636,0.05462219620356609,0.0013392266453937647,0.12604486074294255,0.0680742639320945,0.0011773751315439336,0.09234314757207321,2.6524786629011206e-05,2.6524786629011206e-05,0.31205631328248473
1810,0.01072352061397464,0.00030200149562431143,0.1421183508820289,0.054579955783006805,0.0013464075168888436,0.12672070747189115,0.06803640753787127,0.0011838107185618816,0.09284789949504955,2.6672146554727933e-05,2.6672146554727933e-05,0.3137899594673874
1820,0.010714167023527857,0.0003035916060002647,0.1428666381177716,0.05453773344978073,0.0013535853135372752,0.12739626480350824,0.06799855918317213,0.0011902449388607374,0.09335254422437157,2.6819506480444656e-05,2.6819506480444656e-05,0.31552360565229004
1830,0.010704818552922853,0.0003051808460031154,0.1436145157661719,0.05449552922396237,0.0013607600319263961,0.128071532416602,0.06796071888735916,0.0011966777891489406,0.0938570815018777,2.6966866406161386e-05,2.6966866406161386e-05,0.3172572518371928
1840,0.01069547520303216,0.0003067692154845331,0.1443619837574273,0.05445334312562622,0.0013679316686435428,0.1287465099899805,0.06792288666979451,0.0012031092661349302,0.09436151106940631,2.7114226331878117e-05,2.7114226331878117e-05,0.31899089802209546
1850,0.01068613697472831,0.0003083567142961872,0.14510904202173514,0.05441117517484676,0.0013751002202760508,0.12942119720245185,0.06788506254984031,0.0012095393665271456,0.09486583266879572,2.726158625759485e-05,2.726158625759485e-05,0.3207245442069982
1860,0.01067680386888384,0.0003099433422897473,0.1458556904892928,0.05436902539169849,0.0013822656834112565,0.13009559373282414,0.06784724654685867,0.0012159680870340256,0.09537004604188436,2.7408946183311574e-05,2.7408946183311574e-05,0.3224581903919008
1870,0.010667475886371278,0.000311529099316883,0.14660192909029787,0.0543268937962559,0.0013894280546364966,0.13076969925990556,0.06780943868021169,0.0012223954243640101,0.0958741509305106,2.7556306109028304e-05,2.7556306109028304e-05,0.32419183657680356
1880,0.010658153028063156,0.00031311398522926374,0.1473477577549476,0.05428478040859348,0.0013965873305391069,0.13144351346250416,0.06777163896926153,0.001228821375225538,0.0963781470765128,2.770366603474503e-05,2.770366603474503e-05,0.32592548276170624
1890,0.010648835294832007,0.0003146979998785591,0.14809317641343955,0.05424268524878574,0.0014037435077064236,0.13211703601942812,0.0677338474333703,0.0012352459363270487,0.09688203422172932,2.785102596046176e-05,2.785102596046176e-05,0.3276591289466089
1900,0.010639522687550364,0.0003162811431164385,0.148838184995971,0.05420060833690715,0.0014108965827257832,0.13279026660948548,0.0676960640919001,0.0012416691043769812,0.09738581210799853,2.7998385886178492e-05,2.7998385886178492e-05,0.32939277513151166
1910,0.010630215207090756,0.0003178634147945715,0.1495827834327395,0.05415854969303222,0.0014180465521845215,0.13346320491148436,0.06765828896421308,0.0012480908760837746,0.0978894804771588,2.814574581189522e-05,2.814574581189522e-05,0.33112642131641434
1920,0.010620912854325721,0.0003194448147646278,0.15032697165394246,0.05411650933723544,0.0014251934126699752,0.13413585060423297,0.06762052206967135,0.0012545112481558687,0.09839303907104854,2.829310573761195e-05,2.829310573761195e-05,0.332860067501317
1930,0.010611615630127786,0.00032102534287827667,0.15107074958977723,0.05407448728959129,0.00143233716076948,0.1348082033665393,0.06758276342763704,0.0012609302173017024,0.09889648763150607,2.844046566332868e-05,2.844046566332868e-05,0.33459371368621976
1940,0.010602323535369485,0.0003226049989871878,0.1518141171704413,0.054032483570174275,0.0014394777930703726,0.13548026287721154,0.06754501305747225,0.0012673477802297153,0.09939982590036983,2.8587825589045407e-05,2.8587825589045407e-05,0.3363273598711224
1950,0.01059303657092335,0.0003241837829430306,0.152557074326132,0.053990498199058885,0.0014466153061599887,0.13615202881505775,0.06750727097853913,0.001273763933648346,0.09990305361947813,2.8735185514762134e-05,2.8735185514762134e-05,0.33806100605602507
1960,0.010583754737661915,0.00032576169459747474,0.15329962098704691,0.053948531196319614,0.001453749696625665,0.1368235008588861,0.06746953721019978,0.0012801786742660342,0.10040617053066934,2.8882545440478864e-05,2.8882545440478864e-05,0.3397946522409278
1970,0.01057447803645771,0.0003273387338021897,0.15404175708338336,0.05390658258203095,0.0014608809610547374,0.1374946786875047,0.06743181177181634,0.0012865919987912193,0.10090917637578191,2.9029905366195594e-05,2.9029905366195594e-05,0.3415282984258305
1980,0.010565206468183267,0.0003289149004088449,0.15478348254533875,0.0538646523762674,0.0014680090960345425,0.13816556197972163,0.06739409468275093,0.00129300390393234,0.10141207089665412,2.9177265291912324e-05,2.9177265291912324e-05,0.3432619446107332
1990,0.010555940033711119,0.00033049019426911004,0.15552479730311058,0.053822740599103434,0.001475134098152416,0.13883615041434502,0.06735638596236566,0.0012994143863978363,0.10191485383512441,2.9324625217629055e-05,2.9324625217629055e-05,0.3449955907956359
2000,0.010546678733913798,0.0003320646152346544,0.15626570128689618,0.05378084727061356,0.0014822559639956943,0.13950644367018297,0.06731868563002266,0.0013058234428961464,0.10241752493303109,2.9471985143345782e-05,2.9471985143345782e-05,0.3467292369805386
2010,0.010537422569663838,0.0003336381631571478,0.15700619442689306,0.05373897241087227,0.0014893746901517137,0.14017644142604363,0.06728099370508404,0.0013122310701357107,0.10292008393221261,2.9619345069062505e-05,2.9619345069062505e-05,0.3484628831654412
2020,0.010528171541833768,0.0003352108378882596,0.1577462766532986,0.05369711603995406,0.0014964902732078106,0.14084614336073512,0.06724331020691195,0.001318637264824968,0.10342253057450729,2.976670499477924e-05,2.976670499477924e-05,0.35019652935034395
2030,0.010518925651296123,0.00033678263927965936,0.15848594789631026,0.053655278177933405,0.001503602709751321,0.1415155491530655,0.06720563515486848,0.001325042023672357,0.1039248646017535,2.991406492049597e-05,2.991406492049597e-05,0.3519301755352467
2040,0.010509684898923434,0.00033835356718301654,0.1592252080861254,0.05361345884488482,0.0015107119963695807,0.1421846584818429,0.06716796856831578,0.0013314453433863175,0.10442708575578963,3.0061424846212693e-05,3.0061424846212693e-05,0.3536638217201493
2050,0.010500449285588232,0.00033992362145000073,0.1599640571529415,0.05357165806088278,0.0015178181296499266,0.14285347102587542,0.06713031046661594,0.0013378472206752889,0.10492919377845403,3.0208784771929423e-05,3.0208784771929423e-05,0.355397467905052
2060,0.010491218812163052,0.0003414928019322815,0.16070249502695597,0.053529875846001794,0.0015249211061796949,0.1435219864639713,0.06709266086913111,0.0013442476522477103,0.10543118841158512,3.0356144697646157e-05,3.0356144697646157e-05,0.35713111408995474
2070,0.010481993479520424,0.0003430611084815283,0.16144052163836625,0.053488112220316346,0.0015320209225462215,0.1441902044749385,0.0670550197952234,0.0013506466348120207,0.10593306939702123,3.050350462336288e-05,3.050350462336288e-05,0.3588647602748574
2080,0.01047277328853288,0.0003446285409494107,0.1621781369173697,0.053446367203900925,0.0015391175753368424,0.14485812473758516,0.06701738726425494,0.0013570441650766593,0.10643483647660074,3.065086454907961e-05,3.065086454907961e-05,0.3605984064597601
2090,0.010463558240072954,0.00034619509918759817,0.1629153407941638,0.05340464081683003,0.0015462110611388943,0.14552574693071946,0.06697976329558784,0.0013634402397500656,0.106936489392162,3.079822447479634e-05,3.079822447479634e-05,0.36233205264466284
2100,0.010454348335013176,0.00034776078304776033,0.163652133198946,0.05336293307917816,0.001553301376539713,0.14619307073314944,0.06694214790858423,0.001369834855540679,0.10743802788554345,3.094558440051307e-05,3.094558440051307e-05,0.3640656988295655
2110,0.01044514357422608,0.00034932559238156664,0.16438851406191368,0.05332124401101979,0.0015603885181266354,0.1468600958236833,0.06690454112260623,0.0013762280091569386,0.10793945169858342,3.10929443262298e-05,3.10929443262298e-05,0.36579934501446826
2120,0.010435943958584198,0.00035088952704068665,0.1651244833132643,0.05327957363242943,0.0015674724824869968,0.14752682188112912,0.06686694295701597,0.0013826196973072836,0.1084407605731203,3.124030425194653e-05,3.124030425194653e-05,0.36753299119937094
2130,0.01042674948896006,0.00035245258687678985,0.1658600408831952,0.053237921963481566,0.0015745532662081341,0.14819324858429497,0.06682935343117556,0.0013890099167001531,0.1089419542509924,3.1387664177663256e-05,3.1387664177663256e-05,0.36926663738427357
2140,0.010417560166226202,0.0003540147717415458,0.16659518670190387,0.053196289024250686,0.001581630865877383,0.14885937561198898,0.06679177256444713,0.0013953986640439866,0.10944303247403817,3.1535024103379986e-05,3.1535024103379986e-05,0.3710002835691763
2150,0.010408375991255154,0.00035557608148662406,0.16732992069958777,0.05315467483481129,0.0015887052780820803,0.1495252026430193,0.0667542003761928,0.0014017859360472232,0.10994399498409595,3.1682384029096716e-05,3.1682384029096716e-05,0.372733929754079
2160,0.010399196964919448,0.00035713651596369406,0.16806424280644422,0.05311307941523787,0.0015957764994095618,0.15019072935619404,0.06671663688577469,0.0014081717294183022,0.1104448415230041,3.182974395481345e-05,3.182974395481345e-05,0.3744675759389817
2170,0.010390023088091616,0.00035869607502442546,0.16879815295267078,0.05307150278560492,0.0016028445264471636,0.15085595543032126,0.06667908211255491,0.0014145560408656628,0.11094557183260101,3.197710388053018e-05,3.197710388053018e-05,0.3762012221238844
2180,0.010380854361644192,0.00036025475852048764,0.16953165106846474,0.053029944965986925,0.0016099093557822226,0.15152088054420917,0.06664153607589561,0.0014209388670977444,0.11144618565472504,3.21244638062469e-05,3.21244638062469e-05,0.37793486830878703
2190,0.010371690786449707,0.0003618125663035502,0.1702647370840236,0.05298840597645839,0.0016169709840020744,0.15218550437666584,0.0666039987951589,0.0014273202048229862,0.11194668273121461,3.227182373196363e-05,3.227182373196363e-05,0.37966851449368977
2200,0.010362532363380693,0.00036336949822528264,0.17099741092954474,0.052946885837093796,0.001624029407694055,0.1528498266064993,0.06656647028970689,0.0014337000507498273,0.11244706280390802,3.241918365768036e-05,3.241918365768036e-05,0.38140216067859245
2210,0.01035337909330968,0.0003649255541373546,0.17172967253522567,0.05290538456796764,0.0016310846234455013,0.15351384691251777,0.06652895057890171,0.0014400784015867073,0.1129473256146437,3.256654358339709e-05,3.256654358339709e-05,0.3831358068634952
2220,0.010344230977109205,0.0003664807338914354,0.1724615218312637,0.05286390218915442,0.001638136627843749,0.15417756497352933,0.0664914396821055,0.0014464552540420649,0.11344747090525999,3.271390350911382e-05,3.271390350911382e-05,0.38486945304839787
2230,0.010335088015651797,0.00036803503733919473,0.1731929587478563,0.052822438720728615,0.0016451854174761348,0.1548409804683421,0.06645393761868035,0.0014528306048243395,0.11394749841759526,3.2861263434830546e-05,3.2861263434830546e-05,0.3866030992333005
2240,0.01032595020980999,0.0003695884643323021,0.17392398321520097,0.05278099418276474,0.0016522309889299943,0.15550409307576415,0.0664164444079884,0.0014592044506419708,0.1144474078934879,3.3008623360547276e-05,3.3008623360547276e-05,0.38833674541820323
2250,0.010316817560456312,0.00037114101472242696,0.17465459516349502,0.052739568595337266,0.0016592733387926642,0.15616690247460369,0.06637896006939177,0.0014655767882033976,0.11494719907477628,3.3155983286264006e-05,3.3155983286264006e-05,0.3900703916031059
2260,0.010307690068463302,0.00037269268836123893,0.17538479452293596,0.0526981619785207,0.0016663124636514806,0.15682940834366876,0.06634148462225259,0.0014719476142170595,0.11544687170329879,3.330334321198073e-05,3.330334321198073e-05,0.39180403778800854
2270,0.010298567734703487,0.00037424348510040745,0.17611458122372114,0.05265677435238953,0.0016733483600937795,0.15749161036176748,0.06630401808593296,0.0014783169253913954,0.11594642552089376,3.345070313769746e-05,3.345070313769746e-05,0.3935376839729113
2280,0.010289450560049401,0.0003757934047916021,0.17684395519604804,0.05261540573701825,0.0016803810247068974,0.158153508207708,0.06626656047979503,0.0014846847184348446,0.11644586026939958,3.359806306341419e-05,3.359806306341419e-05,0.39527133015781396
2290,0.010280338545373576,0.00037734244728649237,0.17757291637011402,0.05257405615248135,0.0016874104540781703,0.15881510156029838,0.06622911182320089,0.0014910509900558466,0.11694517569065464,3.374542298913092e-05,3.374542298913092e-05,0.3970049763427167
2300,0.010271231691548543,0.00037889061243674785,0.1783014646761166,0.052532725618853325,0.001694436644794935,0.15947639009834683,0.06619167213551269,0.0014974157369628403,0.11744437152649728,3.389278291484765e-05,3.389278291484765e-05,0.3987386225276194
2310,0.010262129999446836,0.00038043790009403806,0.17902960004425317,0.052491414156208664,0.0017014595934445268,0.16013737350066135,0.06615424143609255,0.0015037789558642654,0.11794344751876593,3.404014284056438e-05,3.404014284056438e-05,0.4004722687125221
2320,0.010253033469940987,0.00038198431011003236,0.1797573224047211,0.05245012178462187,0.0017084792966142828,0.16079805144605014,0.06611681974430257,0.0015101406434685604,0.11844240340929886,3.4187502766281105e-05,3.4187502766281105e-05,0.40220591489742474
2330,0.010243942103903529,0.00038352984233640047,0.18048463168771783,0.052408848524167426,0.0017154957508915382,0.16145842361332124,0.0660794070795049,0.0015165007964841654,0.11894123893993455,3.4334862691997835e-05,3.4334862691997835e-05,0.4039395610823274
2340,0.01023485590220699,0.0003850744966248119,0.18121152782344088,0.05236759439491982,0.0017225089528636298,0.16211848968128278,0.06604200346106165,0.0015228594116195194,0.11943995385251133,3.448222261771456e-05,3.448222261771456e-05,0.40567320726723005
2350,0.010225774865723907,0.0003866182728269361,0.18193801074208754,0.052326359416953565,0.0017295188991178943,0.16277824932874296,0.06600460890833493,0.0015292164855830615,0.11993854788886757,3.462958254343129e-05,3.462958254343129e-05,0.4074068534521328
2360,0.01021669899532681,0.00038816117079444254,0.1826640803738553,0.052285143610343136,0.0017365255862416666,0.1634377022345098,0.06596722344068687,0.0015355720150832307,0.12043702079084162,3.477694246914801e-05,3.477694246914801e-05,0.4091404996370354
2370,0.010207628291888232,0.0003897031903790009,0.18338973664894156,0.052243946995163035,0.0017435290108222842,0.16409684807739144,0.06592984707747959,0.0015419259968284665,0.12093537230027188,3.492430239486475e-05,3.492430239486475e-05,0.4108741458219382
2380,0.010198562756280703,0.0003912443314322806,0.18411497949754377,0.052202769591487744,0.0017505291694470827,0.16475568653619602,0.06589247983807524,0.0015482784275272082,0.12143360215899672,3.5071662320581473e-05,3.5071662320581473e-05,0.41260779200684083
2390,0.010189502389376758,0.0003927845938059513,0.1848398088498594,0.05216161141939177,0.0017575260587033984,0.1654142172897316,0.0658551217418359,0.0015546293038878952,0.12193171010885454,3.52190222462982e-05,3.52190222462982e-05,0.41434143819174346
2400,0.010180447192048928,0.00039432397735168236,0.1855642246360858,0.0521204724989496,0.0017645196751785678,0.16607244001680638,0.06581777280812372,0.0015609786226189668,0.12242969589168366,3.536638217201493e-05,3.536638217201493e-05,0.4160750843766462
2410,0.010171397165169746,0.00039586248192114353,0.18628822678642046,0.052079352850235724,0.0017715100154599272,0.16673035439622844,0.06578043305630081,0.0015673263804288618,0.1229275592493225,3.551374209773166e-05,3.551374209773166e-05,0.4178087305615489
2420,0.010162352309611744,0.0003974001073660039,0.1870118152310606,0.05203825249332463,0.0017784970761348118,0.16738796010680582,0.06574310250572929,0.0015736725740260193,0.12342529992360937,3.566110202344838e-05,3.566110202344838e-05,0.4195423767464515
2430,0.010153312626247451,0.00039893685353793355,0.18773498990020399,0.05199717144829083,0.001785480853790559,0.16804525682734672,0.06570578117577129,0.0015800172001188793,0.1239229176563827,3.580846194916511e-05,3.580846194916511e-05,0.42127602293135424
2440,0.010144278115949404,0.0004004727202886016,0.18845775072404777,0.0519561097352088,0.0017924613450145046,0.16870224423665925,0.06566846908578892,0.001586360255415881,0.12442041218948087,3.595582187488185e-05,3.595582187488185e-05,0.42300966911625704
2450,0.010135248779590133,0.00040200770746967775,0.18918009763278948,0.05191506737415303,0.0017994385463939843,0.16935892201355146,0.06563116625514433,0.0015927017366254629,0.12491778326474219,3.610318180059857e-05,3.610318180059857e-05,0.42474331530115966
2460,0.01012622461804217,0.0004035418149328315,0.18990203055662655,0.05187404438519803,0.001806412454516335,0.1700152898368315,0.06559387270319961,0.001599041640456065,0.12541503062400508,3.62505417263153e-05,3.62505417263153e-05,0.42647696148606234
2470,0.010117205632178047,0.00040507504252973236,0.19062354942575638,0.05183304078841828,0.0018133830659688927,0.17067134738530754,0.0655565884493169,0.0016053799636161258,0.1259121540091079,3.6397901652032026e-05,3.6397901652032026e-05,0.42821060767096497
2480,0.010108191822870297,0.0004066073901120498,0.19134465417037633,0.051792056603888276,0.0018203503773389937,0.17132709433778762,0.06551931351285831,0.001611716702814085,0.12640915316188903,3.6545261577748756e-05,3.6545261577748756e-05,0.4299442538558677
2490,0.010099183190991451,0.00040813885753145345,0.19206534472068393,0.0517510918516825,0.001827314385213974,0.1719825303730799,0.06548204791318597,0.0016180518547583818,0.1269060278241868,3.669262150346549e-05,3.669262150346549e-05,0.4316779000407704
2500,0.010090179737414044,0.00040966944463961287,0.1927856210068766,0.05171014655187547,0.0018342750861811696,0.17263765516999244,0.06544479166966202,0.0016243854161574558,0.12740277773783967,3.683998142918222e-05,3.683998142918222e-05,0.4334115462256731
2510,0.010081181463010605,0.00041119915128819747,0.1935054829591517,0.051669220724541665,0.0018412324768279176,0.17329246840733342,0.06540754480164854,0.001630717383719746,0.12789940264468594,3.698734135489895e-05,3.698734135489895e-05,0.4351451924105758
2520,0.010072188368653668,0.00041272797732887673,0.19422493050770664,0.05162831438975557,0.0018481865537415532,0.17394696976391089,0.0653703073285077,0.0016370477541536909,0.128395902286564,3.713470128061567e-05,3.713470128061567e-05,0.43687883859547844
2530,0.010063200455215764,0.00041425592261332036,0.19494396358273897,0.05158742756759169,0.0018551373135094133,0.174601158918533,0.06533307926960158,0.001643376524167731,0.12889227640531223,3.72820612063324e-05,3.72820612063324e-05,0.4386124847803812
2540,0.010054217723569427,0.00041578298699319785,0.195662582114446,0.0515465602781245,0.0018620847527188338,0.1752550355500079,0.06529586064429231,0.0016497036904703046,0.129388524742769,3.742942113204913e-05,3.742942113204913e-05,0.44034613096528386
2550,0.010045240174587187,0.0004173091703201786,0.19638078603302517,0.05150571254142852,0.0018690288679571513,0.17590859933714365,0.06525865147194204,0.0016560292497698518,0.12988464704077268,3.757678105776586e-05,3.757678105776586e-05,0.4420797771501866
2560,0.010036267809141578,0.000418834472445932,0.19709857526867386,0.05146488437757823,0.0018759696558117017,0.17656184995874838,0.06522145177191287,0.0016623531987748107,0.13038064304116162,3.772414098348259e-05,3.772414098348259e-05,0.4438134233350893
2570,0.01002730062810513,0.00042035889322212806,0.19781594975158964,0.05142407580664811,0.0018829071128698205,0.17721478709363017,0.06518426156356692,0.001668675534193622,0.13087651248577428,3.787150090919932e-05,3.787150090919932e-05,0.445547069519992
2580,0.010018338632350379,0.00042188243250043607,0.19853290941196988,0.05138328684871268,0.0018898412357188454,0.1778674104205972,0.06514708086626632,0.0016749962527347233,0.1313722551164489,3.8018860834916046e-05,3.8018860834916046e-05,0.44728071570489464
2590,0.010009381822749852,0.0004234050901325253,0.1992494541800119,0.0513425175238464,0.001896772020946112,0.17851971961845758,0.06510990969937319,0.0016813153511065556,0.13186787067502398,3.816622076063278e-05,3.816622076063278e-05,0.44901436188979743
2600,0.010000430200176085,0.0004249268659700656,0.19996558398591321,0.051301767852123786,0.0019036994651389554,0.17917171436601934,0.06507274808224967,0.0016876328260175565,0.13236335890333778,3.8313580686349514e-05,3.8313580686349514e-05,0.4507480080747001
2610,0.00999148376550161,0.00042644775986472636,0.2006812987598712,0.05126103785361934,0.0019106235648847136,0.17982339434209066,0.06503559603425783,0.0016939486741761663,0.13285871954322873,3.846094061206624e-05,3.846094061206624e-05,0.45248165425960274
2620,0.00998254251959896,0.0004279677716681772,0.20139659843208335,0.05122032754840752,0.0019175443167707214,0.18047475922547965,0.06499845357475985,0.0017002628922908236,0.1333539523365352,3.860830053778297e-05,3.860830053778297e-05,0.4542153004445055
2630,0.009973606463340664,0.0004294869012320876,0.20211148293274708,0.05117963695656284,0.0019244617173843162,0.18112580869499445,0.06496132072311782,0.0017065754770699687,0.13384905702509559,3.87556604634997e-05,3.87556604634997e-05,0.45594894662940816
2640,0.009964675597599254,0.0004310051484081269,0.20282595219205968,0.0511389660981598,0.0019313757633128332,0.1817765424294431,0.06492419749869388,0.00171288642522204,0.13434403335074824,3.890302038921643e-05,3.890302038921643e-05,0.4576825928143109
2650,0.009955749923247267,0.0004325225130479649,0.20354000614021875,0.051098314993272886,0.0019382864511436092,0.1824269601076338,0.06488708392085013,0.0017191957334554762,0.13483888105533146,3.905038031493315e-05,3.905038031493315e-05,0.4594162389992135
2660,0.009946829441157231,0.00043403899500327105,0.20425364470742163,0.051057683661976584,0.0019451937774639806,0.18307706140837465,0.0648499800089487,0.0017255033984787177,0.13533359988068375,3.919774024064988e-05,3.919774024064988e-05,0.4611498851841162
2670,0.00993791415220168,0.0004355545941257148,0.20496686782386575,0.05101707212434539,0.001952097738861283,0.18372684601047368,0.06481288578235174,0.0017318094170002034,0.13582818956864343,3.934510016636661e-05,3.934510016636661e-05,0.46288353136901894
2680,0.009929004057253145,0.0004370693102669658,0.2056796754197486,0.05097648040045381,0.001958998331922853,0.18437631359273907,0.06477580126042133,0.0017381137857283725,0.13632264986104883,3.949246009208334e-05,3.949246009208334e-05,0.4646171775539216
2690,0.009920099157184158,0.0004385831432786934,0.20639206742526747,0.05093590851037631,0.0019658955532360265,0.18502546383397894,0.06473872646251962,0.001744416501371664,0.13681698049973837,3.963982001780007e-05,3.963982001780007e-05,0.46635082373882436
2700,0.009911199452867253,0.0004400960930125672,0.20710404377061983,0.050895356474187414,0.00197278939938814,0.18567429641300143,0.06470166140800872,0.0017507175606385173,0.1373111812265504,3.97871799435168e-05,3.97871799435168e-05,0.46808446992372704
2710,0.009902304945174962,0.0004416081593202569,0.20781560438600322,0.05085482431196159,0.00197967986696653,0.18632281100861459,0.06466460611625074,0.001757016960237372,0.1378052517833233,3.993453986923353e-05,3.993453986923353e-05,0.46981811610862967
2720,0.009893415634979814,0.00044311934205343176,0.2085267492016149,0.050814312043773346,0.0019865669525585316,0.18697100729962648,0.06462756060660783,0.0017633146968766668,0.13829919191189544,4.008189979495026e-05,4.008189979495026e-05,0.4715517622935324
2730,0.009884531523154346,0.0004446296410637614,0.2092374781476524,0.05077381968969716,0.001993450652751482,0.18761888496484538,0.06459052489844211,0.0017696107672648413,0.1387930013541052,4.022925972066699e-05,4.022925972066699e-05,0.4732854084784351
2740,0.009875652610571087,0.0004461390562029155,0.20994779115431314,0.05073334726980754,0.0020003309641327175,0.1882664436830793,0.06455349901111568,0.0017759051681103342,0.1392866798517909,4.037661964638371e-05,4.037661964638371e-05,0.47501905466333777
2750,0.009866778898102571,0.0004476475873225634,0.2106576881517945,0.050692894804178976,0.0020072078832895743,0.1889136831331364,0.06451648296399067,0.0017821978961215857,0.13978022714679103,4.052397957210044e-05,4.052397957210044e-05,0.47675270084824045
2760,0.009857910386621328,0.00044915523427437466,0.21136716907029393,0.05065246231288595,0.002014081406809388,0.1895606029938247,0.0644794767764292,0.0017884889480070344,0.14027364298094389,4.067133949781717e-05,4.067133949781717e-05,0.4784863470331432
2770,0.00984904707699989,0.0004506619969100188,0.21207623384000882,0.05061204981600297,0.002020951531279495,0.19020720294395244,0.0644424804677934,0.0017947783204751197,0.14076692709608782,4.08186994235339e-05,4.08186994235339e-05,0.48021999321804587
2780,0.009840188970110793,0.0004521678750811655,0.2127848823911367,0.05057165733360452,0.0020278182532872317,0.19085348266232768,0.0644054940574454,0.0018010660102342813,0.14126007923406128,4.096605934925063e-05,4.096605934925063e-05,0.4819536394029486
2790,0.009831336066826566,0.0004536728686394841,0.21349311465387483,0.050531284885765096,0.002034681569419934,0.1914994418277585,0.0643685175647473,0.0018073520139929569,0.1417530991367025,4.1113419274967356e-05,4.1113419274967356e-05,0.48368728558785123
2800,0.009822488368019742,0.0004551769774366441,0.21420093055842074,0.05049093249255918,0.0020415414762649385,0.19214508011905304,0.06433155100906124,0.0018136363284595876,0.14224598654585002,4.1260779200684086e-05,4.1260779200684086e-05,0.4854209317727539
2810,0.009813645874562854,0.0004566802013243152,0.2149083300349718,0.050450600174061284,0.0020483979704095812,0.1927903972150194,0.06429459440974933,0.0018199189503426115,0.1427387412033421,4.140813912640082e-05,4.140813912640082e-05,0.48715457795765665
2820,0.009804808587328432,0.0004581825401541668,0.21561531301372552,0.05041028795034588,0.002055251048441199,0.19343539279446578,0.06425764778617371,0.001826199876350469,0.14323136285101717,4.155549905211755e-05,4.155549905211755e-05,0.48888822414255934
2830,0.00979597650718901,0.0004596839937778686,0.2163218794248793,0.050369995841487485,0.0020621007069471274,0.19408006653620022,0.06422071115769648,0.0018324791031915978,0.14372385123071355,4.170285897783428e-05,4.170285897783428e-05,0.4906218703274621
2840,0.00978714963501712,0.00046118456204709,0.21702802919863054,0.05032972386756057,0.0020689469425147025,0.19472441811903082,0.06418378454367976,0.0018387566275744377,0.14421620608426963,4.1850218903551e-05,4.1850218903551e-05,0.4923555165123647
2850,0.009778327971685295,0.0004626842448135003,0.21773376226517657,0.05028947204863964,0.002075789751731261,0.19536844722176575,0.0641468679634857,0.001845032446207429,0.14470842715352386,4.199757882926773e-05,4.199757882926773e-05,0.4940891626972674
2860,0.009769511518066064,0.0004641830419287695,0.218439078554715,0.05024924040479918,0.0020826291311841385,0.19601215352321305,0.0641099614364764,0.0018513065557990095,0.14520051418031446,4.214493875498446e-05,4.214493875498446e-05,0.4958228088821701
2870,0.009760700275031963,0.00046568095324456667,0.2191439779974431,0.0502090289561137,0.002089465077460672,0.19665553670218086,0.064073064982014,0.0018575789530576197,0.14569246690648,4.229229868070119e-05,4.229229868070119e-05,0.4975564550670728
2880,0.009751894243455522,0.00046717797861256164,0.21984846052355836,0.050168837722657664,0.002096297587148197,0.19729859643747732,0.0640361786194606,0.0018638496346916975,0.14618428507385864,4.243965860641792e-05,4.243965860641792e-05,0.49929010125197554
2890,0.009743093424209273,0.0004686741178844238,0.22055252606325823,0.05012866672450559,0.0021031266568340497,0.19794133240791054,0.06399930236817833,0.0018701185974096832,0.14667596842428887,4.258701853213465e-05,4.258701853213465e-05,0.5010237474368783
2900,0.00973429781816575,0.00047016937091182273,0.22125617454674007,0.05008851598173196,0.0021099522831055668,0.19858374429228864,0.06396243624752931,0.0018763858379200159,0.1471675166996091,4.2734378457851376e-05,4.2734378457851376e-05,0.5027573936217808
2910,0.009725507426197483,0.00047166373754642805,0.2219594059042014,0.050048385514411264,0.002116774462550085,0.19922583176941977,0.06392558027687567,0.0018826513529311346,0.1476589296416576,4.2881738383568106e-05,4.2881738383568106e-05,0.5044910398066835
2920,0.009716722249177006,0.0004731572176399091,0.22266222006583955,0.050008275342618,0.0021235931917549388,0.19986759451811187,0.06388873447557952,0.0018889151391514787,0.14815020699227285,4.302909830928484e-05,4.302909830928484e-05,0.5062246859915863
2930,0.009707942287976851,0.00047464981104393546,0.22336461696185195,0.04996818548642667,0.002130408467307466,0.20050903221717326,0.063851898863003,0.001895177193289487,0.14864134849329308,4.317645823500156e-05,4.317645823500156e-05,0.5079583321764889
2940,0.00969916754346955,0.0004761415176101768,0.2240665965224361,0.04992811596591175,0.0021372202857950023,0.20115014454541194,0.06381507345850823,0.0019014375120535994,0.14913235388655682,4.332381816071829e-05,4.332381816071829e-05,0.5096919783613916
2950,0.009690398016527635,0.0004776323371903024,0.22476815867778935,0.04988806680114774,0.002144028643804884,0.20179093118163613,0.06377825828145732,0.001907696092152255,0.14962322291390237,4.347117808643503e-05,4.347117808643503e-05,0.5114256245462944
2960,0.009681633708023638,0.0004791222696359819,0.22546930335810908,0.049848038012209134,0.002150833537924447,0.20243139180465386,0.06374145335121238,0.0019139529302938925,0.15011395531716804,4.361853801215175e-05,4.361853801215175e-05,0.513159270731197
2970,0.009672874618830091,0.0004806113147988849,0.22617003049359286,0.04980802961917042,0.0021576349647410287,0.20307152609327325,0.06370465868713557,0.0019202080231869516,0.15060455083819227,4.3765897937868475e-05,4.3765897937868475e-05,0.5148929169160996
2980,0.009664120749819526,0.00048209947253068076,0.22687034001443795,0.049768041642106096,0.0021644329208419634,0.20371133372630243,0.06366787430858899,0.0019264613675398716,0.15109500921881344,4.3913257863585205e-05,4.3913257863585205e-05,0.5166265631010024
2990,0.009655372101864476,0.00048358674268303935,0.227570231850842,0.049728074101090654,0.0021712274028145885,0.20435081438254948,0.06363110023493475,0.0019327129600610919,0.15158533020086995,4.4060617789301936e-05,4.4060617789301936e-05,0.5183602092859051
3000,0.009646628675837474,0.0004850731251076297,0.22826970593300216,0.04968812701619859,0.00217801840724624,0.2049899677408226,0.06359433648553499,0.0019389627974590515,0.15207551352620013,4.4207977715018666e-05,4.4207977715018666e-05,0.5200938554708078
3010,0.00963789047261105,0.0004865586196561218,0.22896876219111612,0.04964820040750439,0.0021848059307242543,0.2056287934799298,0.06355758307975182,0.0019452108764421894,0.1525655589366423,4.4355337640735396e-05,4.4355337640735396e-05,0.5218275016557105
3020,0.009629157493057738,0.00048804322618018484,0.2296674005553811,0.049608294295082546,0.0021915899698359666,0.2062672912786792,0.06352084003694737,0.0019514571937189452,0.15305546617403493,4.4502697566452127e-05,4.4502697566452127e-05,0.5235611478406133
3030,0.009620429738050069,0.0004895269445314885,0.23036562095599458,0.049568408699007555,0.0021983705211687144,0.20690546081587896,0.06348410737648377,0.001957701745997758,0.15354523498021633,4.465005749216885e-05,4.465005749216885e-05,0.5252947940255158
3040,0.009611707208460576,0.0004910097745617024,0.23106342332315402,0.04952854363935392,0.0022051475813098334,0.20754330177033722,0.06344738511772313,0.0019639445299870677,0.15403486509702494,4.479741741788558e-05,4.479741741788558e-05,0.5270284402104185
3050,0.00960298990516179,0.0004924917161224958,0.23176080758705678,0.049488699136196114,0.00221192114684666,0.20818081382086215,0.06341067328002757,0.0019701855423953124,0.154524356266299,4.494477734360231e-05,4.494477734360231e-05,0.5287620863953213
3060,0.009594277829026245,0.0004939727690655384,0.23245777367790044,0.049448875209608646,0.0022186912143665302,0.20881799664626166,0.06337397188275921,0.0019764247799309315,0.15501370822987698,4.509213726931904e-05,4.509213726931904e-05,0.530495732580224
3070,0.009585570980926474,0.0004954529332424998,0.23315432152588222,0.049409071879666,0.00222545778045678,0.209454849925344,0.0633372809452802,0.001982662239302365,0.15550292072959726,4.523949719503577e-05,4.523949719503577e-05,0.5322293787651267
3080,0.009576869361735005,0.0004969322085050494,0.2338504510611997,0.04936928916644266,0.0022322208417047463,0.2100913733369173,0.06330060048695263,0.0019888979172180523,0.15599199350729823,4.53868571207525e-05,4.53868571207525e-05,0.5339630249500293
3090,0.009568172972324374,0.0004984105947048569,0.23454616221405028,0.04932952709001315,0.002238980394697765,0.21072756655978966,0.06326393052713863,0.001995131810386432,0.1564809263048182,4.5534217046469225e-05,4.5534217046469225e-05,0.535696671134932
3100,0.009559481813567111,0.0004998880916935914,0.23524145491463122,0.049289785670451926,0.0022457364360231723,0.21136342927276913,0.06322727108520033,0.0020013639155159425,0.1569697188639955,4.5681576972185956e-05,4.5681576972185956e-05,0.5374303173198347
3110,0.00955079588633575,0.0005013646993229228,0.23593632909314013,0.04925006492783351,0.002252488962268304,0.2119989611546639,0.06319062218049984,0.002007594229315025,0.15745837092666862,4.582893689790268e-05,4.582893689790268e-05,0.5391639635047374
3120,0.00954211519150282,0.0005028404174445206,0.23663078467977436,0.04921036488223237,0.002259237970020497,0.21263416188428208,0.0631539838323993,0.002013822748492118,0.1579468822346759,4.5976296823619416e-05,4.5976296823619416e-05,0.5408976096896402
3130,0.009533439729940859,0.0005043152459100542,0.23732482160473137,0.04917068555372302,0.002265983455867087,0.21326903114043172,0.06311735606026081,0.00202004946975566,0.15843525252985569,4.612365674933615e-05,4.612365674933615e-05,0.5426312558745429
3140,0.009524769502522394,0.0005057891845711934,0.23801843979820864,0.04913102696237994,0.0022727254163954105,0.21390356860192097,0.06308073888344652,0.002026274389814091,0.15892348155404637,4.627101667505288e-05,4.627101667505288e-05,0.5443649020594455
3150,0.009516104510119958,0.0005072622332796073,0.2387116391904034,0.049091389128277624,0.0022794638481928036,0.21453777394755796,0.06304413232131853,0.0020324975053758495,0.15941156904908624,4.641837660076961e-05,4.641837660076961e-05,0.5460985482443483
3160,0.009507444753606086,0.0005087343918869656,0.2394044197115132,0.04905177207149057,0.002286198747846602,0.21517164685615078,0.06300753639323896,0.002038718813149376,0.1598995147568138,4.6565736526486324e-05,4.6565736526486324e-05,0.5478321944292508
3170,0.009498790214678745,0.0005102056635046136,0.24009678282570043,0.04901217584942995,0.0022929301055969087,0.2158051864091208,0.06297095120393738,0.0020449382953306445,0.16038731728083488,4.6713096452203054e-05,4.6713096452203054e-05,0.5495658406141536
3180,0.009490140706170755,0.0005116760799509719,0.24078874350633966,0.04897260084132731,0.002299657856974357,0.216438386538763,0.06293437760486711,0.0020511558071725886,0.16087496526843834,4.6860456377919785e-05,4.6860456377919785e-05,0.5512994867990563
3190,0.00948149618182969,0.0005131456490889531,0.24148030545362492,0.048933047138585734,0.002306381986440425,0.21707124578262824,0.06289781581034212,0.0020573713122418367,0.16136245586210485,4.7007816303636515e-05,4.7007816303636515e-05,0.553033132983959
3200,0.009472856643358089,0.0005146143706291253,0.24217146853135305,0.0488935147378677,0.00231310249456249,0.2177037641941167,0.06286126582018446,0.0020635848105686402,0.16184978906420708,4.715517622935324e-05,4.715517622935324e-05,0.5547667791688616
3210,0.00946422209245849,0.0005160822442820572,0.242862232603321,0.04885400363583571,0.0023198193819079288,0.21833594182662858,0.06282472763421616,0.00206979630218325,0.16233696487711766,4.730253615506997e-05,4.730253615506997e-05,0.5565004253537643
3220,0.009455592530833432,0.0005175492697583169,0.24355259753332553,0.048814513829152244,0.0023265326490441184,0.21896777873356407,0.0627882012522593,0.002076005787115917,0.16282398330320916,4.74498960807867e-05,4.74498960807867e-05,0.558234071538667
3230,0.009446967960185454,0.000519015446768473,0.2442425631851637,0.048775045314479785,0.0023332422965384363,0.2195992749683234,0.06275168667413591,0.002082213265396893,0.16331084434485438,4.759725600650343e-05,4.759725600650343e-05,0.5599677177235697
3240,0.009438348382217097,0.0005204807750230938,0.24493212942263232,0.048735598088480825,0.002339948324958259,0.22023043058430672,0.06271518389966806,0.002088418737056429,0.1637975480044258,4.774461593222016e-05,4.774461593222016e-05,0.5617013639084725
3250,0.009429733798630898,0.0005219452542327477,0.24562129610952826,0.04869617214781786,0.002346650734870964,0.22086124563491424,0.06267869292867777,0.002094622202124777,0.16428409428429624,4.7891975857936884e-05,4.7891975857936884e-05,0.563435010093375
3260,0.009421124211129395,0.0005234088841080032,0.24631006310964854,0.04865676748915336,0.002353349526843928,0.22149172017354615,0.06264221376098712,0.0021008236606321873,0.16477048318683823,4.8039335783653614e-05,4.8039335783653614e-05,0.5651686562782777
3270,0.009412519621415129,0.0005248716643594286,0.24699843028678986,0.048617384109149835,0.0023600447014445283,0.22212185425360267,0.06260574639641815,0.0021070231126089117,0.16525671471442446,4.8186695709370344e-05,4.8186695709370344e-05,0.5669023024631805
3280,0.009403920031190637,0.0005263335946975922,0.24768639750474924,0.04857802200446975,0.0023667362592401423,0.22275164792848398,0.06256929083479293,0.002113220558085201,0.16574278886942753,4.8334055635087075e-05,4.8334055635087075e-05,0.5686359486480832
3290,0.009395325442158457,0.0005277946748330626,0.24837396462732353,0.04853868117177561,0.002373424200798146,0.22338110125159022,0.06253284707593347,0.0021194159970913075,0.1662287056542202,4.8481415560803805e-05,4.8481415560803805e-05,0.5703695948329859
3300,0.009386735856021131,0.000529254904476408,0.2490611315183096,0.0484993616077299,0.0023801085266859177,0.22401021427632165,0.06249641511966186,0.002125609429657481,0.166714465071175,4.862877548652053e-05,4.862877548652053e-05,0.5721032410178886
3310,0.009378151274481196,0.000530714283338197,0.24974789804150446,0.0484600633089951,0.0023867892374708336,0.22463898705607846,0.06245999496580014,0.0021318008558139745,0.16720006712266466,4.877613541223726e-05,4.877613541223726e-05,0.5738368872027912
3320,0.009369571699241191,0.0005321728111289979,0.2504342640607048,0.0484207862722337,0.002393466333720271,0.22526741964426078,0.06242358661417036,0.0021379902755910376,0.16768551181106178,4.892349533795399e-05,4.892349533795399e-05,0.5755705333876939
3330,0.009360997132003656,0.0005336304875593789,0.2511202294397077,0.04838153049410819,0.0024001398160016073,0.22589551209426892,0.06238719006459456,0.002144177689018923,0.16817079913873903,4.907085526367072e-05,4.907085526367072e-05,0.5773041795725966
3340,0.009352427574471127,0.0005350873123399088,0.25180579404230996,0.04834229597128106,0.002406809684882219,0.22652326445950297,0.06235080531689481,0.0021503630961278806,0.16865592910806906,4.921821518938745e-05,4.921821518938745e-05,0.5790378257574994
3350,0.009343863028346146,0.0005365432851811556,0.2524909577323085,0.0483030827004148,0.0024134759409294836,0.22715067679336318,0.06231443237089315,0.0021565464969481624,0.1691409017214245,4.936557511510417e-05,4.936557511510417e-05,0.580771471942402
3360,0.00933530349533125,0.000537998405793688,0.25317572037350017,0.0482638906781719,0.0024201385847107777,0.22777774914924964,0.06227807122641164,0.00216272789151002,0.16962571698117807,4.9512935040820904e-05,4.9512935040820904e-05,0.5825051181273047
3370,0.009326748977128978,0.0005394526738880741,0.25386008182968184,0.04822471990121483,0.002426797616793479,0.22840448158056276,0.062241721883272316,0.002168907279843704,0.1701103748897023,4.9660294966537634e-05,4.9660294966537634e-05,0.5842387643122074
3380,0.00931819947544187,0.0005409060891748825,0.2545440419646505,0.04818557036620609,0.002433453037744964,0.22903087414070247,0.06220538434129725,0.0021750846619794663,0.1705948754493699,4.9807654892254364e-05,4.9807654892254364e-05,0.5859724104971101
3390,0.009309654991972463,0.0005423586513646816,0.2552276006422031,0.04814644206980818,0.0024401048481326104,0.2296569268830692,0.062169058600308476,0.002181260037947558,0.17107921866255357,4.995501481797109e-05,4.995501481797109e-05,0.5877060566820127
3400,0.009301115528423297,0.0005438103601680397,0.2559107577261363,0.04810733500868356,0.0024467530485237942,0.23028263986106295,0.06213274466012805,0.0021874334077782295,0.17156340453162586,5.010237474368782e-05,5.010237474368782e-05,0.5894397028669155
3410,0.009292581086496911,0.0005452612152955253,0.2565935130802472,0.048068249179494746,0.0024533976394858934,0.23090801312808407,0.06209644252057803,0.0021936047715017336,0.1720474330589595,5.024973466940455e-05,5.024973466940455e-05,0.5911733490518182
3420,0.009284051667895844,0.0005467112164577068,0.25727586656833257,0.048029184578904205,0.002460038621586285,0.23153304673753267,0.06206015218148046,0.0021997741291483203,0.1725313042469271,5.039709459512128e-05,5.039709459512128e-05,0.5929069952367209
3430,0.009275527274322634,0.0005481603633651524,0.2579578180541893,0.047990141203574435,0.0024666759953923456,0.23215774074280898,0.06202387364265739,0.0022059414807482415,0.1730150180979013,5.054445452083801e-05,5.054445452083801e-05,0.5946406414216235
3440,0.009267007907479821,0.0005496086557284307,0.2586393674016144,0.047951119050167926,0.0024733097614714522,0.23278209519731316,0.06198760690393088,0.002212106826331748,0.17349857461425475,5.069181444655473e-05,5.069181444655473e-05,0.5963742876065262
3450,0.009258493569069944,0.00055105609325811,0.25932051447440463,0.04791211811534716,0.0024799399203909826,0.2334061101544454,0.06195135196512298,0.0022182701659290917,0.17398197379836014,5.083917437227146e-05,5.083917437227146e-05,0.5981079337914289
3460,0.009249984260795539,0.0005525026756647587,0.260001259136357,0.04787313839577463,0.002486566472718313,0.23402978566760588,0.061915108826055734,0.0022244314995705236,0.17446521565259007,5.098653429798819e-05,5.098653429798819e-05,0.5998415799763317
3470,0.009241479984359148,0.0005539484026589452,0.26068160125126827,0.04783417988811282,0.002493189419020821,0.2346531217901949,0.0618788774865512,0.0022305908272862948,0.17494830017931723,5.1133894223704924e-05,5.1133894223704924e-05,0.6015752261612344
3480,0.00923298074146331,0.0005553932739512379,0.2613615406829355,0.04779524258902421,0.0024998087598658834,0.23527611857561256,0.06184265794643142,0.0022367481491066565,0.17543122738091424,5.1281254149421654e-05,5.1281254149421654e-05,0.6033088723461371
3490,0.00922448653381056,0.0005568372892522052,0.26204107729515536,0.04775632649517131,0.0025064244958208776,0.23589877607725906,0.06180645020551846,0.0022429034650618606,0.1759139972597538,5.142861407513838e-05,5.142861407513838e-05,0.6050425185310397
3500,0.00921599736310344,0.0005582804482724155,0.2627202109517249,0.047717431603216585,0.0025130366274531803,0.2365210943485346,0.06177025426363436,0.0022490567751821578,0.17639660981820846,5.157597400085511e-05,5.157597400085511e-05,0.6067761647159424
3510,0.00920751323104449,0.0005597227507224373,0.263398941516441,0.04767855790982253,0.002519645155330169,0.23714307344283939,0.06173407012060117,0.0022552080794977993,0.17687906505865092,5.172333392657184e-05,5.172333392657184e-05,0.6085098109008451
3520,0.009199034139336246,0.0005611641963128387,0.2640772688531005,0.04763970541165165,0.0025262500800192203,0.23776471341357366,0.06169789777624095,0.0022613573780390366,0.17736136298345384,5.187069385228857e-05,5.187069385228857e-05,0.6102434570857478
3530,0.009190560089681247,0.0005626047847541884,0.26475519282550036,0.047600874105366404,0.0025328514020877112,0.2383860143141375,0.06166173723037575,0.002267504670836121,0.1778435035949899,5.20180537780053e-05,5.20180537780053e-05,0.6119771032706506
3540,0.009182091083782033,0.0005640445157570546,0.2654327132974374,0.0475620639876293,0.002539449122103019,0.2390069761979312,0.06162558848282761,0.002273649957919304,0.1783254868956317,5.216541370372202e-05,5.216541370372202e-05,0.6137107494555532
3550,0.009173627123341145,0.0005654833890320058,0.26610983013270856,0.047523275055102815,0.002546043240632521,0.2396275991183549,0.0615894515334186,0.0022797932393188365,0.1788073128877519,5.231277362943875e-05,5.231277362943875e-05,0.6154443956404558
3560,0.009165168210061117,0.0005669214042896104,0.26678654319511075,0.04748450730444945,0.0025526337582435937,0.2402478831288088,0.06155332638197076,0.0022859345150649697,0.17928898157372314,5.246013355515548e-05,5.246013355515548e-05,0.6171780418253586
3570,0.009156714345644492,0.0005683585612404368,0.26746285234844075,0.04744576073233168,0.002559220675503615,0.24086782828269315,0.061517213028306136,0.0022920737851879554,0.17977049295591807,5.2607493480872213e-05,5.2607493480872213e-05,0.6189116880102613
3580,0.009148265531793806,0.0005697948595950532,0.2681387574564956,0.047407035335412,0.0025658039929799606,0.24148743463340802,0.06148111147224679,0.0022982110497180444,0.18025184703670938,5.2754853406588944e-05,5.2754853406588944e-05,0.620645334195164
3590,0.0091398217702116,0.0005712302990640283,0.26881425838307205,0.047368331110352886,0.002572383711240009,0.24210670223435377,0.06144502171361477,0.002304346308685488,0.18073304381846966,5.290221333230567e-05,5.290221333230567e-05,0.6223789803800667
3600,0.009131383062600413,0.0005726648793579303,0.26948935499196713,0.04732964805381684,0.002578959830851136,0.24272563113893048,0.061408943752232124,0.0023104795621205374,0.18121408330357155,5.30495732580224e-05,5.30495732580224e-05,0.6241126265649694
3610,0.009122949410662782,0.0005740986001873276,0.27016404714697767,0.04729098616246635,0.0025855323523807203,0.24334422140053835,0.061372877587920906,0.0023166108100534442,0.1816949654943878,5.319693318373913e-05,5.319693318373913e-05,0.625846272749872
3620,0.009114520816101245,0.0005755314612627886,0.2708383347119005,0.047252345432963895,0.002592101276396137,0.2439624730725776,0.06133682322050317,0.0023227400525144596,0.18217569039329096,5.334429310945586e-05,5.334429310945586e-05,0.6275799189347747
3630,0.009106097280618345,0.0005769634622948818,0.2715122175505326,0.04721372586197197,0.0025986666034647646,0.24458038620844844,0.06130078064980096,0.002328867289533835,0.18265625800265373,5.349165303517258e-05,5.349165303517258e-05,0.6293135651196774
3640,0.009097678805916616,0.0005783946029941755,0.27218569552667077,0.047175127446153056,0.00260522833415398,0.24519796086155105,0.061264749875636335,0.002334992521141821,0.18313666832484868,5.363901296088931e-05,5.363901296088931e-05,0.6310472113045801
3650,0.0090892653936986,0.0005798248830712381,0.272858768504112,0.047136550182169654,0.0026117864690311595,0.24581519708528557,0.061228730897831346,0.0023411157473686695,0.18361692136224858,5.378637288660604e-05,5.378637288660604e-05,0.6327808574894828
3660,0.009080857045666836,0.0005812543022366381,0.27353143634665317,0.04709799406668423,0.0026183410086636806,0.24643209493305226,0.06119272371620804,0.0023472369682446315,0.184097017117226,5.393373281232277e-05,5.393373281232277e-05,0.6345145036743856
3670,0.009072453763523863,0.0005826828602009437,0.27420369891809115,0.047059459096359293,0.0026248919536189202,0.2470486544582513,0.06115672833058847,0.002353356183799959,0.18457695559215365,5.4081092738039496e-05,5.4081092738039496e-05,0.6362481498592881
3680,0.009064055548972216,0.0005841105566747236,0.2748755560822228,0.047020945267857314,0.002631439304464256,0.2476648757142829,0.06112074474079469,0.0023594733940649018,0.18505673678940404,5.422845266375623e-05,5.422845266375623e-05,0.6379817960441908
3690,0.00905566240371444,0.0005855373913685458,0.275547007702845,0.0469824525778408,0.002637983061767064,0.2482807587545472,0.06108477294664874,0.0023655885990697123,0.18553636071135,5.437581258947296e-05,5.437581258947296e-05,0.6397154422290936
3700,0.009047274329453067,0.0005869633639929789,0.27621805364375474,0.04694398102297222,0.0026445232260947226,0.24889630363244444,0.06104881294797269,0.002371701798844642,0.18601582736036407,5.452317251518969e-05,5.452317251518969e-05,0.6414490884139963
3710,0.009038891327890642,0.0005883884742585914,0.27688869376874886,0.04690553059991407,0.0026510597980146074,0.24951151040137481,0.06101286474458857,0.002377812993419941,0.1864951367388189,5.467053244090642e-05,5.467053244090642e-05,0.643182734598899
3720,0.0090305134007297,0.0005898127218759515,0.2775589279416242,0.04686710130532884,0.0026575927780940964,0.25012637911473845,0.06097692833631845,0.0023839221828258613,0.18697428884908715,5.481789236662314e-05,5.481789236662314e-05,0.6449163807838016
3730,0.009022140549672781,0.0005912361065556277,0.2782287560261777,0.04682869313587902,0.002664122166900567,0.25074090982593567,0.060941003722984374,0.0023900293670926546,0.18745328369354156,5.496525229233987e-05,5.496525229233987e-05,0.6466500269687043
3740,0.009013772776422423,0.0005926586280081885,0.2788981778862063,0.04679030608822709,0.0026706479650013947,0.2513551025883666,0.0609050909044084,0.002396134546250571,0.18793212127455458,5.51126122180566e-05,5.51126122180566e-05,0.648383673153607
3750,0.009005410082681168,0.000594080285944202,0.2795671933855068,0.04675194015903554,0.0026771701729639582,0.25196895745543135,0.06086918988041256,0.0024022377203298632,0.18841080159449908,5.525997214377333e-05,5.525997214377333e-05,0.6501173193385097
3760,0.008997052470151552,0.0005955010800742368,0.2802358023878761,0.04671359534496686,0.002683688791355634,0.25258247448053023,0.060833300650818926,0.0024083388893607815,0.1888893246557476,5.540733206949006e-05,5.540733206949006e-05,0.6518509655234125
3770,0.008988699940536112,0.0005969210101088613,0.28090400475711114,0.046675271642683536,0.0026902038207437984,0.2531956537170634,0.060797423215449536,0.0024144380533735773,0.18936769046067276,5.5554691995206786e-05,5.5554691995206786e-05,0.653584611708315
3780,0.008980352495537391,0.0005983400757586438,0.28157180035700874,0.04663696904884806,0.0026967152616958296,0.253808495218431,0.06076155757412645,0.0024205352123985017,0.1898458990116472,5.5702051920923517e-05,5.5702051920923517e-05,0.6553182578932178
3790,0.008972010136857927,0.0005997582767341528,0.28223918905136597,0.04659868756012292,0.002703223114779104,0.2544209990380333,0.060725703726671715,0.002426630366465807,0.19032395031104365,5.584941184664025e-05,5.584941184664025e-05,0.6570519040781205
3800,0.008963672866200258,0.0006011756127459566,0.28290617070397955,0.04656042717317059,0.002709727380560999,0.25503316522927044,0.06068986167290739,0.002432723515605743,0.19080184436123473,5.599677177235698e-05,5.599677177235698e-05,0.6587855502630232
3810,0.008955340685266922,0.0006025920835046237,0.2835727451786464,0.04652218788465358,0.0027162280596088914,0.25564499384554273,0.06065403141265551,0.0024388146598485617,0.19127958116459307,5.614413169807371e-05,5.614413169807371e-05,0.6605191964479259
3820,0.008947013595760459,0.0006040076887207223,0.2842389123391634,0.04648396969123436,0.0027227251524901586,0.25625648494025016,0.06061821294573814,0.0024449037992245147,0.19175716072349133,5.629149162379043e-05,5.629149162379043e-05,0.6622528426328286
3830,0.008938691599383408,0.0006054224281048211,0.28490467204932757,0.046445772589575426,0.0027292186597721773,0.2568676385667931,0.06058240627197733,0.002450990933763853,0.1922345830403022,5.643885154950716e-05,5.643885154950716e-05,0.6639864888177313
3840,0.008930374697838308,0.0006068363013674882,0.2855700241729356,0.04640759657633926,0.0027357085820223243,0.2574784547785717,0.060546611391195125,0.0024570760634968275,0.19271184811739822,5.658621147522389e-05,5.658621147522389e-05,0.6657201350026339
3850,0.008922062892827695,0.0006082493082192922,0.2862349685737845,0.04636944164818837,0.0027421949198079775,0.2580889336289861,0.06051082830321358,0.00246315918845369,0.19318895595715216,5.673357140094062e-05,5.673357140094062e-05,0.6674537811875367
3860,0.008913756186054111,0.0006096614483708014,0.2868995051156712,0.04633130780178522,0.0027486776736965137,0.2586990751714366,0.06047505700785475,0.0024692403086646916,0.1936659065619366,5.688093132665735e-05,5.688093132665735e-05,0.6691874273724394
3870,0.008905454579220096,0.0006110727215325842,0.28756363366239246,0.0462931950337923,0.0027551568442553093,0.25930887945932324,0.060439297504940676,0.002475319424160083,0.19414269993412417,5.7028291252374076e-05,5.7028291252374076e-05,0.670921073557342
3880,0.008897158074028185,0.000612483127415209,0.2882273540777453,0.04625510334087211,0.002761632432051742,0.2599183465460463,0.060403549794293424,0.0024813965349701167,0.19461933607608758,5.7175651178090806e-05,5.7175651178090806e-05,0.6726547197422448
3890,0.008888866672180919,0.0006138926657292442,0.2888906662255266,0.04621703271968713,0.0027681044376531884,0.26052747648500596,0.06036781387573503,0.002487471641125043,0.19509581499019946,5.732301110380754e-05,5.732301110380754e-05,0.6743883659271475
3900,0.008880580375380837,0.0006153013361852582,0.28955356996953324,0.04617898316689984,0.0027745728616270266,0.2611362693296025,0.06033208974908756,0.0024935447426551135,0.19557213667883244,5.747037102952427e-05,5.747037102952427e-05,0.6761220121120501
3910,0.008872299185330477,0.0006167091384938194,0.290216065173562,0.04614095467917275,0.0027810377045406325,0.261744725133236,0.060296377414173055,0.002499615839590579,0.19604830114435914,5.7617730955241e-05,5.7617730955241e-05,0.6778556582969528
3920,0.008864023103732379,0.0006181160723654961,0.2908781517014099,0.04610294725316833,0.002787498966961383,0.26235284394930664,0.060260676870813566,0.0025056849319616916,0.19652430838915227,5.776509088095772e-05,5.776509088095772e-05,0.6795893044818555
3930,0.00885575213228908,0.0006195221375108568,0.29153982941687373,0.04606496088554908,0.0027939566494566566,0.2629606258312147,0.06022498811883115,0.002511752019798702,0.19700015841558446,5.791245080667445e-05,5.791245080667445e-05,0.6813229506667582
3940,0.00884748627270312,0.0006209273336404699,0.29220109818375045,0.04602699557297747,0.002800410752593829,0.26356807083236033,0.06018931115804786,0.002517817103131862,0.1974758512260284,5.805981073239118e-05,5.805981073239118e-05,0.6830565968516609
3950,0.008839225526677038,0.0006223316604649039,0.2928619578658371,0.04598905131211601,0.002806861276940278,0.2641751790061438,0.060153645988285744,0.0025238801819914224,0.19795138682285668,5.820717065810791e-05,5.820717065810791e-05,0.6847902430365637
3960,0.008830969895913374,0.0006237351176947268,0.2935224083269302,0.045951128099627175,0.0028133082230633803,0.2647819504059652,0.06011799260936685,0.0025299412564076342,0.1984267652084419,5.835453058382464e-05,5.835453058382464e-05,0.6865238892214663
3970,0.008822719382114664,0.0006251377050405075,0.29418244943082705,0.04591322593217345,0.002819751591530513,0.2653883850852248,0.06008235102111323,0.002536000326410749,0.1989019863851568,5.8501890509541366e-05,5.8501890509541366e-05,0.6882575354063689
3980,0.00881447398698345,0.000626539422212814,0.2948420810413242,0.045875344806417334,0.0028261913829090535,0.26599448309732265,0.06004672122334694,0.0025420573920310187,0.199377050355374,5.8649250435258096e-05,5.8649250435258096e-05,0.6899911815912717
3990,0.008806233712222267,0.000627940268922215,0.29550130302221883,0.045837484719021306,0.0028326275977663784,0.2666002444956591,0.060011103215890024,0.0025481124532986937,0.1998519571214662,5.8796610360974826e-05,5.8796610360974826e-05,0.6917248277761744
4000,0.008797998559533657,0.0006293402448792787,0.29616011523730756,0.045799645666647855,0.002839060236669865,0.2672056693336344,0.05997549699856455,0.0025541655102440256,0.20032670668580593,5.894397028669155e-05,5.894397028669155e-05,0.693458473961077
4010,0.008789768530620159,0.0006307393497945735,0.29681851755038746,0.04576182764595947,0.0028454893001868906,0.2678107576646485,0.05993990257119255,0.002560216562897266,0.20080129905076596,5.909133021240829e-05,5.909133021240829e-05,0.6951921201459798
4020,0.008781543627184309,0.0006321375833786677,0.2974765098252553,0.04572403065361864,0.0028519147888848313,0.26841550954210175,0.05990431993359608,0.002566265611288665,0.20127573421871883,5.923869013812501e-05,5.923869013812501e-05,0.6969257663308824
4030,0.00877332385092865,0.00063353494534213,0.29813409192570817,0.04568625468628785,0.002858336703331065,0.26901992501939437,0.059868749085597195,0.0025723126554484752,0.20175001219203728,5.938605006384174e-05,5.938605006384174e-05,0.6986594125157851
4040,0.008765109203555716,0.0006349314353955286,0.2987912637155428,0.045648499740629594,0.002864755044092969,0.2696240041499265,0.05983319002701795,0.002578357695406947,0.2022241329730939,5.953340998955847e-05,5.953340998955847e-05,0.7003930587006878
4050,0.00875689968676805,0.0006363270532494319,0.2994480250585561,0.04561076581330635,0.0028711698117379197,0.27022774698709834,0.05979764275768039,0.0025844007311943327,0.20269809656426138,5.9680769915275195e-05,5.9680769915275195e-05,0.7021267048855905
4060,0.008748695302268189,0.0006377217986144083,0.30010437581854504,0.04557305290098062,0.002877581006833295,0.2708311535843101,0.059762107277406565,0.0025904417628408822,0.20317190296791232,5.9828129840991925e-05,5.9828129840991925e-05,0.7038603510704932
4070,0.00874049605175867,0.0006391156712010262,0.30076031585930635,0.045535361000314876,0.0028839886299464705,0.2714342239949619,0.05972658358601853,0.002596480790376848,0.20364555218641947,5.9975489766708656e-05,5.9975489766708656e-05,0.7055939972553958
4080,0.008732301936942037,0.000640508670719854,0.30141584504463714,0.04549769010797162,0.0028903926816448242,0.27203695827245405,0.05969107168333834,0.0026025178138324805,0.20411904422215535,6.0122849692425386e-05,6.0122849692425386e-05,0.7073276434402986
4090,0.008724112959520825,0.0006419007968814602,0.30207096323833416,0.04546004022061333,0.002896793162495734,0.2726393564701867,0.05965557156918804,0.0026085528332380316,0.2045923790774927,6.0270209618142116e-05,6.0270209618142116e-05,0.7090612896252013
4100,0.008715929121197574,0.0006432920493964129,0.3027256703041942,0.0454224113349025,0.0029031900730665753,0.27324141864156004,0.05962008324338969,0.002614585848623752,0.20506555675480406,6.041756954385884e-05,6.041756954385884e-05,0.710794935810104
4110,0.008707750423674821,0.0006446824279752809,0.30337996610601453,0.045384803447501613,0.002909583413924726,0.2738431448399742,0.059584606705765326,0.0026206168600198935,0.20553857725646224,6.056492946957557e-05,6.056492946957557e-05,0.7125285819950067
4120,0.008699576868655107,0.0006460719323286323,0.3040338505075916,0.04534721655507316,0.002915973185637563,0.27444453511882944,0.05954914195613701,0.0026266458674567067,0.20601144058483975,6.07122893952923e-05,6.07122893952923e-05,0.7142622281799094
4130,0.00869140845784097,0.0006474605621670356,0.3046873233727226,0.04530965065427962,0.0029223593887724637,0.27504558953152597,0.05951368899432679,0.0026326728709644438,0.20648414674230933,6.085964932100903e-05,6.085964932100903e-05,0.715995874364812
4140,0.008683245192934948,0.0006488483172010591,0.30534038456520424,0.0452721057417835,0.0029287420238968045,0.27564630813146396,0.059478247820156725,0.0026386978705733553,0.20695669573124356,6.100700924672576e-05,6.100700924672576e-05,0.7177295205497148
4150,0.008675087075639583,0.0006502351971412713,0.3059930339488335,0.04523458181424727,0.0029351210915779633,0.2762466909720436,0.059442818433448855,0.0026447208663136932,0.20742908755401515,6.115436917244248e-05,6.115436917244248e-05,0.7194631667346174
4160,0.00866693410765741,0.0006516212016982406,0.30664527138740727,0.04519707886833343,0.0029414965923833165,0.27684673810666505,0.05940740083402524,0.002650741858215708,0.2079013222129967,6.130172909815922e-05,6.130172909815922e-05,0.7211968129195202
4170,0.008658786290690971,0.0006530063305825353,0.3072970967447225,0.04515959690070446,0.0029478685268802414,0.2774464495887286,0.059371995021707924,0.002656760846309651,0.20837339971056087,6.144908902387595e-05,6.144908902387595e-05,0.7229304591044229
4180,0.008650643626442803,0.0006543905835047238,0.30794850988457584,0.04512213590802285,0.0029542368956361155,0.27804582547163437,0.05933660099631897,0.0026627778306257746,0.20884532004908038,6.159644894959267e-05,6.159644894959267e-05,0.7246641052893255
4190,0.008642506116615446,0.0006557739601753747,0.3085995106707645,0.04508469588695109,0.0029606016992183145,0.27864486580878256,0.059301218757680414,0.0026687928111943284,0.20931708323092774,6.17438088753094e-05,6.17438088753094e-05,0.7263977514742282
4200,0.008634373762911436,0.0006571564603050561,0.30925009896708516,0.04504727683415166,0.0029669629381942173,0.27924357065357336,0.059265848305614315,0.002674805788045565,0.2097886892584757,6.189116880102613e-05,6.189116880102613e-05,0.7281313976591309
4210,0.008626246567033317,0.0006585380836043366,0.3099002746373348,0.04500987874628706,0.0029733206131311992,0.27984194005940694,0.05923048963994273,0.002680816761209735,0.21026013813409686,6.203852872674285e-05,6.203852872674285e-05,0.7298650438440335
4220,0.008618124530683622,0.0006599188297837847,0.3105500375453104,0.04497250162001977,0.0029796747245966386,0.28043997407968363,0.0591951427604877,0.00268682573071709,0.21073142986016394,6.218588865245959e-05,6.218588865245959e-05,0.7315986900289363
4230,0.008610007655564893,0.0006612986985539684,0.3111993875548086,0.044935145452012284,0.002986025273157912,0.28103767276780345,0.05915980766707128,0.002692832696597881,0.2112025644390495,6.233324857817633e-05,6.233324857817633e-05,0.7333323362138391
4240,0.008601895943379671,0.0006626776896254564,0.31184832452962646,0.04489781023892708,0.0029923722593823967,0.28163503617716673,0.059124484359515526,0.002698837658882359,0.2116735418731262,6.248060850389305e-05,6.248060850389305e-05,0.7350659823987418
4250,0.008593789395830491,0.000664055802708817,0.3124968483335609,0.044860495977426654,0.002998715683837469,0.28223206436117354,0.05908917283764248,0.0027048406176007765,0.2121443621647668,6.262796842960977e-05,6.262796842960977e-05,0.7367996285836443
4260,0.008585688014619893,0.0006654330375146187,0.3131449588304087,0.04482320266417349,0.0030050555470905065,0.28282875737322416,0.059053873101274204,0.0027108415727833835,0.2126150253163438,6.277532835532651e-05,6.277532835532651e-05,0.7385332747685471
4270,0.008577591801450415,0.0006668093937534297,0.3137926558839668,0.04478593029583008,0.003011391849708887,0.28342511526671876,0.05901858515023274,0.002716840524460432,0.21308553133022995,6.292268828104324e-05,6.292268828104324e-05,0.7402669209534498
4280,0.008569500758024599,0.0006681848711358185,0.3144399393580322,0.0447486788690589,0.003017724592259986,0.2840211380950575,0.05898330898434015,0.002722837472662173,0.2135558802087979,6.307004820675996e-05,6.307004820675996e-05,0.7420005671383524
4290,0.008561414886044982,0.0006695594693723536,0.31508680911640163,0.04471144838052246,0.003024053775311182,0.28461682591164067,0.05894804460341848,0.0027288324174188573,0.2140260719544202,6.32174081324767e-05,6.32174081324767e-05,0.7437342133232552
4300,0.008553334187214101,0.0006709331881736032,0.315733265022872,0.04467423882688323,0.0030303793994298518,0.28521217876986843,0.05891279200728977,0.002734825358760737,0.21449610656946957,6.336476805819342e-05,6.336476805819342e-05,0.7454678595081579
4310,0.008545258663234497,0.0006723060272501359,0.31637930694124033,0.0446370502048037,0.003036701465183371,0.2858071967231408,0.05887755119577609,0.002740816296718063,0.21496598405631867,6.351212798391014e-05,6.351212798391014e-05,0.7472015056930604
4320,0.008537188315808708,0.0006736779863125199,0.3170249347353034,0.04459988251094636,0.003043019973139119,0.28640187982485826,0.05884232216869948,0.0027468052313210866,0.21543570441734014,6.365948790962688e-05,6.365948790962688e-05,0.7489351518779632
4330,0.008529123146639275,0.0006750490650713236,0.3176701482688581,0.044562735741973704,0.003049334923864471,0.2869962281284208,0.058807104925881995,0.002752792162600059,0.21590526765490656,6.38068478353436e-05,6.38068478353436e-05,0.7506687980628659
4340,0.008521063157428734,0.0006764192632371156,0.31831494740570143,0.04452560989454821,0.003055646317926804,0.28759024168722863,0.058771899467145686,0.002758777090585231,0.2163746737713907,6.395420776106034e-05,6.395420776106034e-05,0.7524024442477687
4350,0.008513008349879624,0.0006777885805204641,0.3189593320096301,0.04448850496533237,0.003061954155893497,0.28818392055468206,0.058736705792312605,0.0027647600153068554,0.21684392276916514,6.410156768677706e-05,6.410156768677706e-05,0.7541360904326713
4360,0.008504958725694487,0.0006791570166319376,0.3196033019444412,0.044451420950988675,0.0030682584383319254,0.2887772647841812,0.058701523901204804,0.002770740936795182,0.21731301465060252,6.42489276124938e-05,6.42489276124938e-05,0.7558697366175741
4370,0.008496914286575858,0.0006805245712821044,0.3202468570739314,0.044414357848179604,0.0030745591658094666,0.2893702744291263,0.05866635379364433,0.0027767198550804626,0.21778194941807552,6.439628753821052e-05,6.439628753821052e-05,0.7576033828024767
4380,0.008488875034226278,0.0006818912441815331,0.3208899972618979,0.04437731565356766,0.0030808563388934978,0.28996294954291746,0.05863119546945324,0.0027826967701929483,0.21825072707395676,6.454364746392725e-05,6.454364746392725e-05,0.7593370289873793
4390,0.008480840970348286,0.0006832570350407918,0.32153272237213726,0.044340294363815314,0.003087149958151396,0.2905552901789549,0.058596048928453576,0.0027886716821628904,0.21871934762061887,6.469100738964399e-05,6.469100738964399e-05,0.7610706751722821
4400,0.00847281209664442,0.000684621943570449,0.3221750322684465,0.04430329397558507,0.003093440024150538,0.29114729639063885,0.0585609141704674,0.0027946445910205404,0.21918781106043456,6.483836731536071e-05,6.483836731536071e-05,0.7628043213571848
4410,0.008464788414817218,0.0006859859694810733,0.32281692681462265,0.0442663144855394,0.0030997265374583015,0.2917389682313696,0.058525791195316756,0.0028006154967961496,0.21965611739577645,6.498572724107743e-05,6.498572724107743e-05,0.7645379675420874
4420,0.00845676992656922,0.0006873491124832329,0.32345840587446245,0.044229355890340806,0.0031060094986420633,0.2923303057545471,0.0584906800028237,0.002806584399519969,0.22012426662901718,6.513308716679417e-05,6.513308716679417e-05,0.7662716137269902
4430,0.008448756633602967,0.0006887113722874961,0.3240994693117628,0.04419241818665176,0.0031122889082692,0.2929213090135718,0.05845558059281029,0.0028125512992222498,0.22059225876252941,6.52804470925109e-05,6.52804470925109e-05,0.7680052599118928
4440,0.008440748537620993,0.0006900727486044316,0.3247401169903207,0.04415550137113477,0.003118564766907089,0.29351197806184365,0.058420492965098554,0.0028185161959332437,0.2210600937986858,6.542780701822763e-05,6.542780701822763e-05,0.7697389060967956
4450,0.008432745640325841,0.0006914332411446075,0.3253803487739329,0.044118605440452305,0.0031248370751231075,0.294102312952763,0.05838541711951057,0.002824479089683202,0.221527771739859,6.557516694394435e-05,6.557516694394435e-05,0.7714725522816982
4460,0.008424747943420047,0.0006927928496185923,0.3260201645263963,0.044081730391266866,0.003131105833484633,0.2946923137397301,0.05835035305586837,0.002830439980502375,0.22199529258842157,6.572252686966109e-05,6.572252686966109e-05,0.773206198466601
4470,0.008416755448606152,0.0006941515737369545,0.3266595641115079,0.04404487622024093,0.003137371042559041,0.295281980476145,0.05831530077399402,0.002836398868421015,0.2224626563467463,6.586988679537781e-05,6.586988679537781e-05,0.7749398446515037
4480,0.008408768157586694,0.0006955094132102623,0.3272985473930646,0.044008042924037,0.0031436327029137102,0.295871313215408,0.05828026027370956,0.0028423557534693732,0.22292986301720574,6.601724672109454e-05,6.601724672109454e-05,0.7766734908364062
4490,0.008400786072064213,0.0006968663677490842,0.3279371142348631,0.043971230499317546,0.003149890815116017,0.29646031201091927,0.058245231554837046,0.0028483106356777003,0.2233969126021726,6.616460664681128e-05,6.616460664681128e-05,0.778407137021309
4500,0.008392809193741245,0.0006982224370639887,0.3285752645007005,0.04393443894274507,0.003156145379733338,0.29704897691607884,0.05821021461719853,0.002854263515076248,0.22386380510401946,6.6311966572528e-05,6.6311966572528e-05,0.7801407832062117
4510,0.008384837524320331,0.000699577620865544,0.3292129980543736,0.043897668250982055,0.003162396397333051,0.29763730798428717,0.058175209460616065,0.002860214391695267,0.224330540525119,6.645932649824472e-05,6.645932649824472e-05,0.7818744293911143
4520,0.008376871065504011,0.0007009319188643186,0.3298503147596793,0.04386091842069098,0.003168643868482533,0.29822530526894425,0.0581402160849117,0.00286616326556501,0.2247971188678439,6.660668642396146e-05,6.660668642396146e-05,0.7836080755760171
4530,0.00836890981899482,0.0007022853307708809,0.3304872144804145,0.04382418944853435,0.0031748877937491605,0.29881296882345043,0.05810523448990748,0.0028721101367157266,0.2252635401345668,6.675404634967818e-05,6.675404634967818e-05,0.7853417217609198
4540,0.0083609537864953,0.0007036378562957993,0.3311236970803761,0.04378748133117464,0.003181128173700311,0.2994002987012057,0.05807026467542547,0.002878055005177669,0.22572980432766032,6.69014062753949e-05,6.69014062753949e-05,0.7870753679458223
4550,0.00835300296970799,0.000704989495149642,0.3317597624233609,0.043750794065274344,0.0031873650089033617,0.2999872949556105,0.058035306641287705,0.002883997870981088,0.2261959114494971,6.704876620111164e-05,6.704876620111164e-05,0.7888090141307251
4560,0.008345057370335427,0.0007063402470429778,0.33239541037316594,0.043714127647495944,0.003193598299925689,0.30057395764006484,0.05800036038731625,0.0028899387341562357,0.22666186150244988,6.719612612682838e-05,6.719612612682838e-05,0.7905426603156279
4570,0.00833711699008015,0.0007076901116863747,0.3330306407935881,0.043677482074501936,0.003199828047334671,0.301160286807969,0.05796542591333315,0.002895877594733362,0.22712765448889116,6.73434860525451e-05,6.73434860525451e-05,0.7922763065005306
4580,0.0083291818306447,0.0007090390887904013,0.3336654535484241,0.0436408573429548,0.0032060542516976834,0.3017462825127231,0.05793050321916046,0.00290181445274272,0.22759329041119375,6.749084597826183e-05,6.749084597826183e-05,0.7940099526854332
4590,0.008321251893731615,0.000710387178065626,0.334299848501471,0.04360425344951703,0.0032122769135821045,0.30233194480772746,0.057895592304620234,0.002907749308214559,0.22805876927173013,6.763820590397857e-05,6.763820590397857e-05,0.795743598870336
4600,0.00831332718104343,0.0007117343792226171,0.3349338255165256,0.04356767039085111,0.003218496033555311,0.3029172737463822,0.05786069316953451,0.0029136821611791316,0.22852409107287305,6.778556582969529e-05,6.778556582969529e-05,0.7974772450552386
4610,0.008305407694282691,0.000713080691971943,0.3355673844573849,0.043531108163619534,0.00322471161218468,0.3035022693820875,0.05782580581372535,0.0029196130116666886,0.22898925581699517,6.793292575541201e-05,6.793292575541201e-05,0.7992108912401412
4620,0.008297493435151931,0.0007144261160241721,0.33620052518784566,0.04349456676448478,0.0032309236500375877,0.30408693176824353,0.05779093023701481,0.0029255418597074817,0.22945426350646916,6.808028568112875e-05,6.808028568112875e-05,0.800944537425044
4630,0.00828958440535369,0.0007157706510898729,0.3368332475717048,0.04345804619010934,0.0032371321476814124,0.30467126095825053,0.05775606643922492,0.0029314687053317613,0.22991911414366756,6.822764560684547e-05,6.822764560684547e-05,0.8026781836099467
4640,0.00828168060659051,0.0007171142968796138,0.33746555147275936,0.043421546437155706,0.0032433371056835303,0.3052552570055087,0.05772121442017776,0.0029373935485697794,0.2303838077309631,6.83750055325622e-05,6.83750055325622e-05,0.8044118297948493
4650,0.008273782040564925,0.000718457053103963,0.338097436754806,0.04338506750228636,0.003249538524611319,0.3058389199634182,0.05768637417969536,0.0029433163894517873,0.23084834427072842,6.852236545827893e-05,6.852236545827893e-05,0.8061454759797521
4660,0.008265888708979478,0.000719798919473489,0.33872890328164185,0.0433486093821638,0.003255736405032155,0.30642224988537925,0.057651545717599784,0.0029492372280080356,0.23131272376533615,6.866972538399566e-05,6.866972538399566e-05,0.8078791221646547
4670,0.008258000613536707,0.0007211398956987603,0.3393599509170636,0.04331217207345049,0.003261930747513416,0.3070052468247921,0.05761672903371307,0.0029551560642687765,0.23177694621715894,6.88170853097124e-05,6.88170853097124e-05,0.8096127683495575
4680,0.00825011775593915,0.0007224799814903451,0.3399905795248682,0.043275755572808945,0.0032681215526224787,0.3075879108350568,0.05758192412785728,0.002961072898264261,0.2322410116285695,6.896444523542912e-05,6.896444523542912e-05,0.8113464145344601
4690,0.008242240137889344,0.000723819176558812,0.3406207889688526,0.04323935987690165,0.00327430882092672,0.30817024196957366,0.057547130999854465,0.0029669877300247394,0.23270492000194037,6.911180516114585e-05,6.911180516114585e-05,0.8130800607193629
4700,0.008234367761089831,0.0007251574806147291,0.34125057911281365,0.04320298498239107,0.0032804925529935176,0.3087522402817428,0.05751234964952667,0.002972900559580464,0.23316867133964425,6.925916508686258e-05,6.925916508686258e-05,0.8148137069042656
4710,0.008226500627243147,0.0007264948933686652,0.34187994982054826,0.043166630885939715,0.003286672749390248,0.3093339058249645,0.057477580076695955,0.002978811386961686,0.2336322656440538,6.94065250125793e-05,6.94065250125793e-05,0.8165473530891681
4720,0.008218638738051835,0.0007278314145311884,0.3425089009558533,0.04313029758421007,0.0032928494106842883,0.30991523865263887,0.057442822281184365,0.002984720212198657,0.2340957029175417,6.955388493829604e-05,6.955388493829604e-05,0.8182809992740709
4730,0.00821078209521843,0.0007291670438128671,0.34313743238252564,0.04309398507386461,0.003299022537443016,0.3104962388181662,0.057408076262813953,0.0029906270353216267,0.23455898316248053,6.970124486401276e-05,6.970124486401276e-05,0.8200146454589736
4740,0.008202930700445473,0.0007305017809242701,0.3437655439643623,0.04305769335156584,0.003305192130233807,0.3110769063749465,0.057373342021406766,0.002996531856360848,0.23502210638124296,6.984860478972949e-05,6.984860478972949e-05,0.8217482916438762
4750,0.008195084555435501,0.0007318356255759651,0.34439323556516,0.04302142241397624,0.00331135818962404,0.31165724137638023,0.05733861955678486,0.0030024346753465716,0.2354850725762017,6.999596471544622e-05,6.999596471544622e-05,0.823481937828779
4760,0.008187243661891056,0.000733168577478521,0.34502050704871573,0.04298517225775829,0.003317520716181091,0.3122372438758674,0.05730390886877029,0.0030083354923090486,0.2359478817497293,7.014332464116295e-05,7.014332464116295e-05,0.8252155840136817
4770,0.008179408021514673,0.000734500636342506,0.3456473582788263,0.04294894287957449,0.003323679710472337,0.3128169139268082,0.05726920995718511,0.00301423430727853,0.23641053390419844,7.029068456687968e-05,7.029068456687968e-05,0.8269492301985845
4780,0.008171577636008892,0.0007358318018784887,0.34627378911928874,0.04291273427608732,0.0033298351730651557,0.31339625158260287,0.057234522821851354,0.0030201311202852684,0.23687302904198182,7.043804449259641e-05,7.043804449259641e-05,0.828682876383487
4790,0.008163752507076254,0.0007371620737970371,0.34689979943389976,0.042876546443959274,0.003335987104526924,0.3139752568966517,0.05719984746259109,0.0030260259313595137,0.23733536716545206,7.058540441831314e-05,7.058540441831314e-05,0.8304165225683898
4800,0.008155932636419297,0.0007384914518087201,0.3475253890864564,0.042840379379852835,0.0033421355054250182,0.31455392992235465,0.05716518387922635,0.003031918740531518,0.2377975482769818,7.073276434402987e-05,7.073276434402987e-05,0.8321501687532925
4810,0.008148118025740557,0.0007398199356241056,0.3481505579407555,0.04280423308043049,0.0033482803763268164,0.3151322707131121,0.05713053207157921,0.0030378095478315317,0.23825957237894368,7.088012426974659e-05,7.088012426974659e-05,0.8338838149381952
4820,0.008140308676742576,0.0007411475249537625,0.348775305860594,0.04276810754235474,0.003354421717799695,0.3157102793223242,0.05709589203947171,0.003043698353289807,0.23872143947371038,7.102748419546333e-05,7.102748419546333e-05,0.8356174611230979
4830,0.008132504591127892,0.0007424742195082587,0.3493996327097687,0.04273200276228805,0.003360559530411031,0.31628795580339114,0.057061263782725906,0.0030495851569365953,0.23918314956365452,7.117484412118005e-05,7.117484412118005e-05,0.8373511073080006
4840,0.008124705770599044,0.0007438000189981629,0.3500235383520766,0.04269591873689293,0.003366693814728202,0.3168653002097131,0.05702664730116384,0.0030554699588021465,0.23964470265114873,7.132220404689678e-05,7.132220404689678e-05,0.8390847534929032
4850,0.00811691221685857,0.0007451249231340434,0.3506470226513145,0.04265985546283185,0.0033728245713185853,0.31744231259469036,0.056992042594607564,0.0030613527589167127,0.24010609873856573,7.146956397261351e-05,7.146956397261351e-05,0.840818399677806
4860,0.00810912393160901,0.0007464489316264687,0.35127008547127936,0.042623812936767314,0.0033789518007495568,0.31801899301172293,0.056957449662879134,0.0030672335573105457,0.2405673378282781,7.161692389833024e-05,7.161692389833024e-05,0.8425520458627086
4870,0.008101340916552902,0.0007477720441860069,0.3518927266757679,0.0425877911553618,0.0033850755035884942,0.3185953415142112,0.056922868505800604,0.003073112354013896,0.2410284199226585,7.176428382404697e-05,7.176428382404697e-05,0.8442856920476114
4880,0.008093563173392786,0.0007490942605232269,0.35251494612857726,0.04255179011527779,0.003391195680402775,0.31917135815555525,0.05688829912319402,0.0030789891490570157,0.24148934502407968,7.19116437497637e-05,7.19116437497637e-05,0.8460193382325141
4890,0.008085790703831199,0.0007504155803486966,0.35313674369350423,0.04251580981317779,0.0033973123317597755,0.3197470429891553,0.056853741514881435,0.003084863942470155,0.24195011313491413,7.205900367548043e-05,7.205900367548043e-05,0.8477529844174169
4900,0.008078023509570681,0.0007517360033729846,0.3537581192343457,0.042479850245724274,0.003403425458226873,0.32032239606841156,0.0568191956806849,0.0030907367342835656,0.24241072425753454,7.220636360119716e-05,7.220636360119716e-05,0.8494866306023194
4910,0.008070261592313771,0.0007530555293066594,0.3543790726148984,0.04244391140957973,0.003409535060371445,0.32089741744672423,0.05678466162042647,0.003096607524527499,0.24287117839431366,7.235372352691388e-05,7.235372352691388e-05,0.8512202767872221
4920,0.008062504953763008,0.0007543741578602892,0.35499960369895955,0.04240799330140666,0.003415641138760868,0.3214721071774934,0.05675013933392819,0.003102476313232206,0.24333147554762402,7.250108345263062e-05,7.250108345263062e-05,0.8529539229721249
4930,0.008054753595620929,0.0007556918887444424,0.35561971235032575,0.04237209591786753,0.003421743693962519,0.32204646531411946,0.056715628821012117,0.0031083431004279385,0.24379161571983832,7.264844337834734e-05,7.264844337834734e-05,0.8546875691570275
4940,0.008047007519590076,0.0007570087216696875,0.35623939843279406,0.04233621925562485,0.0034278427265437756,0.3226204919100024,0.056681130081500296,0.0031142078861449473,0.2442515989133292,7.279580330406407e-05,7.279580330406407e-05,0.8564212153419302
4950,0.008039266727372985,0.000758324656346593,0.3568586618101613,0.04230036331134109,0.003433938237072015,0.3231941870185426,0.05664664311521479,0.0031200706704134842,0.24471142513046937,7.29431632297808e-05,7.29431632297808e-05,0.858154861526833
4960,0.008031531220672197,0.0007596396924857271,0.35747750234622444,0.04226452808167874,0.0034400302261146133,0.32376755069314006,0.05661216792197764,0.0031259314532638,0.24517109437363138,7.309052315549753e-05,7.309052315549753e-05,0.8598885077117355
4970,0.008023801001190248,0.0007609538297976581,0.35809591990478024,0.0422287135633003,0.003446118694238948,0.3243405829871951,0.0565777045016109,0.0031317902347261463,0.24563060664518793,7.323788308121425e-05,7.323788308121425e-05,0.8616221538966382
4980,0.00801607607062968,0.0007622670679929549,0.35871391434962574,0.042192919752868256,0.0034522036420123964,0.32491328395410785,0.05654325285393662,0.0031376470148307737,0.24608996194751165,7.338524300693099e-05,7.338524300693099e-05,0.863355800081541
4990,0.008008356430693031,0.0007635794067821851,0.3593314855445576,0.042157146647045084,0.0034582850700023357,0.32548565364727866,0.05650881297877685,0.003143501793607934,0.24654916028297524,7.353260293264771e-05,7.353260293264771e-05,0.8650894462664436
5000,0.008000642083082838,0.0007648908458759179,0.359948633353373,0.04212139424249328,0.0034643629787761425,0.32605769212010755,0.056474384875953645,0.003149354571087879,0.24700820165395126,7.367996285836445e-05,7.367996285836445e-05,0.8668230924513464
5010,0.007992933029501643,0.0007662013849847212,0.36056535763986874,0.042085662535875326,0.003470437368901194,0.3266293994259947,0.05643996854528906,0.003155205347300859,0.24746708606281248,7.382732278408117e-05,7.382732278408117e-05,0.868556738636249
5020,0.007985229271651982,0.0007675110238191635,0.36118165826784154,0.04204995152385372,0.0034765082409448675,0.3272007756183405,0.05640556398660514,0.0031610541222771254,0.2479258135119314,7.397468270979791e-05,7.397468270979791e-05,0.8702903848211518
5030,0.007977530811236396,0.0007688197620898133,0.36179753510108853,0.042014261203090944,0.00348257559547454,0.3277718207505449,0.05637117119972393,0.00316690089604693,0.24838438400368082,7.412204263551463e-05,7.412204263551463e-05,0.8720240310060544
5040,0.007969837649957422,0.0007701275995072388,0.36241298800340643,0.04197859157024948,0.003488639433057588,0.3283425348760083,0.056336790184467495,0.0031727456686405234,0.24884279754043323,7.426940256123136e-05,7.426940256123136e-05,0.8737576771909571
5050,0.007962149789517599,0.0007714345357820087,0.36302801683859226,0.04194294262199183,0.003494699754261389,0.3289129180481307,0.056302420940657884,0.003178588440088158,0.24930105412456144,7.441676248694809e-05,7.441676248694809e-05,0.8754913233758599
5060,0.007954467231619466,0.000772740570624691,0.3636426214704428,0.04190731435498047,0.0035007565596533205,0.3294829703203125,0.05626806346811714,0.003184429210420084,0.24975915375843796,7.456412241266482e-05,7.456412241266482e-05,0.8772249695607625
5070,0.007946789977965565,0.0007740457037458545,0.36425680176275493,0.04187170676587789,0.003506809849800759,0.33005269174595375,0.05623371776666733,0.003190267979666553,0.2502170964444355,7.471148233838154e-05,7.471148233838154e-05,0.8789586157456651
5080,0.00793911803025843,0.0007753499348560672,0.3648705575793257,0.04183611985134658,0.0035128596252710816,0.33062208237845475,0.05619938383613048,0.0031961047478578164,0.2506748821849268,7.485884226409828e-05,7.485884226409828e-05,0.8806922619305679
5090,0.007931451390200604,0.0007766532636658979,0.3654838887839519,0.04180055360804903,0.003518905886631665,0.3311911422712155,0.05616506167632867,0.003201939515024125,0.2511325109822843,7.5006202189815e-05,7.5006202189815e-05,0.8824259081154705
5100,0.007923790059494621,0.0007779556898859147,0.3660967952404304,0.041765008032647724,0.0035249486344498876,0.33175987147763647,0.056130751287083926,0.003207772281195731,0.2515899828388809,7.515356211553174e-05,7.515356211553174e-05,0.8841595543003733
5110,0.007916134039843026,0.0007792572132266861,0.3667092768125581,0.04172948312180515,0.0035309878692931247,0.3323282700511176,0.05609645266821832,0.0032136030464028848,0.252047297757089,7.530092204124846e-05,7.530092204124846e-05,0.885893200485276
5120,0.007908483332948352,0.0007805578333987805,0.3673213333641319,0.0416939788721838,0.003537023591728755,0.33289633804505925,0.05606216581955389,0.003219431810675838,0.25250445573928143,7.544828196696518e-05,7.544828196696518e-05,0.8876268466701785
5130,0.007900837940513142,0.0007818575501127662,0.3679329647589487,0.041658495280446156,0.0035430558023241535,0.3334640755128615,0.05602789074091269,0.003225258574044842,0.2529614567878308,7.559564189268191e-05,7.559564189268191e-05,0.8893604928550812
5140,0.007893197864239934,0.0007831563630792118,0.3685441708608055,0.04162303234325471,0.003549084501646699,0.3340314825079246,0.05599362743211677,0.0032310833365401474,0.2534183009051096,7.574300181839866e-05,7.574300181839866e-05,0.8910941390399841
5150,0.007885563105831264,0.0007844542720086854,0.3691549515334989,0.041587590057271945,0.0035551096902637688,0.3345985590836488,0.05595937589298819,0.003236906098192007,0.25387498809349074,7.589036174411538e-05,7.589036174411538e-05,0.8928277852248868
5160,0.007877933666989675,0.0007857512766117558,0.3697653066408262,0.04155216841916036,0.003561131368742739,0.33516530529343425,0.05592513612334899,0.00324272685903067,0.2543315183553467,7.60377216698321e-05,7.60377216698321e-05,0.8945614314097894
5170,0.007870309549417703,0.0007870473765989908,0.37037523604658384,0.04151676742558243,0.0035671495376509866,0.33573172119068107,0.055890908123021235,0.003248545619086389,0.25478789169305016,7.618508159554883e-05,7.618508159554883e-05,0.8962950775946921
5180,0.007862690754817887,0.0007883425716809594,0.37098473961456907,0.04148138707320065,0.0035731641975558894,0.33629780682878957,0.05585669189182696,0.0032543623783894155,0.2552441081089738,7.633244152126557e-05,7.633244152126557e-05,0.8980287237795949
5190,0.00785507728489277,0.0007896368615682298,0.37159381720857865,0.04144602735867751,0.0035791753490248238,0.3368635622611599,0.05582248742958823,0.00326017713697,0.2557001676054902,7.647980144698229e-05,7.647980144698229e-05,0.8997623699644974
5200,0.007847469141344883,0.0007909302459713702,0.37220246869240947,0.041410688278675487,0.003585182992625167,0.33742898754119216,0.055788294736127085,0.003265989894858394,0.25615607018497205,7.662716137269901e-05,7.662716137269901e-05,0.9014960161494001
5210,0.007839866325876771,0.0007922227246009492,0.3728106939298584,0.04137536982985708,0.003591187128924296,0.3379940827222867,0.05575411381126558,0.003271800652084849,0.2566118158497921,7.677452129841575e-05,7.677452129841575e-05,0.9032296623343029
5220,0.007832268840190972,0.0007935142971675351,0.37341849278472233,0.04134007200888477,0.0035971877584895884,0.33855884785784357,0.055719944654825784,0.003277609408679616,0.2570674046023228,7.692188122413249e-05,7.692188122413249e-05,0.9049633085192057
5230,0.007824676685990024,0.0007948049633816963,0.3740258651207982,0.04130479481242105,0.003603184881888421,0.3391232830012631,0.05568578726662972,0.0032834161646729462,0.25752283644493695,7.70692411498492e-05,7.70692411498492e-05,0.9066969547041082
5240,0.007817089864976465,0.0007960947229540013,0.3746328108018829,0.04126953823712841,0.0036091784996881704,0.3396873882059454,0.05565164164649945,0.003289220920095091,0.25797811138000715,7.721660107556593e-05,7.721660107556593e-05,0.908430600889011
5250,0.007809508378852836,0.0007973835755950183,0.37523932969177326,0.04123430227966933,0.003615168612456214,0.3402511635252907,0.05561750779425704,0.0032950236749763025,0.2584332294099061,7.736396100128267e-05,7.736396100128267e-05,0.9101642470739137
5260,0.007801932229321674,0.000798671521015316,0.3758454216542663,0.0411990869367063,0.003621155220759929,0.34081460901269917,0.055583385709724514,0.0033008244293468306,0.25888819053700635,7.75113209269994e-05,7.75113209269994e-05,0.9118978932588163
5270,0.007794361418085518,0.0007999585589254625,0.37645108655315873,0.04116389220490181,0.0036271383251666924,0.3413777247215711,0.05554927539272395,0.0033066231832369272,0.25934299476368056,7.765868085271612e-05,7.765868085271612e-05,0.913631539443719
5280,0.0077867959468469064,0.0008012446890360262,0.37705632425224755,0.04112871808091835,0.003633117926243881,0.34194051070530646,0.055515176843077385,0.0033124199366768433,0.25979764209230144,7.780604077843286e-05,7.780604077843286e-05,0.9153651856286218
5290,0.0077792358173083805,0.0008025299110575757,0.3776611346153297,0.0410935645614184,0.003639094024558872,0.3425029670173056,0.05548109006060687,0.0033182146896968308,0.26025213252524165,7.795340070414958e-05,7.795340070414958e-05,0.9170988318135244
5300,0.007771681031172477,0.0008038142247006792,0.3782655175062019,0.041058431643064455,0.0036450666206790426,0.3430650937109687,0.05544701504513446,0.0033240074423271405,0.2607064660648738,7.81007606298663e-05,7.81007606298663e-05,0.918832477998427
5310,0.0077641315901417355,0.0008050976296759053,0.3788694727886613,0.041023319322519,0.0036510357151717694,0.3436268908396959,0.05541295179648221,0.0033297981945980236,0.2611606427135705,7.824812055558304e-05,7.824812055558304e-05,0.9205661241833298
5320,0.007756587495918695,0.0008063801256938223,0.37947300032650455,0.04098822759644453,0.00365700130860443,0.34418835845688756,0.05537890031447216,0.0033355869465397318,0.26161466247370446,7.839548048129978e-05,7.839548048129978e-05,0.9222997703682326
5330,0.007749048750205894,0.0008076617124649986,0.38007609998352865,0.04095315646150352,0.003662963401544402,0.3447494966159437,0.05534486059892637,0.003341373698182516,0.26206852534764835,7.854284040701649e-05,7.854284040701649e-05,0.9240334165531351
5340,0.007741515354705871,0.0008089423897000024,0.3806787716235305,0.04091810591435846,0.003668921994559061,0.3453103053702645,0.05531083264966689,0.0033471584495566274,0.2625222313377747,7.869020033273322e-05,7.869020033273322e-05,0.9257670627380379
5350,0.007733987311121165,0.0008102221571094024,0.381281015110307,0.04088307595167185,0.0036748770882157854,0.3458707847732504,0.05527681646651577,0.0033529412006923177,0.2629757804464563,7.883756025844996e-05,7.883756025844996e-05,0.9275007089229407
5360,0.007726464621154315,0.0008115010144037669,0.38188283030765496,0.04084806657010617,0.003680828683081951,0.3464309348783013,0.05524281204929506,0.003358721951619838,0.2634291726760657,7.898492018416669e-05,7.898492018416669e-05,0.9292343551078432
5370,0.00771894728650786,0.000812778961293664,0.38248421707937125,0.04081307776632391,0.0036867767797249358,0.3469907557388175,0.05520881939782682,0.003364500702369439,0.2638824080289756,7.913228010988341e-05,7.913228010988341e-05,0.9309680012927459
5380,0.00771143530888434,0.0008140559974896626,0.38308517528925295,0.04077810953698755,0.0036927213787121167,0.3475502474081992,0.05517483851193309,0.0033702774529713727,0.26433548650755867,7.927964003560015e-05,7.927964003560015e-05,0.9327016474776487
5390,0.007703928689986292,0.0008153321227023307,0.3836857048010967,0.040743161878759586,0.0036986624806108707,0.3481094099398466,0.055140869391435934,0.00337605220345589,0.26478840811418747,7.942699996131688e-05,7.942699996131688e-05,0.9344352936625515
5400,0.0076964274315162555,0.0008166073366422369,0.3842858054786996,0.0407082347883025,0.003704600085988574,0.3486682433871599,0.05510691203615739,0.0033818249538532428,0.2652411728512347,7.957435988703359e-05,7.957435988703359e-05,0.936168939847454
5410,0.007688931535176769,0.0008178816390199495,0.38488547718585847,0.04067332826227879,0.003710534195412605,0.3492267478035393,0.05507296644591951,0.003387595704193682,0.2656937807210731,7.972171981275033e-05,7.972171981275033e-05,0.9379025860323568
5420,0.0076814410026703715,0.0008191550295460371,0.38548471978637033,0.04063844229735093,0.0037164648094503406,0.34978492324238497,0.05503903262054436,0.003393364454507458,0.26614623172607516,7.986907973846707e-05,7.986907973846707e-05,0.9396362322172596
5430,0.007673955835699603,0.0008204275079310678,0.3860835331440319,0.04060357689018143,0.0037223919286691574,0.35034276975709716,0.05500511055985398,0.003399131204824823,0.2665985258686136,8.001643966418379e-05,8.001643966418379e-05,0.9413698784021621
5440,0.007666476035967001,0.0008216990738856101,0.38668191712264,0.04056873203743275,0.0037283155536364317,0.35090028740107587,0.05497120026367042,0.0034048959551760283,0.2670506631510611,8.016379958990051e-05,8.016379958990051e-05,0.9431035245870648
5450,0.007659001605175106,0.0008229697271202325,0.3872798715859917,0.0405339077357674,0.0037342356849195428,0.35145747622772167,0.05493730173181573,0.0034106587055913254,0.26750264357579023,8.031115951561725e-05,8.031115951561725e-05,0.9448371707719676
5460,0.007651532545026454,0.0008242394673455033,0.3878773963978838,0.040499103981847855,0.0037401523230858654,0.3520143362904344,0.05490341496411197,0.0034164194561009647,0.26795446714517374,8.045851944133398e-05,8.045851944133398e-05,0.9465708169568702
5470,0.007644068857223586,0.0008255082942719908,0.3884744914221132,0.0404643207723366,0.0037460654687027774,0.3525708676426143,0.054869539960381186,0.003422178206735197,0.26840613386158413,8.06058793670507e-05,8.06058793670507e-05,0.9483044631417729
5480,0.007636610543469041,0.0008267762076102635,0.38907115652247687,0.04042955810389614,0.0037519751223376563,0.3531270703376618,0.054835676720445425,0.0034279349575242757,0.2688576437273942,8.075323929276744e-05,8.075323929276744e-05,0.9500381093266757
5490,0.007629157605465356,0.0008280432070708899,0.3896673915627717,0.04039481597318895,0.003757881284557879,0.3536829444289768,0.05480182524412675,0.003433689708498451,0.26930899674497655,8.090059921848417e-05,8.090059921848417e-05,0.9517717555115784
5500,0.007621710044915071,0.0008293092923644382,0.3902631964067944,0.040360094376877514,0.003763783955930822,0.3542384899699597,0.054767985531247204,0.0034394424596879735,0.26976019291670383,8.104795914420088e-05,8.104795914420088e-05,0.9535054016964809
5510,0.007614267863520726,0.0008305744632014769,0.390858570918342,0.04032539331162434,0.003769683137023863,0.35479370701401064,0.05473415758162885,0.0034451932111230947,0.2702112322449486,8.119531906991762e-05,8.119531906991762e-05,0.9552390478813837
5520,0.007606831062984858,0.0008318387192925744,0.3914535149612114,0.04029071277409189,0.003775578828404379,0.35534859561452975,0.05470034139509372,0.0034509419628340667,0.2706621147320837,8.134267899563436e-05,8.134267899563436e-05,0.9569726940662865
5530,0.007599399645010008,0.0008331020603482991,0.39204802839919956,0.040256052760942664,0.0037814710306397466,0.35590315582491727,0.05466653697146387,0.0034566887148511404,0.2711128403804816,8.149003892135108e-05,8.149003892135108e-05,0.9587063402511892
5540,0.007591973611298711,0.0008343644860792194,0.3926421110961032,0.04022141326883916,0.003787359744297343,0.35645738769857344,0.054632744310561365,0.0034624334672045667,0.27156340919251504,8.16373988470678e-05,8.16373988470678e-05,0.9604399864360917
5550,0.00758455296355351,0.0008356259961959035,0.3932357629157192,0.04018679429444385,0.003793244969944546,0.35701129128889847,0.05459896341220825,0.0034681762199245967,0.2720138211705566,8.178475877278453e-05,8.178475877278453e-05,0.9621736326209944
5560,0.007577137703476943,0.0008368865904089201,0.3938289837218447,0.04015219583441922,0.0037991267081487323,0.35756486664929243,0.05456519427622657,0.0034739169730414825,0.272464076316979,8.193211869850126e-05,8.193211869850126e-05,0.9639072788058972
5570,0.007569727832771546,0.0008381462684288374,0.39442177337827633,0.04011761788542778,0.003805004959477278,0.35811811383315556,0.05453143690243838,0.003479655726585475,0.2729141746341549,8.207947862421799e-05,8.207947862421799e-05,0.9656409249907998
5580,0.007562323353139861,0.0008394050299662239,0.39501413174881117,0.04008306044413199,0.0038108797244975606,0.358671032893888,0.05449769129066573,0.003485392480586825,0.2733641161244569,8.222683854993473e-05,8.222683854993473e-05,0.9673745711757026
5590,0.007554924266284426,0.000840662874731648,0.395606058697246,0.04004852350719436,0.003816751003776958,0.3592236238848901,0.05446395744073067,0.003491127235075785,0.27381390079025764,8.237419847565145e-05,8.237419847565145e-05,0.9691082173606053
5600,0.007547530573907779,0.000841919802435678,0.39619755408737783,0.04001400707127737,0.003822618797882847,0.3597758868595621,0.05443023535245526,0.0034968599900826046,0.2742635286339298,8.252155840136817e-05,8.252155840136817e-05,0.9708418635455078
5610,0.0075401422777124595,0.0008431758127888822,0.39678861778300334,0.0399795111330435,0.0038284831073826043,0.3603278218713039,0.05439652502566154,0.003502590745637536,0.27471299965784596,8.266891832708491e-05,8.266891832708491e-05,0.9725755097304106
5620,0.007532759379401006,0.0008444309055018293,0.3973792496479196,0.03994503568915526,0.003834343932843606,0.3608794289735159,0.05436282646017158,0.003508319501770831,0.2751623138643789,8.281627825280163e-05,8.281627825280163e-05,0.9743091559153133
5630,0.007525381880675959,0.0008456850802850875,0.39796944954592345,0.03991058073627511,0.0038402012748332314,0.3614307082195983,0.05432913965580741,0.0035140462585127397,0.27561147125590113,8.296363817851836e-05,8.296363817851836e-05,0.9760428021002159
5640,0.007518009783239855,0.0008469383368492252,0.3985592173408118,0.03987614627106555,0.0038460551339188557,0.3619816596629511,0.054295464612391084,0.0035197710158935145,0.27606047183478544,8.31109981042351e-05,8.31109981042351e-05,0.9777764482851187
5650,0.0075106430887952325,0.0008481906749048108,0.39914855289638146,0.03984173229018908,0.003851905510667857,0.36253228335697474,0.05426180132974467,0.0035254937739434052,0.2765093156034043,8.325835802995183e-05,8.325835802995183e-05,0.9795100944700215
5660,0.007503281799044634,0.0008494420941624126,0.3997374560764294,0.039807338790308164,0.0038577524056476117,0.36308257935506927,0.054228149807690196,0.003531214532692665,0.2769580025641306,8.340571795566855e-05,8.340571795566855e-05,0.9812437406549241
5670,0.007495925915690595,0.0008506925943325993,0.40032592674475254,0.03977296576808531,0.003863595819425497,0.363632547710635,0.054194510046049735,0.003536933292171544,0.27740653271933674,8.355307788138528e-05,8.355307788138528e-05,0.9829773868398267
5680,0.007488575440435656,0.000851942175125939,0.4009139647651477,0.039738613220182996,0.00386943575256889,0.36418218847707196,0.05416088204464532,0.003542650052410293,0.2778549060713955,8.370043780710202e-05,8.370043780710202e-05,0.9847110330247295
5690,0.007481230374982354,0.0008531908362530002,0.4015015700014118,0.039704281143263714,0.0038752722056451683,0.36473150170778057,0.054127265803299025,0.003548364813439164,0.27830312262267953,8.384779773281874e-05,8.384779773281874e-05,0.9864446792096322
5700,0.00747389072103323,0.0008544385774243513,0.4020887423173417,0.03966996953398995,0.003881105179221709,0.36528048745616076,0.05409366132183288,0.003554077575288409,0.2787511823755615,8.399515765853546e-05,8.399515765853546e-05,0.9881783253945348
5710,0.007466556480290822,0.0008556853983505607,0.40267548157673433,0.039635678389024195,0.0038869346738658874,0.36582914577561293,0.05406006860006894,0.0035597883379882784,0.279199085332414,8.41425175842522e-05,8.41425175842522e-05,0.9899119715794376
5720,0.007459227654457669,0.0008569312987421967,0.4032617876433866,0.03960140770502892,0.003892760690145083,0.3663774767195372,0.054026487637829274,0.0035654971015690227,0.27964683149560965,8.428987750996892e-05,8.428987750996892e-05,0.9916456177643402
5730,0.007451904245236309,0.0008581762783098279,0.4038476603810954,0.03956715747866664,0.003898583228626671,0.36692548034133377,0.05399291843493591,0.0035712038660608947,0.2800944208675212,8.443723743568565e-05,8.443723743568565e-05,0.9933792639492428
5740,0.007444586254329282,0.0008594203367640224,0.4044330996536576,0.03953292770659983,0.003904402289878029,0.36747315669440267,0.05395936099121091,0.0035769086314941445,0.28054185345052113,8.458459736140238e-05,8.458459736140238e-05,0.9951129101341456
5750,0.007437273683439126,0.0008606634738153489,0.40501810532487004,0.039498718385490975,0.0039102178744665345,0.3680205058321444,0.05392581530647632,0.003582611397899024,0.28098912924698227,8.473195728711912e-05,8.473195728711912e-05,0.9968465563190484
5760,0.007429966534268381,0.0008619056891743756,0.40560267725852966,0.039464529512002564,0.003916029982959565,0.3685675278079591,0.0538922813805542,0.0035883121653057844,0.2814362482592772,8.487931721283583e-05,8.487931721283583e-05,0.9985802025039509
5770,0.0074226648085195844,0.0008631469825516711,0.40618681531843337,0.039430361082797086,0.003921838615924496,0.3691142226752467,0.0538587592132666,0.0035940109337446765,0.28188321048977855,8.502667713855257e-05,8.502667713855257e-05,1.0003138486888536
5780,0.0074153685078952765,0.0008643873536578034,0.40677051936837805,0.03939621309453703,0.003927643773928706,0.3696605904874075,0.053825248804435566,0.0035997077032459525,0.28233001594085905,8.51740370642693e-05,8.51740370642693e-05,1.0020474948737566
5790,0.007408077634097995,0.0008656268022033413,0.40735378927216054,0.03936208554388488,0.00393344545753957,0.3702066312978419,0.053791750153883156,0.003605402473839863,0.2827766646148912,8.532139698998603e-05,8.532139698998603e-05,1.003781141058659
5800,0.0074007921888302785,0.0008668653278988531,0.4079366248935779,0.03932797842750313,0.0039392436673244685,0.3707523451599499,0.053758263261431405,0.003611095245556659,0.2832231565142478,8.546875691570275e-05,8.546875691570275e-05,1.0055147872435617
5810,0.0073935121737946675,0.0008681029304549071,0.4085190260964268,0.03929389174205426,0.003945038403850775,0.37129773212713174,0.05372478812690239,0.0036167860184265926,0.2836694916413014,8.561611684141949e-05,8.561611684141949e-05,1.0072484334284646
5820,0.007386237590693699,0.0008693396095820715,0.4091009927445042,0.039259825484200775,0.003950829667685869,0.3718427922527876,0.05369132475011814,0.0036224747924799142,0.28411566999842464,8.576347676713621e-05,8.576347676713621e-05,1.008982079613367
5830,0.007378968441229913,0.0008705753649909153,0.40968252470160715,0.03922577965060514,0.003956617459397126,0.3723875255903178,0.053657873130900716,0.0036281615677468764,0.28456169158799033,8.591083669285295e-05,8.591083669285295e-05,1.01071572579827
5840,0.0073717047271058475,0.0008718101963920062,0.41026362183153225,0.03919175423792986,0.003962401779551925,0.3729319321931223,0.05362443326907217,0.0036338463442577287,0.28500755641237085,8.605819661856967e-05,8.605819661856967e-05,1.0124493719831726
5850,0.007364446450024043,0.000873044103495913,0.41084428399807665,0.03915774924283741,0.00396818262871764,0.37347601211460146,0.05359100516445456,0.003639529122042724,0.28545326447393915,8.62055565442864e-05,8.62055565442864e-05,1.014183018168075
5860,0.0073571936116870375,0.0008742770860132041,0.41142451106503714,0.03912376466199029,0.003973960007461651,0.3740197654081554,0.05355758881686992,0.003645209901132112,0.28589881577506765,8.635291647000312e-05,8.635291647000312e-05,1.0159166643529778
5870,0.007349946213797368,0.0008755091436544477,0.41200430289621065,0.03908980049205098,0.003979733916351334,0.37456319212718436,0.05352418422614032,0.0036508886815561454,0.28634421031812907,8.650027639571986e-05,8.650027639571986e-05,1.0176503105378807
5880,0.007342704258057576,0.0008767402761302124,0.41258365935539404,0.03905585672968197,0.003985504355954066,0.3751062923250885,0.05349079139208779,0.003656565463345075,0.2867894481054961,8.66476363214366e-05,8.66476363214366e-05,1.0193839567227834
5890,0.0073354677461702,0.0008779704831510665,0.41316258030638414,0.03902193337154574,0.003991271326837224,0.3756490660552681,0.053457410314534395,0.003662240246529152,0.28723452913954134,8.67949962471533e-05,8.67949962471533e-05,1.0211176029076858
5900,0.007328236679837777,0.0008791997644275783,0.41374106561297797,0.03898803041430479,0.003997034829568185,0.3761915133711232,0.05342404099330218,0.0036679130311386273,0.28767945342263745,8.694235617287004e-05,8.694235617287004e-05,1.0228512490925887
5910,0.0073210110607628475,0.0008804281196703163,0.41431911513897235,0.03895414785462161,0.004002794864714327,0.3767336343260542,0.05339068342821321,0.0036735838172037524,0.28812422095715706,8.708971609858678e-05,8.708971609858678e-05,1.0245848952774914
5920,0.00731379089064795,0.0008816555485898489,0.4148967287481641,0.03892028568915868,0.004008551432843024,0.3772754289734611,0.05335733761908953,0.0036792526047547784,0.2885688317454728,8.72370760243035e-05,8.72370760243035e-05,1.026318541462394
5930,0.007306576171195623,0.0008828820508967445,0.41547390630435027,0.03888644391457849,0.004014304534521658,0.37781689736674423,0.05332400356575318,0.0036849193938219577,0.2890132857899575,8.738443595002023e-05,8.738443595002023e-05,1.0280521876472968
5940,0.007299366904108406,0.0008841076263015714,0.41605064767132766,0.03885262252754352,0.0040200541703176015,0.37835803955930364,0.053290681268026226,0.0036905841844355404,0.2894575830929836,8.753179587573696e-05,8.753179587573696e-05,1.0297858338321995
5950,0.007292163091088837,0.0008853322745148982,0.4166269527128932,0.038818821524716274,0.004025800340798234,0.3788988556045397,0.05325737072573071,0.003696246976625778,0.28990172365692374,8.767915580145369e-05,8.767915580145369e-05,1.0315194800171021
5960,0.007284964733839456,0.000886555995247293,0.4172028212928437,0.03878504090275922,0.004031543046530932,0.3794393455558524,0.05322407193868869,0.0037019077704229216,0.29034570748415073,8.782651572717041e-05,8.782651572717041e-05,1.0332531262020048
5970,0.0072777718340628,0.0008877787882093244,0.41777825327497614,0.03875128065833487,0.004037282288083073,0.37997950946664216,0.05319078490672221,0.0037075665658572233,0.2907895345770371,8.797387565288715e-05,8.797387565288715e-05,1.0349867723869075
5980,0.007270584393461409,0.0008890006531115607,0.4183532485230873,0.038717540788105693,0.004043018066022032,0.3805193473903089,0.05315750962965332,0.0037132233629589336,0.29123320493795557,8.812123557860387e-05,8.812123557860387e-05,1.0367204185718102
5990,0.007263402413737822,0.0008902215896645705,0.4189278069009743,0.03868382128873418,0.004048750380915189,0.38105885938025313,0.05312424610730409,0.003718878161758304,0.29167671856927874,8.82685955043206e-05,8.82685955043206e-05,1.0384540647567129
6000,0.00725622589659458,0.0008914415975789219,0.41950192827243377,0.03865012215688283,0.00405447923332992,0.38159804548987486,0.05309099433949655,0.0037245309622855856,0.29212007547337926,8.841595543003733e-05,8.841595543003733e-05,1.0401877109416156
6010,0.007249054843734217,0.0008926606765651835,0.42007561250126274,0.03861644338921411,0.0040602046238336015,0.38213690577257425,0.05305775432605275,0.0037301817645710297,0.2925632756526298,8.856331535575407e-05,8.856331535575407e-05,1.0419213571265185
6020,0.007241889256859275,0.0008938788263339237,0.42064885945125813,0.038582784982390525,0.00406592655299361,0.38267544028175154,0.05302452606679477,0.003735830568644888,0.293006319109403,8.871067528147078e-05,8.871067528147078e-05,1.043655003311421
6030,0.0072347291376722925,0.0008950960465957108,0.4212216689862167,0.03854914693307456,0.004071645021377325,0.383213649070807,0.05299130956154463,0.0037414773745374115,0.2934492058460715,8.885803520718752e-05,8.885803520718752e-05,1.0453886494963236
6040,0.007227574487875808,0.0008963123370611131,0.4217940409699355,0.038515529237928704,0.004077360029552121,0.38375153219314073,0.05295810481012439,0.0037471221822788516,0.29389193586500795,8.900539513290425e-05,8.900539513290425e-05,1.0471222956812265
6050,0.00722042530917236,0.0008975276974406991,0.4223659752662113,0.038481931893615436,0.004083071578085375,0.384289089702153,0.05292491181235612,0.003752764991899459,0.294334509168585,8.915275505862098e-05,8.915275505862098e-05,1.048855941866129
6060,0.007213281603264489,0.0008987421274450373,0.422937471738841,0.03844835489679725,0.004088779667544467,0.38482632165124386,0.052891730568061845,0.0037584058034294855,0.29477692575917536,8.93001149843377e-05,8.93001149843377e-05,1.0505895880510316
6070,0.007206143371854731,0.000899955626784696,0.42350853025162155,0.03841479824413664,0.004094484298496771,0.38536322809381374,0.052858561077063625,0.003764044616899182,0.29521918563915156,8.944747491005442e-05,8.944747491005442e-05,1.0523232342359343
6080,0.007199010616645628,0.0009011681951702436,0.4240791506683499,0.03838126193229609,0.004100185471509666,0.3858998090832626,0.05282540333918352,0.0037696814323388006,0.2956612888108863,8.959483483577116e-05,8.959483483577116e-05,1.054056880420837
6090,0.007191883339339717,0.0009023798323122484,0.42464933285282275,0.03834774595793807,0.004105883187150527,0.38643606467299074,0.052792257354243574,0.003775316249778592,0.2961032352767523,8.974219476148788e-05,8.974219476148788e-05,1.0557905266057397
6100,0.0071847615416395375,0.000903590537921279,0.4252190766688371,0.0383142503177251,0.004111577445986734,0.3869719949163985,0.052759123122065835,0.0037809490692488072,0.2965450250391221,8.988955468720462e-05,8.988955468720462e-05,1.0575241727906426
6110,0.007177645225247628,0.0009048003117079037,0.4257883819801899,0.03828077500831964,0.004117268248585661,0.3875075998668857,0.05272600064247236,0.003786579890779698,0.29698665810036845,9.003691461292135e-05,9.003691461292135e-05,1.059257818975545
6120,0.007170534391866526,0.0009060091533826908,0.4263572486506779,0.038247320026384195,0.004122955595514687,0.3880428795778529,0.0526928899152852,0.0037922087144015154,0.297428134462864,9.018427453863807e-05,9.018427453863807e-05,1.0609914651604477
6130,0.007163429043198773,0.0009072170626562089,0.4269256765440982,0.038213885368581245,0.004128639487341188,0.3885778341027001,0.052659790940326405,0.00379783554014451,0.2978694541289812,9.03316344643548e-05,9.03316344643548e-05,1.0627251113453506
6140,0.007156329180946908,0.0009084240392390262,0.42749366552424756,0.03818047103157328,0.004134319924632542,0.3891124634948275,0.052626703717418025,0.0038034603680389342,0.29831061710109286,9.047899439007153e-05,9.047899439007153e-05,1.0644587575302533
6150,0.007149234806813467,0.0009096300828417112,0.4280612154549228,0.03814707701202279,0.004139996907956126,0.38964676780763535,0.05259362824638211,0.003809083198115039,0.2987516233815717,9.062635431578825e-05,9.062635431578825e-05,1.0661924037151558
6160,0.00714214592250099,0.0009108351931748321,0.42862832619992086,0.03811370330659226,0.004145670437879317,0.39018074709452394,0.05256056452704073,0.0038147040304030754,0.2991924729727902,9.077371424150499e-05,9.077371424150499e-05,1.0679260499000587
6170,0.007135062529712017,0.0009120393699489575,0.42919499762303875,0.03808034991194417,0.0041513405149694906,0.39071440140889324,0.05252751255921591,0.0038203228649332953,0.2996331658771212,9.092107416722173e-05,9.092107416722173e-05,1.0696596960849614
6180,0.007127984630149086,0.0009132426128746558,0.4297612295880733,0.03804701682474103,0.004157007139794026,0.39124773080414366,0.052494472342729706,0.003825939701735949,0.3000737020969372,9.106843409293845e-05,9.106843409293845e-05,1.071393342269864
6190,0.007120912225514735,0.0009144449216624954,0.4303270219588213,0.03801370404164531,0.004162670312920298,0.3917807353336751,0.05246144387740418,0.0038315545408412876,0.30051408163461085,9.121579401865517e-05,9.121579401865517e-05,1.0731269884547667
6200,0.0071138453175115055,0.0009156462960230446,0.43089237459907975,0.0379804115593195,0.004168330034915686,0.3923134150508881,0.052428427163061384,0.0038371673822795637,0.3009543044925148,9.136315394437191e-05,9.136315394437191e-05,1.0748606346396694
6210,0.007106783907841934,0.0009168467356668718,0.4314572873726455,0.037947139374426085,0.004173986306347566,0.3928457700091827,0.05239542219952336,0.003842778226081028,0.3013943706730218,9.151051387008862e-05,9.151051387008862e-05,1.0765942808245719
6220,0.007099727998208558,0.0009180462403045454,0.43202176014331545,0.03791388748362756,0.004179639127783314,0.39337780026195895,0.052362428986612156,0.0038483870722759318,0.30183428017850444,9.165787379580536e-05,9.165787379580536e-05,1.0783279270094748
6230,0.0070926775903139205,0.0009192448096466339,0.43258579277488646,0.03788065588358642,0.0041852884997903095,0.39390950586261736,0.05232944752414984,0.0038539939208945256,0.3022740330113354,9.18052337215221e-05,9.18052337215221e-05,1.0800615731943775
6240,0.007085632685860557,0.0009204424434037055,0.4331493851311555,0.03784744457096514,0.004190934422935927,0.3944408868645578,0.05229647781195845,0.003859598771967061,0.30271362917388717,9.195259364723882e-05,9.195259364723882e-05,1.0817952193792801
6250,0.007078593286551009,0.0009216391412863289,0.4337125370759194,0.0378142535424262,0.004196576897787545,0.3949719433211807,0.052263519849860045,0.0038652016255237903,0.30315306866853253,9.209995357295554e-05,9.209995357295554e-05,1.0835288655641828
6260,0.0070715593940878126,0.0009228349030050722,0.43427524847297505,0.03778108279463211,0.004202215924912541,0.39550267528588623,0.05223057363767668,0.003870802481594964,0.30359235149764424,9.224731349867228e-05,9.224731349867228e-05,1.0852625117490855
6270,0.0070645310101735085,0.000924029728270504,0.43483751918611946,0.03774793232424535,0.0042078515048782905,0.3960330828120744,0.05219763917523038,0.0038764013402108333,0.3040314776635948,9.239467342438902e-05,9.239467342438902e-05,1.0869961579339884
6280,0.007057508136510635,0.0009252236167931924,0.4353993490791493,0.037714802127928396,0.004213483638252172,0.3965631659531456,0.05216471646234323,0.00388199820140165,0.3044704471687569,9.254203335010575e-05,9.254203335010575e-05,1.088729804118891
6290,0.007050490774801731,0.0009264165682837061,0.43596073801586166,0.037681692202343756,0.004219112325601562,0.3970929247624999,0.05213180549883726,0.003887593065197664,0.30490926001550306,9.268939327582246e-05,9.268939327582246e-05,1.0904634503037935
6300,0.007043478926749334,0.0009276085824526134,0.4365216858600533,0.0376486025441539,0.004224737567493838,0.3976223592935377,0.052098906284534535,0.0038931859316291284,0.30534791620620616,9.28367532015392e-05,9.28367532015392e-05,1.0921970964886965
6310,0.007036472594055986,0.0009287996590104828,0.4370821924755212,0.03761553315002132,0.004230359364496375,0.39815146959965886,0.05206601881925709,0.003898776800726293,0.30578641574323867,9.298411312725594e-05,9.298411312725594e-05,1.0939307426735991
6320,0.007029471778424223,0.0009299897976678825,0.43764225772606224,0.03758248401660851,0.0042359777171765535,0.39868025573426386,0.052033143102826994,0.0039043656725194103,0.30622475862897336,9.313147305297266e-05,9.313147305297266e-05,1.0956643888585018
6330,0.007022476481556586,0.0009311789981353809,0.43820188147547334,0.03754945514057796,0.004241592626101747,0.3992087177507526,0.05200027913506629,0.00390995254703873,0.3066629448657827,9.327883297868939e-05,9.327883297868939e-05,1.0973980350434045
6340,0.007015486705155612,0.0009323672601235465,0.43876106358755124,0.03751644651859215,0.004247204091839336,0.39973685570252565,0.05196742691579702,0.003915537424314506,0.3071009744560396,9.342619290440612e-05,9.342619290440612e-05,1.0991316812283072
6350,0.00700850245092384,0.0009335545833429476,0.4393198039260929,0.03748345814731356,0.004252812114956694,0.4002646696429829,0.05193458644484125,0.0039211203043769864,0.3075388474021166,9.357355283012286e-05,9.357355283012286e-05,1.10086532741321
6360,0.00700152372056381,0.0009347409675041528,0.4398781023548954,0.0374504900234047,0.004258416696021201,0.4007921596255247,0.051901757722021026,0.003926701187256424,0.3079765637063862,9.372091275583957e-05,9.372091275583957e-05,1.1025989735981125
6370,0.00699455051577806,0.0009359264123177302,0.4404359587377553,0.03741754214352804,0.004264017835600233,0.4013193257035514,0.05186894074715841,0.003932280072983071,0.30841412337122126,9.38682726815563e-05,9.38682726815563e-05,1.1043326197830152
6380,0.0069875828382691295,0.0009371109174942484,0.4409933729384698,0.037384614504346075,0.004269615534261166,0.4018461679304627,0.051836135520075426,0.003937856961587176,0.3088515263989942,9.401563260727303e-05,9.401563260727303e-05,1.106066265967918
6390,0.006980620689739557,0.0009382944827442759,0.4415503448208356,0.037351707102521295,0.00427520979257138,0.40237268635965934,0.05180334204059415,0.003943431853098993,0.3092887727920779,9.416299253298977e-05,9.416299253298977e-05,1.1077999121528208
6400,0.0069736640718918805,0.0009394771077783806,0.44210687424864964,0.03731881993471618,0.004280800611098249,0.402898881044541,0.05177056030853662,0.003949004747548773,0.3097258625528449,9.431035245870649e-05,9.431035245870649e-05,1.1095335583377233
6410,0.00696671298642864,0.0009406587923071316,0.44266296108570896,0.037285952997593234,0.0042863879904091505,0.4034247520385083,0.0517377903237249,0.003954575644966766,0.3101627956836679,9.445771238442323e-05,9.445771238442323e-05,1.1112672045226262
6420,0.006959767435052375,0.0009418395360410967,0.44321860519581013,0.037253106287814926,0.004291971931071463,0.4039502993949612,0.05170503208598103,0.0039601445453832235,0.3105995721869195,9.460507231013995e-05,9.460507231013995e-05,1.1130008507075289
6430,0.006952827419465622,0.0009430193386908446,0.44377380644275033,0.037220279802043746,0.004297552433652563,0.40447552316730007,0.05167228559512707,0.003965711448828397,0.31103619206497235,9.475243223585668e-05,9.475243223585668e-05,1.1147344968924313
6440,0.006945892941370923,0.0009441981999669437,0.4443285646903264,0.0371874735369422,0.004303129498719827,0.40500042340892484,0.05163955085098506,0.003971276355332539,0.31147265532019913,9.489979216157341e-05,9.489979216157341e-05,1.1164681430773342
6450,0.006938964002470814,0.0009453761195799622,0.4448828798023351,0.03715468748917275,0.004308703126840632,0.40552500017323595,0.051606827853377064,0.003976839264925898,0.3119089619549724,9.504715208729014e-05,9.504715208729014e-05,1.118201789262237
6460,0.006932040604467834,0.0009465530972404684,0.44543675164257335,0.037121921655397905,0.004314273318582357,0.40604925351363363,0.051574116602125124,0.003982400177638728,0.312345111971665,9.519451201300686e-05,9.519451201300686e-05,1.1199354354471394
6470,0.0069251227490645245,0.0009477291326590312,0.44599018007483815,0.03708917603228014,0.004319840074512377,0.4065731834835178,0.0515414170970513,0.003987959093501279,0.3127811053726493,9.53418719387236e-05,9.53418719387236e-05,1.1216690816320423
6480,0.006918210437963422,0.0009489042255462186,0.44654316496292634,0.037056450616481953,0.004325403395198069,0.40709679013628886,0.051508729337977635,0.003993516012543802,0.3132169421602982,9.548923186444032e-05,9.548923186444032e-05,1.123402727816945
6490,0.006911303672867065,0.0009500783756125993,0.4470957061706349,0.03702374540466582,0.0043309632812068115,0.4076200735253469,0.05147605332472618,0.003999070934796549,0.31365262233698427,9.563659179015706e-05,9.563659179015706e-05,1.1251363740018476
6500,0.006904402455477994,0.0009512515825687413,0.4476478035617605,0.036991060393494236,0.004336519733105979,0.40814303370409216,0.05144338905711899,0.0040046238602897705,0.31408814590508005,9.578395171587378e-05,9.578395171587378e-05,1.1268700201867503
6510,0.006897506787498748,0.0009524238461252131,0.44819945700010017,0.036958395579629696,0.0043420727514629515,0.4086656707259248,0.051410736534978116,0.004010174789053718,0.3145235128669583,9.59313116415905e-05,9.59313116415905e-05,1.128603666371653
6520,0.006890616670631866,0.0009535951659925833,0.4487506663494509,0.036925750959734674,0.0043476223368451045,0.4091879846442451,0.051378095758125616,0.0040157237211186445,0.3149587232249917,9.607867156730723e-05,9.607867156730723e-05,1.1303373125565555
6530,0.006883732106579884,0.0009547655418814203,0.4493014314736095,0.036893126530471665,0.004353168489819817,0.4097099755124533,0.05134546672638353,0.004021270656514799,0.31539377698155285,9.622603149302396e-05,9.622603149302396e-05,1.1320709587414584
6540,0.006876853097045343,0.0009559349735022921,0.4498517522363727,0.03686052228850316,0.0043587112109544635,0.4102316433839495,0.05131284943957391,0.004026815595272433,0.31582867413901444,9.63733914187407e-05,9.63733914187407e-05,1.133804604926361
6550,0.006869979643730782,0.0009571034605657673,0.4504016285015375,0.036827938230491644,0.004364250500816421,0.41075298831213375,0.05128024389751882,0.0040323585374217995,0.316263414699749,9.652075134445741e-05,9.652075134445741e-05,1.1355382511112635
6560,0.006863111748338739,0.0009582710027824147,0.450951060132901,0.0367953743530996,0.004369786359973068,0.4112740103504064,0.0512476501000403,0.004037899482993148,0.3166979986661293,9.666811127017415e-05,9.666811127017415e-05,1.1372718972961664
6570,0.0068562494125717546,0.0009594375998628023,0.45150004699425983,0.03676283065298952,0.004375318788991783,0.41179470955216774,0.05121506804696041,0.00404343843201673,0.3171324260405278,9.681547119589089e-05,9.681547119589089e-05,1.139005543481069
6580,0.006849392638132366,0.0009606032515174982,0.4520485889494108,0.03673030712682389,0.0043808477884399386,0.41231508597081773,0.051182497738101185,0.004048975384522797,0.31756669682531746,9.696283112160761e-05,9.696283112160761e-05,1.1407391896659718
6590,0.006842541426723111,0.0009617679574570714,0.4525966858621512,0.036697803771265206,0.0043863733588849155,0.41283513965975677,0.05114993917328469,0.004054510340541601,0.3180008110228707,9.711019104732433e-05,9.711019104732433e-05,1.1424728358508744
6600,0.00683569578004653,0.0009629317173920902,0.45314433759627765,0.03666532058297594,0.00439189550089409,0.41335487067238497,0.05111739235233297,0.004060043300103393,0.31843476863556025,9.725755097304107e-05,9.725755097304107e-05,1.1442064820357771
6610,0.0068288556998051635,0.0009640945310331226,0.453691544015587,0.03663285755861859,0.004397414215034839,0.4138742790621025,0.05108485727506809,0.004065574263238423,0.31886856966575866,9.740491089875781e-05,9.740491089875781e-05,1.14594012822068
6620,0.006822021187701548,0.0009652563980907373,0.45423830498387624,0.03660041469485565,0.004402929501874539,0.41439336488230955,0.05105233394131208,0.004071103229976945,0.31930221411583887,9.755227082447452e-05,9.755227082447452e-05,1.1476737744055825
6630,0.006815192245438223,0.0009664173182755025,0.4547846203649423,0.0365679919883496,0.004408441361980569,0.41491212818640644,0.051019822350887006,0.004076630200349207,0.31973570198817314,9.769963075019125e-05,9.769963075019125e-05,1.1494074205904852
6640,0.006808368874717726,0.0009675772912979869,0.455330490022582,0.036535589435762926,0.004413949795920303,0.41543056902779324,0.05098732250361492,0.004082155174385462,0.3201690332851343,9.784699067590799e-05,9.784699067590799e-05,1.151141066775388
6650,0.006801551077242599,0.0009687363168687587,0.4558759138205922,0.03650320703375812,0.00441945480426112,0.4159486874598701,0.05095483439931787,0.004087678152115961,0.320602208009095,9.79943506016247e-05,9.79943506016247e-05,1.1528747129602905
6660,0.006794738854715378,0.0009698943946983862,0.45642089162276994,0.03647084477899767,0.004424956387570397,0.41646648353603727,0.0509223580378179,0.004093199133570955,0.32103522616242786,9.814171052734144e-05,9.814171052734144e-05,1.1546083591451932
6670,0.006787932208838603,0.0009710515244974379,0.4569654232929119,0.03643850266814406,0.00443045454641551,0.41698395730969506,0.05088989341893707,0.0040987181187806965,0.3214680877475056,9.828907045305818e-05,9.828907045305818e-05,1.1563420053300961
6680,0.006781131141314812,0.0009722077059764822,0.4575095086948151,0.03640618069785978,0.004435949281363837,0.4175011088342435,0.050857440542497426,0.004104235107775436,0.32190079276670086,9.84364303787749e-05,9.84364303787749e-05,1.1580756515149988
6690,0.006774335653846546,0.0009733629388460875,0.4580531476922764,0.03637387886480732,0.004441440592982756,0.41801793816308297,0.050824999408321025,0.004109750100585424,0.3223333412223862,9.858379030449162e-05,9.858379030449162e-05,1.1598092976999013
6700,0.006767545748136341,0.0009745172228168222,0.45859634014909273,0.036341597165649164,0.004446928481839642,0.41853444534961337,0.050792570016229915,0.004115263097240913,0.3227657331169344,9.873115023020836e-05,9.873115023020836e-05,1.1615429438848042
6710,0.006760761425886739,0.0009756705575992548,0.45913908592906105,0.036309335597047805,0.004452412948501874,0.4190506304472351,0.05076015236604615,0.004120774097772154,0.323197968452718,9.88785101559251e-05,9.88785101559251e-05,1.1632765900697069
6720,0.006753982688800276,0.0009768229429039535,0.45968138489597804,0.036277094155665726,0.004457893993536827,0.4195664935093483,0.05072774645759178,0.004126283102209397,0.3236300472321096,9.902587008164181e-05,9.902587008164181e-05,1.1650102362546093
6730,0.006747209538579492,0.0009779743784414869,0.4602232369136408,0.036244872838165416,0.004463371617511879,0.4200820345893533,0.05069535229068885,0.004131790110582894,0.3240619694574819,9.917323000735854e-05,9.917323000735854e-05,1.1667438824395122
6740,0.006740441976926926,0.0009791248639224228,0.460764641845846,0.036212671641209365,0.004468845820994407,0.4205972537406501,0.05066296986515942,0.004137295122922897,0.3244937351312076,9.932058993307528e-05,9.932058993307528e-05,1.168477528624415
6750,0.006733680005545117,0.0009802743990573305,0.4613055995563907,0.03618049056146006,0.00447431660455179,0.421112151016639,0.05063059918082554,0.004142798139259657,0.32492534425565944,9.9467949858792e-05,9.9467949858792e-05,1.1702111748093176
6760,0.006726923626136604,0.000981422983556778,0.4618461099090719,0.036148329595579995,0.004479783968751401,0.4216267264707201,0.05059824023750926,0.004148299159623425,0.32535679683320984,9.961530978450873e-05,9.961530978450873e-05,1.1719448209942203
6770,0.0067201728404039235,0.0009825706171313333,0.4623861727676862,0.03611618874023164,0.004485247914160622,0.4221409801562938,0.05056589303503263,0.004153798184044452,0.3257880928662315,9.976266971022547e-05,9.976266971022547e-05,1.173678467179123
6780,0.0067134276500496175,0.0009837172994915653,0.4629257879960307,0.0360840679920775,0.004490708441346825,0.42265491212676,0.050533557573217695,0.0041592952125529895,0.32621923235709727,9.991002963594219e-05,9.991002963594219e-05,1.1754121133640256
6790,0.006706688056776224,0.0009848630303480425,0.46346495545790223,0.03605196734778006,0.0044961655508773905,0.4231685224355191,0.050501233851886526,0.00416479024517929,0.3266502153081796,0.00010005738956165891,0.00010005738956165891,1.1771457595489283
6800,0.00669995406228628,0.0009860078094113328,0.46400367501709766,0.0360198868040018,0.004501619243319694,0.42368181113597125,0.050468921870861154,0.004170283281953603,0.32708104172185126,0.00010020474948737565,0.00010020474948737565,1.178879405733831
6810,0.006693225668282328,0.000987151636392005,0.4645419465374141,0.03598782635740521,0.004507069519241114,0.42419477828151664,0.05043662162996364,0.00417577432290618,0.3275117116004847,0.00010035210941309237,0.00010035210941309237,1.1806130519187337
6820,0.006686502876466903,0.0009882945110006268,0.4650797698826478,0.03595578600465278,0.004512516379209026,0.4247074239255554,0.05040433312901603,0.004181263368067273,0.3279422249464528,0.0001004994693388091,0.0001004994693388091,1.1823466981036364
6830,0.006679785688542546,0.0009894364329477675,0.46561714491659634,0.03592376574240701,0.004517959823790808,0.4252197481214879,0.05037205636784039,0.004186750417467133,0.3283725817621281,0.00010064682926452583,0.00010064682926452583,1.184080344288539
6840,0.006673074106211795,0.0009905774019439953,0.46615407150305654,0.03589176556733037,0.004523399853553838,0.4257317509227141,0.05033979134625875,0.004192235471136011,0.3288027820498832,0.00010079418919024257,0.00010079418919024257,1.185813990473442
6850,0.0066663681311771895,0.0009917174176998782,0.466690549505825,0.03585978547608535,0.004528836469065491,0.4262434323826344,0.050307538064093174,0.004197718529104159,0.3292328258120909,0.00010094154911595928,0.00010094154911595928,1.1875476366583444
6860,0.006659667765141268,0.0009928564799259847,0.4672265787886986,0.035827825465334445,0.004534269670893144,0.4267547925546488,0.05027529652116571,0.004203199591401827,0.3296627130511237,0.00010108890904167602,0.00010108890904167602,1.189281282843247
6870,0.006652973009806569,0.0009939945883328835,0.4677621592154745,0.035795885531740144,0.004539699459604175,0.4272658314921577,0.05024306671729842,0.004208678658059269,0.3300924437693544,0.00010123626896739276,0.00010123626896739276,1.19101492902815
6880,0.006646283866875633,0.000995131742631143,0.46829729064994957,0.03576396567196493,0.004545125835765962,0.4277765492485611,0.05021084865231333,0.004214155729106732,0.3305220179691555,0.00010138362889310948,0.00010138362889310948,1.1927485752130527
6890,0.006639600338050998,0.0009962679425313309,0.46883197295592033,0.03573206588267129,0.00455054879994588,0.4282869458772593,0.050178642326032516,0.0042196308045744715,0.33095143565289975,0.0001015309888188262,0.0001015309888188262,1.1944822213979553
6900,0.006632922425035201,0.0009974031877440163,0.4693662059971841,0.035700186160521716,0.004555968352711309,0.4287970214316526,0.05014644773827802,0.004225103884492735,0.3313806968229596,0.00010167834874454294,0.00010167834874454294,1.196215867582858
6910,0.006626250129530782,0.0009985374779797676,0.4698999896375376,0.035668326502178695,0.004561384494629622,0.4293067759651409,0.0501142648888719,0.004230574968891777,0.331809801481708,0.00010182570867025966,0.00010182570867025966,1.1979495137677607
6920,0.0066195834532402804,0.0009996708129491527,0.4704333237407776,0.03563648690430471,0.0045667972262681995,0.4298162095311246,0.050082093777636186,0.004236044057801846,0.33223874963151734,0.00010197306859597639,0.00010197306859597639,1.1996831599526634
6930,0.006612922397866236,0.0010008031923627403,0.47096620817070123,0.035604667363562256,0.0045722065481944175,0.43032532218300396,0.050049934404392954,0.0042415111512531965,0.3326675412747605,0.00010212042852169312,0.00010212042852169312,1.201416806137566
6940,0.006606266965111186,0.0010019346159310988,0.47149864279110526,0.03557286787661381,0.004577612460975652,0.430834113974179,0.05001778676896425,0.004246976249276077,0.33309617641380995,0.00010226778844740986,0.00010226778844740986,1.203150452322469
6950,0.006599617156677669,0.0010030650833647964,0.47203062746578645,0.03554108844012187,0.004583014965179282,0.43134258495805006,0.04998565087117211,0.00425243935190074,0.3335246550510384,0.00010241514837312657,0.00010241514837312657,1.2048840985073714
6960,0.006592972974268226,0.001004194594374402,0.47256216205854207,0.035509329050748925,0.004588414061372684,0.43185073518801725,0.04995352671083861,0.004257900459157436,0.33395297718881856,0.00010256250829884331,0.00010256250829884331,1.2066177446922741
6970,0.0065863344195853935,0.0010053231486704835,0.47309324643316863,0.03547758970515746,0.0045938097501232325,0.43235856471748063,0.04992141428778577,0.0042633595710764175,0.3343811428295229,0.00010270986822456005,0.00010270986822456005,1.208351390877177
6980,0.006579701494331711,0.0010064507459636093,0.47362388045346315,0.03544587040000995,0.004599202031998308,0.43286607359984075,0.04988931360183567,0.004268816687687934,0.3348091519755243,0.00010285722815027677,0.00010285722815027677,1.2100850370620795
6990,0.0065730742002097185,0.001007577385964348,0.4741540639832226,0.03541417113196891,0.0046045909075652855,0.4333732618884974,0.04985722465281035,0.0042742718090222395,0.33523700462919526,0.00010300458807599349,0.00010300458807599349,1.2118186832469822
7000,0.006566452538921954,0.0010087030683832683,0.47468379688624385,0.03538249189769681,0.004609976377391543,0.43388012963685113,0.04982514744053186,0.004279724935109582,0.33566470079290844,0.00010315194800171023,0.00010315194800171023,1.213552329431885
7010,0.006559836512170956,0.001009827792930938,0.47521307902632365,0.03535083269385613,0.004615358442044458,0.43438667689830196,0.04979308196482225,0.004285176065980215,0.3360922404690365,0.00010329930792742697,0.00010329930792742697,1.2152859756167878
7020,0.006553226121659263,0.0010109515593179255,0.4757419102672589,0.035319193517109375,0.004620737102091406,0.43489290372625,0.04976102822550359,0.004290625201664389,0.3365196236599521,0.00010344666785314368,0.00010344666785314368,1.2170196218016902
7030,0.006546621369089416,0.0010120743672547997,0.4762702904728468,0.03528757436411903,0.004626112358099766,0.4353988101740956,0.0497289862223979,0.004296072342192357,0.336946850368028,0.00010359402777886041,0.00010359402777886041,1.2187532679865931
7040,0.006540022256163952,0.0010131962164521284,0.47679821950688395,0.03525597523154757,0.004631484210636913,0.43590439629523886,0.04969695595532725,0.004301517487594366,0.3373739205956366,0.00010374138770457714,0.00010374138770457714,1.2204869141714956
7050,0.00653342878458541,0.0010143171066204805,0.47732569723316726,0.035224396116057495,0.004636852660270226,0.43640966214308,0.04966493742411369,0.004306960637900672,0.33780083434515074,0.00010388874763029387,0.00010388874763029387,1.2222205603563985
7060,0.0065268409560563295,0.0010154370374704244,0.47785272351549385,0.03519283701431129,0.00464221770756708,0.4369146077710193,0.04963293062857927,0.004312401793141523,0.338227591618943,0.0001040361075560106,0.0001040361075560106,1.2239542065413012
7070,0.006520258720426507,0.0010165560175274943,0.4783793023658796,0.035161297933653114,0.004647579351278971,0.4374192330615502,0.04960093569203168,0.004317840932354612,0.33865419077291076,0.00010418346748172733,0.00010418346748172733,1.2256878527262038
7080,0.006513681190221931,0.001017674197662272,0.4789055047822456,0.035129779053707254,0.004652937560869767,0.43792353514068394,0.04956895472994452,0.004323277695909429,0.33908060360073955,0.00010433082740744406,0.00010433082740744406,1.2274214989111065
7090,0.006507108044822241,0.0010187916323802196,0.47943135641422086,0.03509828043684305,0.004658292325736682,0.43842751301051125,0.04953698850346038,0.0043287119544117335,0.3395068199538615,0.0001044781873331608,0.0001044781873331608,1.2291551450960092
7100,0.0065005392843878506,0.001019908321654066,0.4799568572489721,0.03506680207928491,0.004663643646521565,0.43893116673144134,0.049505037009210766,0.004334143708434167,0.33993283987718953,0.00010462554725887752,0.00010462554725887752,1.2308887912809119
7110,0.00649397490907918,0.00102102426545654,0.4804820072736658,0.03503534397725726,0.004668991523866267,0.43943449636388393,0.04947310024382721,0.0043395729585493726,0.34035866341563703,0.00010477290718459426,0.00010477290718459426,1.2326224374658148
7120,0.006487414919056645,0.0010221394637603709,0.48100680647546856,0.03500390612698449,0.004674335958412638,0.4399375019682483,0.04944117820394121,0.004344999705329992,0.340784290614117,0.00010492026711031098,0.00010492026711031098,1.2343560836507173
7130,0.006480859314480666,0.0010232539165382873,0.48153125484154696,0.034972488524691016,0.004679676950802528,0.4404401836049438,0.049409270886184305,0.0043504239493486665,0.34120972151754253,0.0001050676270360277,0.0001050676270360277,1.23608972983562
7140,0.006474308095511658,0.0010243676237630187,0.48205535235906755,0.03494109116660126,0.004685014501677786,0.44094254133437977,0.04937737828718799,0.00435584569117804,0.3416349561708267,0.00010521498696174444,0.00010521498696174444,1.2378233760205228
7150,0.006467761262310041,0.0010254805854072937,0.4825790990151969,0.03490971404893963,0.004690348611680263,0.4414445752169659,0.0493455004035838,0.004361264931390752,0.34205999461888253,0.00010536234688746116,0.00010536234688746116,1.2395570222054253
7160,0.00646121881503623,0.0010265928014438414,0.4831024947971018,0.034878357167930536,0.004695679281451809,0.4419462853131114,0.049313637232003237,0.004366681670559447,0.34248483690662335,0.0001055097068131779,0.0001055097068131779,1.2412906683903282
7170,0.006454680753850644,0.001027704271845391,0.4836255396919486,0.034847020519798384,0.004701006511634275,0.4424476716832258,0.04928178876907783,0.0043720959092567666,0.3429094830789621,0.00010565706673889462,0.00010565706673889462,1.2430243145752309
7180,0.006448147078913701,0.0010288149965846714,0.48414823368690413,0.0348157041007676,0.004706330302869509,0.4429487343877185,0.04924995501143909,0.0043775076480553525,0.34333393318081196,0.00010580442666461135,0.00010580442666461135,1.2447579607601333
7190,0.006441617790385818,0.0010299249756344114,0.48467057676913466,0.03478440790706258,0.004711650655799362,0.44344947348699876,0.049218135955718535,0.004382916887527847,0.34375818725708607,0.00010595178659032809,0.00010595178659032809,1.2464916069450362
7200,0.006435092888427413,0.0010310342089673403,0.48519256892580714,0.03475313193490774,0.004716967571065684,0.44394988904147614,0.049186331598547677,0.004388323628246892,0.3441822453526975,0.00010609914651604481,0.00010609914651604481,1.248225253129939
7210,0.006428572373198904,0.0010321426965561869,0.4857142101440879,0.0347218761805275,0.004722281049310325,0.4444499811115599,0.04915454193655804,0.00439372787078513,0.3446061075125592,0.00010624650644176155,0.00010624650644176155,1.2499588993148416
7220,0.006422056244860707,0.0010332504383736803,0.4862355004111436,0.034690640640146264,0.004727591091175136,0.44494974975765983,0.04912276696638115,0.004399129615715203,0.34502977378158456,0.00010639386636747827,0.00010639386636747827,1.2516925454997443
7230,0.006415544503573242,0.0010343574343925493,0.4867564397141408,0.034659425309988445,0.004732897697301965,0.44544919504018493,0.0490910066846485,0.004404528863609753,0.3454532442046865,0.00010654122629319499,0.00010654122629319499,1.253426191684647
7240,0.006409037149496925,0.0010354636845855234,0.48727702804024625,0.034628230186278454,0.004738200868332664,0.44594831701954485,0.04905926108799163,0.004409925615041422,0.34587651882677817,0.00010668858621891173,0.00010668858621891173,1.2551598378695497
7250,0.006402534182792173,0.001036569188925331,0.4877972653766263,0.0345970552652407,0.0047435006049090815,0.44644711575614887,0.04902753017304203,0.004415319870582852,0.3462995976927727,0.00010683594614462845,0.00010683594614462845,1.2568934840544523
7260,0.006396035603619406,0.0010376739473847015,0.48831715171044765,0.0345659005430996,0.004748796907673069,0.4469455913104065,0.04899581393643125,0.0044207116308066854,0.34672248084758317,0.00010698330607034519,0.00010698330607034519,1.258627130239355
7270,0.00638954141213904,0.0010387779599363637,0.48883668702887695,0.03453476601607956,0.0047540897772664755,0.44744374374272705,0.048964112374790786,0.0044261008962855645,0.34714516833612274,0.00010713066599606191,0.00010713066599606191,1.2603607764242577
7280,0.006383051608511493,0.0010398812265530466,0.4893558713190806,0.034503651680405,0.004759379214331151,0.44794157311352006,0.04893242548475216,0.004431487667592131,0.34756766020330443,0.00010727802592177864,0.00010727802592177864,1.2620944226091604
7290,0.006376566192897183,0.0010409837472074794,0.48987470456822546,0.03447255753230032,0.004764665219508946,0.4484390794831949,0.048900753262946885,0.004436871945299028,0.3479899564940414,0.00010742538584749538,0.00010742538584749538,1.263828068794063
7300,0.006370085165456526,0.0010420855218723909,0.49039318676347793,0.03444148356798994,0.00476994779344171,0.4489362629121609,0.048869095706006484,0.004442253729978896,0.3484120572532468,0.0001075727457732121,0.0001075727457732121,1.2655617149789657
7310,0.0063636085263499426,0.0010431865505205102,0.4909113178920047,0.03441042978369827,0.004775226936771294,0.4494331234608276,0.04883745281056247,0.004447633022204378,0.3488339625258336,0.00010772010569892884,0.00010772010569892884,1.2672953611638686
7320,0.006357136275737848,0.0010442868331245665,0.49142909794097234,0.034379396175649723,0.004780502650139547,0.4499296611896044,0.04880582457324636,0.004453009822548116,0.349255672356715,0.00010786746562464556,0.00010786746562464556,1.269029007348771
7330,0.00635066841378066,0.0010453863696572882,0.4919465268975473,0.03434838274006871,0.00478577493418832,0.4504258761589007,0.048774210990689675,0.0044583841315827535,0.3496771867908042,0.00010801482555036228,0.00010801482555036228,1.2707626535336738
7340,0.006344204940638798,0.001046485160091405,0.4924636047488964,0.03431738947317964,0.004791043789559462,0.45092176842912585,0.048742612059523925,0.00446375594988093,0.3500985058730141,0.00010816218547607902,0.00010816218547607902,1.2724962997185767
7350,0.006337745856472678,0.0010475832043996454,0.49298033148218595,0.03428641637120692,0.0047963092168948245,0.45141733806068934,0.04871102777638064,0.00446912527801529,0.350519629648258,0.00010830954540179574,0.00010830954540179574,1.2742299459034792
7360,0.006331291161442718,0.0010486805025547385,0.4934967070845827,0.03425546343037497,0.004801571216836256,0.4519125851140005,0.04867945813789132,0.004474492116558473,0.35094055816144887,0.00010845690532751248,0.00010845690532751248,1.275963592088382
7370,0.006324840855709335,0.0010497770545294135,0.4940127315432533,0.034224530646908204,0.004806829790025606,0.45240750964946874,0.048647903140687496,0.004479856466083124,0.3513612914575,0.0001086042652532292,0.0001086042652532292,1.2776972382732847
7380,0.006318394939432949,0.0010508728602963992,0.49452840484536426,0.034193618017031024,0.004812084937104727,0.4529021117275037,0.04861636278140068,0.0044852183271618835,0.35178182958132426,0.00010875162517894593,0.00010875162517894593,1.2794308844581872
7390,0.006311953412773974,0.0010519679198284248,0.49504372697808213,0.03416272553696784,0.004817336658715467,0.4533963914085145,0.048584837056662375,0.004490577700367393,0.3522021725778348,0.00010889898510466266,0.00010889898510466266,1.28116453064309
7400,0.006305516275892831,0.0010530622330982191,0.49555869792857365,0.034131853202943076,0.004822584955499677,0.4538903487529108,0.04855332596310412,0.004495934586272297,0.3526223204919449,0.00010904634503037939,0.00010904634503037939,1.2828981768279928
7410,0.006299083528949936,0.0010541558000785112,0.4960733176840052,0.03410100101118114,0.004827829828099207,0.4543839838211018,0.04852182949735742,0.004501288985449236,0.3530422733685676,0.00010919370495609613,0.00010919370495609613,1.2846318230128955
7420,0.006292655172105708,0.0010552486207420302,0.4965875862315435,0.03407016895790644,0.004833071277155906,0.454877296673497,0.048490347656053805,0.004506640898470852,0.3534620312526159,0.00010934106488181285,0.00010934106488181285,1.2863654691977982
7430,0.006286231205520562,0.001056340695061505,0.49710150355835514,0.03403935703934338,0.004838309303311626,0.4553702873705059,0.04845888043582477,0.004511990325909787,0.3538815941890029,0.00010948842480752957,0.00010948842480752957,1.2880991153827008
7440,0.006279811629354918,0.0010574320230096646,0.49761506965160673,0.03400856525171639,0.0048435439072082144,0.45586295597253784,0.048427427833301846,0.0045173372683386835,0.35430096222264185,0.00010963578473324631,0.00010963578473324631,1.2898327615676035
7450,0.006273396443769192,0.0010585226045592378,0.49812828449846475,0.03397779359124986,0.004848775089487524,0.45635530254000223,0.048395989845116553,0.004522681726330184,0.3547201353984458,0.00010978314465896303,0.00010978314465896303,1.2915664077525062
7460,0.006266985648923804,0.0010596124396829538,0.49864114808609583,0.03394704205416822,0.004854002850791402,0.4568473271333084,0.0483645664679004,0.00452802370045693,0.3551391137613279,0.00010993050458467976,0.00010993050458467976,1.2933000539374089
7470,0.006260579244979169,0.0010607015283535417,0.4991536604016666,0.033916310636695875,0.004859227191761702,0.45733902981286606,0.048333157698284904,0.0045333631912915645,0.35555789735620114,0.0001100778645103965,0.0001100778645103965,1.2950337001223116
7480,0.006254177232095706,0.0010617898705437305,0.4996658214323436,0.033885599335057234,0.00486444811304027,0.45783041063908425,0.04830176353290159,0.004538700199406728,0.3559764862279787,0.00011022522443611322,0.00011022522443611322,1.2967673463072142
7490,0.006247779610433833,0.0010628774662262488,0.5001776311652935,0.03385490814547672,0.0048696656152689595,0.45832146967237264,0.048270383968381965,0.0045440347253750644,0.3563948804215737,0.00011037258436182995,0.00011037258436182995,1.298500992492117
7500,0.006241386380153966,0.0010639643153738262,0.5006890895876829,0.033824237064178725,0.004874879699089618,0.4588122069731405,0.04823901900135755,0.0045493667697692145,0.35681307998189915,0.00011051994428754668,0.00011051994428754668,1.3002346386770196
7510,0.006234997541416525,0.0010650504179591912,0.5012001966866781,0.03379358608738767,0.0048800903651440965,0.45930262260179733,0.04820766862845986,0.0045546963331618215,0.35723108495386835,0.0001106673042132634,0.0001106673042132634,1.3019682848619223
7520,0.006228613094381926,0.0010661357739550732,0.5017109524494461,0.033762955211327966,0.004885297614074246,0.4597927166187525,0.04817633284632042,0.004560023416125526,0.35764889538239425,0.00011081466413898014,0.00011081466413898014,1.303701931046825
7530,0.006222233039210586,0.0010672203833342008,0.5022213568631532,0.03373234443222403,0.004890501446521915,0.4602824890844155,0.048145011651570736,0.004565348019232972,0.35806651131239,0.00011096202406469686,0.00011096202406469686,1.3054355772317277
7540,0.006215857376062925,0.0010683042460693033,0.5027314099149662,0.03370175374630027,0.004895701863128954,0.46077194005919564,0.048113705040842336,0.0045706701430568005,0.35848393278876867,0.0001111093839904136,0.0001111093839904136,1.3071692234166306
7550,0.006209486105099358,0.0010693873621331097,0.5032411115920515,0.0336711831497811,0.004900898864537214,0.4612610696035025,0.048082413010766725,0.0045759897881696545,0.3589011598564435,0.00011125674391613032,0.00011125674391613032,1.308902869601533
7560,0.006203119226480305,0.0010704697314983488,0.5037504618815758,0.03364063263889092,0.004906092451388544,0.46174987777774523,0.04805113555797543,0.004581306955144175,0.35931819256032743,0.00011140410384184705,0.00011140410384184705,1.3106365157864357
7570,0.006196756740366182,0.0010715513541377495,0.5042594607707056,0.03361010220985416,0.004911282624324794,0.4622383646423335,0.04801987267909996,0.004586621644553004,0.3597350309453336,0.00011155146376756378,0.00011155146376756378,1.3123701619713386
7580,0.0061903986469174065,0.0010726322300240413,0.5047681082466076,0.03357959185889521,0.004916469383987814,0.4627265302576766,0.047988624370771844,0.004591933856968784,0.36015167505637524,0.00011169882369328051,0.00011169882369328051,1.314103808156241
7590,0.0061840449462943975,0.0010737123591299529,0.5052764042964483,0.033549101582238505,0.004921652731019455,0.46321437468418397,0.047957390629622586,0.004597243592964159,0.3605681249383654,0.00011184618361899724,0.00011184618361899724,1.315837454341144
7600,0.0061776956386575725,0.0010747917414282132,0.5057843489073943,0.033518631376108436,0.004926832666061566,0.463701897982265,0.04792617145228371,0.004602550853111767,0.3609843806362171,0.00011199354354471397,0.00011199354354471397,1.3175711005260466
7610,0.0061713507241673475,0.0010758703768915514,0.5062919420666123,0.03348818123672943,0.004932009189755998,0.4641891002123292,0.04789496683538673,0.004607855637984254,0.36140044219484346,0.00011214090347043069,0.00011214090347043069,1.3193047467109493
7620,0.006165010202984142,0.0010769482654926963,0.5067991837612688,0.033457751160325885,0.004937182302744599,0.46467598143478583,0.04786377677556316,0.0046131579481542605,0.3618163096591577,0.00011228826339614743,0.00011228826339614743,1.321038392895852
7630,0.0061586740752683725,0.001078025407204377,0.5073060739785302,0.03342734114312223,0.004942352005669223,0.46516254171004445,0.047832601269444525,0.004618457784194429,0.36223198307407295,0.00011243562332186415,0.00011243562332186415,1.3227720390807547
7640,0.006152342341180458,0.0010791018019993227,0.5078126127055635,0.03339695118134286,0.004947518299171715,0.4656487810985143,0.04780144031366233,0.004623755146677401,0.3626474624845021,0.00011258298324758089,0.00011258298324758089,1.3245056852656574
7650,0.006146015000880814,0.0010801774498502622,0.508318799929535,0.03336658127121219,0.004952681183893928,0.46613469966060495,0.04777029390484811,0.004629050036175819,0.36306274793535837,0.00011273034317329761,0.00011273034317329761,1.32623933145056
7660,0.00613969205452986,0.0010812523507299243,0.5088246356376114,0.033336231408954635,0.004957840660477713,0.4666202974567259,0.04773916203963337,0.004634342453262326,0.36347783947155493,0.00011287770309901434,0.00011287770309901434,1.3279729776354627
7670,0.0061333735022880125,0.0010823265046110383,0.5093301198169591,0.03330590159079461,0.004962996729564918,0.46710557454728635,0.04770804471464962,0.0046396323985095625,0.3638927371380049,0.00011302506302473107,0.00011302506302473107,1.3297066238203654
7680,0.0061270593443156895,0.0010833999114663333,0.5098352524547449,0.033275591812956515,0.004968149391797393,0.4675905309926958,0.04767694192652839,0.004644919872490171,0.3643074409796213,0.0001131724229504478,0.0001131724229504478,1.331440270005268
7690,0.00612074958077331,0.0010844725712685379,0.5103400335381354,0.033245302071664776,0.0049732986478169885,0.46807516685336364,0.047645853671901196,0.004650204875776795,0.3647219510413172,0.00011331978287616452,0.00011331978287616452,1.3331739161901708
7700,0.006114444211821289,0.0010855444839903815,0.5108444630542971,0.03321503236314379,0.004978444498265556,0.46855948218969934,0.04761477994739955,0.0046554874089420745,0.36513626736800586,0.00011346714280188126,0.00011346714280188126,1.3349075623750735
7710,0.006108143237620045,0.0010866156496045928,0.5113485409903965,0.033184782683617985,0.004983586943784943,0.4690434770621123,0.047583720749654966,0.004660767472558653,0.36555039000460027,0.00011361450272759798,0.00011361450272759798,1.3366412085599761
7720,0.0061018466583299975,0.001087686068083901,0.5118522673336003,0.03315455302931176,0.004988725985017001,0.4695271515310119,0.04755267607529897,0.004666045067199173,0.36596431899601356,0.00011376186265331472,0.00011376186265331472,1.338374854744879
7730,0.006095554474111562,0.001088755739401035,0.5123556420710752,0.03312434339644953,0.00499386162260358,0.4700105056568075,0.04752164592096307,0.004671320193436276,0.3663780543871589,0.00011390922257903144,0.00011390922257903144,1.3401085009297815
7740,0.006089266685125157,0.0010898246635287238,0.5128586651899876,0.03309415378125571,0.00499899385718653,0.4704935394999087,0.04749063028327879,0.004676592851842604,0.3667915962229493,0.00011405658250474818,0.00011405658250474818,1.3418421471146844
7750,0.0060829832915312,0.0010908928404396963,0.513361336677504,0.0330639841799547,0.005004122689407701,0.4709762531207248,0.04745962915887764,0.004681863042990799,0.367204944548298,0.0001142039424304649,0.0001142039424304649,1.343575793299587
7760,0.006076704293490109,0.001091960270106682,0.5138636565207914,0.033033834588770926,0.005009248119908943,0.47145864657966524,0.04742864254439115,0.004687130767453503,0.3676180994081179,0.00011435130235618163,0.00011435130235618163,1.3453094394844896
7770,0.0060704296911623015,0.0010930269525024092,0.514365624707016,0.033003705003928796,0.0050143701493321055,0.4719407199371393,0.04739767043645082,0.004692396025803358,0.36803106084732223,0.00011449866228189836,0.00011449866228189836,1.3470430856693925
7780,0.006064159484708195,0.0010940928875996074,0.5148672412233446,0.032973595421652714,0.005019488778319039,0.47242247325355663,0.047366712831688175,0.004697658818613008,0.3684438289108241,0.00011464602220761509,0.00011464602220761509,1.3487767318542951
7790,0.006057893674288207,0.0010951580753710054,0.5153685060569436,0.032943505838167096,0.005024604007511594,0.47290390658932646,0.047335769726734735,0.004702919146455093,0.3688564036435367,0.00011479338213333181,0.00011479338213333181,1.3505103780391976
7800,0.0060516322600627556,0.0010962225157893322,0.5158694191949798,0.03291343624969636,0.00502971583755162,0.4733850200048583,0.047304841118222016,0.004708177009902255,0.369268785090373,0.00011494074205904855,0.00011494074205904855,1.3522440242241005
7810,0.006045375242192257,0.0010972862088273168,0.5163699806246196,0.03288338665246491,0.005034824269080966,0.4738658135605615,0.04727392700278153,0.004713432409527138,0.3696809732962461,0.00011508810198476527,0.00011508810198476527,1.3539776704090032
7820,0.006039122620837131,0.0010983491544576884,0.5168701903330297,0.03285335704269716,0.005039929302741484,0.47434628731684547,0.0472430273770448,0.0047186853459023825,0.3700929683060692,0.00011523546191048201,0.00011523546191048201,1.3557113165939059
7830,0.006032874396157794,0.0010994113526531755,0.5173700483073767,0.032823347416617514,0.005045030939175023,0.4748264413341198,0.047212142237643334,0.004723935819600632,0.3705047701647554,0.00011538282183619873,0.00011538282183619873,1.3574449627788086
7840,0.006026630568314663,0.0011004728033865078,0.5178695545348272,0.03279335777045039,0.005050129179023434,0.4753062756727937,0.047181271581208654,0.004729183831194527,0.3709163789172178,0.00011553018176191547,0.00011553018176191547,1.3591786089637112
7850,0.0060203911374681575,0.0011015335066304139,0.5183687090025476,0.03276338810042021,0.005055224022928565,0.47578579039327673,0.04715041540437228,0.00473442938125671,0.37132779460836945,0.00011567754168763219,0.00011567754168763219,1.360912255148614
7860,0.006014156103778694,0.0011025934623576227,0.5188675116977046,0.03273343840275137,0.005060315471532267,0.47626498555597807,0.047119573703765724,0.004739672470359824,0.37173901728312353,0.00011582490161334892,0.00011582490161334892,1.3626459013335166
7870,0.006007925467406689,0.0011036526705408634,0.519365962607465,0.03270350867366829,0.005065403525476391,0.4767438612213074,0.04708874647602051,0.004744913099076511,0.37215004698639303,0.00011597226153906565,0.00011597226153906565,1.3643795475184193
7880,0.006001699228512562,0.0011047111311528648,0.5198640617189951,0.03267359890939538,0.005070488185402787,0.47722241744967403,0.04705793371776815,0.004750151267979412,0.3725608837630912,0.00011611962146478238,0.00011611962146478238,1.366113193703322
7890,0.005995477387256731,0.0011057688441663562,0.5203618090194616,0.03264370910615704,0.005075569451953303,0.4777006543014873,0.04702713542564016,0.004755386977641171,0.3729715276581311,0.0001162669813904991,0.0001162669813904991,1.3678468398882246
7900,0.005989259943799612,0.0011068258095540664,0.5208592044960312,0.032613839260177704,0.005080647325769791,0.47817857183715673,0.046996351596268054,0.004760620228634428,0.37338197871642576,0.00011641434131621584,0.00011641434131621584,1.3695804860731273
7910,0.005983046898301623,0.0011078820272887246,0.5213562481358703,0.03258398936768176,0.005085721807494101,0.47865617011709183,0.04696558222628336,0.0047658510215318264,0.3737922369828883,0.00011656170124193256,0.00011656170124193256,1.37131413225803
7920,0.005976838250923182,0.0011089374973430595,0.5218529399261455,0.03255415942489364,0.0050907928977680815,0.47913344920170176,0.04693482731231759,0.004771079356906008,0.374202302502432,0.0001167090611676493,0.0001167090611676493,1.373047778442933
7930,0.005970634001824707,0.0011099922196898004,0.5223492798540236,0.032524349428037745,0.0050958605972335844,0.47961040915139613,0.04690408685100225,0.004776305235329615,0.3746121753199698,0.00011685642109336602,0.00011685642109336602,1.3747814246278354
7940,0.005964434151166615,0.001111046194301676,0.522845267906671,0.032494559373338484,0.005100924906532458,0.4800870500265843,0.04687336083896887,0.00478152865737529,0.3750218554804149,0.00011700378101908275,0.00011700378101908275,1.376515070812738
7950,0.005958238699109324,0.0011120994211514155,0.5233409040712542,0.03246478925702028,0.005105985826306553,0.48056337188767556,0.046842649272848966,0.004786749623615674,0.3754313430286803,0.00011715114094479948,0.00011715114094479948,1.378248716997641
7960,0.005952047645813251,0.0011131519002117478,0.5238361883349401,0.03243503907530753,0.00511104335719772,0.4810393747950796,0.04681195214927405,0.004791968134623409,0.37584063800967915,0.0001172985008705162,0.0001172985008705162,1.3799823631825434
7970,0.005945860991438815,0.001114203631455402,0.5243311206848951,0.032405308824424654,0.005116097499847809,0.48151505880920553,0.04678126946487564,0.004797184190971139,0.37624974046832466,0.00011744586079623294,0.00011744586079623294,1.3817160093674463
7980,0.005939678736146432,0.0011152546148551071,0.5248257011082856,0.03237559850059607,0.005121148254898669,0.48199042399046294,0.046750601216285256,0.004802397793231505,0.3766586504495298,0.00011759322072194967,0.00011759322072194967,1.383449655552349
7990,0.00593350088009652,0.001116304850383592,0.5253199295922785,0.03234590810004617,0.005126195622992151,0.4824654703992613,0.04671994740013441,0.004807608941977149,0.3770673679982077,0.00011774058064766639,0.00011774058064766639,1.3851833017372515
8000,0.005927327423449498,0.0011173543380135857,0.5258138061240403,0.032316237618999384,0.005131239604770105,0.4829401980960098,0.04668930801305462,0.004812817637780712,0.37747589315927155,0.00011788794057338313,0.00011788794057338313,1.3869169479221544
8010,0.0059211583663657825,0.0011184030777178174,0.5263073306907375,0.03228658705368012,0.0051362802008743805,0.48341460714111817,0.04665868305167741,0.004818023881214838,0.3778842259776344,0.00011803530049909985,0.00011803530049909985,1.388650594107057
8020,0.005914993709005792,0.0011194510694690159,0.5268005032795368,0.032256956400312786,0.005141317411946828,0.48388869759499553,0.04662807251263429,0.004823227672852169,0.3782923664982094,0.00011818266042481659,0.00011818266042481659,1.3903842402919597
8030,0.005908833451529942,0.0011204983132399103,0.5272933238776047,0.03222734565512179,0.005146351238629296,0.4843624695180514,0.04659747639255678,0.004828429013265346,0.3787003147659095,0.00011833002035053331,0.00011833002035053331,1.3921178864768624
8040,0.0059026775940986525,0.0011215448090032296,0.5277857924721079,0.03219775481433155,0.005151381681563637,0.4848359229706952,0.04656689468807639,0.004833627903027012,0.37910807082564796,0.00011847738027625003,0.00011847738027625003,1.393851532661765
8050,0.005896526136872341,0.0011225905567317025,0.5282779090502129,0.03216818387416647,0.0051564087413917,0.4853090580133364,0.046536327395824646,0.004838824342709808,0.3795156347223379,0.00011862474020196677,0.00011862474020196677,1.3955851788466678
8060,0.005890379080011423,0.0011236355563980587,0.5287696735990863,0.03213863283085097,0.005161432418755335,0.4857818747063844,0.04650577451243306,0.004844018332886378,0.37992300650089234,0.0001187721001276835,0.0001187721001276835,1.3973188250315705
8070,0.005884236423676318,0.0011246798079750265,0.5292610861058947,0.032109101680609466,0.005166452714296391,0.4862543731102486,0.04647523603453315,0.004849209874129362,0.3803301862062245,0.00011891946005340023,0.00011891946005340023,1.3990524712164731
8080,0.0058780981680274435,0.0011257233114353351,0.5297521465578047,0.032079590419666355,0.00517146962865672,0.48672655328533837,0.046444711958756435,0.0048543989670114035,0.38073717388324735,0.00011906681997911696,0.00011906681997911696,1.4007861174013758
8090,0.005871964313225216,0.0011267660667517137,0.5302428549419828,0.03205009904424606,0.005176483162478171,0.4871984152920631,0.046414202281734436,0.004859585612105144,0.381143969576874,0.00011921417990483368,0.00011921417990483368,1.4025197635862785
8100,0.005865834859430055,0.001127808073896891,0.5307332112455958,0.032020627550572986,0.005181493316402593,0.4876699591908323,0.04638370700009865,0.004864769809983226,0.38155057333201775,0.00011936153983055042,0.00011936153983055042,1.4042534097711812
8110,0.005859709806802376,0.0011288493328435966,0.5312232154558101,0.031991175934871545,0.005186500091071839,0.48814118504205534,0.04635322611048062,0.004869951561218292,0.38195698519359156,0.00011950889975626714,0.00011950889975626714,1.4059870559560839
8120,0.005853589155502599,0.0011298898435645587,0.5317128675597923,0.03196174419336615,0.005191503487127755,0.48861209290614166,0.04632275960951185,0.004875130866382983,0.38236320520650846,0.00011965625968198388,0.00011965625968198388,1.4077207021409868
8130,0.0058474729056911395,0.0011309296060325069,0.5322021675447091,0.031932332322281216,0.005196503505212194,0.4890826828435006,0.046292307493823855,0.004880307726049943,0.3827692334156818,0.0001198036196077006,0.0001198036196077006,1.4094543483258892
8140,0.005841361057528416,0.0011319686202201698,0.532691115397727,0.03190294031784115,0.005201500145967005,0.4895529549145416,0.04626186976004816,0.004885482140791811,0.38317506986602445,0.00011995097953341734,0.00011995097953341734,1.4111879945107921
8150,0.005835253611174846,0.0011330068861002767,0.5331797111060125,0.031873568176270364,0.005206493410034038,0.49002290917967417,0.04623144640481627,0.004890654111181232,0.38358071460244964,0.00012009833945913406,0.00012009833945913406,1.4129216406956948
8160,0.005829150566790849,0.0011340444036455563,0.5336679546567322,0.03184421589379327,0.005211483298055144,0.49049254569930767,0.046201037424759714,0.004895823637790847,0.3839861676698703,0.00012024569938485079,0.00012024569938485079,1.4146552868805973
8170,0.005823051924536839,0.0011350811728287379,0.534155846037053,0.03181488346663428,0.005216469810672172,0.4909618645338515,0.046170642816509996,0.004900990721193298,0.38439142911319985,0.00012039305931056752,0.00012039305931056752,1.4163889330655002
8180,0.005816957684573236,0.0011361171936225504,0.5346433852341412,0.031785570891017814,0.005221452948526973,0.4914308657437151,0.04614026257669865,0.004906155361961227,0.3847964989773512,0.00012054041923628425,0.00012054041923628425,1.4181225792504029
8190,0.005810867847060457,0.0011371524659997227,0.5351305722351636,0.03175627816316827,0.005226432712261395,0.4918995493893078,0.046109896701957184,0.0049113175606672775,0.38520137730723747,0.00012068777916200097,0.00012068777916200097,1.4198562254353053
8200,0.005804782412158921,0.001138186989932984,0.5356174070272864,0.031727005279310064,0.005231409102517291,0.49236791553103915,0.046079545188917104,0.0049164773178840895,0.38560606414777177,0.0001208351390877177,0.0001208351390877177,1.4215898716202082
8210,0.005798701380029044,0.0011392207653950631,0.5361038895976767,0.031697752235667606,0.005236382119936508,0.49283596422931836,0.04604920803420995,0.004921634634184307,0.38601055954386726,0.00012098249901343443,0.00012098249901343443,1.423323517805111
8220,0.005792624750831244,0.001140253792358689,0.5365900199335006,0.03166851902846531,0.005241351765160898,0.49330369554455505,0.04601888523446722,0.00492678951014057,0.3864148635404369,0.00012112985893915115,0.00012112985893915115,1.4250571639900134
8230,0.005786552524725938,0.001141286070796591,0.5370757980219252,0.03163930565392759,0.0052463180388323104,0.4937711095371586,0.045988576786320436,0.004931941946325524,0.386818976182394,0.00012127721886486789,0.00012127721886486789,1.4267908101749163
8240,0.005780484701873545,0.001142317600681498,0.5375612238501165,0.031610112108278854,0.005251280941592595,0.49423820626753834,0.04595828268640112,0.004937091943311807,0.3872228975146516,0.00012142457879058461,0.00012142457879058461,1.428524456359819
8250,0.005774421282434482,0.0011433483819861384,0.5380462974052415,0.03158093838774352,0.005256240474083603,0.4947049857961038,0.045928002931340785,0.004942239501672064,0.38762662758212274,0.00012157193871630135,0.00012157193871630135,1.4302581025447216
8260,0.005768362266569167,0.001144378414683242,0.5385310186744667,0.03155178448854599,0.005261196636947183,0.4951714481832642,0.045897737517770945,0.004947384621978937,0.3880301664297206,0.00012171929864201808,0.00012171929864201808,1.4319917487296243
8270,0.005762307654438017,0.0011454076987455375,0.5390153876449587,0.03152265040691068,0.005266149430825186,0.4956375934894292,0.04586748644232313,0.004952527304805067,0.3884335141023582,0.00012186665856773481,0.00012186665856773481,1.433725394914527
8280,0.005756257446201451,0.0011464362341457538,0.5394994043038841,0.031493536139062,0.005271098856359461,0.49610342177500805,0.045837249701628835,0.004957667550723095,0.38883667064494865,0.00012201401849345154,0.00012201401849345154,1.4354590410994297
8290,0.005750211642019884,0.0011474640208566202,0.5399830686384094,0.031464441681224364,0.005276044914191859,0.4965689331004102,0.0458070272923196,0.004962805360305666,0.3892396361024052,0.00012216137841916826,0.00012216137841916826,1.4371926872843324
8300,0.005744170242053736,0.0011484910588508653,0.5404663806357013,0.031435367029622185,0.00528098760496423,0.4970341275260451,0.04577681921102692,0.004967940734125421,0.3896424105196409,0.000122308738344885,0.000122308738344885,1.438926333469235
8310,0.005738133246463425,0.0011495173481012183,0.5409493402829262,0.031406312180479866,0.005285926929318423,0.4974990051123222,0.04574662545438233,0.004973073672755002,0.3900449939415688,0.00012245609827060173,0.00012245609827060173,1.440659979654138
8320,0.005732100655409366,0.0011505428885804083,0.5414319475672509,0.03137727713002183,0.005290862887896289,0.4979635659196507,0.045716446019017344,0.00497820417676705,0.39044738641310195,0.00012260345819631844,0.00012260345819631844,1.4423936258390404
8330,0.005726072469051978,0.0011515676802611643,0.541914202475842,0.03134826187447248,0.005295795481339678,0.4984278100084403,0.045686280901563465,0.004983332246734209,0.39084958797915365,0.00012275081812203518,0.00012275081812203518,1.444127272023943
8340,0.00572004868755168,0.001152591723116215,0.5423961049958658,0.03131926641005624,0.005300724710290441,0.49889173743910026,0.04565613009865223,0.004988457883229119,0.3912515986846368,0.00012289817804775192,0.00012289817804775192,1.445860918208846
8350,0.005714029311068888,0.0011536150171182896,0.5428776551144892,0.0312902907329975,0.005305650575390425,0.49935534827204,0.04562599360691514,0.004993581086824425,0.39165341857446473,0.00012304553797346863,0.00012304553797346863,1.4475945643937485
8360,0.00570801433976402,0.0011546375622401171,0.5433588528188785,0.03126133483952069,0.005310573077281483,0.499818642567669,0.045595871422983714,0.0049987018580927665,0.3920550476935504,0.00012319289789918536,0.00012319289789918536,1.4493282105786514
8370,0.005702003773797494,0.0011556593584544266,0.5438396980962006,0.031232398725850215,0.005315492216605463,0.5002816203863966,0.04556576354348948,0.005003820197606786,0.3924564860868068,0.0001233402578249021,0.0001233402578249021,1.451061856763554
8380,0.005695997613329727,0.001156680405733947,0.544320190933622,0.03120348238821049,0.0053204079940042176,0.5007442817886322,0.045535669965063946,0.0050089361059391276,0.3928577337991473,0.0001234876177506188,0.0001234876177506188,1.4527955029484565
8390,0.005689995858521137,0.0011577007040514072,0.5448003313183092,0.03117458582282592,0.005325320410119594,0.5012066268347853,0.04550559068433863,0.0050140495836624305,0.3932587908754847,0.00012363497767633555,0.00012363497767633555,1.4545291491333594
8400,0.005683998509532141,0.0011587202533795366,0.5452801192374288,0.03114570902592092,0.005330229465593444,0.5016686555852653,0.04547552569794505,0.005019160631349339,0.3936596573607325,0.00012378233760205229,0.00012378233760205229,1.456262795318262
8410,0.005678005566523158,0.0011597390536910637,0.5457595546781475,0.031116851993719902,0.005335135161067617,0.5021303681004815,0.045445475002514724,0.005024269249572495,0.39406033329980356,0.000123929697527769,0.000123929697527769,1.4579964415031645
8420,0.005672017029654606,0.0011607571049587176,0.5462386376276317,0.03108801472244728,0.005340037497183963,0.5025917644408435,0.04541543859467916,0.00502937543890454,0.394460818737611,0.00012407705745348573,0.00012407705745348573,1.4597300876880674
8430,0.0056660328990869,0.0011617744071552275,0.5467173680730482,0.031059197208327463,0.0053449364745843326,0.5030528446667607,0.04538541647106989,0.0050344791999181165,0.39486111371906796,0.00012422441737920247,0.00012422441737920247,1.4614637338729701
8440,0.00566005317498046,0.0011627909602533223,0.5471957460015633,0.031030399447584858,0.005349832093910574,0.5035136088386423,0.045355408628318425,0.005039580533185866,0.39526121828908756,0.0001243717773049192,0.0001243717773049192,1.463197380057873
8450,0.0056540778574957025,0.0011638067642257312,0.547673771400344,0.031001621436443885,0.00535472435580454,0.5039740570168979,0.045325415063056276,0.005044679439280431,0.39566113249258283,0.00012451913723063592,0.00012451913723063592,1.4649310262427755
8460,0.005648106946793046,0.0011648218190451827,0.5481514442565565,0.03097286317112895,0.005359613260908079,0.5044341892619368,0.045295435771914964,0.0050497759187744535,0.396060856374467,0.00012466649715635265,0.00012466649715635265,1.4666646724276782
8470,0.005642140443032907,0.0011658361246844064,0.5486287645573676,0.030944124647864467,0.005364498809863041,0.5048940056341685,0.04526547075152601,0.005054869972240576,0.39646038997965305,0.0001248138570820694,0.0001248138570820694,1.468398318612581
8480,0.005636178346375704,0.001166849681116131,0.5491057322899439,0.030915405862874848,0.005369381003311277,0.5053535061940025,0.04523551999852092,0.0050599616002514405,0.39685973335305413,0.0001249612170077861,0.0001249612170077861,1.4701319647974835
8490,0.005630220656981854,0.0011678624883130853,0.5495823474414518,0.0308867068123845,0.005374259841894636,0.5058126910018481,0.04520558350953123,0.005065050803379689,0.39725888653958347,0.00012510857693350284,0.00012510857693350284,1.4718656109823862
8500,0.005624267375011776,0.0011688745462479987,0.5500586099990581,0.03085802749261784,0.005379135326254968,0.5062715601181146,0.04517566128118843,0.005070137582197964,0.39765784958415407,0.00012525593685921958,0.00012525593685921958,1.4735992571672891
8510,0.005618318500625886,0.0011698858548936,0.5505345199499293,0.030829367899799277,0.005384007457034124,0.5067301136032116,0.04514575331012406,0.005075221937278907,0.398056622531679,0.0001254032967849363,0.0001254032967849363,1.4753329033521918
8520,0.005612374033984602,0.001170896414222618,0.551010077281232,0.030800728030153223,0.005388876234873953,0.5071883515175485,0.04511585959296963,0.00508030386919516,0.39845520542707136,0.00012555065671065302,0.00012555065671065302,1.4770665495370943
8530,0.005606433975248343,0.0011719062242077822,0.5514852819801328,0.03077210787990409,0.005393741660416305,0.5076462739215345,0.04508598012635666,0.005085383378519366,0.3988535983152444,0.00012569801663636976,0.00012569801663636976,1.4788001957219972
8540,0.005600498324577525,0.0011729152848218214,0.5519601340337982,0.03074350744527629,0.005398603734303032,0.5081038808755795,0.04505611490691666,0.005090460465824166,0.3992518012411111,0.0001258453765620865,0.0001258453765620865,1.4805338419068999
8550,0.005594567082132566,0.0011739235960374643,0.5524346334293949,0.030714926722494235,0.005403462457175981,0.5085611724400922,0.045026263931281146,0.005095535131682203,0.39964981424958457,0.0001259927364878032,0.0001259927364878032,1.4822674880918023
8560,0.005588640248073884,0.00117493115782744,0.5529087801540893,0.030686365707782333,0.005408317829677004,0.5090181486754827,0.04499642719608164,0.005100607376666119,0.400047637385578,0.00012614009641351994,0.00012614009641351994,1.4840011342767052
8570,0.005582717822561897,0.001175937970164478,0.5533825741950484,0.030657824397364995,0.005413169852447951,0.5094748096421601,0.04496660469794966,0.005105677201348555,0.4004452706940044,0.00012628745633923668,0.00012628745633923668,1.485734780461608
8580,0.005576799805757022,0.0011769440330213067,0.5538560155394384,0.03062930278746664,0.005418018526130672,0.5099311554005338,0.04493679643351672,0.005110744606302156,0.4008427142197769,0.0001264348162649534,0.0001264348162649534,1.4874684266465104
8590,0.005570886197819677,0.0011779493463706554,0.554329104174426,0.030600800874311676,0.005422863851367016,0.5103871860110133,0.044907002399414336,0.005115809592099561,0.40123996800780876,0.00012658217619067013,0.00012658217619067013,1.4892020728314133
8600,0.005564976998910278,0.001178953910185253,0.5548018400871778,0.03057231865412451,0.005427705828798834,0.5108429015340079,0.04487722259227403,0.005120872159313413,0.4016370321030129,0.00012672953611638687,0.00012672953611638687,1.490935719016316
8610,0.005559072209189246,0.0011799577244378287,0.5552742232648604,0.03054385612312956,0.0054325444590679756,0.5112983020299271,0.04484745700872731,0.005125932308516355,0.4020339065503024,0.00012687689604210358,0.00012687689604210358,1.4926693652012184
8620,0.005553171828816997,0.0011809607891011113,0.5557462536946405,0.03051541327755123,0.005437379742816291,0.5117533875591803,0.0448177056454057,0.005130990040281029,0.4024305913945905,0.0001270242559678203,0.0001270242559678203,1.4944030113861213
8630,0.0055472758579539466,0.0011819631041478295,0.5562179313636844,0.03048699011361394,0.005442211680685631,0.512208158182177,0.04478796849894072,0.005136045355180076,0.40282708668079026,0.00012717161589353705,0.00012717161589353705,1.496136657571024
8640,0.0055413842967605145,0.001182964669550713,0.5566892562591589,0.030458586627542097,0.005447040273317843,0.5126626139593264,0.044758245565963875,0.005141098253786139,0.40322339245381483,0.00012731897581925376,0.00012731897581925376,1.4978703037559264
8650,0.005535497145397119,0.0011839654852824903,0.5571602283682306,0.030430202815560116,0.005451865521354781,0.5131167549510381,0.044728536843106695,0.0051461487366718595,0.4036195087585772,0.0001274663357449705,0.0001274663357449705,1.4996039499408294
8660,0.0055296144040241765,0.0011849655513158906,0.557630847678066,0.030401838673892404,0.005456687425438292,0.5135705812177216,0.04469884232700069,0.00515119680440988,0.4040154356399906,0.00012761369567068723,0.00012761369567068723,1.501337596125732
8670,0.005523736072802104,0.0011859648676236427,0.5581011141758317,0.030373494198763375,0.0054615059862102265,0.514024092819786,0.04466916201427738,0.0051562424575728434,0.4044111731429681,0.00012776105559640397,0.00012776105559640397,1.503071242310635
8680,0.005517862151891321,0.0011869634341784758,0.5585710278486945,0.03034516938639744,0.0054663212043124364,0.5144772898176411,0.04463949590156828,0.00516128569673339,0.4048067213124228,0.00012790841552212068,0.00012790841552212068,1.5048048884955374
8690,0.005511992641452244,0.001187961250953119,0.5590405886838206,0.03031686423301901,0.005471133080386769,0.5149301722716959,0.0446098439855049,0.0051663265224641645,0.40520208019326787,0.00012805577544783742,0.00012805577544783742,1.50653853468044
8700,0.0055061275416452915,0.0011889583179203011,0.5595097966683769,0.030288578734852495,0.005475941615075076,0.5153827402423601,0.044580206262718775,0.005171364935337807,0.40559724983041623,0.00012820313537355416,0.00012820313537355416,1.508272180865343
8710,0.005500266852630879,0.001189954635052751,0.5599786517895298,0.030260312888122313,0.005480746809019207,0.515834993790043,0.0445505827298414,0.0051764009359269595,0.4059922302687812,0.00012835049529927087,0.00012835049529927087,1.5100058270502454
8720,0.005494410574569427,0.001190950202323198,0.560447154034446,0.030232066689052872,0.005485548662861012,0.516286932975154,0.04452097338350431,0.005181434524804265,0.40638702155327566,0.0001284978552249876,0.0001284978552249876,1.5117394732351481
8730,0.005488558707621351,0.0011919450197043708,0.5609153033902919,0.03020384013386858,0.005490347177242342,0.5167385578581027,0.044491378220339016,0.005186465702542366,0.406781623728813,0.00012864521515070434,0.00012864521515070434,1.513473119420051
8740,0.00548271125194707,0.0011929390871689986,0.5613830998442345,0.03017563321879385,0.005495142352805045,0.5171898684992984,0.04446179723697703,0.005191494469713903,0.40717603684030607,0.00012879257507642108,0.00012879257507642108,1.5152067656049537
8750,0.005476868207707,0.0011939324046898105,0.5618505433834401,0.0301474459400531,0.005499934190190974,0.5176408649591504,0.044432230430049874,0.005196520826891519,0.4075702609326682,0.0001289399350021378,0.0001289399350021378,1.5169404117898562
8760,0.0054710295750615605,0.0011949249722395352,0.5623176339950753,0.030119278293870733,0.005504722690041976,0.5180915472980683,0.04440267779618906,0.005201544774647857,0.4079642960508123,0.00012908729492785452,0.00012908729492785452,1.518674057974759
8770,0.005465195354171169,0.001195916789790902,0.5627843716663068,0.030091130276471166,0.005509507852999902,0.5185419155764613,0.044373139332026114,0.005206566313555558,0.4083581422396516,0.00012923465485357126,0.00012923465485357126,1.5204077041596618
8780,0.005459365545196241,0.0011969078573166394,0.5632507563843008,0.03006300188407881,0.005514289679706603,0.518991969854739,0.04434361503419255,0.005211585444187265,0.40875179954409924,0.00012938201477928797,0.00012938201477928797,1.5221413503445642
8790,0.005453540148297196,0.0011978981747894771,0.5637167881362245,0.03003489311291807,0.0055190681708039285,0.5194417101933109,0.044314104899319876,0.005216602167115619,0.4091452680090682,0.0001295293747050047,0.0001295293747050047,1.5238749965294671
8800,0.005447719163634452,0.0011988877421821437,0.564182466909244,0.030006803959213367,0.005523843326933728,0.5198911366525861,0.04428460892403962,0.0052216164829132624,0.4095385476794716,0.00012967673463072145,0.00012967673463072145,1.5256086427143698
8810,0.005441902591368425,0.0011998765594673682,0.5646477926905261,0.02997873441918911,0.005528615148737852,0.5203402492929742,0.04425512710498329,0.0052266283921528385,0.40993163860022264,0.00012982409455643816,0.00012982409455643816,1.5273422888992723
8820,0.005436090431659535,0.0012008646266178796,0.5651127654672373,0.029950684489069707,0.005533383636858151,0.5207890481748847,0.044225659438782414,0.005231637895406988,0.4103245408162344,0.0001299714544821549,0.0001299714544821549,1.5290759350841752
8830,0.005430282684668196,0.001201851943606407,0.5655773852265444,0.02992265416507957,0.0055381487919364735,0.5212375333587269,0.04419620592206849,0.005236644993248354,0.4107172543724199,0.00013011881440787163,0.00013011881440787163,1.5308095812690778
8840,0.005424479350554829,0.0012028385104056794,0.5660416519556137,0.029894643443443118,0.005542910614614671,0.5216857049049102,0.04416676655147306,0.005241649686249577,0.41110977931369236,0.00013026617433358834,0.00013026617433358834,1.5325432274539803
8850,0.0054186804294798505,0.001203824326988426,0.5665055656416121,0.029866652320384754,0.005547669105534593,0.522133562873844,0.04413734132362762,0.005246651974983302,0.4115021156849649,0.00013041353425930508,0.00013041353425930508,1.5342768736388832
8860,0.005412885921603678,0.0012048093933273753,0.5669691262717059,0.02983868079212889,0.005552424265338089,0.5225811073259378,0.044107930235163705,0.0052516518600221685,0.4118942635311505,0.00013056089418502181,0.00013056089418502181,1.536010519823786
8870,0.00540709582708673,0.0012057937093952564,0.5674323338330617,0.02981072885489994,0.005557176094667011,0.523028338321601,0.044078533282712815,0.005256649341938819,0.41228622289716227,0.00013070825411073852,0.00013070825411073852,1.5377441660086884
8880,0.005401310146089421,0.0012067772751647987,0.5678951883128464,0.029782796504922316,0.005561924594163207,0.5234752559212429,0.04404915046290648,0.005261644421305897,0.4126779938279134,0.00013085561403645526,0.00013085561403645526,1.5394778121935913
8890,0.005395528878772173,0.001207760090608731,0.5683576896982262,0.029754883738420432,0.005566669764468527,0.5239218601852731,0.044019781772376206,0.005266637098696044,0.41306957636831715,0.000131002973962172,0.000131002973962172,1.541211458378494
8900,0.0053897520252954014,0.0012087421556997823,0.568819837976368,0.029726990551618693,0.005571411606224823,0.524368151174101,0.043990427207753514,0.005271627374681901,0.4134609705632864,0.00013115033388788873,0.00013115033388788873,1.5429451045633968
8910,0.005383979585819524,0.0012097234704106813,0.5692816331344382,0.029699116940741517,0.005576150120073942,0.5248141289481357,0.04396108676566992,0.005276615249836111,0.41385217645773426,0.00013129769381360544,0.00013129769381360544,1.5446787507482993
8920,0.005378211560504958,0.0012107040347141577,0.5697430751596035,0.02967126290201331,0.005580885306657738,0.5252597935677871,0.04393176044275695,0.005281600724731317,0.41424319409657384,0.00013144505373932218,0.00013144505373932218,1.546412396933202
8930,0.005372447949512122,0.0012116838485829397,0.5702041640390304,0.02964342843165849,0.005585617166618057,0.5257051450934642,0.04390244823564611,0.005286583799940159,0.4146340235247184,0.00013159241366503892,0.00013159241366503892,1.5481460431181049
8940,0.0053666887530014334,0.001212662911989757,0.5706648997598855,0.02961561352590146,0.0055903457005967525,0.5261501835855766,0.04387315014096892,0.005291564476035282,0.41502466478708094,0.00013173977359075566,0.00013173977359075566,1.5498796893030076
8950,0.005360933971133309,0.0012136412249073379,0.5711252823093353,0.02958781818096664,0.005595070909235672,0.5265949091045338,0.043843866155356896,0.005296542753589325,0.41541511792857455,0.00013188713351647237,0.00013188713351647237,1.55161333548791
8960,0.005355183604068168,0.001214618787308412,0.5715853116745467,0.02956004239307844,0.005599792793176666,0.527039321710745,0.04381459627544156,0.0053015186331749325,0.41580538299411235,0.0001320344934421891,0.0001320344934421891,1.553346981672813
8970,0.0053494376519664264,0.001215595599165708,0.5720449878426861,0.029532286158461266,0.0056045113530615856,0.5274834214646198,0.04378534049785443,0.005306492115364745,0.41619546002860747,0.0001321818533679058,0.0001321818533679058,1.5550806278577154
8980,0.005343696114988503,0.0012165716604519551,0.57250431080092,0.029504549473339532,0.00560922658953228,0.5279272084265675,0.04375609881922701,0.005311463200731406,0.41658534907697303,0.00013232921329362255,0.00013232921329362255,1.556814274042618
8990,0.005337958993294815,0.001217546971139882,0.572963280536415,0.029476832333937653,0.005613938503230599,0.5283706826569976,0.04372687123619083,0.005316431889847557,0.4169750501841221,0.0001324765732193393,0.0001324765732193393,1.558547920227521
9000,0.005332226287045779,0.001218521531202218,0.5734218970363378,0.02944913473648004,0.005618647094798394,0.5288138442163194,0.0436976577453774,0.005321398183285839,0.4173645633949678,0.00013262393314505602,0.00013262393314505602,1.5602815664124237
9010,0.005326497996401815,0.001219495340611692,0.5738801602878549,0.0294214566771911,0.0056233523648775135,0.5292566931649424,0.043668458343418246,0.005326362081618897,0.41775388875442326,0.00013277129307077273,0.00013277129307077273,1.5620152125973261
9020,0.005320774121523339,0.001220468399341033,0.5743380702781331,0.029393798152295248,0.005628054314109808,0.529699229563276,0.04363927302694487,0.00533132358541937,0.4181430263074016,0.00013291865299648947,0.00013291865299648947,1.563748858782229
9030,0.005315054662570769,0.00122144070736297,0.5747956269943387,0.029366159158016897,0.005632752943137128,0.5301414534717296,0.0436101017925888,0.005336282695259901,0.4185319760988158,0.0001330660129222062,0.0001330660129222062,1.5654825049671317
9040,0.005309339619704522,0.0012224122646502318,0.5752528304236384,0.029338539690580454,0.005637448252601323,0.5305833649507128,0.043580944636981554,0.005341239411713134,0.41892073817357917,0.00013321337284792292,0.00013321337284792292,1.5672161511520342
9050,0.0053036289930850165,0.0012233830711755476,0.5757096805531988,0.029310939746210334,0.005642140243144244,0.5310249640606347,0.043551801556754643,0.005346193735351709,0.4193093125766047,0.00013336073277363966,0.00013336073277363966,1.568949797336937
9060,0.0052979227828726695,0.0012243531269116466,0.5761661773701865,0.029283359321130947,0.00564682891540774,0.5314662508619048,0.04352267254853958,0.005351145666748269,0.41969769935280543,0.0001335080926993564,0.0001335080926993564,1.5706834435218398
9070,0.0052922209892279,0.0012253224318312574,0.5766223208617681,0.029255798411566707,0.00565151427003366,0.5319072254149327,0.0434935576089679,0.005356095206475455,0.4200858985470945,0.0001336554526250731,0.0001336554526250731,1.5724170897067422
9080,0.005286523612311124,0.0012262909859071093,0.5770781110151102,0.029228257013742022,0.005656196307663857,0.5323478877801276,0.0434644567346711,0.005361042355105912,0.42047391020438524,0.00013380281255078984,0.00013380281255078984,1.5741507358916451
9090,0.00528083065228276,0.0012272587891119313,0.5775335478173793,0.029200735123881306,0.0056608750289401785,0.5327882380178991,0.043435369922280705,0.005365987113212278,0.42086173436959046,0.00013395017247650658,0.00013395017247650658,1.5758843820765478
9100,0.005275142109303225,0.0012282258414184522,0.5779886312557422,0.029173232738208973,0.005665550434504475,0.5332282761886564,0.04340629716842823,0.005370929481367198,0.4212493710876234,0.00013409753240222331,0.00013409753240222331,1.5776180282614507
9110,0.005269457983532938,0.001229192142799401,0.5784433613173651,0.02914574985294943,0.0056702225249985975,0.5336680023528092,0.0433772384697452,0.005375869460143314,0.4216368204033972,0.00013424489232794002,0.00013424489232794002,1.5793516744463532
9120,0.005263778275132316,0.001230157693227507,0.5788977379894149,0.029118286464327087,0.005674891301064396,0.5341074165707667,0.043348193822863125,0.005380807050113267,0.42202408236182487,0.00013439225225365676,0.00013439225225365676,1.5810853206312558
9130,0.005258102984261775,0.0012311224926754988,0.5793517612590582,0.029090842568566363,0.005679556763343719,0.5345465189029383,0.04331916322441352,0.0053857422518497,0.4224111570078196,0.0001345396121793735,0.0001345396121793735,1.5828189668161587
9140,0.0052524321110817345,0.0012320865411161056,0.5798054311134614,0.02906341816189166,0.005684218912478418,0.5349853094097334,0.04329014667102791,0.005390675065925254,0.4227980443862945,0.00013468697210509024,0.00013468697210509024,1.5845526130010614
9150,0.005246765655752612,0.0012330498385220564,0.5802587475397912,0.0290360132405274,0.0056888777491103425,0.5354237881515616,0.0432611441593378,0.005395605492912572,0.42318474454216254,0.00013483433203080695,0.00013483433203080695,1.5862862591859639
9160,0.005241103618434825,0.0012340123848660805,0.5807117105252142,0.029008627800697986,0.005693533273881343,0.5358619551888322,0.043232155685974716,0.005400533533384296,0.423571257520337,0.00013498169195652368,0.00013498169195652368,1.5880199053708668
9170,0.00523544599928879,0.0012349741801209063,0.581164320056897,0.028981261838627835,0.005698185487433269,0.5362998105819546,0.04320318124757017,0.005405459187913068,0.42395758336573086,0.0001351290518822404,0.0001351290518822404,1.5897535515557693
9180,0.0052297927984749255,0.0012359352242592631,0.5816165761220061,0.028953915350541357,0.00570283439040797,0.5367373543913383,0.04317422084075569,0.005410382457071532,0.42434372212325744,0.00013527641180795713,0.00013527641180795713,1.591487197740672
9190,0.00522414401615365,0.00123689551725388,0.5820684787077082,0.028926588332662963,0.005707479983447297,0.5371745866773927,0.04314527446216278,0.005415303341432326,0.4247296738378295,0.00013542377173367387,0.00013542377173367387,1.5932208439255748
9200,0.00521849965248538,0.001237855059077486,0.5825200278011697,0.028899280781217063,0.0057121222671931,0.537611507500527,0.04311634210842295,0.005420221841568096,0.42511543855436046,0.0001355711316593906,0.0001355711316593906,1.5949544901104775
9210,0.005212859707630533,0.0012388138497028097,0.5829712233895574,0.02887199269242807,0.005716761242287228,0.538048116921151,0.04308742377616774,0.005425137958051482,0.4255010163177633,0.00013571849158510731,0.00013571849158510731,1.59668813629538
9220,0.0052072241817495285,0.0012397718891025808,0.5834220654600378,0.028844724062520394,0.005721396909371533,0.5384844149996737,0.043058519462028655,0.005430051691455126,0.42588640717295106,0.00013586585151082405,0.00013586585151082405,1.5984217824802829
9230,0.005201593075002782,0.0012407291772495276,0.5838725539997777,0.028817474887718453,0.005726029269087864,0.5389204017965048,0.043029629162637216,0.005434963042351672,0.426271611164837,0.0001360132114365408,0.0001360132114365408,1.6001554286651856
9240,0.005195966387550712,0.0012416857141163797,0.5843226889959433,0.02879024516424665,0.00573065832207807,0.5393560773720536,0.04300075287462493,0.00543987201131376,0.4266566283383341,0.0001361605713622575,0.0001361605713622575,1.601889074850088
9250,0.005190344119553735,0.0012426414996758656,0.5847724704357014,0.028763034888329403,0.005735284068984002,0.5397914417867296,0.04297189059462332,0.005444778598914033,0.42704145873835553,0.00013630793128797424,0.00013630793128797424,1.603622721034991
9260,0.005184726271172271,0.0012435965339007145,0.5852218983062185,0.02873584405619112,0.00573990651044751,0.5402264951009421,0.04294304231926391,0.005449682805725134,0.4274261024098145,0.00013645529121369097,0.00013645529121369097,1.6053563672198936
9270,0.005179112842566736,0.0012445508167636555,0.5856709725946613,0.028708672664056217,0.005744525647110444,0.5406612373751005,0.042914208045178204,0.005454584632319704,0.4278105593976238,0.00013660265113940768,0.00013660265113940768,1.607090013404796
9280,0.005173503833897548,0.0012455043482374173,0.5861196932881962,0.028681520708149097,0.005749141479614654,0.5410956686696144,0.042885387768997724,0.005459484079270385,0.42819482974669687,0.00013675001106512442,0.00013675001106512442,1.608823659589699
9290,0.005167899245325124,0.0012464571282947295,0.5865680603739902,0.02865438818469418,0.00575375400860199,0.5415297890448931,0.04285658148735399,0.00546438114714982,0.42857891350194666,0.00013689737099084116,0.00013689737099084116,1.6105573057746017
9300,0.005162299077009882,0.0012474091569083204,0.5870160738392095,0.028627275089915874,0.0057583632347143025,0.5419635985613461,0.04282778919687852,0.00546927583653065,0.4289628107082863,0.0001370447309165579,0.0001370447309165579,1.6122909519595046
9310,0.005156703329112241,0.0012483604340509196,0.5874637336710209,0.02860018142003859,0.00576296915859344,0.5423970972793826,0.04279901089420282,0.0054741681479855185,0.4293465214106289,0.0001371920908422746,0.0001371920908422746,1.614024598144407
9320,0.0051511120017926175,0.0012493109596952556,0.5879110398565908,0.028573107171286742,0.005767571780881255,0.5428302852594122,0.04277024657595842,0.0054790580820870665,0.42973004565388756,0.00013733945076799134,0.00013733945076799134,1.6157582443293097
9330,0.005145525095211429,0.0012502607338140577,0.5883579923830858,0.028546052339884737,0.005772171102219595,0.5432631625618441,0.04274149623877683,0.005483945639407937,0.43011338348297545,0.00013748681069370805,0.00013748681069370805,1.6174918905142122
9340,0.005139942609529092,0.0012512097563800548,0.5888045912376727,0.028519016922056994,0.005776767123250312,0.5436957292470882,0.04271275987928957,0.005488830820520771,0.4304965349428056,0.0001376341706194248,0.0001376341706194248,1.619225536699115
9350,0.005134364544906026,0.001252158027365976,0.589250836407518,0.02849200091402792,0.005781359844615255,0.5441279853755534,0.042684037494128156,0.0054937136259982115,0.4308795000782911,0.00013778153054514153,0.00013778153054514153,1.6209591828840177
9360,0.005128790901502649,0.0012531055467445503,0.5896967278797883,0.02846500431202192,0.005785949266956274,0.5445599310076493,0.0426553290799241,0.005498594056412901,0.4312622789343452,0.00013792889047085826,0.00013792889047085826,1.6226928290689207
9370,0.005123221679479378,0.0012540523144885063,0.59014226564165,0.02843802711226342,0.00579053539091522,0.5449915662037853,0.04262663463330893,0.00550347211233748,0.4316448715558808,0.00013807625039657497,0.00013807625039657497,1.624426475253823
9380,0.005117656878996629,0.0012549983305705735,0.5905874496802698,0.028411069310976818,0.005795118217133941,0.5454228910243709,0.04259795415091415,0.005508347794344592,0.43202727798781115,0.0001382236103222917,0.0001382236103222917,1.6261601214387258
9390,0.005112096500214821,0.0012559435949634809,0.5910322799828144,0.028384130904386535,0.00579969774625429,0.5458539055298155,0.04256928762937129,0.005513221103006879,0.4324094982750493,0.00013837097024800845,0.00013837097024800845,1.6278937676236287
9400,0.005106540543294373,0.0012568881076399571,0.5914767565364503,0.028357211888716975,0.0058042739789181145,0.5462846097805284,0.04254063506531186,0.005518092038896982,0.43279153246250834,0.00013851833017372518,0.00013851833017372518,1.6296274138085314
9410,0.0051009890083957,0.0012578318685727316,0.5919208793283441,0.02833031226019256,0.005808846915767265,0.5467150038369191,0.04251199645536737,0.0055229606025875445,0.4331733805951016,0.0001386656900994419,0.0001386656900994419,1.6313610599934338
9420,0.005095441895679222,0.0012587748777345329,0.5923646483456625,0.02830343201503769,0.005813416557443593,0.547145087759397,0.04248337179616935,0.005527826794651208,0.43355504271774187,0.00013881305002515863,0.00013881305002515863,1.6330947061783367
9430,0.0050898992053053545,0.0012597171350980903,0.5928080635755718,0.028276571149476785,0.005817982904588947,0.5475748616083715,0.04245476108434931,0.005532690615660614,0.4339365188753423,0.00013896040995087537,0.00013896040995087537,1.6348283523632394
9440,0.005084360937434517,0.0012606586406361327,0.5932511250052388,0.02824972965973425,0.005822545957845178,0.548004325444252,0.04242616431653877,0.005537552066188407,0.43431780911281626,0.00013910776987659208,0.00013910776987659208,1.6365619985481419
9450,0.005078827092227125,0.0012615993943213893,0.5936938326218302,0.028222907542034503,0.005827105717854135,0.5484334793274479,0.04239758148936924,0.005542411146807227,0.4346989134750766,0.00013925512980230882,0.00013925512980230882,1.6382956447330448
9460,0.005073297669843599,0.0012625393961265886,0.5941361864125122,0.02819610479260195,0.005831662185257669,0.5488623233183688,0.04236901259947225,0.005547267858089715,0.43507983200703654,0.00013940248972802555,0.00013940248972802555,1.6400292909179475
9470,0.0050677726704443544,0.0012634786460244602,0.5945781863644518,0.028169321407661006,0.005836215360697629,0.5492908574774239,0.04234045764347931,0.0055521222006085155,0.4354605647536091,0.00013954984965374226,0.00013954984965374226,1.64176293710285
9480,0.00506225209418981,0.0012644171439877329,0.5950198324648154,0.028142557383436084,0.005840765244815867,0.5497190818650227,0.04231191661802192,0.0055569741749362704,0.43584111175970747,0.000139697209579459,0.000139697209579459,1.6434965832877528
9490,0.005056735941240383,0.0012653548899891353,0.5954611247007695,0.02811581271615159,0.0058453118382542305,0.5501469965415746,0.04228338951973163,0.00556182378164562,0.4362214730702447,0.00013984456950517574,0.00013984456950517574,1.6452302294726555
9500,0.005051224211756491,0.0012662918840013972,0.5959020630594809,0.028089087402031938,0.005849855141654571,0.550574601567489,0.04225487634523993,0.005566671021309209,0.4366016487301341,0.00013999192943089245,0.00013999192943089245,1.646963875657558
9510,0.005045716905898551,0.001267228125997247,0.5963426475281162,0.028062381437301543,0.005854395155658738,0.5510018970031753,0.04222637709117835,0.005571515894499678,0.43698163878428853,0.00014013928935660918,0.00014013928935660918,1.6486975218424609
9520,0.0050402140238269815,0.0012681636159494138,0.5967828780938417,0.02803569481818481,0.005858931880908583,0.551428882909043,0.04219789175417841,0.005576358401789669,0.4373614432776211,0.00014028664928232592,0.00014028664928232592,1.6504311680273636
9530,0.005034715565702201,0.0012690983538306264,0.5972227547438241,0.02800902754090616,0.005863465318045953,0.5518555593455015,0.042169420330871614,0.005581198543751824,0.43774106225504505,0.00014043400920804263,0.00014043400920804263,1.652164814212266
9540,0.005029221531684625,0.0012700323396136143,0.5976622774652302,0.027982379601689995,0.005867995467712701,0.55228192637296,0.04214096281788948,0.0055860363209587855,0.4381204957614734,0.00014058136913375937,0.00014058136913375937,1.653898460397169
9550,0.005023731921934673,0.0012709655732711061,0.5981014462452263,0.02795575099676073,0.005872522330550676,0.5527079840518283,0.04211251921186354,0.005590871733983196,0.4384997438418193,0.0001407287290594761,0.0001407287290594761,1.6556321065820716
9560,0.005018246736612761,0.001271898054775831,0.5985402610709792,0.02792914172234278,0.005877045907201728,0.5531337324425155,0.0420840895094253,0.005595704783397697,0.4388788065409959,0.00014087608898519284,0.00014087608898519284,1.6573657527669745
9570,0.005012765975879308,0.001272829784100518,0.5989787219296555,0.027902551774660552,0.005881566198307707,0.5535591716054312,0.042055673707206274,0.005600535469774931,0.4392576839039161,0.00014102344891090955,0.00014102344891090955,1.659099398951877
9580,0.005007289639894731,0.0012737607612178963,0.5994168288084217,0.02787598114993846,0.005886083204510463,0.5539843016009847,0.04202727180183799,0.00560536379368754,0.4396363759754933,0.0001411708088366263,0.0001411708088366263,1.6608330451367797
9590,0.005001817728819448,0.0012746909861006944,0.5998545816944443,0.027849429844400912,0.0058905969264518455,0.5544091224895854,0.04199888378995195,0.005610189755708166,0.4400148828006405,0.00014131816876234303,0.00014131816876234303,1.6625666913216826
9600,0.004996350242813876,0.0012756204587216415,0.6002919805748901,0.027822897854272326,0.005895107364773705,0.5548336343316428,0.04197050966817969,0.005615013356409451,0.44039320442427066,0.00014146552868805976,0.00014146552868805976,1.6643003375065852
9610,0.004990887182038433,0.0012765491790534668,0.6007290254369254,0.02779638517577711,0.005899614520117892,0.5552578371875663,0.041942149433152706,0.005619834596364037,0.440771340891297,0.00014161288861377647,0.00014161288861377647,1.6660339836914877
9620,0.004985428546653538,0.0012774771470688991,0.6011657162677172,0.027769891805139675,0.005904118393126256,0.5556817311177652,0.04191380308150253,0.005624653476144568,0.4411492922466328,0.0001417602485394932,0.0001417602485394932,1.6677676298763906
9630,0.004979974336819607,0.0012784043627406675,0.6016020530544316,0.027743417738584433,0.005908618984440647,0.5561053161826491,0.04188547060986068,0.005629469996323683,0.44152705853519086,0.00014190760846520995,0.00014190760846520995,1.6695012760612933
9640,0.004974524552697056,0.001279330826041501,0.6020380357842356,0.027716962972335793,0.005913116294702916,0.5565285924426274,0.04185715201485866,0.005634284157474027,0.4419046398018845,0.00014205496839092666,0.00014205496839092666,1.6712349222461957
9650,0.004969079194446307,0.0012802565369441285,0.6024736644442956,0.027690527502618172,0.005917610324554911,0.5569515599581093,0.04182884729312799,0.005639095960168239,0.44228203609162664,0.0001422023283166434,0.0001422023283166434,1.6729685684310986
9660,0.004963638262227774,0.001281181495421279,0.6029089390217782,0.027664111325655976,0.0059221010746384846,0.5573742187895044,0.04180055644130019,0.005643905404978965,0.4426592474493306,0.00014234968824236013,0.00014234968824236013,1.6747022146160013
9670,0.004958201756201876,0.0012821057014456815,0.6033438595038499,0.027637714437673624,0.005926588545595485,0.5577965689972221,0.04177227945600679,0.0056487124924788435,0.4430362739199093,0.00014249704816807684,0.00014249704816807684,1.676435860800904
9680,0.004952769676529031,0.0012830291549900653,0.6037784258776776,0.027611336834895518,0.005931072738067762,0.5582186106416718,0.04174401633387929,0.005653517223240518,0.443413115548276,0.00014264440809379358,0.00014264440809379358,1.6781695069858067
9690,0.004947342023369656,0.001283951856027159,0.6042126381304277,0.027584978513546077,0.005935553652697168,0.5586403437832628,0.04171576707154921,0.005658319597836632,0.4437897723793437,0.00014279176801951032,0.00014279176801951032,1.6799031531707094
9700,0.004941918796884169,0.0012848738045296917,0.6046464962492667,0.02755863946984971,0.0059400312901255505,0.5590617684824047,0.04168753166564807,0.005663119616839826,0.4441662444580256,0.00014293912794522703,0.00014293912794522703,1.681636799355612
9710,0.004936499997232988,0.0012857950004703926,0.6050800002213611,0.027532319700030828,0.00594450565099476,0.5594828847995068,0.041659310112807386,0.005667917280822742,0.4445425318292347,0.00014308648787094376,0.00014308648787094376,1.6833704455405147
9720,0.0049310856245765285,0.0012867154438219908,0.6055131500338778,0.02750601920031384,0.005948976735946647,0.5599036927949785,0.04163110240965867,0.005672712590358024,0.4449186345378842,0.0001432338477966605,0.0001432338477966605,1.6851040917254174
9730,0.004925675679075211,0.0012876351345572148,0.6059459456739833,0.027479737966923167,0.005953444545623062,0.5603241925292293,0.041602908552833454,0.0056775055460183115,0.44529455262888723,0.0001433812077223772,0.0001433812077223772,1.68683773791032
9740,0.004920270160889451,0.0012885540726487938,0.6063783871288441,0.027453475996083214,0.005957909080665855,0.5607443840626687,0.04157472853896323,0.005682296148376249,0.44567028614715676,0.00014352856764809395,0.00014352856764809395,1.6885713840952228
9750,0.004914869070179668,0.001289472258069457,0.6068104743856267,0.027427233284018387,0.005962370341716875,0.5611642674557058,0.04154656236467954,0.005687084398004476,0.446045835137606,0.00014367592757381068,0.00014367592757381068,1.6903050302801257
9760,0.004909472407106278,0.0012903896907919333,0.6072422074314979,0.027401009826953107,0.0059668283294179725,0.5615838427687503,0.04151841002661389,0.005691870295475637,0.446421199645148,0.0001438232874995274,0.0001438232874995274,1.6920386764650281
9770,0.0049040801718297,0.0012913063707889515,0.6076735862536241,0.027374805621111782,0.005971283044410997,0.5620031100622115,0.041490271521397795,0.005696653841362373,0.44679637971469593,0.00014397064742524413,0.00014397064742524413,1.6937723226499308
9780,0.00489869236451035,0.0012922222980332409,0.608104610839172,0.02734862066271882,0.0059757344873378,0.5624220693964989,0.041462146845662774,0.005701435036237327,0.4471713753911629,0.00014411800735096087,0.00014411800735096087,1.6955059688348337
9790,0.004893308985308648,0.0012931374724975304,0.6085352811753084,0.027322454947998644,0.005980182658840231,0.5628407208320217,0.04143403599604034,0.005706213880673139,0.44754618671946195,0.0001442653672766776,0.0001442653672766776,1.6972396150197364
9800,0.004887930034385009,0.001294051894154549,0.6089655972491994,0.02729630847317565,0.00598462755956014,0.5632590644291896,0.041405938969162025,0.005710990375242454,0.4479208137445062,0.00014441272720239434,0.00014441272720239434,1.698973261204639
9810,0.004882555511899853,0.0012949655629770256,0.609395559048012,0.027270181234474264,0.005989069190139376,0.5636771002484118,0.04137785576165933,0.005715764520517912,0.4482952565112088,0.00014456008712811105,0.00014456008712811105,1.7007069073895418
9820,0.004877185418013595,0.0012958784789376895,0.6098251665589126,0.027244073228118885,0.00599350755121979,0.5640948283500978,0.041349786370163774,0.005720536317072156,0.4486695150644828,0.0001447074470538278,0.0001447074470538278,1.7024405535744445
9830,0.004871819752886655,0.0012967906420092692,0.6102544197690678,0.027217984450333937,0.005997942643443232,0.5645122487946571,0.04132173079130688,0.005725305765477829,0.4490435894492415,0.00014485480697954453,0.00014485480697954453,1.7041741997593474
9840,0.004866458516679449,0.001297702052164494,0.6106833186656442,0.027191914897343815,0.006002374467451551,0.5649293616424989,0.04129368902172016,0.00573007286630757,0.4494174797103977,0.00014500216690526124,0.00014500216690526124,1.7059078459442498
9850,0.0048611017095523965,0.0012986127093760932,0.6111118632358085,0.02716586456537295,0.006006803023886599,0.5653461669540328,0.04126566105803514,0.0057348376201340244,0.44979118589286465,0.00014514952683097797,0.00014514952683097797,1.7076414921291525
9860,0.004855749331665914,0.0012995226136167952,0.611540053466727,0.027139833450645745,0.006011228313390225,0.5657626647896682,0.04123764689688332,0.0057396000275298335,0.4501647080415556,0.0001452968867566947,0.0001452968867566947,1.7093751383140554
9870,0.004850401383180419,0.0013004317648593294,0.6119678893455667,0.027113821549386602,0.006015650336604278,0.5661788552098144,0.041209646534896234,0.005744360089067638,0.4505380462013834,0.00014544424668241142,0.00014544424668241142,1.7111087844989579
9880,0.0048450578642563295,0.0013013401630764245,0.6123953708594938,0.027087828857819945,0.00602006909417061,0.5665947382748809,0.04118165996870539,0.005749117805320082,0.4509112004172614,0.00014559160660812816,0.00014559160660812816,1.7128424306838606
9890,0.004839718775054062,0.0013022478082408099,0.6128224979956751,0.027061855372170186,0.006024484586731069,0.567010314045277,0.04115368719494231,0.005753873176859806,0.4512841707341025,0.0001457389665338449,0.0001457389665338449,1.7145760768687635
9900,0.004834384115734036,0.0013031547003252144,0.6132492707412773,0.027035901088661725,0.006028896814927507,0.5674255825814124,0.0411257282102385,0.005758626204259453,0.4516569571968199,0.0001458863264595616,0.0001458863264595616,1.716309723053666
9910,0.004829053886456668,0.0013040608393023669,0.6136756890834667,0.027009966003518987,0.006033305779401773,0.5678405439436963,0.04109778301122549,0.005763376888091665,0.45202955985032667,0.00014603368638527834,0.00014603368638527834,1.7180433692385686
9920,0.004823728087382377,0.0013049662251449967,0.6141017530094102,0.026984050112966375,0.006037711480795717,0.568255198192538,0.04106985159453479,0.005768125228929084,0.45240197873953597,0.00014618104631099508,0.00014618104631099508,1.7197770154234715
9930,0.004818406718671578,0.0013058708578258323,0.6145274625062739,0.026958153413228304,0.006042113919751189,0.5686695453883472,0.04104193395679792,0.005772871227344352,0.45277421390936096,0.0001463284062367118,0.0001463284062367118,1.721510661608374
9940,0.00481308978048469,0.0013067747373176032,0.6149528175612249,0.026932275900529185,0.00604651309691004,0.5690835855915332,0.041014030094646395,0.005777614883910111,0.45314626540471464,0.00014647576616242853,0.00014647576616242853,1.7232443077932766
9950,0.004807777272982132,0.001307677863593038,0.6153778181614294,0.026906417571093428,0.006050909012914118,0.5694973188625052,0.04098614000471173,0.005782356199199003,0.4535181332705101,0.00014662312608814526,0.00014662312608814526,1.7249779539781795
9960,0.004802469196324321,0.0013085802366248661,0.6158024642940545,0.026880578421145444,0.0060553016684052755,0.569910745261673,0.04095826368362544,0.005787095173783672,0.4538898175516606,0.00014677048601386197,0.00014677048601386197,1.726711600163082
9970,0.004797165550671672,0.0013094818563858161,0.6162267559462663,0.026854758446909648,0.00605969106402536,0.5703238648494456,0.04093040112801906,0.005791831808236758,0.45426131829307903,0.0001469178459395787,0.0001469178459395787,1.7284452463479847
9980,0.004791866336184607,0.0013103827228486175,0.6166506931052317,0.02682895764461045,0.006064077200416225,0.5707366776862329,0.040902552334524084,0.0057965661031309035,0.45463263553967875,0.00014706520586529545,0.00014706520586529545,1.7301788925328876
9990,0.00478657155302354,0.0013112828359859987,0.617074275758117,0.026803176010472263,0.006068460078219716,0.5711491838324438,0.04087471729977204,0.005801298059038751,0.45500376933637265,0.00014721256579101219,0.00014721256579101219,1.7319125387177903
10000,0.004781281201348891,0.0013121821957706892,0.6174975038920889,0.026777413540719497,0.006072839698077686,0.571561383348488,0.040846896020394444,0.005806027676532943,0.455374719728074,0.00014735992571672892,0.00014735992571672892,1.7336461849026932
10010,0.004775995281321076,0.0013130808021754178,0.6179203774943142,0.02675167023157656,0.006077216060631985,0.5719732762947751,0.04081908849302281,0.00581075495618612,0.45574548675969573,0.00014750728564244563,0.00014750728564244563,1.7353798310875956
10020,0.0047707137931005126,0.0013139786551729135,0.6183428965519592,0.02672594607926787,0.006081589166524463,0.5723848627317141,0.04079129471428866,0.005815479898570926,0.4561160704761511,0.00014765464556816237,0.00014765464556816237,1.7371134772724983
10030,0.004765436736847619,0.0013148757547359051,0.6187650610521905,0.026700241080017836,0.006085959016396968,0.5727961427197146,0.04076351468082351,0.005820202504260002,0.4564864709223531,0.00014780200549387908,0.00014780200549387908,1.7388471234574008
10040,0.0047601641127228145,0.001315772100837122,0.619186870982175,0.02667455523005087,0.006090325610891353,0.5732071163191862,0.04073574838925887,0.005824922773825991,0.456856688143215,0.00014794936541959582,0.00014794936541959582,1.7405807696423037
10050,0.004754895920886515,0.001316667693449293,0.619608326329079,0.026648888525591382,0.006094688950649466,0.5736177835905379,0.040707995836226266,0.005829640707841533,0.4572267221836497,0.00014809672534531255,0.00014809672534531255,1.7423144158272064
10060,0.004749632161499137,0.0013175625325451473,0.6200294270800693,0.02662324096286378,0.006099049036313157,0.5740281445941795,0.0406802570183572,0.005834356306879273,0.45759657308857044,0.0001482440852710293,0.0001482440852710293,1.7440480620121093
10070,0.0047443728347211014,0.0013184566180974133,0.6204501732223121,0.026597612538092487,0.006103405868524278,0.5744381993905202,0.040652531932283215,0.005839069571511851,0.4579662409028903,0.000148391445196746,0.000148391445196746,1.7457817081970117
10080,0.004739117940712823,0.0013193499500788208,0.6208705647429744,0.026572003247501905,0.0061077594479246764,0.5748479480399695,0.0406248205746358,0.005843780502311911,0.4583357256715224,0.00014853880512246274,0.00014853880512246274,1.7475153543819144
10090,0.00473386747963472,0.0013202425284620982,0.6212906016292226,0.02654641308731645,0.006112109775156204,0.5752573906029369,0.040597122942046496,0.005848489099852094,0.4587050274393799,0.00014868616504817948,0.00014868616504817948,1.7492490005668173
10100,0.004728621451647211,0.0013211343532199748,0.6217102838682234,0.026520842053760527,0.006116456850860711,0.5756665271398316,0.040569439031146806,0.005853195364705042,0.4590741462513759,0.00014883352497389619,0.00014883352497389619,1.7509826467517198
10110,0.004723379856910712,0.0013220254243251793,0.6221296114471431,0.026495290143058556,0.006120800675680046,0.5760753577110631,0.04054176883856825,0.005857899297443396,0.45944308215242324,0.00014898088489961292,0.00014898088489961292,1.7527162929366225
10120,0.004718142695585643,0.001322915741750441,0.6225485843531486,0.026469757351434947,0.0061251412502560595,0.5764838823770408,0.040514112360942336,0.0058626008986398005,0.45981183518743535,0.00014912824482532966,0.00014912824482532966,1.7544499391215254
10130,0.0047129099678324205,0.001323805305468489,0.6229672025734065,0.026444243675114106,0.006129478575230603,0.5768921011981744,0.0404864695949006,0.005867300168866897,0.46018040540132527,0.00014927560475104637,0.00014927560475104637,1.7561835853064278
10140,0.0047076816738114615,0.0013246941154520522,0.6233854660950833,0.02641874911032045,0.006133812651245524,0.5773000142348729,0.04045884053707454,0.005871997108697326,0.46054879283900596,0.0001494229646767631,0.0001494229646767631,1.7579172314913305
10150,0.0047024578136831835,0.0013255821716738592,0.6238033749053454,0.026393273653278385,0.006138143478942675,0.5777076215475458,0.040431225184095684,0.005876691718703732,0.4609169975453907,0.00014957032460247984,0.00014957032460247984,1.7596508776762334
10160,0.004697238387608006,0.0013264694741066396,0.6242209289913597,0.02636781730021233,0.006142471058963905,0.5781149231966027,0.04040362353259555,0.005881383999458755,0.46128501956539253,0.00014971768452819655,0.00014971768452819655,1.7613845238611359
10170,0.004692023395746345,0.001327356022723122,0.6246381283402926,0.02634238004734669,0.006146795391951063,0.578521919242453,0.040376035579205646,0.005886073951535038,0.46165285894392455,0.0001498650444539133,0.0001498650444539133,1.7631181700460385
10180,0.004686812838258617,0.0013282418174960357,0.6250549729393108,0.026316961890905884,0.006151116478546001,0.578928609745506,0.0403484613205575,0.005890761575505223,0.46202051572589986,0.00015001240437963003,0.00015001240437963003,1.7648518162309415
10190,0.0046816067153052435,0.0013291268583981092,0.6254714627755807,0.026291562827114312,0.006155434319390567,0.579334994766171,0.040320900753282624,0.005895446871941953,0.4623879899562316,0.00015015976430534674,0.00015015976430534674,1.766585462415844
10200,0.004676405027046638,0.001330011145402072,0.625887597836269,0.026266182852196396,0.006159748915126613,0.5797410743648577,0.040293353874012526,0.005900129841417868,0.4627552816798328,0.0001503071242310635,0.0001503071242310635,1.768319108600747
10210,0.004671207773643221,0.001330894678480653,0.6263033781085425,0.026240821962376544,0.006164060266395988,0.5801468486019753,0.040265820679378735,0.005904810484505613,0.46312239094161667,0.0001504544841567802,0.0001504544841567802,1.7700527547856495
10220,0.004666014955255409,0.001331777457606581,0.6267188035795674,0.026215480153879166,0.006168368373840542,0.5805523175379333,0.04023830116601276,0.005909488801777828,0.4634893177864963,0.00015060184408249695,0.00015060184408249695,1.7717864009705522
10230,0.00466082657204362,0.0013326594827525852,0.6271338742365106,0.026190157422928677,0.006172673238102125,0.5809574812331412,0.04021079533054613,0.005914164793807156,0.4638560622593848,0.00015074920400821366,0.00015074920400821366,1.7735200471554546
10240,0.004655642624168271,0.0013335407538913944,0.6275485900665385,0.026164853765749486,0.006176974859822588,0.5813623397480082,0.04018330316961035,0.005918838461166238,0.4642226244051952,0.0001508965639339304,0.0001508965639339304,1.7752536933403575
10250,0.004650463111789779,0.001334421270995738,0.6279629510568178,0.026139569178566007,0.00618127323964378,0.5817668931429439,0.04015582467983694,0.0059235098044277176,0.4645890042688406,0.00015104392385964713,0.00015104392385964713,1.7769873395252602
10260,0.004645288035068564,0.0013353010340383447,0.6283769571945151,0.026114303657602648,0.006185568378207551,0.5821711414783577,0.040128359857857426,0.005928178824164236,0.4649552018952342,0.00015119128378536387,0.00015119128378536387,1.7787209857101631
10270,0.004640117394165043,0.0013361800429919435,0.6287906084667969,0.026089057199083825,0.006189860276155751,0.5825750848146589,0.040100908700303306,0.005932845520948435,0.46532121732928905,0.00015133864371108058,0.00015133864371108058,1.7804546318950656
10280,0.004634951189239631,0.0013370582978292633,0.6292039048608297,0.02606382979923394,0.006194148934130231,0.582978723212257,0.04007347120380611,0.005937509895352959,0.46568705061591836,0.00015148600363679732,0.00015148600363679732,1.7821882780799683
10290,0.004629789420452749,0.0013379357985230332,0.6296168463637802,0.02603862145427742,0.00619843435277284,0.5833820567315613,0.04004604736499736,0.005942171947950447,0.46605270180003505,0.00015163336356251405,0.00015163336356251405,1.7839219242648712
10300,0.0046246320879648126,0.0013388125450459825,0.6300294329628152,0.026013432160438662,0.0062027165327254285,0.5837850854329815,0.04001863718050856,0.0059468316793135426,0.46641817092655236,0.00015178072348823076,0.00015178072348823076,1.7856555704497736
10310,0.0046194791919362405,0.0013396885373708398,0.630441664645101,0.025988261913942087,0.006206995474629846,0.5841878093769266,0.03999124064697123,0.005951489090014889,0.46678345804038346,0.0001519280834139475,0.0001519280834139475,1.7873892166346763
10320,0.004614330732527449,0.0013405637754703341,0.6308535413978043,0.0259631107110121,0.006211271179127943,0.5845902286238064,0.039963857761016894,0.005956144180627126,0.46714856318644127,0.00015207544333966424,0.00015207544333966424,1.7891228628195792
10330,0.004609186709898857,0.0013414382593171948,0.6312650632080915,0.02593797854787312,0.00621554364686157,0.58499234323403,0.03993648851927706,0.0059607969517228975,0.4675134864096391,0.00015222280326538095,0.00015222280326538095,1.7908565090044817
10340,0.004604047124210883,0.0013423119888841507,0.6316762300631296,0.02591286542074955,0.006219812878472577,0.5853941532680073,0.03990913291838325,0.005965447403874844,0.46787822775488974,0.00015237016319109769,0.00015237016319109769,1.7925901551893844
10350,0.004598911975623942,0.0013431849641439304,0.6320870419500848,0.02588777132586581,0.006224078874602813,0.5857956587861471,0.03988179095496699,0.00597009553765561,0.4682427872671067,0.00015251752311681442,0.00015251752311681442,1.7943238013742873
10360,0.004593781264298453,0.0013440571850692636,0.6324974988561239,0.025862696259446306,0.006228341635894129,0.5861968598488592,0.039854462625659774,0.0059747413536378365,0.46860716499120286,0.00015266488304253113,0.00015266488304253113,1.7960574475591897
10370,0.004588654990394834,0.0013449286516328787,0.6329076007684135,0.025837640217715452,0.006232601162988374,0.5865977565165528,0.03982714792709314,0.005979384852394164,0.4689713609720913,0.00015281224296824787,0.00015281224296824787,1.7977910937440924
10380,0.004583533154073503,0.0013457993638075051,0.63331734767412,0.025812603196897654,0.006236857456527399,0.5869983488496375,0.0397998468558986,0.005984026034497237,0.4693353752546852,0.0001529596028939646,0.0001529596028939646,1.7995247399289953
10390,0.0045784157554948765,0.0013466693215658716,0.63372673956041,0.025787585193217333,0.006241110517153054,0.5873986369085227,0.039772559408707664,0.005988664900519696,0.4696992078838977,0.00015310696281968132,0.00015310696281968132,1.8012583861138978
10400,0.004573302794819372,0.0013475385248807072,0.6341357764144503,0.025762586202898896,0.006245360345507188,0.5877986207536177,0.039745285582151846,0.0059933014510341834,0.4700628589046419,0.00015325432274539805,0.00015325432274539805,1.8029920322988005
10410,0.004568194272207409,0.001348406973724741,0.6345444582234074,0.025737606222166753,0.0062496069422316525,0.588198300445332,0.03971802537286268,0.005997935686613342,0.4704263283618308,0.0001534016826711148,0.0001534016826711148,1.8047256784837034
10420,0.004563090187819403,0.001349274668070702,0.6349527849744478,0.025712645247245317,0.006253850307968297,0.5885976760440749,0.039690778777471666,0.006002567607829815,0.4707896163003776,0.00015354904259683153,0.00015354904259683153,1.806459324668606
10430,0.004557990541815773,0.0013501416078913191,0.6353607566547382,0.025687703274359,0.00625809044335897,0.588996747610256,0.03966354579261033,0.006007197215256241,0.47115272276519543,0.00015369640252254824,0.00015369640252254824,1.8081929708535085
10440,0.004552895334356936,0.0013510077931593214,0.6357683732514453,0.02566278029973221,0.006262327349045525,0.5893955152042847,0.03963632641491019,0.006011824509465265,0.47151564780119726,0.00015384376244826498,0.00015384376244826498,1.8099266170384114
10450,0.00454780456560331,0.001351873223847438,0.6361756347517353,0.025637876319589366,0.006266561025669809,0.5897939788865703,0.03960912064100276,0.006016449491029529,0.4718783914532964,0.00015399112237398169,0.00015399112237398169,1.8116602632233139
10460,0.004542718235715312,0.0013527378999283976,0.6365825411427752,0.025612991330154874,0.0062707914738736725,0.5901921387175221,0.03958192846751955,0.006021072160521673,0.47224095376640574,0.00015413848229969845,0.00015413848229969845,1.813393909408217
10470,0.0045376363448533606,0.0013536018213749293,0.6369890924117314,0.025588125327653144,0.006275018694298966,0.5905899947575497,0.039554749891092096,0.006025692518514342,0.4726033347854386,0.00015428584222541516,0.00015428584222541516,1.8151275555931194
10480,0.004532558893177873,0.001354464988159762,0.6373952885457702,0.025563278308308592,0.00627924268758754,0.5909875470670625,0.0395275849083519,0.006030310565580175,0.4729655345553078,0.0001544332021511319,0.0001544332021511319,1.8168612017780221
10490,0.004527485880849266,0.0013553274002556252,0.6378011295320588,0.025538450268345628,0.006283463454381244,0.59138479570647,0.03950043351593047,0.006034926302291818,0.4733275531209269,0.00015458056207684863,0.00015458056207684863,1.818594847962925
10500,0.004522417308027959,0.0013561890576352475,0.6382066153577635,0.025513641203988663,0.006287680995321928,0.5917817407361814,0.03947329571045934,0.0060395397292219094,0.4736893905272086,0.00015472792200256534,0.00015472792200256534,1.8203284941478275
10510,0.0045173531748743685,0.001357049960271358,0.6386117460100508,0.02548885111146211,0.006291895311051442,0.5921783822166063,0.03944617148857003,0.006044150846943093,0.4740510468190661,0.00015487528192828208,0.00015487528192828208,1.8220621403327302
10520,0.0045122934815489115,0.0013579101081366855,0.6390165214760871,0.02546407998699038,0.0062961064022116365,0.592574720208154,0.03941906084689404,0.006048759656028011,0.47441252204141265,0.00015502264185399882,0.00015502264185399882,1.823795786517633
10530,0.004507238228212007,0.0013587695012039593,0.6394209417430397,0.025439327826797885,0.0063003142694443605,0.592970754771234,0.039391963782062896,0.006053366157049305,0.4747738162391612,0.00015517000177971553,0.00015517000177971553,1.8255294327025355
10540,0.004502187415024072,0.0013596281394459083,0.6398250067980743,0.025414594627109034,0.006304518913391465,0.5933664859662555,0.039364880290708115,0.0060579703505796185,0.47513492945722496,0.00015531736170543227,0.00015531736170543227,1.8272630788874382
10550,0.0044971410421455246,0.0013604860228352614,0.6402287166283581,0.025389880384148238,0.0063087203346948,0.5937619138536282,0.03933781036946121,0.0060625722371915915,0.475495861740517,0.000155464721631149,0.000155464721631149,1.8289967250723411
10560,0.0044920991097367816,0.0013613431513447476,0.6406320712210576,0.025365185094139917,0.006312918533996215,0.5941570384937614,0.03931075401495371,0.0060671718174578676,0.4758566131339504,0.0001556120815568657,0.0001556120815568657,1.8307303712572436
10570,0.0044870616179582615,0.0013621995249470961,0.6410350705633392,0.02534050875330847,0.006317113511937561,0.5945518599470645,0.03928371122381712,0.0060717690919510885,0.47621718368243837,0.00015575944148258245,0.00015575944148258245,1.8324640174421463
10580,0.004482028566970381,0.0013630551436150358,0.6414377146423696,0.025315851357878318,0.006321305269160686,0.5949463782739468,0.03925668199268295,0.006076364061243895,0.47657757343089374,0.0001559068014082992,0.0001559068014082992,1.8341976636270492
10590,0.004476999956933558,0.0013639100073212956,0.6418400034453154,0.02529121290407387,0.006325493806307442,0.5953405935348182,0.03922966631818274,0.006080956725908932,0.47693778242422996,0.0001560541613340159,0.0001560541613340159,1.8359313098119516
10600,0.004471975788008211,0.0013647641160386046,0.6422419369593433,0.025266593388119537,0.0063296791240196795,0.5957345057900875,0.03920266419694799,0.00608554708651884,0.47729781070736005,0.00015620152125973263,0.00015620152125973263,1.8376649559968543
10610,0.004466956060354757,0.0013656174697396918,0.6426435151716196,0.025241992806239733,0.006333861222939247,0.5961281151001644,0.03917567562561022,0.00609013514364626,0.4776576583251969,0.00015634888118544937,0.00015634888118544937,1.8393986021817572
10620,0.004461940774133614,0.0013664700683972862,0.6430447380693111,0.02521741115465886,0.006338040103707994,0.5965214215254583,0.039148700600800945,0.006094720897863837,0.47801732532265384,0.0001564962411111661,0.0001564962411111661,1.84113224836666
10630,0.0044569299295051995,0.0013673219119841166,0.6434456056395841,0.025192848429601344,0.006342215766967772,0.5969144251263785,0.03912173911915169,0.00609930434974421,0.4783768117446439,0.00015664360103688282,0.00015664360103688282,1.8428658945515624
10640,0.004451923526629931,0.0013681730004729124,0.6438461178696058,0.025168304627291586,0.0063463882133604314,0.5973071259633347,0.03909479117729397,0.006103885499860023,0.47873611763608026,0.00015679096096259956,0.00015679096096259956,1.8445995407364653
10650,0.0044469215656682244,0.0013690233338364023,0.6442462747465422,0.025143779743954,0.00635055744352782,0.597699524096736,0.0390678567718593,0.006108464348783918,0.4790952430418759,0.00015693832088831627,0.00015693832088831627,1.8463331869213677
10660,0.004441924046780501,0.0013698729120473156,0.6446460762575602,0.025119273775813,0.00635472345811179,0.598091619586992,0.039040935899479184,0.006113040897088536,0.479454188006944,0.000157085680814033,0.000157085680814033,1.8480668331062704
10670,0.004436930970127175,0.0013707217350783806,0.645045522389826,0.025094786719092994,0.006358886257754191,0.598483412494512,0.03901402855678515,0.006117615145346521,0.4798129525761977,0.00015723304073974974,0.00015723304073974974,1.8498004792911733
10680,0.004431942335868667,0.001371569802902327,0.6454446131305067,0.0250703185700184,0.006363045843096872,0.5988749028797056,0.03898713474040873,0.0061221870941305144,0.48017153679455016,0.00015738040066546645,0.00015738040066546645,1.8515341254760758
10690,0.004426958144165391,0.0013724171154918838,0.6458433484667687,0.025045869324813626,0.006367202214781684,0.5992660908029821,0.03896025444698142,0.006126756744013157,0.4805299407069143,0.00015752776059118321,0.00015752776059118321,1.853267771660979
10700,0.004421978395177769,0.0013732636728197797,0.6462417283857785,0.025021438979703076,0.0063713553734504776,0.5996569763247508,0.03893338767313474,0.006131324095567093,0.48088816435820336,0.00015767512051689992,0.00015767512051689992,1.8550014178458814
10710,0.004417003089066216,0.0013741094748587438,0.6466397528747029,0.024997027530911174,0.0063755053197451,0.6000475595054212,0.03890653441550021,0.006135889149364962,0.4812462077933303,0.00015782248044261663,0.00015782248044261663,1.8567350640307838
10720,0.00441203222599115,0.001374954521581505,0.6470374219207081,0.024972634974662324,0.006379652054307405,0.6004378404054028,0.038879694670709355,0.006140451905979408,0.4816040710572084,0.0001579698403683334,0.0001579698403683334,1.858468710215687
10730,0.004407065806112989,0.0013757988129607926,0.6474347355109611,0.02494826130718094,0.0063837955777792405,0.600827819085105,0.03885286843539368,0.006145012365983074,0.48196175419475085,0.0001581172002940501,0.0001581172002940501,1.8602023564005894
10740,0.004402103829592149,0.0013766423489693352,0.6478316936326282,0.024923906524691432,0.006387935890802457,0.6012174956049371,0.0388260557061847,0.006149570529948599,0.4823192572508705,0.00015826456021976685,0.00015826456021976685,1.861936002585492
10750,0.004397146296589051,0.001377485129579862,0.648228296272876,0.024899570623418216,0.006392072994018904,0.6016068700253085,0.038799256479713946,0.006154126398448628,0.4826765802704806,0.00015841192014548358,0.00015841192014548358,1.863669648770395
10760,0.0043921932072641095,0.001378327154765102,0.6486245434188714,0.0248752535995857,0.006396206888070432,0.6019959424066288,0.03877247075261293,0.006158679972055801,0.48303372329849414,0.0001585592800712003,0.0001585592800712003,1.8654032949552974
10770,0.0043872445617777435,0.0013791684244977842,0.6490204350577806,0.02485095544941829,0.006400337573598891,0.6023847128093074,0.038745698521513154,0.006163231251342762,0.48339068637982446,0.00015870663999691703,0.00015870663999691703,1.8671369411402001
10780,0.004382300360290371,0.0013800089387506376,0.6494159711767705,0.02482667616914041,0.006404465051246131,0.6027731812937535,0.038718939783046157,0.006167780236882151,0.4837474695593844,0.00015885399992263377,0.00015885399992263377,1.868870587325103
10790,0.004377360602962408,0.0013808486974963912,0.6498111517630075,0.024802415754976458,0.006408589321654002,0.6031613479203767,0.03869219453384344,0.0061723269292466125,0.4841040728820873,0.00015900135984835048,0.00015900135984835048,1.8706042335100055
10800,0.004372425289954273,0.0013816877007077739,0.6502059768036581,0.024778174203150857,0.006412710385464354,0.6035492127495863,0.038665462770536535,0.006176871329008788,0.4844604963928461,0.0001591487197740672,0.0001591487197740672,1.8723378796949082
10810,0.0043674944214263855,0.001382525948357515,0.6506004462858893,0.024753951509888013,0.006416828243319038,0.6039367758417917,0.03863874448975694,0.006181413436741319,0.48481674013657405,0.00015929607969978395,0.00015929607969978395,1.874071525879811
10820,0.00436256799753916,0.0013833634404183432,0.6509945601968672,0.02472974767141234,0.0064209428958599025,0.6043240372574026,0.03861203968813619,0.006185953253016846,0.48517280415818403,0.0001594434396255007,0.0001594434396255007,1.8758051720647138
10830,0.004357646018453017,0.0013842001768629877,0.6513883185237588,0.024705562683948246,0.006425054343728798,0.6047109970568281,0.03858534836230579,0.006190490778408014,0.4855286885025894,0.0001595907995512174,0.0001595907995512174,1.8775388182496162
10840,0.004352728484328371,0.0013850361576641774,0.6517817212537305,0.02468139654372015,0.006429162587567576,0.6050976553004777,0.03855867050889726,0.006195026013487464,0.48588439321470306,0.00015973815947693413,0.00015973815947693413,1.8792724644345191
10850,0.0043478153953256425,0.0013858713827946414,0.6521747683739487,0.02465724924695245,0.006433267628018084,0.6054840120487608,0.03853200612454211,0.006199558958827838,0.4862399183394383,0.00015988551940265087,0.00015988551940265087,1.8810061106194218
10860,0.004342906751605247,0.0013867058522271083,0.6525674598715803,0.02463312078986957,0.006437369465722173,0.6058700673620868,0.03850535520587188,0.006204089615001778,0.4865952639217081,0.0001600328793283676,0.0001600328793283676,1.8827397568043247
10870,0.004338002553327605,0.0013875395659343076,0.6529597957337917,0.02460901116869592,0.006441468101321694,0.6062558213008653,0.03847871774951807,0.006208617982581927,0.4869504300064257,0.00016018023925408432,0.00016018023925408432,1.8844734029892272
10880,0.004333102800653132,0.0013883725238889681,0.6533517759477496,0.024584920379655907,0.006445563535458497,0.6066412739255055,0.03845209375211219,0.0062131440621409255,0.48730541663850396,0.00016032759917980103,0.00016032759917980103,1.8862070491741296
10890,0.004328207493742246,0.0013892047260638189,0.6537434005006205,0.024560848418973942,0.00644965576877443,0.6070264252964169,0.03842548321028577,0.0062176678542514175,0.4876602238628563,0.0001604749591055178,0.0001604749591055178,1.8879406953590328
10900,0.004323316632755363,0.0013900361724315888,0.6541346693795711,0.024536795282874443,0.0064537448019113455,0.607411275474009,0.03839888612067032,0.006222189359486044,0.4880148517243956,0.0001606223190312345,0.0001606223190312345,1.8896743415439352
10910,0.004318430217852904,0.001390866862965007,0.6545255825717678,0.024512760967581815,0.006457830635511092,0.607795824518691,0.03837230247989736,0.006226708578417447,0.48836930026803504,0.0001607696789569512,0.0001607696789569512,1.8914079877288377
10920,0.004313548249195285,0.0013916967976368023,0.6549161400643775,0.024488745469320478,0.00646191327021552,0.6081800724908725,0.03834573228459841,0.0062312255116182685,0.48872356953868773,0.00016091703888266795,0.00016091703888266795,1.8931416339137404
10930,0.004308670726942921,0.001392525976419704,0.6553063418445665,0.02446474878431483,0.00646599270666648,0.6085640194509628,0.03831917553140497,0.0062357401596611515,0.4890776595812668,0.0001610643988083847,0.0001610643988083847,1.8948752800986433
10940,0.0043037976512562345,0.0013933543992864406,0.6556961878995013,0.024440770908789294,0.00647006894550582,0.6089476654593713,0.03829263221694859,0.0062402525231187375,0.48943157044068536,0.00016121175873410142,0.00016121175873410142,1.896608926283546
10950,0.004298929022295639,0.0013941820662097418,0.6560856782163489,0.02441681183896828,0.0064741419873753925,0.6093310105765075,0.038266102337860756,0.006244762602563669,0.48978530216185645,0.00016135911865981816,0.00016135911865981816,1.8983425724684488
10960,0.004294064840221556,0.001395008977162336,0.6564748127822756,0.024392871571076197,0.006478211832917047,0.609714054862781,0.038239585890773004,0.006249270398568588,0.4901388547896932,0.00016150647858553487,0.00016150647858553487,1.9000762186533513
10970,0.0042892051051944,0.0013958351321169526,0.6568635915844482,0.024368950101337453,0.006482278482772634,0.6100967983786008,0.03821308287231683,0.006253775911706136,0.4904922283691087,0.0001616538385112516,0.0001616538385112516,1.901809864838254
10980,0.0042843498173745906,0.00139666053104632,0.6572520146100329,0.024345047425976464,0.006486341937584001,0.6104792411843766,0.03818659327912377,0.006258279142548956,0.4908454229450162,0.00016180119843696835,0.00016180119843696835,1.9035435110231569
10990,0.004279498976922544,0.0013974851739231681,0.6576400818461966,0.024321163541217647,0.0064904021979930015,0.6108613833405178,0.03816011710782534,0.00626278009166969,0.49119843856232864,0.00016194855836268506,0.00016194855836268506,1.9052771572080593
11000,0.004274652583998678,0.0013983090607202252,0.6580277932801059,0.024297298443285403,0.006494459264641482,0.6112432249074335,0.038133654355053045,0.00626727875964098,0.4915512752659592,0.0001620959182884018,0.0001620959182884018,1.907010803392962
11010,0.004269810638763411,0.0013991321914102206,0.6584151488989273,0.02427345212840415,0.006498513138171295,0.6116247659455336,0.03810720501743842,0.006271775147035467,0.491903933100821,0.00016224327821411853,0.00016224327821411853,1.908744449577865
11020,0.00426497314137716,0.0013999545659658832,0.6588021486898273,0.024249624592798297,0.00650256381922429,0.6120060065152273,0.038080769091612954,0.006276269254425795,0.4922564121118271,0.00016239063813983527,0.00016239063813983527,1.9104780957627676
11030,0.004260140092000344,0.001400776184359942,0.6591887926399727,0.024225815832692257,0.006506611308442317,0.6123869466769238,0.0380543465742082,0.0062807610823846045,0.4926087123438906,0.00016253799806555198,0.00016253799806555198,1.91221174194767
11040,0.0042553114907933785,0.0014015970465651262,0.6595750807365298,0.024202025844310443,0.006510655606467225,0.6127675864910329,0.03802793746185564,0.006285250631484539,0.49296083384192463,0.00016268535799126871,0.00016268535799126871,1.913945388132573
11050,0.004250487337916682,0.0014024171525541646,0.6599610129666655,0.024178254623877262,0.006514696713940866,0.6131479260179639,0.038001541751186814,0.00628973790229824,0.49331277665084233,0.00016283271791698545,0.00016283271791698545,1.9156790343174757
11060,0.004245667633530673,0.001403236502299786,0.6603465893175462,0.02415450216761713,0.006518734631505089,0.613527965318126,0.03797515943883323,0.00629422289539835,0.49366454081555683,0.0001629800778427022,0.0001629800778427022,1.9174126805023786
11070,0.0042408523777957684,0.0014040550957747197,0.6607318097763386,0.024130768471754455,0.006522769359801743,0.6139077044519288,0.037948790521426405,0.006298705611357509,0.4940161263809811,0.0001631274377684189,0.0001631274377684189,1.919146326687281
11080,0.004236041570872387,0.0014048729329516948,0.6611166743302092,0.024107053532513655,0.00652680089947268,0.6142871434797816,0.03792243499559786,0.006303186050748362,0.4943675333920284,0.0001632747976941356,0.0001632747976941356,1.9208799728721835
11090,0.004231235212920943,0.0014056900138034402,0.6615011829663247,0.02408335734611913,0.006530829251159748,0.6146662824620939,0.037896092857979104,0.006307664214143549,0.49471876189361175,0.00016342215761985235,0.00016342215761985235,1.9226136190570864
11100,0.004226433304101858,0.0014065063383026846,0.6618853356718515,0.024059679908795303,0.0065348544155047995,0.6150451214592753,0.03786976410520167,0.006312140102115714,0.49506981193064425,0.00016356951754556908,0.00016356951754556908,1.924347265241989
11110,0.004221635844575548,0.0014073219064221574,0.6622691324339562,0.02403602121676658,0.006538876393149682,0.6154236605317347,0.037843448733897056,0.006316613715237499,0.49542068354803914,0.00016371687747128582,0.00016371687747128582,1.9260809114268918
11120,0.004216842834502431,0.0014081367181345873,0.6626525732398056,0.024012381266257373,0.006542895184736247,0.615801899739882,0.03781714674069679,0.006321085054081544,0.4957713767907093,0.00016386423739700253,0.00016386423739700253,1.9278145576117944
11130,0.004212054274042924,0.0014089507734127036,0.6630356580765663,0.023988760053492094,0.006546910790906345,0.6161798391441266,0.03779085812223238,0.0063255541192204934,0.49612189170356813,0.00016401159732271927,0.00016401159732271927,1.9295482037966971
11140,0.004207270163357444,0.0014097640722292352,0.6634183869314046,0.023965157574695153,0.006550923212301824,0.6165574788048775,0.03776458287513536,0.006330020911226987,0.4964722283315284,0.000164158957248436,0.000164158957248436,1.9312818499816
11150,0.00420249050260641,0.0014105766145569108,0.6638007597914873,0.02394157382609097,0.006554932449564535,0.6169348187825445,0.03773832099603723,0.0063344854306736685,0.49682238671950346,0.00016430631717415274,0.00016430631717415274,1.9330154961665027
11160,0.0041977152919502395,0.0014113884003684597,0.664182776643981,0.023918008803903948,0.0065589385033363295,0.6173118591375368,0.03771207248156951,0.006338947678133181,0.49717236691240635,0.00016445367709986945,0.00016445367709986945,1.9347491423514052
11170,0.00419294453154935,0.001412199429636611,0.6645644374760521,0.023894462504358498,0.006562941374259056,0.617688599930264,0.037685837328363725,0.0063434076541781645,0.4975221689551501,0.0001646010370255862,0.0001646010370255862,1.936482788536308
11180,0.00418817822156416,0.0014130097023340935,0.6649457422748674,0.023870934923679032,0.0065669410629745645,0.6180650412211355,0.03765961553305139,0.006347865359381262,0.49787179289264805,0.00016474839695130293,0.00016474839695130293,1.9382164347212107
11190,0.004183416362155084,0.0014138192184336362,0.6653266910275933,0.02384742605808997,0.006570937570124706,0.6184411830705605,0.03763340709226401,0.006352320794315115,0.498221238769813,0.00016489575687701964,0.00016489575687701964,1.9399500809061132
11200,0.004178658953482543,0.001414627977907968,0.6657072837213965,0.023823935903815714,0.00657493089635133,0.6188170255389486,0.03760721200263312,0.006356773959552368,0.4985705066315583,0.00016504311680273637,0.00016504311680273637,1.941683727091016
11210,0.004173905995706953,0.0014154359807298184,0.6660875203434438,0.02380046445708068,0.006578921042296286,0.6191925686867092,0.037581030260790224,0.00636122485566566,0.49891959652279694,0.0001651904767284531,0.0001651904767284531,1.9434173732759188
11220,0.004169157488988733,0.001416243226871916,0.6664674008809015,0.023777011714109272,0.006582908008601424,0.6195678125742516,0.03755486186336684,0.0063656734832276355,0.499268508488442,0.00016533783665416982,0.00016533783665416982,1.9451510194608213
11230,0.0041644134334882996,0.0014170497163069895,0.6668469253209361,0.023753577671125913,0.006586891795908595,0.6199427572619854,0.037528706806994494,0.006370119842810934,0.4996172425734066,0.00016548519657988656,0.00016548519657988656,1.9468846656457242
11240,0.004159673829366071,0.0014178554490077684,0.6672260936507144,0.023730162324355007,0.006590872404859649,0.6203174028103199,0.03750256508830469,0.0063745639349881995,0.4999657988226039,0.0001656325565056033,0.0001656325565056033,1.9486183118306268
11250,0.004154938676782463,0.0014186604249469817,0.667604905857403,0.023706765670020974,0.006594849836096436,0.6206917492796645,0.03747643670392896,0.006379005760332075,0.5003141772809471,0.00016577991643132,0.00016577991643132,1.9503519580155293
11260,0.004150207975897895,0.0014194646440973584,0.6679833619281685,0.023683387704348212,0.006598824090260805,0.6210657967304286,0.0374503216504988,0.0063834453194152015,0.5006623779933491,0.00016592727635703677,0.00016592727635703677,1.9520856042004324
11270,0.004145481726872785,0.001420268106431627,0.6683614618501773,0.023660028423561144,0.006602795167994606,0.6214395452230217,0.03742421992464575,0.00638788261281022,0.5010104010047232,0.00016607463628275348,0.00016607463628275348,1.9538192503853349
11280,0.004140759929867549,0.001421070811922517,0.6687392056105962,0.02363668782388418,0.006606763069939691,0.6218129948178532,0.03739813152300131,0.006392317641089775,0.5013582463599824,0.0001662219962084702,0.0001662219962084702,1.9555528965702373
11290,0.004136042585042606,0.0014218727605427575,0.6691165931965917,0.023613365901541727,0.0066107277967379086,0.6221861455753325,0.03737205644219701,0.006396750404826507,0.5017059141040398,0.00016636935613418695,0.00016636935613418695,1.9572865427551405
11300,0.004131329692558373,0.0014226739522650769,0.6694936245953302,0.023590062652758197,0.006614689349031107,0.6225589975558689,0.03734599467886436,0.006401180904593058,0.5020534042818084,0.00016651671605990366,0.00016651671605990366,1.959020188940043
11310,0.0041266212525752684,0.0014234743870622049,0.6698702997939787,0.023566778073758003,0.00661864772746114,0.622931550819872,0.03731994622963487,0.00640560914096207,0.5024007169382015,0.0001666640759856204,0.0001666640759856204,1.9607538351249458
11320,0.00412191726525371,0.00142427406490687,0.6702466187797034,0.023543512160765563,0.0066226029326698545,0.623303805427751,0.03729391109114007,0.0064100351145061855,0.5027478521181322,0.0001668114359113371,0.0001668114359113371,1.9624874813098483
11330,0.004117217730754113,0.0014250729857718013,0.670622581539671,0.02352026491000527,0.0066265549652991034,0.6236757614399155,0.03726788926001147,0.006414458825798048,0.5030948098665136,0.00016695879583705385,0.00016695879583705385,1.964221127494751
11340,0.004112522649236898,0.0014258711496297279,0.6709981880610483,0.023497036317701562,0.006630503825990735,0.6240474189167751,0.03724188073288059,0.006418880275410299,0.5034415902282587,0.00016710615576277058,0.00016710615576277058,1.9659547736796539
11350,0.004107832020862481,0.001426668556453379,0.6713734383310017,0.023473826380078833,0.0066344495153865994,0.6244187779187388,0.03721588550637894,0.006423299463915578,0.5037881932482807,0.00016725351568848732,0.00016725351568848732,1.9676884198645566
11360,0.00410314584579128,0.001427465206215483,0.6717483323366977,0.023450635093361497,0.006638392034128546,0.624789838506216,0.03718990357713804,0.00642771639188653,0.5041346189714926,0.00016740087561420403,0.00016740087561420403,1.969422066049459
11370,0.0040984641241837115,0.0014282610988887695,0.6721228700653031,0.023427462453773966,0.006642331382858427,0.6251606007396165,0.03716393494178942,0.006432131059895797,0.5044808674428076,0.00016754823553992077,0.00016754823553992077,1.971155712234362
11380,0.004093786856200196,0.0014290562344459671,0.6724970515039844,0.02340430845754065,0.006646267562218089,0.6255310646793495,0.037137979596964577,0.00643654346851602,0.5048269387071388,0.0001676955954656375,0.0001676955954656375,1.9728893584192646
11390,0.004089114042001149,0.001429850612859805,0.6728708766399082,0.023381173100885968,0.006650200572849386,0.6259012303858246,0.03711203753929504,0.006440953618319841,0.5051728328093993,0.00016784295539135421,0.00016784295539135421,1.974623004604167
11400,0.0040844456817469895,0.0014306442341030124,0.673244345460241,0.023358056380034325,0.0066541304153941655,0.6262710979194508,0.03708610876541232,0.006445361509879902,0.5055185497945022,0.00016799031531707092,0.00016799031531707092,1.9763566507890695
11410,0.004079781775598133,0.0014314370981483178,0.6736174579521494,0.023334958291210135,0.006658057090494278,0.626640667340638,0.03706019327194794,0.006449767143768848,0.5058640897073606,0.0001681376752427877,0.0001681376752427877,1.9780902969739727
11420,0.004075122323714998,0.0014322292049684508,0.6739902141028002,0.023311878830637803,0.006661980598791573,0.6270099387097952,0.037034291055533415,0.0064541705205593165,0.5062094525928876,0.0001682850351685044,0.0001682850351685044,1.979823943158875
11430,0.004070467326258004,0.0014330205545361398,0.6743626138993598,0.02328881799454175,0.006665900940927902,0.6273789120873319,0.03700840211280026,0.006458571640823954,0.5065546384959965,0.00016843239509422114,0.00016843239509422114,1.981557589343778
11440,0.0040658167833875665,0.0014338111468241144,0.674734657328995,0.02326577577914639,0.006669818117545115,0.6277475875336579,0.03698252644038,0.006462970505135399,0.5068996474615999,0.00016857975501993787,0.00016857975501993787,1.9832912355286807
11450,0.004061170695264103,0.001434600981805103,0.6751063443788718,0.02324275218067612,0.00667373212928506,0.628115965109182,0.03695666403490412,0.006467367114066296,0.5072444795346115,0.00016872711494565458,0.00016872711494565458,1.9850248817135832
11460,0.004056529062048033,0.001435390059451835,0.6754776750361576,0.023219747195355363,0.006677642976789589,0.6284840448743142,0.036930814893004184,0.006471761468189287,0.5075891347599442,0.00016887447487137135,0.00016887447487137135,1.9867585278984863
11470,0.004051891883899773,0.0014361783797370393,0.6758486492880184,0.023196760819408527,0.00668155066070055,0.6288518268894635,0.03690497901131168,0.006476153568077013,0.5079336131825108,0.00016902183479708806,0.00016902183479708806,1.9884921740833887
11480,0.004047259160979739,0.0014369659426334447,0.676219267121621,0.023173793049060025,0.0066854551816597965,0.6292193112150397,0.03687915638645813,0.006480543414302115,0.5082779148472247,0.00016916919472280477,0.00016916919472280477,1.9902258202682912
11490,0.004042630893448353,0.0014377527481137806,0.6765895285241319,0.023150843880534268,0.006689356540309175,0.6295864979114517,0.036853347015075054,0.006484931007437239,0.5086220397989991,0.0001693165546485215,0.0001693165546485215,1.991959466453194
11500,0.004038007081466028,0.0014385387961507758,0.6769594334827179,0.02312791331005566,0.006693254737290538,0.6299533870391094,0.03682755089379397,0.006489316348055023,0.508965988082747,0.00016946391457423824,0.00016946391457423824,1.9936931126380968
11510,0.004033387725193185,0.0014393240867171591,0.6773289819845454,0.02310500133384863,0.0066971497732457325,0.6303199786584218,0.03680176801924639,0.006493699436728112,0.5093097597433813,0.00016961127449995498,0.00016961127449995498,1.9954267588229997
11520,0.0040287728247902395,0.0014401086197856597,0.6776981740167809,0.023082107948137576,0.006701041648816612,0.6306862728297987,0.03677599838806383,0.006498080274029146,0.5096533548258154,0.0001697586344256717,0.0001697586344256717,1.9971604050079022
11530,0.00402416238041761,0.0014408923953290068,0.6780670095665913,0.023059233149146912,0.0067049303646450256,0.6310522696136494,0.03675024199687781,0.00650245886053077,0.5099967733749623,0.00016990599435138843,0.00016990599435138843,1.9988940511928048
11540,0.004019556392235715,0.001441675413319929,0.6784354886211429,0.023036376933101052,0.006708815921372822,0.6314179690703832,0.03672449884231985,0.006506835196805623,0.5103400154357352,0.00017005335427710514,0.00017005335427710514,2.0006276973777073
11550,0.004014954860404971,0.0014424576737311556,0.6788036111676026,0.023013539296224406,0.006712698319641852,0.6317833712604095,0.03669876892102147,0.006511209283426349,0.510683081053047,0.0001702007142028219,0.0001702007142028219,2.0023613435626104
11560,0.004010357785085794,0.0014432391765354154,0.6791713771931366,0.022990720234741382,0.006716577560093966,0.632148476244138,0.03667305222961417,0.006515581120965589,0.511025970271811,0.0001703480741285386,0.0001703480741285386,2.004094989747513
11570,0.004005765166438605,0.0014440199217054376,0.6795387866849117,0.0229679197448764,0.006720453643371013,0.6325132840819777,0.036647348764729484,0.006519950709995986,0.5113686831369401,0.00017049543405425535,0.00017049543405425535,2.005828635932416
11580,0.00400117700462382,0.0014447999092139512,0.6799058396300945,0.022945137822853866,0.0067243265701148434,0.6328777948343381,0.03662165852299892,0.006524318051090182,0.5117112196933475,0.00017064279397997208,0.00017064279397997208,2.0075622821173185
11590,0.003996593299801857,0.001445579139033685,0.6802725360158517,0.022922374464898185,0.006728196340967309,0.633242008561629,0.036595981501054003,0.006528683144820817,0.5120535799859465,0.0001707901539056888,0.0001707901539056888,2.009295928302221
11600,0.003992014052133133,0.0014463576111373678,0.6806388758293495,0.022899629667233783,0.0067320629565702575,0.6336059253242595,0.03657031769552624,0.006533045991760537,0.5123957640596499,0.0001709375138314055,0.0001709375138314055,2.0110295744871234
11610,0.003987439261778065,0.0014471353254977295,0.6810048590577549,0.022876903426085067,0.006735926417565539,0.6339695451826389,0.03654466710304715,0.006537406592481983,0.5127377719593712,0.00017108487375712227,0.00017108487375712227,2.0127632206720265
11620,0.0039828689288970735,0.0014479122820874979,0.6813704856882342,0.02285419573767644,0.006739786724595006,0.6343328681971769,0.03651902972024826,0.006541764947557794,0.513079603730023,0.00017123223368283898,0.00017123223368283898,2.014496866856929
11630,0.0039783030536505734,0.001448688480879403,0.6817357557079543,0.022831506598232323,0.006743643878300506,0.6346958944282828,0.03649340554376108,0.006546121057560615,0.513421259416519,0.00017137959360855572,0.00017137959360855572,2.016230513041832
11640,0.0039737416361989835,0.0014494639218461732,0.6821006691040814,0.022808836003977123,0.00674749787932389,0.635058623936366,0.03646779457021712,0.0065504749230630875,0.5137627390637716,0.00017152695353427245,0.00017152695353427245,2.0179641592267346
11650,0.003969184676702721,0.001450238604960538,0.6824652258637824,0.022786183951135255,0.006751348728307008,0.635421056781836,0.036442196796247904,0.006554826544637854,0.5141040427166944,0.00017167431345998916,0.00017167431345998916,2.0196978054116372
11660,0.003964632175322205,0.0014510125301952258,0.6828294259742238,0.022763550435931125,0.0067551964258917106,0.6357831930251021,0.03641661221848495,0.006559175922857556,0.5144451704202005,0.00017182167338570593,0.00017182167338570593,2.0214314515965404
11670,0.00396008413221785,0.001451785697522966,0.6831932694225722,0.022740935454589148,0.006759040972719846,0.6361450327265736,0.036391040833559776,0.006563523058294836,0.5147861222192028,0.00017196903331142264,0.00017196903331142264,2.0231650977814426
11680,0.003955540547550077,0.0014525581069164874,0.683556756195994,0.022718339003333737,0.006762882369433265,0.6365065759466602,0.036365482638103894,0.0065678679515223356,0.5151268981586146,0.00017211639323713935,0.00017211639323713935,2.0248987439663453
11690,0.0039510014214793,0.0014533297583485193,0.683919886281656,0.0226957610783893,0.00676672061667382,0.6368678227457713,0.03633993762874882,0.006572210603112699,0.5154674982833489,0.00017226375316285608,0.00017226375316285608,2.026632390151248
11700,0.003946466754165941,0.0014541006517917905,0.6842826596667249,0.02267320167598025,0.006770555715083358,0.637228773184316,0.03631440580212608,0.006576551013638564,0.5158079226383188,0.00017241111308857282,0.00017241111308857282,2.0283660363361506
11710,0.003941936545770415,0.00145487078721903,0.6846450763383669,0.022650660792331002,0.00677438766530373,0.637589427322704,0.03628888715486719,0.006580889183672577,0.5161481712684374,0.00017255847301428956,0.00017255847301428956,2.0300996825210533
11720,0.00393741079645314,0.0014556401646029667,0.6850071362837489,0.022628138423665966,0.006778216467976787,0.6379497852213446,0.03626338168360365,0.006585225113787377,0.5164882442186178,0.00017270583294000627,0.00017270583294000627,2.031833328705956
11730,0.003932889506374533,0.00145640878391633,0.6853688394900376,0.022605634566209547,0.006782042123744378,0.6383098469406473,0.036237889384967,0.006589558804555609,0.5168281415337733,0.000172853192865723,0.000172853192865723,2.0335669748908587
11740,0.003928372675695013,0.0014571766451318482,0.685730185944399,0.02258314921618617,0.006785864633248352,0.6386696125410214,0.03621241025558873,0.006593890256549913,0.5171678632588167,0.00017300055279143972,0.00017300055279143972,2.0353006210757614
11750,0.003923860304574997,0.001457943748222251,0.6860911756340003,0.02256068236982023,0.006789683997130562,0.6390290820828763,0.036186944292100384,0.006598219470342932,0.5175074094386614,0.00017314791271715648,0.00017314791271715648,2.0370342672606645
11760,0.003919352393174903,0.001458710093160267,0.686451808546008,0.02253823402333615,0.006793500216032855,0.6393882556266216,0.03616149149113347,0.006602546446507308,0.5178467801182202,0.0001732952726428732,0.0001732952726428732,2.0387679134455667
11770,0.003914848941655147,0.0014594756799186255,0.6868120846675884,0.02251580417295834,0.006797313290597083,0.6397471332326666,0.036136051849319506,0.006606871185615683,0.5181859753424065,0.00017344263256858993,0.00017344263256858993,2.0405015596304694
11780,0.003910349950176149,0.0014602405084700551,0.6871720039859082,0.02249339281491121,0.0068011232214650955,0.6401057149614208,0.036110625363289996,0.006611193688240698,0.5185249951561332,0.00017358999249430666,0.00017358999249430666,2.0422352058153725
11790,0.003905855418898325,0.0014610045787872851,0.6875315664881341,0.02247099994541917,0.006804930009278742,0.6404640008732934,0.036085212029676475,0.006615513954954998,0.5188638396043136,0.00017373735242002337,0.00017373735242002337,2.043968852000275
11800,0.003901365347982094,0.0014617678908430444,0.6878907721614326,0.022448625560706634,0.006808733654679874,0.640821991028694,0.036059811845110444,0.006619831986331222,0.5192025087318606,0.00017388471234574008,0.00017388471234574008,2.0457024981851775
11810,0.003896879737587872,0.0014625304446100624,0.6882496209929704,0.02242626965699801,0.006812534158310339,0.641179685488032,0.03603442480622343,0.006624147782942015,0.5195410025836875,0.00017403207227145685,0.00017403207227145685,2.0474361443700806
11820,0.0038923985878760777,0.0014632922400610673,0.6886081129699139,0.022403932230517717,0.006816331520811988,0.6415370843117165,0.03600905090964695,0.006628461345360016,0.5198793212047071,0.00017417943219717356,0.00017417943219717356,2.049169790554983
11830,0.0038879218990071295,0.0014640532771687887,0.6889662480794299,0.022381613277490157,0.006820125742826673,0.6418941875601575,0.03598369015201251,0.00663277267415787,0.520217464639833,0.0001743267921228903,0.0001743267921228903,2.0509034367398855
11840,0.003883449671141443,0.0014648135559059553,0.6893240263086847,0.022359312794139753,0.0068239168249962425,0.642250995293764,0.03595834252995165,0.006637081769908217,0.5205554329339778,0.00017447415204860703,0.00017447415204860703,2.0526370829247886
11850,0.0038789819044394366,0.0014655730762452963,0.6896814476448452,0.022337030776690907,0.006827704767962546,0.6426075075729455,0.035933008040095867,0.006641388633183701,0.5208932261320549,0.00017462151197432374,0.00017462151197432374,2.054370729109691
11860,0.003874518599061529,0.0014663318381595407,0.6900385120750778,0.02231476722136803,0.006831489572367435,0.6429637244581116,0.03590768667907668,0.006645693264556962,0.5212308442789775,0.00017476887190004048,0.00017476887190004048,2.0561043752945936
11870,0.0038700597551681367,0.0014670898416214173,0.6903952195865491,0.022292522124395545,0.006835271238852758,0.6433196460096714,0.03588237844352561,0.006649995664600644,0.5215682874196583,0.00017491623182575722,0.00017491623182575722,2.0578380214794967
11880,0.0038656053729196776,0.0014678470866036552,0.6907515701664259,0.022270295481997847,0.006839049768060367,0.6436752722880346,0.035857083330074174,0.006654295833887387,0.5219055555990108,0.00017506359175147393,0.00017506359175147393,2.059571667664399
11890,0.00386115545247657,0.0014686035730789838,0.6911075638018747,0.02224808729039936,0.006842825160632109,0.6440306033536102,0.035831801335353894,0.006658593772989836,0.5222426488619479,0.00017521095167719066,0.00017521095167719066,2.0613053138493016
11900,0.0038567099939992304,0.0014693593010201315,0.6914632004800618,0.022225897545824498,0.006846597417209836,0.644385639266808,0.03580653245599627,0.006662889482480632,0.522579567253383,0.0001753583116029074,0.0001753583116029074,2.0630389600342047
11910,0.0038522689976480777,0.0014701142703998273,0.6918184801881538,0.022203726244497658,0.006850366538435399,0.6447403800880375,0.035781276688632846,0.006667182962932415,0.5229163108182286,0.0001755056715286241,0.0001755056715286241,2.064772606219107
11920,0.0038478324635835286,0.0014708684811908007,0.6921734029133179,0.022181573382643264,0.006854132524950646,0.6450948258777078,0.035756034029895106,0.006671474214917829,0.5232528796013983,0.00017565303145434085,0.00017565303145434085,2.0665062524040096
11930,0.0038434003919660003,0.0014716219333657803,0.6925279686427199,0.02215943895648572,0.006857895377397428,0.6454489766962285,0.03573080447641459,0.0066757632390095165,0.5235892736478052,0.00017580039138005759,0.00017580039138005759,2.0682398985889128
11940,0.003838972782955912,0.0014723746268974955,0.6928821773635272,0.022137322962249448,0.006861655096417595,0.6458028326040088,0.03570558802482281,0.00668005003578012,0.5239254930023624,0.0001759477513057743,0.0001759477513057743,2.069973544773815
11950,0.0038345496367136805,0.001473126561758675,0.6932360290629057,0.022115225396158848,0.006865411682652997,0.6461563936614585,0.03568038467175129,0.00668433460580228,0.5242615377099827,0.00017609511123149106,0.00017609511123149106,2.071707190958718
11960,0.0038301309533997235,0.0014738777379220476,0.6935895237280223,0.02209314625443834,0.006869165136745483,0.6465096599289866,0.035655194413831526,0.006688616949648639,0.5245974078155795,0.00017624247115720777,0.00017624247115720777,2.073440837143621
11970,0.003825716733174458,0.0014746281553603426,0.6939426613460434,0.022071085533312326,0.006872915459336906,0.6468626314670028,0.03563001724769505,0.0066928970678918395,0.5249331033640658,0.0001763898310829245,0.0001763898310829245,2.0751744833285235
11980,0.0038213069761983028,0.001475377814046289,0.694295441904136,0.022049043229005225,0.006876662651069112,0.6472153083359165,0.03560485316997338,0.006697174961104523,0.5252686244003547,0.00017653719100864124,0.00017653719100864124,2.076908129513426
11990,0.0038169016826316744,0.001476126713952616,0.6946478653894662,0.022027019337741448,0.006880406712583954,0.6475676905961368,0.03557970217729803,0.0067014506298593325,0.5256039709693594,0.00017668455093435795,0.00017668455093435795,2.078641775698329
12000,0.003812500852634991,0.0014768748550520521,0.6949999317892009,0.02200501385574541,0.006884147644523281,0.6479197783080735,0.03555456426630052,0.00670572407472891,0.525939143115993,0.0001768319108600747,0.0001768319108600747,2.0803754218832315
12010,0.0038081044863686707,0.0014776222373173264,0.6953516410905064,0.02198302677924151,0.006887885447528944,0.6482715715321359,0.03552943943361236,0.006709995296285898,0.5262741408851684,0.00017697927078579143,0.00017697927078579143,2.0821090680681342
12020,0.0038037125839931307,0.0014783688607211683,0.6957029932805496,0.021961058104454173,0.006891620122242791,0.6486230703287332,0.03550432767586507,0.006714264295102936,0.5266089643217989,0.00017712663071150814,0.00017712663071150814,2.083842714253037
12030,0.0037993251456687883,0.0014791147252363065,0.696053988346497,0.021939107827607808,0.0068953516693066735,0.6489742747582751,0.035479228989690165,0.00671853107175267,0.5269436134707977,0.00017727399063722487,0.00017727399063722487,2.0855763604379396
12040,0.0037949421715560614,0.00147985983083547,0.6964046262755151,0.02191717594492682,0.006899080089362441,0.6493251848811709,0.03545414337171917,0.0067227956268077396,0.5272780883770776,0.0001774213505629416,0.0001774213505629416,2.0873100066228423
12050,0.003790563661815368,0.0014806041774913879,0.6967549070547706,0.021895262452635622,0.006902805383051945,0.64967580075783,0.03542907081858358,0.006727057960840788,0.527612389085552,0.00017756871048865832,0.00017756871048865832,2.089043652807745
12060,0.0037861896166071253,0.0014813477651767892,0.69710483067143,0.02187336734695863,0.006906527551017033,0.6500261224486619,0.03540401132691495,0.006731318074424456,0.5279465156411338,0.00017771607041437506,0.00017771607041437506,2.0907772989926476
12070,0.003781820036091751,0.001482090593864403,0.69745439711266,0.021851490624120257,0.006910246593899556,0.6503761500140759,0.03537896489334477,0.006735575968131387,0.5282804680887363,0.0001778634303400918,0.0001778634303400918,2.0925109451775503
12080,0.003777454920429663,0.0014828326635269579,0.6978036063656271,0.02182963228034491,0.0069139625123413664,0.6507258835144816,0.035353931514504555,0.006739831642534222,0.5286142464732724,0.0001780107902658085,0.0001780107902658085,2.094244591362453
12090,0.0037730942697812783,0.0014835739741371832,0.6981524584174978,0.021807792311857,0.006917675306984311,0.6510753230102881,0.03532891118702584,0.0067440850982056055,0.5289478508396553,0.00017815815019152524,0.00017815815019152524,2.0959782375473557
12100,0.0037687380843070156,0.001484314525667808,0.6985009532554389,0.021785970714880937,0.0069213849784702415,0.6514244685619051,0.035303903907540124,0.006748336335718177,0.5292812812327982,0.00017830551011724198,0.00017830551011724198,2.0977118837322584
12110,0.003764386364167292,0.0014850543180915609,0.6988490908666167,0.02176416748564114,0.006925091527441007,0.6517733202297418,0.03527890967267893,0.00675258535564458,0.5296145376976141,0.0001784528700429587,0.0001784528700429587,2.099445529917161
12120,0.0037600391095225245,0.0014857933513811713,0.6991968712381982,0.021742382620362016,0.006928794954538457,0.6521218780742077,0.03525392847907378,0.006756832158557455,0.5299476202790161,0.00017860022996867543,0.00017860022996867543,2.1011791761020637
12130,0.0037556963205331315,0.0014865316255093682,0.6995442943573497,0.021720616115267977,0.006932495260404445,0.6524701421557124,0.035228960323356186,0.006761076745029447,0.5302805290219175,0.00017874758989439216,0.00017874758989439216,2.1029128222869664
12140,0.0037513579973595308,0.0014872691404488804,0.6998913602112378,0.021698867966583435,0.006936192445680816,0.6528181125346649,0.03520400520215766,0.0067653191156331945,0.530613263971231,0.00017889494982010887,0.00017889494982010887,2.104646468471869
12150,0.003747024140162139,0.0014880058961724368,0.700238068787029,0.0216771381705328,0.006939886511009425,0.6531657892714753,0.035179063112109735,0.006769559270941344,0.5309458251718701,0.00017904230974582564,0.00017904230974582564,2.106380114656772
12160,0.0037426947491013755,0.0014887418926527668,0.7005844200718901,0.02165542672334049,0.006943577457032118,0.6535131724265523,0.03515413404984391,0.006773797211526533,0.5312782126687476,0.00017918966967154232,0.00017918966967154232,2.108113760841674
12170,0.0037383698243376555,0.001489477129862599,0.7009304140529877,0.021633733621230902,0.006947265284390747,0.6538602620603056,0.03512921801199171,0.006778032937961406,0.531610426506777,0.00017933702959725906,0.00017933702959725906,2.109847407026577
12180,0.003734049366031399,0.0014902116077746628,0.7012760507174883,0.02161205886042846,0.006950949993727163,0.6542070582331447,0.035104314995184654,0.006782266450818606,0.5319424667308711,0.0001794843895229758,0.0001794843895229758,2.11158105321148
12190,0.0037297333743430226,0.0014909453263616866,0.7016213300525583,0.021590402437157576,0.006954631585683213,0.6545535610054789,0.03507942499605426,0.0067864977506707745,0.5322743333859431,0.00017963174944869253,0.00017963174944869253,2.1133146993963825
12200,0.0037254218494329437,0.0014916782855964,0.7019662520453646,0.021568764347642655,0.0069583100609007485,0.6548997704377175,0.03505454801123204,0.0067907268380905505,0.5326060265169059,0.00017977910937440924,0.00017977910937440924,2.115048345581285
12210,0.0037211147914615805,0.0014924104854515318,0.7023108166830736,0.021547144588108115,0.006961985420021621,0.6552456865902702,0.035029684037349504,0.006794953713650581,0.5329375461686731,0.00017992646930012598,0.00017992646930012598,2.116781991766188
12220,0.00371681220058935,0.0014931419258998112,0.7026550239528522,0.021525543154778358,0.0069656576636876796,0.6555913095235463,0.03500483307103819,0.006799178377923506,0.5332688923861574,0.00018007382922584272,0.00018007382922584272,2.1185156379510905
12230,0.0037125140769766704,0.0014938726069139666,0.7029988738418665,0.021503960043877807,0.006969326792540774,0.6559366392979551,0.034979995108929594,0.006803400831481966,0.5336000652142718,0.00018022118915155943,0.00018022118915155943,2.1202492841359932
12240,0.0037082204207839592,0.0014946025284667274,0.7033423663372834,0.021482395251630863,0.006972992807222754,0.6562816759739062,0.03495517014765524,0.006807621074898606,0.53393106469793,0.00018036854907727616,0.00018036854907727616,2.121982930320896
12250,0.0037039312321716336,0.0014953316905308228,0.7036855014262694,0.021460848774261944,0.006976655708375469,0.6566264196118089,0.034930358183846655,0.006811839108746066,0.5342618908820445,0.0001805159090029929,0.0001805159090029929,2.1237165765057986
12260,0.003699646511300112,0.0014960600930789814,0.7040282790959912,0.021439320607995464,0.006980315496640772,0.6569708702720726,0.034905559214135344,0.00681605493359699,0.5345925438115287,0.0001806632689287096,0.0001806632689287096,2.1254502226907013
12270,0.003695366258329812,0.0014967877360839326,0.7043706993336153,0.02141781074905583,0.006983972172660509,0.6573150280151067,0.034880773235152825,0.006820268550024017,0.5349230235312955,0.00018081062885442635,0.00018081062885442635,2.127183868875604
12280,0.0036910904734211505,0.001497514619518405,0.7047127621263081,0.021396319193667454,0.0069876257370765325,0.6576588929013206,0.03485600024353062,0.006824479958599793,0.5352533300862583,0.00018095798878014309,0.00018095798878014309,2.1289175150605066
12290,0.003686819156734546,0.0014982407433551277,0.7050544674612366,0.02137484593805475,0.006991276190530693,0.658002464991124,0.03483124023590024,0.006828689159896957,0.53558346352133,0.0001811053487058598,0.0001811053487058598,2.1306511612454093
12300,0.0036825523084304153,0.00149896610756683,0.7053958153255669,0.021353390978442122,0.00699492353366484,0.6583457443449261,0.03480649320889321,0.006832896154488153,0.5359134238814238,0.00018125270863157656,0.00018125270863157656,2.1323848074303124
12310,0.003678289928669176,0.0014996907121262407,0.7057368057064661,0.021331954311053992,0.006998567767120822,0.6586887310231362,0.034781759159141036,0.006837100942946022,0.5362432112114527,0.00018140006855729327,0.00018140006855729327,2.1341184536152147
12320,0.0036740320176112465,0.0015004145570060884,0.7060774385911004,0.021310535932114766,0.00700220889154049,0.6590314250861637,0.034757038083275245,0.006841303525843206,0.5365728255563299,0.00018154742848300998,0.00018154742848300998,2.1358520998001174
12330,0.0036697785754170446,0.001501137642179103,0.7064177139666366,0.021289135837848853,0.007005846907565696,0.6593738265944183,0.03473232997792734,0.006845503903752349,0.5369022669609685,0.00018169478840872674,0.00018169478840872674,2.1375857459850205
12340,0.0036655296022469874,0.0015018599676180128,0.7067576318202411,0.021267754024480674,0.0070094818158382855,0.6597159356083092,0.034707634839728864,0.006849702077246091,0.5372315354702816,0.00018184214833444345,0.00018184214833444345,2.1393193921699227
12350,0.003661285098261492,0.0015025815332955468,0.7070971921390807,0.02124639048823463,0.007013113617000114,0.6600577521882459,0.03468295266531131,0.006853898046897075,0.5375606311291824,0.0001819895082601602,0.0001819895082601602,2.1410530383548254
12360,0.0036570450636209772,0.0015033023391844344,0.707436394910322,0.021225045225335137,0.007016742311693027,0.6603992763946378,0.034658283451306206,0.0068580918132779434,0.5378895539825839,0.0001821368681858769,0.0001821368681858769,2.142786684539728
12370,0.003652809498485859,0.0015040223852574046,0.7077752401211315,0.021203718232006605,0.007020367900558877,0.6607405082878943,0.03463362719434506,0.006862283376961337,0.5382183040753991,0.00018228422811159364,0.00018228422811159364,2.1445203307246308
12380,0.0036485784030165576,0.0015047416714871857,0.7081137277586754,0.021182409504473455,0.007023990384239513,0.6610814479284247,0.034608983891059396,0.0068664727385199,0.5385468814525411,0.00018243158803731038,0.00018243158803731038,2.1462539769095335
12390,0.0036443517773734886,0.0015054601978465075,0.7084518578101211,0.021161119038960084,0.007027609763376786,0.6614220953766387,0.03458435353808073,0.006870659898526274,0.5388752861589234,0.0001825789479630271,0.0001825789479630271,2.1479876230944366
12400,0.0036401296217170695,0.0015061779643080987,0.7087896302626345,0.02113984683169091,0.007031226038612545,0.6617624506929455,0.03455973613204058,0.0068748448575530995,0.5392035182394588,0.00018272630788874382,0.00018272630788874382,2.149721269279339
12410,0.003635911936207719,0.0015068949708446884,0.7091270451033826,0.021118592878890348,0.007034839210588641,0.6621025139377544,0.03453513166957046,0.006879027616173019,0.5395315777390604,0.00018287366781446056,0.00018287366781446056,2.151454915464242
12420,0.003631698721005855,0.0015076112174290052,0.7094641023195317,0.021097357176782808,0.007038449279946924,0.6624422851714751,0.03451054014730189,0.006883208174958676,0.5398594647026412,0.0001830210277401773,0.0001830210277401773,2.1531885616491446
12430,0.0036274899762718934,0.0015083267040337787,0.7098008018982487,0.021076139721592696,0.007042056247329242,0.6627817644545169,0.03448596156186639,0.006887386534482712,0.5401871791751147,0.000183168387665894,0.000183168387665894,2.154922207834047
12440,0.003623285702166254,0.0015090414306317373,0.7101371438266998,0.02105494050954443,0.0070456601133774485,0.6631209518472893,0.03446139590989547,0.006891562695317769,0.5405147212013937,0.00018331574759161074,0.00018331574759161074,2.15665585401895
12450,0.003619085898849353,0.0015097553971956104,0.7104731280920519,0.021033759536862415,0.00704926087873339,0.6634598474102014,0.03443684318802064,0.0068957366580364885,0.5408420908263913,0.00018346310751732748,0.00018346310751732748,2.1583895002038527
12460,0.0036148905664816085,0.0015104686036981271,0.7108087546814715,0.02101259679977107,0.0070528585440389185,0.6637984512036629,0.03441230339287343,0.006899908423211514,0.5411692880950207,0.0001836104674430442,0.0001836104674430442,2.160123146388755
12470,0.003610699705223438,0.001511181050112016,0.711144023582125,0.020991452294494804,0.007056453109935884,0.6641367632880831,0.034387776521085364,0.006904077991415486,0.5414963130521949,0.00018375782736876093,0.00018375782736876093,2.161856792573658
12480,0.0036065133152352598,0.0015118927364100065,0.7114789347811794,0.020970326017258026,0.007060044577066136,0.6644747837238716,0.03436326256928794,0.006908245363221049,0.5418231657428274,0.00018390518729447767,0.00018390518729447767,2.1635904387585607
12490,0.0036023313966774897,0.0015126036625648274,0.711813488265801,0.02094921796428515,0.007063632946071525,0.6648125125714377,0.03433876153411268,0.006912410539200842,0.5421498462118307,0.00018405254722019438,0.00018405254722019438,2.165324084943463
12500,0.0035981539497105474,0.0015133138285492076,0.7121476840231564,0.02092812813180059,0.0070672182175939005,0.6651499498911906,0.03431427341219111,0.0069165735199275095,0.5424763545041185,0.00018419990714591114,0.00018419990714591114,2.167057731128366
12510,0.0035939809744948495,0.001514023234335876,0.712481522040412,0.020907056516028748,0.007070800392275112,0.6654870957435399,0.034289798200154736,0.006920734305973693,0.5428026906646034,0.00018434726707162785,0.00018434726707162785,2.1687913773132688
12520,0.003589812471190814,0.001514731879897562,0.7128150023047349,0.020886003113194048,0.007074379470757012,0.6658239501888952,0.03426533589463508,0.006924892897912033,0.5431288547381987,0.00018449462699734456,0.00018449462699734456,2.170525023498171
12530,0.003585648439958858,0.0015154397652069945,0.7131481248032915,0.020864967919520895,0.007077955453681449,0.6661605132876657,0.03424088649226366,0.006929049296315175,0.5434548467698177,0.00018464198692306132,0.00018464198692306132,2.172258669683074
12540,0.0035814888809594003,0.0015161468902369025,0.7134808895232482,0.020843950931233698,0.007081528341690272,0.6664967851002608,0.03421644998967199,0.006933203501755759,0.5437806668043733,0.00018478934684877803,0.00018478934684877803,2.173992315867977
12550,0.003577333794352857,0.0015168532549600148,0.7138132964517715,0.020822952144556872,0.007085098135425332,0.66683276568709,0.0341920263834916,0.006937355514806426,0.5441063148867785,0.00018493670677449477,0.00018493670677449477,2.1757259620528795
12560,0.0035731831802996473,0.0015175588593490605,0.7141453455760283,0.02080197155571483,0.007088664835528479,0.6671684551085627,0.034167615670353986,0.00694150533603982,0.5444317910619467,0.00018508406670021148,0.00018508406670021148,2.177459608237782
12570,0.0035690370389601872,0.0015182637033767685,0.714477036883185,0.020781009160931986,0.007092228442641563,0.6675038534250882,0.03414321784689067,0.006945652966028584,0.5447570953747909,0.00018523142662592822,0.00018523142662592822,2.179193254422685
12580,0.003564895370494896,0.0015189677870158682,0.7148083703604085,0.02076006495643274,0.007095788957406434,0.667838960697076,0.034118832909733186,0.006949798405345356,0.5450822278702241,0.00018537878655164493,0.00018537878655164493,2.180926900607587
12590,0.0035607581750641904,0.001519671110239088,0.7151393459948648,0.020739138938441516,0.007099346380464942,0.6681737769849357,0.03409446085551303,0.006953941654562782,0.5454071885931594,0.0001855261464773617,0.0001855261464773617,2.18266054679249
12600,0.0035566254528284877,0.0015203736730191575,0.7154699637737211,0.02071823110318272,0.007102900712458938,0.6685083023490764,0.034070101680861734,0.0069580827142535035,0.5457319775885101,0.0001856735064030784,0.0001856735064030784,2.184394192977393
12610,0.003552497203948207,0.0015210754753288054,0.7158002236841436,0.020697341446880763,0.007106451954030271,0.6688425368499079,0.034045755382410794,0.0069622215849901616,0.5460565949011892,0.00018582086632879514,0.00018582086632879514,2.1861278391622956
12620,0.0035483734285837645,0.0015217765171407606,0.7161301257132989,0.020676469965760058,0.0071100001058207905,0.6691764805478391,0.03402142195679176,0.006966358267345399,0.5463810405761097,0.00018596822625451188,0.00018596822625451188,2.1878614853471983
12630,0.0035442541268955784,0.0015224767984277523,0.716459669848354,0.02065561665604502,0.007113545168472347,0.6695101335032797,0.033997101400636116,0.006970492761891858,0.546705314658185,0.00018611558618022859,0.00018611558618022859,2.189595131532101
12640,0.0035401392990440654,0.0015231763191625096,0.716788856076475,0.020634781513960053,0.007117087142626792,0.6698434957766392,0.033972793710575405,0.006974625069202179,0.5470294171923278,0.00018626294610594532,0.00018626294610594532,2.1913287777170036
12650,0.0035360289451896445,0.0015238750793177612,0.7171176843848287,0.020613964535729574,0.007120626028925972,0.6701765674283268,0.03394849888324113,0.006978755189849006,0.5473533482234515,0.00018641030603166206,0.00018641030603166206,2.1930624239019063
12660,0.0035319230654927334,0.001524573078866236,0.7174461547605815,0.020593165717577994,0.007124161828011742,0.6705093485187521,0.0339242169152648,0.006982883124404982,0.5476771077964692,0.00018655766595737877,0.00018655766595737877,2.194796070086809
12670,0.003527821660113748,0.0015252703177806633,0.7177742671909002,0.02057238505572972,0.007127694540525948,0.6708418391083245,0.033899947803277944,0.006987008873442746,0.5480006959562939,0.0001867050258830955,0.0001867050258830955,2.1965297162717117
12680,0.003523724729213108,0.0015259667960337722,0.7181020216629515,0.020551622546409166,0.007131224167110442,0.6711740392574533,0.03387569154391209,0.006991132437534942,0.5483241127478387,0.00018685238580881224,0.00018685238580881224,2.1982633624566144
12690,0.0035196322729512297,0.0015266625135982915,0.7184294181639018,0.020530878185840748,0.007134750708407073,0.671505949026548,0.03385144813379873,0.006995253817254214,0.5486473582160168,0.00018699974573452895,0.00018699974573452895,2.199997008641517
12700,0.0035155442914885314,0.00152735747044695,0.7187564566809176,0.02051015197024888,0.0071382741650576915,0.6718375684760179,0.0338272175695694,0.0069993730131732,0.5489704324057412,0.0001871471056602457,0.0001871471056602457,2.2017306548264197
12710,0.0035114607849854305,0.0015280516665524774,0.7190831372011658,0.02048944389585796,0.007141794537704148,0.6721688976662726,0.033802999847855605,0.007003490025864544,0.549293335361925,0.00018729446558596243,0.00018729446558596243,2.2034643010113224
12720,0.003507381753602345,0.0015287451018876018,0.7194094597118125,0.020468753958892413,0.007145311826988291,0.6724999366577215,0.03377879496528887,0.00700760485590089,0.5496160671294815,0.00018744182551167914,0.00018744182551167914,2.205197947196225
12730,0.0035033071974996917,0.001529437776425053,0.7197354242000248,0.020448082155576638,0.0071488260335519725,0.6728306855107739,0.03375460291850071,0.007011717503854878,0.5499386277533238,0.0001875891854373959,0.0001875891854373959,2.206931593381128
12740,0.003499237116837889,0.0015301296901375594,0.720061030652969,0.02042742848213506,0.007152337158037041,0.6731611442858392,0.03373042370412264,0.00701582797029915,0.5502610172783647,0.0001877365453631126,0.0001877365453631126,2.2086652395660304
12750,0.003495171511777354,0.0015308208429978504,0.7203862790578118,0.020406792934792077,0.007155845201085347,0.6734913130433268,0.03370625731878617,0.007019936255806349,0.5505832357495176,0.00018788390528882932,0.00018788390528882932,2.210398885750933
12760,0.0034911103824785054,0.0015315112349786547,0.7207111694017198,0.020386175509772116,0.007159350163338741,0.6738211918436462,0.03368210375912283,0.007024042360949116,0.5509052832116954,0.00018803126521454606,0.00018803126521454606,2.212132531935836
12770,0.0034870537291017594,0.0015322008660527014,0.7210357016718594,0.020365576203299575,0.0071628520454390734,0.6741507807472069,0.03365796302176413,0.0070281462863000955,0.5512271597098114,0.0001881786251402628,0.0001881786251402628,2.2138661781207385
12780,0.003483001551807535,0.0015328897361927196,0.7213598758553974,0.020344995011598872,0.007166350848028193,0.674480079814418,0.0336338351033416,0.0070322480324319266,0.5515488652887786,0.0001883259850659795,0.0001883259850659795,2.215599824305641
12790,0.0034789538507562483,0.0015335778453714384,0.7216836919395002,0.02032443193089442,0.00716984657174795,0.6748090891056894,0.03360972000048673,0.007036347599917253,0.5518703999935101,0.00018847334499169627,0.00018847334499169627,2.2173334704905443
12800,0.0034749106261083183,0.0015342651935615864,0.7220071499113346,0.020303886957410623,0.007173339217240194,0.6751378086814299,0.03358561770983107,0.007040444989328718,0.5521917638689191,0.00018862070491741298,0.00018862070491741298,2.2190671166754465
12810,0.0034708718780241616,0.0015349517807358931,0.7223302497580673,0.0202833600873719,0.007176828785146777,0.6754662386020496,0.03356152822800609,0.0070445402012389614,0.5525129569599185,0.00018876806484312975,0.00018876806484312975,2.2208007628603497
12820,0.0034668376066641963,0.0015356376068670873,0.7226529914668645,0.020262851317002666,0.007180315276109548,0.6757943789279575,0.033537451551643366,0.007048633236220626,0.5528339793114216,0.00018891542476884646,0.00018891542476884646,2.2225344090452523
12830,0.003462807812188841,0.0015363226719278976,0.7229753750248928,0.020242360642527317,0.007183798690770357,0.6761222297195629,0.03351338767737437,0.0070527240948463545,0.5531548309683416,0.00018906278469456317,0.00018906278469456317,2.2242680552301546
12840,0.003458782494758512,0.0015370069758910536,0.7232974004193191,0.02022188806017028,0.007187279029771053,0.6764497910372755,0.033489336601830635,0.007056812777688789,0.5534755119755913,0.00018921014462027993,0.00018921014462027993,2.2260017014150577
12850,0.0034547616545336267,0.001537690518729284,0.72361906763731,0.02020143356615596,0.007190756293753488,0.6767770629415047,0.03346529832164368,0.007060899285320572,0.5537960223780841,0.00018935750454599664,0.00018935750454599664,2.2277353475999604
12860,0.003450745291674604,0.0015383733004153176,0.7239403766660317,0.02018099715670877,0.00719423048335951,0.6771040454926597,0.03344127283344503,0.007064983618314344,0.5541163622207329,0.00018950486447171338,0.00018950486447171338,2.229468993784863
12870,0.003446733406341861,0.0015390553209218842,0.7242613274926513,0.020160578828053118,0.007197701599230971,0.6774307387511502,0.03341726013386617,0.007069065777242748,0.5544365315484509,0.00018965222439743011,0.00018965222439743011,2.2312026399697658
12880,0.0034427259986958155,0.0015397365802217117,0.7245819201043348,0.02014017857641342,0.007201169642009718,0.6777571427773852,0.03339326021953865,0.007073145762678427,0.5547565304061511,0.00018979958432314682,0.00018979958432314682,2.2329362861546684
12890,0.003438723068896884,0.0015404170782875302,0.7249021544882494,0.020119796398014086,0.007204634612337606,0.6780832576317746,0.033369273087093976,0.007077223575194021,0.5550763588387468,0.00018994694424886356,0.00018994694424886356,2.234669932339571
12900,0.003434724617105486,0.0015410968150920677,0.7252220306315612,0.020099432289079525,0.007208096510856481,0.6784090833747276,0.033345298733163664,0.007081299215362175,0.555396016891151,0.0001900943041745803,0.0001900943041745803,2.236403578524474
12910,0.003430730643482038,0.001541775790608054,0.725541548521437,0.02007908624583416,0.007211555338208194,0.6787346200666535,0.033321337154379224,0.007085372683755529,0.5557155046082768,0.000190241664100297,0.000190241664100297,2.2381372247093765
12920,0.0034267411481869584,0.0015424540048082176,0.7258607081450434,0.020058758264502388,0.007215011095034595,0.6790598677679618,0.033297388347372184,0.007089443980946726,0.5560348220350373,0.00019038902402601375,0.00019038902402601375,2.239870870894279
12930,0.003422756131380664,0.0015431314576652877,0.726179509489547,0.020038448341308624,0.007218463781977534,0.6793848265390621,0.03327345230877406,0.007093513107508408,0.5563539692163457,0.00019053638395173048,0.00019053638395173048,2.241604517079182
12940,0.0034187755932235725,0.0015438081491519933,0.7264979525421144,0.02001815647247729,0.007221913399678861,0.6797094964403634,0.033249529035216364,0.007097580064013216,0.5566729461971149,0.0001906837438774472,0.0001906837438774472,2.2433381632640845
12950,0.0034147995338761022,0.0015444840792410634,0.7268160372899121,0.01999788265423278,0.007225359948780427,0.6800338775322755,0.03322561852333061,0.0071016448510337945,0.5569917530222585,0.00019083110380316393,0.00019083110380316393,2.245071809448987
12960,0.00341082795349867,0.0015451592479052267,0.7271337637201066,0.01997762688279952,0.007228803429924081,0.6803579698752076,0.033201720769748325,0.007105707469142783,0.5573103897366889,0.00019097846372888067,0.00019097846372888067,2.24680545563389
12970,0.0034068608522516935,0.0015458336551172126,0.7274511318198645,0.019957389154401914,0.007232243843751675,0.6806817735295694,0.03317783577110102,0.007109767918912825,0.5576288563853196,0.00019112582365459738,0.00019112582365459738,2.2485391018187926
12980,0.003402898230295591,0.00154650730084975,0.7277681415763528,0.01993716946526438,0.007235681190905056,0.6810052885557699,0.03315396352402021,0.007113826200916563,0.5579471530130637,0.00019127318358031411,0.00019127318358031411,2.2502727480036953
12990,0.00339894008779078,0.0015471801850755681,0.7280847929767379,0.019916967811611324,0.007239115472026075,0.6813285150142188,0.033130104025137413,0.007117882315726637,0.5582652796648343,0.00019142054350603085,0.00019142054350603085,2.252006394188598
13000,0.003394986424897678,0.0015478523077673953,0.7284010860081859,0.019896784189667165,0.007242546687756583,0.6816514529653255,0.033106257271084155,0.007121936263915692,0.5585832363855445,0.00019156790343174756,0.00019156790343174756,2.2537400403735006
13010,0.0033910372417767015,0.0015485236688979613,0.728717020657864,0.019876618595656297,0.00724597483873843,0.6819741024694992,0.033082423258491936,0.0071259880460563686,0.5589010232201074,0.00019171526335746433,0.00019171526335746433,2.2554736865584037
13020,0.0033870925385882703,0.0015491942684399945,0.7290325969129384,0.019856471025803152,0.0072493999256134645,0.6822964635871496,0.03305860198399229,0.007130037662721309,0.5592186402134359,0.00019186262328318104,0.00019186262328318104,2.257207332743306
13030,0.0033831523154928015,0.0015498641063662242,0.729347814760576,0.019836341476332134,0.007252821949023538,0.6826185363786859,0.033034793444216726,0.007134085114483155,0.5595360874104436,0.00019200998320889775,0.00019200998320889775,2.2589409789282087
13040,0.003379216572650712,0.0015505331826493796,0.7296626741879432,0.01981622994346765,0.0072562409096105,0.6829403209045177,0.03301099763579675,0.00713813040191455,0.5598533648560431,0.0001921573431346145,0.0001921573431346145,2.260674625113112
13050,0.003375285310222418,0.0015512014972621894,0.7299771751822066,0.019796136423434113,0.0072596568080162014,0.6832618172250542,0.032987214555363895,0.0071421735255881354,0.5601704725951479,0.00019230470306033122,0.00019230470306033122,2.262408271298014
13060,0.0033713585283683405,0.0015518690501773826,0.7302913177305329,0.01977606091245594,0.007263069644882491,0.683583025400705,0.03296344419954968,0.007146214486076552,0.5604874106726707,0.00019245206298604796,0.00019245206298604796,2.264141917482917
13070,0.0033674362272488956,0.0015525358413676883,0.7306051018200885,0.01975600340675754,0.007266479420851219,0.6839039454918794,0.03293968656498561,0.007150253283952444,0.560804179133525,0.00019259942291176467,0.00019259942291176467,2.2658755636678194
13080,0.0033635184070245003,0.0015532018708058356,0.7309185274380402,0.01973596390256332,0.007269886136564235,0.6842245775589868,0.03291594164830321,0.0071542899197884514,0.5611207780226237,0.0001927467828374814,0.0001927467828374814,2.267609209852722
13090,0.003359605067855573,0.0015538671384645532,0.7312315945715543,0.0197159423960977,0.007273289792663391,0.6845449216624369,0.03289220944613399,0.00715832439415722,0.56143720738488,0.00019289414276319814,0.00019289414276319814,2.269342856037625
13100,0.003355696209902531,0.0015545316443165702,0.7315443032077976,0.019695938883585083,0.0072766903897905355,0.6848649778626386,0.03286848995510948,0.0071623567076313874,0.5617534672652069,0.00019304150268891488,0.00019304150268891488,2.271076502222528
13110,0.003351791833325792,0.0015551953883346159,0.7318566533339368,0.01967595336124989,0.007280087928587519,0.6851847462200018,0.03284478317186118,0.0071663868607835975,0.5620695577085175,0.0001931888626146316,0.0001931888626146316,2.27281014840743
13120,0.0033478919382857737,0.001555858370491419,0.7321686449371383,0.019655985825316524,0.007283482409696191,0.6855042267949356,0.03282108909302061,0.007170414854186494,0.5623854787597251,0.0001933362225403483,0.0001933362225403483,2.274543794592333
13130,0.003343996524942893,0.0015565205907597088,0.7324802780045687,0.019636036272009397,0.007286873833758403,0.6858234196478497,0.0327974077152193,0.007174440688412717,0.5627012304637425,0.00019348358246606506,0.00019348358246606506,2.276277440777236
13140,0.003340105593457569,0.0015571820491122137,0.7327915525233946,0.01961610469755293,0.007290262201416002,0.6861423248391532,0.032773739035088754,0.007178464364034909,0.563016812865483,0.00019363094239178177,0.00019363094239178177,2.278011086962138
13150,0.0033362191439902183,0.0015578427455216633,0.7331024684807826,0.019596191098171522,0.007293647513310842,0.6864609424292557,0.0327500830492605,0.007182485881625714,0.56333222600986,0.0001937783023174985,0.0001937783023174985,2.2797447331470413
13160,0.003332337176701259,0.0015585026799607865,0.7334130258638994,0.019576295470089593,0.0072970297700847685,0.6867792724785664,0.03272643975436604,0.007186505241757771,0.5636474699417859,0.00019392566224321525,0.00019392566224321525,2.281478379331944
13170,0.003328459691751108,0.0015591618524023122,0.7337232246599115,0.019556417809531556,0.007300408972379636,0.6870973150474952,0.0327028091470369,0.007190522445003724,0.5639625447061745,0.00019407302216893196,0.00019407302216893196,2.283212025516846
13180,0.0033245866893001842,0.0015598202628189692,0.7340330648559854,0.019536558112721814,0.007303785120837292,0.687415070196451,0.032679191223904606,0.007194537491936216,0.5642774503479385,0.0001942203820946487,0.0001942203820946487,2.2849456717017493
13190,0.003320718169508904,0.001560477911183487,0.7343425464392879,0.01951671637588478,0.007307158216099588,0.6877325379858436,0.03265558598160066,0.007198550383127887,0.5645921869119911,0.00019436774202036543,0.00019436774202036543,2.286679317886652
13200,0.0033168541325376863,0.0015611347974685938,0.7346516693969851,0.019496892595244876,0.007310528258808372,0.688049718476082,0.032631993416756586,0.0072025611191513786,0.5649067544432453,0.00019451510194608214,0.00019451510194608214,2.2884129640715543
13210,0.003312994578546947,0.0015617909216470195,0.7349604337162443,0.019477086767026502,0.007313895249605495,0.688366611727576,0.03260841352600389,0.007206569700579337,0.5652211529866147,0.0001946624618717989,0.0001946624618717989,2.2901466102564574
13220,0.0033091395076971053,0.0015624462836914927,0.7352688393842317,0.019457298887454073,0.007317259189132808,0.6886832178007348,0.03258484630597411,0.0072105761279844,0.5655353825870117,0.00019480982179751561,0.00019480982179751561,2.29188025644136
13230,0.003305288920148579,0.001563100883574742,0.7355768863881137,0.019437528952752005,0.0073206200780321605,0.688999536755968,0.03256129175329875,0.007214580401939211,0.5658494432893499,0.00019495718172323232,0.00019495718172323232,2.2936139026262623
13240,0.003301442816061784,0.0015637547212694974,0.7358845747150575,0.019417776959144702,0.007323977916945401,0.6893155686536847,0.03253774986460932,0.0072185825230164135,0.5661633351385422,0.00019510454164894906,0.00019510454164894906,2.2953475488111654
13250,0.00329760119559714,0.001564407796748487,0.736191904352229,0.019398042902856582,0.007327332706514382,0.6896313135542947,0.03251422063653735,0.007222582491788649,0.5664770581795019,0.0001952519015746658,0.0001952519015746658,2.297081194996068
13260,0.0032937640589150627,0.00156506010998444,0.7364988752867951,0.019378326780112053,0.007330684447380952,0.6899467715182073,0.032490704065714346,0.007226580308828558,0.5667906124571418,0.00019539926150038254,0.00019539926150038254,2.298814841180971
13270,0.003289931406175971,0.0015657116609500855,0.7368054875059225,0.01935862858713553,0.007334033140186961,0.6902619426058316,0.032467200148771844,0.0072305759747087845,0.5671039980163752,0.00019554662142609925,0.00019554662142609925,2.3005484873658735
13280,0.0032861032375402824,0.0015663624496181526,0.7371117409967776,0.019338948320151417,0.007337378785574259,0.6905768268775773,0.03244370888234134,0.007234569490001971,0.5674172149021154,0.00019569398135181598,0.00019569398135181598,2.302282133550776
13290,0.0032822795531684138,0.0015670124759613701,0.737417635746527,0.019319285975384137,0.007340721384184698,0.6908914243938539,0.03242023026305436,0.0072385608552807575,0.5677302631592751,0.00019584134127753272,0.00019584134127753272,2.304015779735679
13300,0.0032784603532207833,0.0015676617399524675,0.7377231717423375,0.01929964154905809,0.007344060936660126,0.6912057352150707,0.032396764287542415,0.007242550071117787,0.5680431428327677,0.00019598870120324946,0.00019598870120324946,2.3057494259205815
13310,0.003274645637857809,0.001568310241564173,0.7380283489713755,0.0192800150373977,0.007347397443642392,0.6915197594016369,0.032373310952437034,0.007246537138085702,0.568355853967506,0.00019613606112896617,0.00019613606112896617,2.307483072105484
13320,0.0032708354072399086,0.001568957980769216,0.7383331674208073,0.019260406436627363,0.0073507309057733485,0.6918334970139621,0.03234987025436972,0.007250522056757145,0.5686683966084035,0.00019628342105468288,0.00019628342105468288,2.3092167182903864
13330,0.003267029661527498,0.0015696049575403257,0.7386376270778002,0.019240815742971505,0.007354061323694845,0.6921469481124559,0.032326442189972,0.007254504827704757,0.5689807708003731,0.00019643078098039964,0.00019643078098039964,2.3109503644752896
13340,0.003263228400880997,0.001570251171850231,0.7389417279295204,0.019221242952654528,0.007357388698048731,0.6924601127575276,0.03230302675587539,0.007258485451501181,0.569292976588328,0.00019657814090611635,0.00019657814090611635,2.3126840106601922
13350,0.003259431625460823,0.0015708966236716608,0.7392454699631343,0.01920168806190085,0.007360713029476856,0.6927729910095864,0.0322796239487114,0.007262463928719059,0.5696050140171811,0.0001967255008318331,0.0001967255008318331,2.314417656845095
13360,0.0032556393354273923,0.0015715413129773438,0.7395488531658087,0.01918215106693488,0.007364034318621071,0.693085582929042,0.03225623376511155,0.007266440259931033,0.5699168831318457,0.00019687286075754983,0.00019687286075754983,2.3161513030299976
13370,0.0032518515309411236,0.0015721852397400098,0.7398518775247104,0.019162631963981026,0.007367352566123226,0.6933978885763036,0.03223285620170736,0.0072704144457097445,0.5702285839772349,0.00019702022068326654,0.00019702022068326654,2.3178849492149003
13380,0.0032480682121624337,0.0015728284039323867,0.7401545430270055,0.019143130749263704,0.0073706677726251705,0.6937099080117807,0.032209491255130354,0.007274386486627837,0.5705401165982618,0.00019716758060898327,0.00019716758060898327,2.319618595399803
13390,0.0032442893792517403,0.0015734708055272046,0.7404568496598609,0.01912364741900733,0.007373979938768755,0.6940216412958828,0.03218613892201204,0.007278356383257951,0.5708514810398393,0.0001973149405347,0.0001973149405347,2.3213522415847057
13400,0.003240515032369462,0.001574112444497192,0.7407587974104431,0.019104181969436307,0.007377289065195828,0.6943330884890191,0.03216279919898393,0.007282324136172731,0.5711626773468809,0.00019746230046041672,0.00019746230046041672,2.3230858877696083
13410,0.0032367451716760164,0.0015747533208150778,0.7410603862659189,0.019084734396775046,0.007380595152548243,0.6946442496515993,0.03213947208267755,0.007286289745944815,0.5714737055642992,0.00019760966038613346,0.00019760966038613346,2.324819533954511
13420,0.0032329797973318203,0.0015753934344535912,0.7413616162134545,0.019065304697247962,0.007383898201467847,0.6949551248440327,0.0321161575697244,0.007290253213146849,0.5717845657370078,0.0001977570203118502,0.0001977570203118502,2.3265531801394137
13430,0.003229218909497292,0.0015760327853854609,0.7416624872402167,0.019045892867079472,0.00738719821259649,0.6952657141267284,0.03209285565675602,0.007294214538351475,0.5720952579099197,0.0001979043802375669,0.0001979043802375669,2.3282868263243164
13440,0.0032254625083328486,0.0015766713735834163,0.7419629993333722,0.01902649890249398,0.007390495186576024,0.6955760175600963,0.03206956634040392,0.007298173722131332,0.5724057821279477,0.00019805174016328364,0.00019805174016328364,2.330020472509219
13450,0.003221710593998908,0.0015773091990201862,0.7422631524800875,0.0190071227997159,0.007393789124048297,0.6958860352045456,0.032046289617299606,0.007302130765059064,0.572716138436005,0.00019819910008900038,0.00019819910008900038,2.3317541186941217
13460,0.0032179631666558873,0.0015779462616684996,0.7425629466675291,0.018987764554969644,0.007397080025655161,0.6961957671204857,0.03202302548407461,0.007306085667707314,0.573026326879005,0.00019834646001471712,0.00019834646001471712,2.333487764879025
13470,0.0032142202264642053,0.0015785825615010857,0.7428623818828638,0.018968424164479622,0.0074003678920384645,0.696505213368326,0.03199977393736044,0.007310038430648723,0.5733363475018607,0.00019849381994043383,0.00019849381994043383,2.335221411063927
13480,0.003210481773584279,0.0015792180984906732,0.7431614581132578,0.018949101624470246,0.007403652723840059,0.6968143740084761,0.03197653497378861,0.007313989054455934,0.573646200349485,0.00019864117986615056,0.00019864117986615056,2.33695505724883
13490,0.003206747808176525,0.0015798528726099913,0.743460175345878,0.01892979693116593,0.007406934521701792,0.697123249101345,0.03195330858999065,0.007317937539701587,0.5739558854667912,0.00019878853979186727,0.00019878853979186727,2.3386887034337325
13500,0.003203018330401363,0.001580486883831769,0.7437585335678911,0.01891051008079108,0.007410213286265516,0.6974318387073426,0.03193009478259806,0.0073218838869583275,0.5742654028986923,0.00019893589971758404,0.00019893589971758404,2.3404223496186356
13510,0.0031992933404192095,0.001581120132128735,0.7440565327664633,0.018891241069570113,0.007413489018173081,0.6977401428868781,0.031906893548242374,0.007325828096798794,0.5745747526901015,0.00019908325964330075,0.00019908325964330075,2.342155995803538
13520,0.003195572838390482,0.0015817526174736185,0.7443541729287615,0.01887198989372744,0.007416761718066335,0.6980481617003609,0.031883704883555096,0.007329770169795632,0.5748839348859319,0.00019923061956901746,0.00019923061956901746,2.3438896419884405
13530,0.0031918568244755988,0.0015823843398391486,0.7446514540419522,0.018852756549487475,0.007420031386587129,0.6983558952082004,0.03186052878516775,0.00733371010652148,0.5751929495310966,0.00019937797949473422,0.00019937797949473422,2.3456232881733436
13540,0.003188145298834977,0.0015830152991980545,0.744948376093202,0.018833541033074618,0.0074232980243773145,0.698663343470806,0.03183736524971185,0.007337647907548983,0.5755017966705085,0.00019952533942045093,0.00019952533942045093,2.347356934358246
13550,0.0031844382616290343,0.0015836454955230647,0.7452449390696774,0.018814343340713295,0.00742656163207874,0.6989705065485873,0.031814214273818905,0.007341583573450784,0.5758104763490811,0.00019967269934616767,0.00019967269934616767,2.349090580543149
13560,0.0031807357130181884,0.0015842749287869086,0.745541142958545,0.018795163468627907,0.007429822210333255,0.6992773845019534,0.03179107585412046,0.007345517104799521,0.5761189886117272,0.0001998200592718844,0.0001998200592718844,2.3508242267280517
13570,0.003177037653162857,0.001584903598962315,0.7458369877469716,0.018776001413042878,0.007433079759782711,0.699583977391314,0.031767949987247995,0.007349448502167838,0.5764273335033598,0.00019996741919760112,0.00019996741919760112,2.352557872912954
13580,0.0031733440822234575,0.0015855315060220128,0.7461324734221235,0.018756857170182602,0.007436334281068957,0.6998902852770783,0.03174483666983305,0.007353377766128379,0.5767355110688925,0.00020011477912331785,0.00020011477912331785,2.354291519097857
13590,0.0031696550003604074,0.0015861586499387311,0.7464275999711675,0.018737730736271503,0.007439585774833845,0.700196308219656,0.03172173589850713,0.0073573048972537846,0.577043521353238,0.0002002621390490346,0.0002002621390490346,2.3560251652827597
13600,0.0031659704077341253,0.0015867850306851992,0.7467223673812702,0.018718622107533993,0.007442834241719222,0.7005020462794561,0.03169864766990177,0.007361229896116697,0.5773513644013096,0.0002004094989747513,0.0002004094989747513,2.357758811467662
13610,0.0031622903045050283,0.0015874106482341457,0.7470167756395978,0.018699531280194477,0.007446079682366939,0.7008074995168884,0.031675571980648465,0.007365152763289758,0.5776590402580202,0.00020055685890046804,0.00020055685890046804,2.359492457652565
13620,0.003158614690833533,0.0015880355025582999,0.7473108247333174,0.018680458250477365,0.007449322097418849,0.7011126679923622,0.03165250882737875,0.00736907349934561,0.5779665489682831,0.00020070421882618477,0.00020070421882618477,2.361226103837468
13630,0.003154943566880059,0.0015886595936303906,0.7476045146495954,0.018661403014607076,0.007452561487516798,0.7014175517662868,0.03162945820672413,0.007372992104856896,0.5782738905770115,0.00020085157875190148,0.00020085157875190148,2.36295975002237
13640,0.0031512769328050226,0.0015892829214231466,0.7478978453755983,0.018642365568808026,0.007455797853302637,0.7017221508990716,0.03160642011531613,0.007376908580396257,0.5785810651291182,0.00020099893867761822,0.00020099893867761822,2.364693396207273
13650,0.0031476147887688423,0.0015899054859092976,0.7481908168984929,0.018623345909304614,0.007459031195418216,0.7020264654511262,0.03158339454978626,0.007380822926536334,0.5788880726695165,0.00020114629860333496,0.00020114629860333496,2.366427042392176
13660,0.0031439571349319343,0.0015905272870615718,0.7484834292054454,0.01860434403232125,0.0074622615145053875,0.70233049548286,0.03156038150676604,0.0073847351438497705,0.5791949132431192,0.00020129365852905167,0.00020129365852905167,2.368160688577078
13670,0.003140303971454717,0.0015911483248526987,0.7487756822836228,0.01858535993408236,0.007465488811205999,0.7026342410546822,0.031537380982886984,0.00738864523290921,0.5795015868948401,0.0002014410184547684,0.0002014410184547684,2.369894334761981
13680,0.003136655298497609,0.001591768599255407,0.7490675761201914,0.018566393610812346,0.0074687130861619015,0.7029377022270025,0.03151439297478061,0.007392553194287293,0.5798080936695916,0.00020158837838048514,0.00020158837838048514,2.371627980946884
13690,0.003133011116221027,0.001592388110242426,0.749359110702318,0.018547445058735627,0.0074719343400149445,0.70324087906023,0.03149141747907845,0.007396459028556662,0.5801144336122872,0.00020173573830620185,0.00020173573830620185,2.373361627131786
13700,0.003129371424785389,0.0015930068577864845,0.749650286017169,0.0185285142740766,0.007475152573406979,0.7035437716147744,0.03146845449241199,0.007400362736289958,0.5804206067678399,0.00020188309823191862,0.00020188309823191862,2.3750952733166892
13710,0.003125736224351112,0.0015936248418603116,0.7499411020519112,0.01850960125305969,0.007478367786979853,0.703846379951045,0.03144550401141277,0.007404264318059826,0.5807266131811628,0.00020203045815763533,0.00020203045815763533,2.376828919501592
13720,0.003122105515078614,0.0015942420624366362,0.7502315587937111,0.018490705991909304,0.007481579981375419,0.7041487041294512,0.03142256603271232,0.007408163774438904,0.581032452897169,0.00020217781808335204,0.00020217781808335204,2.378562565686494
13730,0.0031184792971283132,0.0015948585194881875,0.7505216562297352,0.018471828486849855,0.007484789157235525,0.7044507442104023,0.031399640552942115,0.007412061105999838,0.5813381259607717,0.0002023251780090688,0.0002023251780090688,2.3802962118713973
13740,0.0031148575706606255,0.0015954742129876943,0.75081139434715,0.018452968734105755,0.007487995315202023,0.704752500254308,0.031376727568733706,0.007415956313315267,0.5816436324168838,0.0002024725379347855,0.0002024725379347855,2.3820298580563
13750,0.003111240335835971,0.0015960891429078856,0.7511007731331225,0.018434126729901412,0.00749119845591676,0.7050539723215774,0.0313538270767186,0.0074198493969578365,0.5819489723104185,0.00020261989786050225,0.00020261989786050225,2.3837635042412026
13760,0.0031076275928147656,0.0015967033092214905,0.751389792574819,0.018415302470461237,0.007494398580021591,0.7053551604726203,0.03133093907352831,0.0074237403575001856,0.5822541456862891,0.00020276725778621896,0.00020276725778621896,2.3854971504261053
13770,0.0031040193417574274,0.0015973167119012377,0.7516784526594058,0.018396495952009647,0.00749759568815836,0.7056560647678456,0.03130806355579435,0.0074276291955149565,0.5825591525894084,0.0002029146177119357,0.0002029146177119357,2.387230796611008
13780,0.0031004155828243743,0.001597929350919857,0.7519667533740503,0.018377707170771047,0.007500789780968922,0.7059566852676633,0.03128520052014826,0.0074315159115747945,0.5828639930646897,0.00020306197763765243,0.00020306197763765243,2.3889644427959107
13790,0.0030968163161760234,0.0015985412262500766,0.7522546947059182,0.018358936122969856,0.007503980859095124,0.7062570220324823,0.031262349963221525,0.007435400506252339,0.5831686671570462,0.00020320933756336917,0.00020320933756336917,2.3906980889808134
13800,0.003093221541972793,0.0015991523378646258,0.7525422766421768,0.018340182804830484,0.007507168923178819,0.7065570751227123,0.031239511881645685,0.007439282980120231,0.5834731749113907,0.00020335669748908588,0.00020335669748908588,2.392431735165716
13810,0.0030896312603751,0.0015997626857362334,0.7528294991699921,0.018321447212577335,0.007510353973861853,0.7068568445987626,0.03121668627205225,0.007443163333751115,0.5837775163726365,0.0002035040574148026,0.0002035040574148026,2.3941653813506187
13820,0.0030860454715433625,0.0016003722698376289,0.7531163622765311,0.018302729342434827,0.00751353601178608,0.7071563305210428,0.03119387313107273,0.007447041567717633,0.5840816915856967,0.00020365141734051935,0.00020365141734051935,2.3958990275355214
13830,0.003082464175637999,0.0016009810901415407,0.7534028659489602,0.018284029190627372,0.007516715037593349,0.7074555329499622,0.03117107245533865,0.007450917682592427,0.5843857005954844,0.00020379877726623606,0.00020379877726623606,2.397632673720424
13840,0.0030788873728194257,0.0016015891466206983,0.7536890101744461,0.018265346753379378,0.007519891051925506,0.70775445194593,0.03114828424148153,0.007454791678948138,0.5846895434469128,0.0002039461371919528,0.0002039461371919528,2.399366319905327
13850,0.0030753150632480603,0.0016021964392478301,0.7539747949401552,0.01824668202691526,0.0075230640554244076,0.7080530875693559,0.031125508486132877,0.007458663557357409,0.5849932201848949,0.00020409349711766954,0.00020409349711766954,2.4010999660902295
13860,0.0030717472470843214,0.0016028029679956658,0.7542602202332543,0.018228035007459426,0.0075262340487318976,0.7083514398806491,0.031102745185924215,0.007462533318392882,0.5852967308543436,0.00020424085704338625,0.00020424085704338625,2.402833612275132
13870,0.0030681839244886266,0.0016034087328369341,0.75454528604091,0.018209405691236292,0.007529401032489831,0.7086495089402194,0.031079994337487055,0.007466400962627198,0.5856000755001725,0.00020438821696910298,0.00020438821696910298,2.404567258460035
13880,0.003064625095621393,0.001604013733744364,0.7548299923502888,0.01819079407447027,0.0075325650073400545,0.7089472948084756,0.03105725593745292,0.007470266490633001,0.5859032541672942,0.00020453557689481972,0.00020453557689481972,2.406300904644938
13890,0.003061070760643038,0.0016046179706906843,0.7551143391485573,0.018172200153385765,0.00753572597392442,0.7092447975458277,0.031034529982453332,0.007474129902982932,0.5862062669006222,0.00020468293682053643,0.00020468293682053643,2.40803455082984
13900,0.0030575209197139784,0.0016052214436486243,0.755398326422882,0.018153623924207194,0.007538883932884778,0.709542017212685,0.031011816469119786,0.007477991200249634,0.5865091137450694,0.0002048302967462532,0.0002048302967462532,2.4097681970147433
13910,0.0030539755729946344,0.0016058241525909128,0.7556819541604295,0.01813506538315896,0.007542038884862976,0.7098389538694566,0.030989115394083826,0.007481850383005747,0.5868117947455488,0.0002049776566719699,0.0002049776566719699,2.411501843199646
13920,0.0030504347206454212,0.0016064260974902789,0.7559652223483664,0.018116524526465495,0.007545190830500867,0.7101356075765521,0.030966426753976952,0.007485707451823916,0.5871143099469739,0.00020512501659768662,0.00020512501659768662,2.4132354893845482
13930,0.003046898362826759,0.0016070272783194517,0.7562481309738596,0.018098001350351188,0.007548339770440299,0.710431978394381,0.030943750545430682,0.007489562407276782,0.5874166593942574,0.00020527237652340338,0.00020527237652340338,2.4149691355694514
13940,0.003043366499699063,0.0016076276950511598,0.7565306800240751,0.01807949585104046,0.007551485705323121,0.7107280663833526,0.030921086765076537,0.007493415249936986,0.5877188431323126,0.0002054197364491201,0.0002054197364491201,2.416702781754354
13950,0.0030398391314227515,0.0016082273476581328,0.75681286948618,0.018061008024757727,0.007554628635791186,0.7110238716038763,0.03089843540954604,0.00749726598037717,0.5880208612060526,0.00020556709637483683,0.00020556709637483683,2.4184364279392567
13960,0.003036316258158243,0.0016088262361130994,0.7570946993473407,0.018042537867727394,0.007557768562486343,0.7113193941163617,0.030875796475470698,0.007501114599169979,0.5883227136603906,0.00020571445630055354,0.00020571445630055354,2.420170074124159
13970,0.0030327978800659544,0.0016094243603887882,0.7573761695947238,0.018024085376173875,0.007560905486050442,0.711614633981218,0.030853169959482035,0.007504961106888052,0.5886244005402395,0.00020586181622627027,0.00020586181622627027,2.421903720309062
13980,0.003029283997306303,0.001610021720457929,0.7576572802154959,0.018005650546321576,0.007564039407125332,0.7119095912588548,0.03083055585821156,0.007508805504104033,0.5889259218905124,0.00020600917615198698,0.00020600917615198698,2.4236373664939643
13990,0.0030257746100397077,0.0016106183162932501,0.7579380311968235,0.017987233374394916,0.007567170326352865,0.7122042660096813,0.030807954168290793,0.007512647791390563,0.5892272777561226,0.00020615653607770375,0.00020615653607770375,2.4253710126788675
14000,0.003022269718426585,0.001611214147867481,0.7582184225258733,0.017968833856618308,0.007570298244374888,0.7124986582941071,0.030785364886351255,0.007516487969320284,0.5895284681819831,0.00020630389600342046,0.00020630389600342046,2.42710465886377
14010,0.0030187693226273525,0.0016118092151533505,0.7584984541898119,0.017950451989216156,0.007573423161833253,0.7127927681725413,0.030762788009024458,0.007520326038465841,0.5898294932130071,0.00020645125592913717,0.00020645125592913717,2.4288383050486724
14020,0.0030152734228024287,0.0016124035181235875,0.7587781261758058,0.017932087768412878,0.007576545079369811,0.7130865957053939,0.030740223532941924,0.007524161999399872,0.5901303528941075,0.00020659861585485393,0.00020659861585485393,2.4305719512335755
14030,0.0030117820191122315,0.0016129970567509214,0.7590574384710217,0.017913741190432878,0.007579663997626411,0.7133801409530739,0.03071767145473516,0.0075279958526950205,0.5904310472701977,0.00020674597578057064,0.00020674597578057064,2.432305597418478
14040,0.0030082951117171765,0.0016135898310080804,0.759336391062626,0.01789541225150058,0.007582779917244902,0.7136734039759908,0.030695131771035698,0.007531827598923929,0.5907315763861906,0.00020689333570628738,0.00020689333570628738,2.434039243603381
14050,0.0030048127007776836,0.0016141818408677944,0.7596149839377855,0.01787710094784038,0.007585892838867136,0.7139663848345539,0.030672604478475043,0.007535657238659241,0.5910319402869993,0.00020704069563200412,0.00020704069563200412,2.4357728897882835
14060,0.0030013347864541687,0.0016147730863027916,0.7598932170836665,0.0178588072756767,0.0075890027631349615,0.7142590835891728,0.030650089573684713,0.007539484772473596,0.591332139017537,0.00020718805555772083,0.00020718805555772083,2.4375065359731862
14070,0.002997861368907051,0.001615363567285802,0.760171090487436,0.017840531231233952,0.007592109690690229,0.7145515003002567,0.030627587053296233,0.007543310200939638,0.5916321726227167,0.00020733541548343756,0.00020733541548343756,2.439240182158089
14080,0.0029943924482967467,0.0016159532837895535,0.7604486041362604,0.017822272810736544,0.007595213622174787,0.7148436350282152,0.030605096913941116,0.007547133524630009,0.5919320411474517,0.0002074827754091543,0.0002074827754091543,2.4409738283429916
14090,0.0029909280247836746,0.0016165422357867758,0.7607257580173062,0.017804032010408886,0.00759831455823049,0.7151354878334578,0.030582619152250873,0.00755095474411735,0.592231744636655,0.000207630135334871,0.000207630135334871,2.4427074745278943
14100,0.0029874680985282516,0.0016171304232501977,0.7610025521177399,0.017785808826475392,0.0076014124994991834,0.7154270587763937,0.030560153764857025,0.007554773859974304,0.5925312831352395,0.00020777749526058778,0.00020777749526058778,2.4444411207127974
14110,0.0029840126696908955,0.0016177178461525483,0.7612789864247285,0.017767603255160472,0.00760450744662272,0.7157183479174324,0.030537700748391093,0.007558590872773512,0.5928306566881186,0.00020792485518630449,0.00020792485518630449,2.4461747668976996
14120,0.0029805617384320252,0.0016183045044665563,0.7615550609254381,0.017749415292688545,0.007607599400242948,0.7160093553169833,0.030515260099484586,0.0075624057830876185,0.5931298653402054,0.0002080722151120212,0.0002080722151120212,2.4479084130826023
14130,0.002977115304912056,0.001618890398164951,0.7618307756070357,0.017731244935284014,0.007610688361001718,0.7163000810354557,0.03049283181476903,0.007566218591489262,0.5934289091364128,0.00020821957503773793,0.00020821957503773793,2.449642059267505
14140,0.0029736733692914065,0.0016194755272204613,0.7621061304566875,0.01771309217917129,0.007613774329540881,0.7165905251332593,0.030470415890875933,0.007570029298551089,0.593727788121654,0.00020836693496345467,0.00020836693496345467,2.4513757054524077
14150,0.002970235931730495,0.0016200598916058164,0.7623811254615606,0.01769495702057479,0.0076168573065022865,0.7168806876708034,0.03044801232443682,0.007573837904845737,0.5940265023408422,0.0002085142948891714,0.0002085142948891714,2.4531093516373104
14160,0.002966802992389739,0.001620643491293745,0.762655760608821,0.017676839455718924,0.0076199372925277835,0.7171705687084973,0.030425621112083207,0.007577644410945853,0.5943250518388904,0.00020866165481488812,0.00020866165481488812,2.454842997822213
14170,0.002963374551429555,0.0016212263262569762,0.7629300358856358,0.017658739480828096,0.007623014288259223,0.7174601683067504,0.030403242250446605,0.007581448817424076,0.5946234366607118,0.00020880901474060485,0.00020880901474060485,2.4565766440071157
14180,0.0029599506090103632,0.0016218083964682386,0.763203951279171,0.017640657092126734,0.007626088294338456,0.7177494865259724,0.03038087573615853,0.0075852511248530475,0.5949216568512194,0.0002089563746663216,0.0002089563746663216,2.4583102901920184
14190,0.002956531165292579,0.0016223897019002624,0.763477506776594,0.017622592285839234,0.00762915931140733,0.7180385234265723,0.030358521565850508,0.007589051333805412,0.5952197124553265,0.00020910373459203833,0.00020910373459203833,2.4600439363769215
14200,0.0029531162204366203,0.0016229702425257751,0.7637507023650705,0.017604545058190015,0.007632227340107697,0.7183272790689598,0.030336179736154056,0.007592849444853809,0.5955176035179458,0.00020925109451775504,0.00020925109451775504,2.4617775825618238
14210,0.0029497057746029043,0.0016235500183175069,0.7640235380317678,0.017586515405403486,0.007635292381081408,0.7186157535135442,0.030313850243700678,0.007596645458570883,0.5958153300839908,0.00020939845444347175,0.00020939845444347175,2.4635112287467265
14220,0.0029462998279518493,0.001624129029248186,0.7642960137638521,0.017568503323704063,0.00763835443497031,0.718903946820735,0.030291533085121898,0.007600439375529275,0.5961128921983745,0.0002095458143691885,0.0002095458143691885,2.4652448749316296
14230,0.0029428983806438734,0.001624707275290542,0.7645681295484903,0.01755050880931615,0.007641413502416254,0.7191918590509415,0.030269228257049238,0.007604231196301627,0.59641028990601,0.00020969317429490522,0.00020969317429490522,2.466978521116532
14240,0.002939501432839394,0.0016252847564173036,0.7648398853728486,0.017532531858464165,0.007644469584061092,0.7194794902645734,0.03024693575611421,0.0076080209214605815,0.5967075232518103,0.00020984053422062196,0.00020984053422062196,2.4687121673014345
14250,0.0029361089846988288,0.0016258614726011996,0.7651112812240938,0.017514572467372518,0.007647522680546672,0.7197668405220398,0.030224655578948333,0.007611808551578781,0.5970045922806888,0.0002099878941463387,0.0002099878941463387,2.4704458134863376
14260,0.002932721036382594,0.0016264374238149594,0.7653823170893925,0.01749663063226562,0.007650572792514845,0.7200539098837501,0.03020238772218312,0.007615594087228867,0.5973014970375582,0.0002101352540720554,0.0002101352540720554,2.47217945967124
14270,0.0029293375488392117,0.0016270126166973344,0.7656529960928632,0.017478706259315392,0.007653619935916385,0.7203406998509538,0.030180132194995934,0.007619377526850689,0.597598237400054,0.00021028261399777217,0.00021028261399777217,2.473913105856143
14280,0.002925957176160735,0.0016275872800526755,0.7659234259071414,0.01746079625388954,0.00765666463683878,0.7206272599377676,0.030157889424532038,0.007623158797829551,0.597894807672906,0.00021042997392348888,0.00021042997392348888,2.4756467520410457
14290,0.0029225792563014365,0.0016281615264287562,0.7661936594958851,0.017442899093178466,0.0076597071541596624,0.7209136145091446,0.03013565961869446,0.007626937864821939,0.5981912050840736,0.00021057733384920562,0.00021057733384920562,2.4773803982259484
14300,0.0029192037895017743,0.0016287353557846989,0.7664636968398582,0.017425014775565843,0.007662747488153808,0.7211997635909467,0.03011344277341524,0.007630714728519407,0.5984874296877967,0.00021072469377492236,0.00021072469377492236,2.479114044410851
14310,0.0029158307760022073,0.0016293087680796252,0.7667335379198235,0.017407143299435344,0.007665785639095993,0.7214857072090345,0.0300912388846264,0.00763448938961351,0.5987834815383145,0.00021087205370063907,0.00021087205370063907,2.4808476905957537
14320,0.002912460216043194,0.0016298817632726574,0.7670031827165446,0.017389284663170645,0.007668821607260992,0.7217714453892699,0.03006904794825998,0.007638261848795801,0.5990793606898668,0.0002110194136263558,0.0002110194136263558,2.4825813367806564
14330,0.002909092109865193,0.0016304543413229176,0.7672726312107846,0.01737143886515541,0.007671855392923582,0.7220569781575136,0.030046869960248006,0.007642032106757837,0.5993750671966931,0.00021116677355207254,0.00021116677355207254,2.484314982965559
14340,0.0029057264577086635,0.0016310265021895276,0.767541883383307,0.01735360590377331,0.007674886996358539,0.7223423055396271,0.030024704916522517,0.00764580016419117,0.5996706011130329,0.00021131413347778925,0.00021131413347778925,2.4860486291504618
14350,0.0029023632598140633,0.0016315982458316096,0.767810939214875,0.01733578577740802,0.007677916417840638,0.7226274275614718,0.03000255281301554,0.007649566021787357,0.5999659624931261,0.000211461493403506,0.000211461493403506,2.4877822753353644
14360,0.0028990025164218514,0.0016321695722082857,0.768079798686252,0.017317978484443212,0.007680943657644656,0.7229123442489088,0.029980413645659107,0.00765332968023795,0.6002611513912117,0.00021160885332922272,0.00021160885332922272,2.489515921520267
14370,0.0028956442277724864,0.0016327404812786776,0.7683484617782012,0.017300184023262555,0.007683968716045367,0.7231970556277992,0.02995828741038525,0.007657091140234505,0.6005561678615299,0.00021175621325493946,0.00021175621325493946,2.49124956770517
14380,0.0028922883941064266,0.0016333109730019078,0.7686169284714859,0.01728240239224972,0.0076869915933175485,0.7234815617240045,0.029936174103126004,0.007660850402468577,0.6008510119583198,0.00021190357318065617,0.00021190357318065617,2.4929832138900725
14390,0.002888935015664131,0.0016338810473370982,0.7688851987468697,0.017264633589788383,0.007690012289735976,0.723765862563386,0.0299140737198134,0.00766460746763172,0.6011456837358212,0.0002120509331063729,0.0002120509331063729,2.494716860074975
14400,0.0028855840926860577,0.0016344507042433706,0.7691532725851155,0.01724687761426221,0.007693030805575426,0.7240499581718047,0.02989198625637947,0.007668362336415488,0.6014401832482736,0.00021219829303208965,0.00021219829303208965,2.496450506259878
14410,0.002882235625412666,0.001635019943679847,0.7694211499669867,0.017229134464054875,0.007696047141110673,0.7243338485751222,0.02986991170875624,0.007672115009511437,0.6017345105499166,0.00021234565295780636,0.00021234565295780636,2.4981841524447805
14420,0.0028788896140844143,0.00163558876560565,0.7696888308732469,0.017211404137550047,0.007699061296616493,0.7246175337991994,0.029847850072875753,0.0076758654876111195,0.6020286656949898,0.0002124930128835231,0.0002124930128835231,2.499917798629683
14430,0.002875546058941761,0.001636157169979901,0.7699563152846592,0.0171936866331314,0.0077020732723676625,0.7249010138698976,0.029825801344670035,0.007679613771406092,0.6023226487377328,0.00021264037280923983,0.00021264037280923983,2.501651444814586
14440,0.0028722049602251647,0.0016367251567617224,0.7702236031819869,0.017175981949182607,0.007705083068638958,0.7251842888130783,0.029803765520071114,0.0076833598615879085,0.602616459732385,0.00021278773273495654,0.00021278773273495654,2.5033850909994886
14450,0.002868866318175084,0.001637292725910236,0.7704906945459934,0.017158290084087337,0.007708090685705154,0.7254673586546027,0.02978174259501103,0.007687103758848122,0.6029100987331861,0.00021293509266067328,0.00021293509266067328,2.5051187371843913
14460,0.0028655301330319776,0.0016378598773845643,0.7707575893574419,0.01714061103622926,0.0077110961238410275,0.7257502234203319,0.02975973256542181,0.00769084546387829,0.6032035657943757,0.00021308245258639,0.00021308245258639,2.506852383369294
14470,0.0028621964050363044,0.0016384266111438286,0.7710242875970957,0.017122944803992048,0.007714099383321353,0.7260328831361273,0.02973773542723549,0.0076945849773699644,0.6034968609701933,0.00021322981251210675,0.00021322981251210675,2.508586029554197
14480,0.0028588651344285225,0.0016389929271471515,0.7712907892457183,0.01710529138575937,0.007717100464420908,0.7263153378278502,0.0297157511763841,0.007698322300014701,0.6037899843148785,0.00021337717243782346,0.00021337717243782346,2.5103196757390993
14490,0.0028555363214490905,0.001639558825353655,0.7715570942840728,0.017087650779914906,0.007720099367414468,0.7265975875213616,0.02969377980879967,0.007702057432504054,0.604082935882671,0.0002135245323635402,0.0002135245323635402,2.512053321924002
14500,0.0028522099663384677,0.001640124305722461,0.7718232026929227,0.017070022984842316,0.007723096092576807,0.726879632242523,0.02967182132041423,0.0077057903755295785,0.60437571572781,0.00021367189228925693,0.00021367189228925693,2.513786968108905
14510,0.002848886069337112,0.0016406893682126913,0.7720891144530311,0.01705240799892528,0.007726090640182703,0.7271614720171956,0.02964987570715982,0.007709521129782828,0.6046683239045356,0.00021381925221497364,0.00021381925221497364,2.5155206142938074
14520,0.0028455646306854822,0.0016412540127834685,0.7723548295451615,0.017034805820547467,0.007729083010506932,0.7274431068712407,0.029627942964968467,0.007713249695955359,0.6049607604670869,0.00021396661214069038,0.00021396661214069038,2.51725426047871
14530,0.002842245650624037,0.0016418182393939142,0.7726203479500772,0.017017216448092547,0.007732073203824268,0.7277245368305193,0.029606023089772202,0.007716976074738723,0.6052530254697037,0.00021411397206640712,0.00021411397206640712,2.518987906663613
14540,0.002838929129393235,0.0016423820480031505,0.7728856696485413,0.016999639879944194,0.007735061220409488,0.7280057619208931,0.02958411607750306,0.007720700266824477,0.6055451189666257,0.00021426133199212383,0.00021426133199212383,2.5207215528485154
14550,0.002835615067233535,0.0016429454385702995,0.7731507946213173,0.016982076114486076,0.007738047060537368,0.7282867821682228,0.029562221924093073,0.007724422272904175,0.6058370410120921,0.00021440869191784057,0.00021440869191784057,2.522455199033418
14560,0.0028323034643853947,0.0016435084110544833,0.7734157228491685,0.016964525150101866,0.007741030724482684,0.7285675975983702,0.02954034062547427,0.007728142093669372,0.606128791660343,0.0002145560518435573,0.0002145560518435573,2.524188845218321
14570,0.002828994321089274,0.001644070965414824,0.7736804543128581,0.016946986985175237,0.007744012212520211,0.7288482082371963,0.02951847217757869,0.007731859729811621,0.6064203709656174,0.000214703411769274,0.000214703411769274,2.5259224914032234
14580,0.002825687637585631,0.001644633101610443,0.7739449889931496,0.016929461618089857,0.007746991524924726,0.7291286141105624,0.029496616576338352,0.0077355751820224776,0.606711778982155,0.00021485077169499075,0.00021485077169499075,2.527656137588126
14590,0.0028223834141149237,0.0016451948196004634,0.7742093268708061,0.0169119490472294,0.0077499686619710035,0.7294088152443297,0.0294747738176853,0.0077392884509934964,0.6070030157641958,0.0002149981316207075,0.0002149981316207075,2.5293897837730293
14600,0.0028190816509176112,0.0016457561193440064,0.7744734679265911,0.016894449270977534,0.00775294362393382,0.7296888116643596,0.02945294389755156,0.007742999537416233,0.6072940813659791,0.00021514549154642422,0.00021514549154642422,2.531123429957932
14610,0.0028157823482341526,0.0016463170008001943,0.7747374121412678,0.016876962287717935,0.007755916411087953,0.7299686033965131,0.029431126811869168,0.00774670844198224,0.6075849758417442,0.00021529285147214093,0.00021529285147214093,2.532857076142834
14620,0.0028124855063050057,0.0016468774639281493,0.7750011594955996,0.01685948809583427,0.007758887023708175,0.7302481904666517,0.029409322556570153,0.007750415165383072,0.6078756992457311,0.00021544021139785767,0.00021544021139785767,2.5345907223277373
14630,0.0028091911253706296,0.0016474375086869934,0.7752647099703497,0.016842026693710214,0.007761855462069265,0.7305275729006365,0.029387531127586547,0.007754119708310285,0.6081662516321792,0.0002155875713235744,0.0002155875713235744,2.53632436851264
14640,0.0028058992056714826,0.0016479971350358484,0.7755280635462815,0.016824578079729438,0.007764821726445997,0.7308067507243291,0.029365752520850386,0.007757822071455432,0.608456633055328,0.00021573493124929112,0.00021573493124929112,2.538058014697542
14650,0.002802609747448024,0.0016485563429338363,0.7757912202041581,0.01680714225227561,0.007767785817113147,0.7310857239635903,0.029343986732293697,0.0077615222555100696,0.6087468435694172,0.00021588229117500786,0.00021588229117500786,2.5397916608824453
14660,0.002799322750940711,0.0016491151323400795,0.7760541799247431,0.016789719209732407,0.007770747734345492,0.7313644926442815,0.029322233757848516,0.00776522026116575,0.6090368832286863,0.0002160296511007246,0.0002160296511007246,2.541525307067348
14670,0.0027960382163900034,0.0016496735032136998,0.7763169426887998,0.016772308950483494,0.0077737074784178075,0.7316430567922642,0.029300493593446872,0.007768916089114029,0.6093267520873749,0.0002161770110264413,0.0002161770110264413,2.5432589532522503
14680,0.0027927561440363596,0.0016502314555138192,0.7765795084770912,0.016754911472912547,0.007776665049604868,0.7319214164333994,0.029278766235020796,0.007772609740046462,0.6096164501997225,0.00021632437095215804,0.00021632437095215804,2.5449925994371534
14690,0.002789476534120238,0.00165078898919956,0.776841877270381,0.016737526775403234,0.007779620448181451,0.7321995715935483,0.029257051678502323,0.0077763012146546025,0.6099059776199689,0.00021647173087787478,0.00021647173087787478,2.546726245622056
14700,0.0027861993868820976,0.0016513461042300438,0.7771040490494323,0.01672015485633923,0.007782573674422332,0.7324775222985724,0.029235349919823485,0.007779990513630005,0.6101953344023534,0.00021661909080359151,0.00021661909080359151,2.5484598918069588
14710,0.0027829247025623963,0.001651902800564393,0.7773660237950084,0.016702795714104202,0.007785524728602287,0.7327552685743328,0.029213660954916315,0.0077836776376642245,0.6104845206011157,0.00021676645072930822,0.00021676645072930822,2.5501935379918614
14720,0.002779652481401593,0.0016524590781617295,0.7776278014878726,0.016685449347081823,0.007788473610996091,0.7330328104466909,0.029191984779712844,0.007787362587448814,0.6107735362704952,0.00021691381065502496,0.00021691381065502496,2.551927184176764
14730,0.002776382723640147,0.0016530149369811753,0.7778893821087882,0.01666811575365577,0.007791420321878521,0.7333101479415078,0.0291703213901451,0.007791045363675331,0.6110623814647318,0.0002170611705807417,0.0002170611705807417,2.553660830361667
14740,0.002773115429518516,0.0016535703769818527,0.7781507656385188,0.016650794932209705,0.007794364861524352,0.7335872810846449,0.02914867078214512,0.007794725967035327,0.6113510562380648,0.0002172085305064584,0.0002172085305064584,2.5553944765465695
14750,0.002769850599277159,0.0016541253981228834,0.7784119520578274,0.016633486881127306,0.007797307230208359,0.7338642099019632,0.029127032951644934,0.007798404398220359,0.611639560644734,0.00021735589043217515,0.00021735589043217515,2.557128122731472
14760,0.0027665882331565344,0.0016546800003633896,0.7786729413474773,0.016616191598792244,0.00780024742820532,0.7341409344193242,0.029105407894576576,0.00780208065792198,0.6119278947389789,0.00021750325035789188,0.00021750325035789188,2.558861768916375
14770,0.002763328331397101,0.0016552341836624932,0.778933733488232,0.016598909083588187,0.00780318545579001,0.7344174546625891,0.029083795606872073,0.007805754746831746,0.6122160585750389,0.0002176506102836086,0.0002176506102836086,2.5605954151012775
14780,0.0027600708942393175,0.0016557879479793165,0.7791943284608547,0.016581639333898807,0.0078061213132372045,0.7346937706576192,0.029062196084463462,0.007809426665641209,0.6125040522071536,0.00021779797020932533,0.00021779797020932533,2.56232906128618
14790,0.002756815921923642,0.0016563412932729812,0.7794547262461087,0.016564382348107778,0.007809055000821679,0.7349698824302756,0.029040609323282774,0.007813096415041926,0.6127918756895628,0.00021794533013504207,0.00021794533013504207,2.564062707471083
14800,0.0027535634146905338,0.0016568942195026096,0.7797149268247573,0.016547138124598768,0.0078119865188182105,0.7352457900064199,0.029019035319262042,0.007816763995725451,0.613079529076506,0.00021809269006075878,0.00021809269006075878,2.5657963536559856
14810,0.0027503133727804514,0.0016574467266273238,0.7799749301775639,0.016529906661755453,0.007814915867501574,0.7355214934119129,0.028997474068333296,0.007820429408383338,0.6133670124222227,0.00021824004998647551,0.00021824004998647551,2.5675299998408883
14820,0.002747065796433853,0.0016579988146062455,0.7802347362852918,0.0165126879579615,0.007817843047146547,0.7357969926726162,0.028975925566428567,0.007824092653707142,0.6136543257809522,0.00021838740991219225,0.00021838740991219225,2.569263646025791
14830,0.002743820685891197,0.001658550483398497,0.7804943451287043,0.01649548201160058,0.007820768058027902,0.7360722878143907,0.02895438980947989,0.007827753732388417,0.6139414692069346,0.000218534769837909,0.000218534769837909,2.5709972922106936
14840,0.0027405780413929425,0.0016591017329632002,0.7807537566885646,0.01647828882105637,0.007823690900420418,0.7363473788630981,0.028932866793419294,0.007831412645118718,0.6142284427544092,0.0002186821297636257,0.0002186821297636257,2.5727309383955963
14850,0.0027373378631795485,0.0016596525632594772,0.7810129709456363,0.016461108384712535,0.007826611574598871,0.7366222658445996,0.028911356514178817,0.0078350693925896,0.6145152464776158,0.00021882948968934244,0.00021882948968934244,2.574464584580499
14860,0.0027341001514914727,0.00166020297424645,0.7812719878806822,0.016443940700952748,0.007829530080838034,0.736896948784756,0.02888985896769048,0.007838723975492616,0.6148018804307935,0.00021897684961505917,0.00021897684961505917,2.5761982307654017
14870,0.0027308649065691743,0.0016607529658832407,0.7815308074744661,0.016426785768160684,0.007832446419412685,0.7371714277094292,0.028868374149886328,0.007842376394519322,0.6150883446681821,0.00021912420954077588,0.00021912420954077588,2.5779318769503043
14880,0.002727632128653112,0.0016613025381289714,0.7817894297077511,0.01640964358472001,0.0078353605905976,0.73744570264448,0.028846902056698383,0.007846026650361273,0.6153746392440214,0.00021927156946649262,0.00021927156946649262,2.579665523135207
14890,0.0027244018179837437,0.001661851690942764,0.7820478545613005,0.0163925141490144,0.007838272594667553,0.7377197736157697,0.028825442684058684,0.007849674743710022,0.6156607642125507,0.00021941892939220936,0.00021941892939220936,2.5813991693201097
14900,0.0027211739748015285,0.0016624004242837406,0.7823060820158778,0.016375397459427524,0.007841182431897322,0.7379936406491596,0.028803996027899258,0.007853320675257123,0.6159467196280096,0.0002195662893179261,0.0002195662893179261,2.583132815505013
14910,0.0027179485993469254,0.001662948738111023,0.7825641120522461,0.016358293514343054,0.007844090102561683,0.7382673037705113,0.028782562084152138,0.007856964445694134,0.6162325055446379,0.0002197136492436428,0.0002197136492436428,2.584866461689915
14920,0.002714725691860392,0.0016634966323837337,0.7828219446511687,0.016341202312144663,0.007846995606935409,0.7385407630056856,0.02876114084874936,0.007860606055712607,0.6165181220166751,0.00021986100916935954,0.00021986100916935954,2.5866001078748178
14930,0.0027115052525823876,0.0016640441070609946,0.783079579793409,0.016324123851216017,0.007849898945293279,0.7388140183805438,0.02873973231762295,0.007864245506004097,0.6168035690983606,0.00022000836909507628,0.00022000836909507628,2.588333754059721
14940,0.002708287281753371,0.0016645911621019274,0.7833370174597304,0.016307058129940794,0.007852800117910067,0.7390870699209474,0.028718336486704944,0.007867882797260157,0.6170888468439338,0.000220155729020793,0.000220155729020793,2.590067400244623
14950,0.0027050717796138005,0.0016651377974656544,0.7835942576308961,0.01629000514670266,0.00785569912506055,0.7393599176527575,0.028696953351927373,0.007871517930172343,0.6173739553076348,0.00022030308894650973,0.00022030308894650973,2.591801046429526
14960,0.0027018587464041344,0.0016656840131112976,0.7838513002876694,0.016272964899885292,0.007858595967019502,0.7396325616018354,0.02867558290922227,0.007875150905432213,0.617658894543703,0.00022045044887222646,0.00022045044887222646,2.593534692614429
14970,0.0026986481823648317,0.001666229808997979,0.7841081454108135,0.016255937387872354,0.0078614906440617,0.7399050017940423,0.028654225154521665,0.007878781723731314,0.6179436646063776,0.00022059780879794317,0.00022059780879794317,2.595268338799331
14980,0.002695440087736351,0.0016667751850848206,0.7843647929810919,0.016238922609047524,0.007864383156461922,0.7401772382552397,0.02863288008375759,0.007882410385761207,0.6182282655498985,0.0002207451687236599,0.0002207451687236599,2.597001984984234
14990,0.002692234462759151,0.0016673201413309447,0.7846212429792679,0.01622192056179447,0.007867273504494942,0.7404492710112887,0.02861154769286208,0.007886036892213445,0.6185126974285055,0.00022089252864937665,0.00022089252864937665,2.598735631169137
15000,0.0026890313076736896,0.0016678646776954731,0.7848774953861049,0.016204931244496866,0.007870161688435535,0.7407211000880503,0.028590227977767165,0.007889661243779579,0.6187969602964376,0.00022103988857509336,0.00022103988857509336,2.600469277354039
15010,0.0026858306227204266,0.0016684087941375278,0.7851335501823659,0.016187954655538378,0.007873047708558477,0.7409927255113861,0.028568920934404878,0.007893283441151169,0.6190810542079348,0.0002211872485008101,0.0002211872485008101,2.602202923538942
15020,0.0026826324081398196,0.001668952490616231,0.7853894073488145,0.016170990793302684,0.007875931565138545,0.7412641473071571,0.02854762655870725,0.007896903485019766,0.6193649792172367,0.00022133460842652683,0.00022133460842652683,2.603936569723845
15030,0.0026794366641723277,0.0016694957670907048,0.7856450668662138,0.01615403965617345,0.007878813258450515,0.7415353655012249,0.02852634484660631,0.007900521376076925,0.6196487353785823,0.00022148196835224357,0.00022148196835224357,2.6056702159087477
15040,0.002676243391058409,0.0016700386235200709,0.7859005287153273,0.01613710124253435,0.007881692788769162,0.7418063801194504,0.0285050757940341,0.007904137115014202,0.6199323227462119,0.00022162932827796028,0.00022162932827796028,2.60740386209365
15050,0.002673052589038523,0.0016705810598634514,0.7861557928769182,0.016120175550769056,0.007884570156369262,0.7420771911876952,0.02848381939692264,0.007907750702523149,0.6202157413743646,0.00022177668820367701,0.00022177668820367701,2.609137508278553
15060,0.002669864258353127,0.0016711230760799688,0.7864108593317499,0.016103262579261236,0.00788744536152559,0.7423477987318203,0.02846257565120397,0.007911362139295323,0.6204989913172803,0.00022192404812939375,0.00022192404812939375,2.6108711544634557
15070,0.0026666783992426815,0.0016716646721287446,0.7866657280605855,0.016086362326394568,0.007890318404512925,0.7426182027776871,0.028441344552810117,0.007914971426022278,0.6207820726291984,0.00022207140805511046,0.00022207140805511046,2.612604800648358
15080,0.0026634950119476435,0.001672205847968901,0.7869203990441885,0.016069474790552717,0.007893189285606039,0.7428884033511566,0.028420126097673117,0.007918578563395567,0.6210649853643583,0.0002222187679808272,0.0002222187679808272,2.614338446833261
15090,0.002660314096708472,0.00167274660355956,0.7871748722633223,0.016052599970119357,0.00789605800507971,0.7431584004780902,0.028398920281725,0.007922183552106749,0.6213477295769998,0.00022236612790654394,0.00022236612790654394,2.616072093018164
15100,0.0026571356537656255,0.001673286938859844,0.78742914769875,0.01603573786347816,0.007898924563208714,0.7434281941843495,0.0283777271008978,0.007925786392847372,0.6216303053213625,0.00022251348783226065,0.00022251348783226065,2.617805739203066
15110,0.0026539596833595634,0.0016738268538288746,0.7876832253312349,0.016018888469012792,0.007901788960267827,0.7436977844957954,0.028356546551123546,0.007929387086308996,0.621912712651686,0.00022266084775797738,0.00022266084775797738,2.619539385387969
15120,0.0026507861857307433,0.001674366348425774,0.7879371051415405,0.01600205178510693,0.007904651196531822,0.743967171438289,0.02833537862833427,0.007932985633183173,0.6221949516222097,0.00022280820768369412,0.00022280820768369412,2.621273031572872
15130,0.0026476151611196245,0.0016749054226096642,0.7881907871104301,0.015985227810144245,0.007907511272275479,0.744236355037692,0.028314223328462007,0.007936582034161456,0.622477022287173,0.00022295556760941086,0.00022295556760941086,2.6230066777577745
15140,0.002644446609766665,0.0016754440763396673,0.7884442712186668,0.01596841654250841,0.007910369187773571,0.7445053353198655,0.02829308064743879,0.007940176289935404,0.622758924700816,0.00022310292753512757,0.00022310292753512757,2.624740323942677
15150,0.0026412805319123243,0.0016759823095749053,0.7886975574470142,0.015951617980583088,0.007913224943300877,0.7447741123106708,0.028271950581196647,0.007943768401196568,0.6230406589173779,0.0002232502874608443,0.0002232502874608443,2.62647397012758
15160,0.00263811692779706,0.0016765201222745001,0.7889506457762352,0.01593483212275196,0.007916078539132168,0.7450426860359687,0.02825083312566761,0.007947358368636503,0.6233222249910984,0.00022339764738656104,0.00022339764738656104,2.6282076163124826
15170,0.002634955797661331,0.001677057514397574,0.7892035361870935,0.01591805896739869,0.007918929975542223,0.745311056521621,0.028229728276783717,0.007950946192946767,0.623603622976217,0.00022354500731227775,0.00022354500731227775,2.6299412624973852
15180,0.0026317971417455966,0.001677594485903249,0.7894562286603524,0.015901298512906958,0.007921779252805818,0.7455792237934887,0.02820863603047699,0.007954531874818909,0.6238848529269733,0.0002236923672379945,0.0002236923672379945,2.631674908682288
15190,0.0026286409602903145,0.0016781310367506468,0.7897087231767749,0.015884550757660428,0.00792462637119773,0.7458471878774333,0.028187556382679474,0.007958115414944487,0.6241659148976069,0.00022383972716371123,0.00022383972716371123,2.6334085548671906
15200,0.002625487253535944,0.00167866716689889,0.7899610197171245,0.01586781570004277,0.00792747133099273,0.7461149487993156,0.02816648932932319,0.007961696814015056,0.6244468089423573,0.00022398708708942794,0.00022398708708942794,2.6351422010520933
15210,0.002622336021722943,0.0016792028763071,0.7902131182621646,0.015851093338437663,0.007930314132465598,0.7463825065849974,0.02814543486634017,0.007965276072722169,0.6247275351154642,0.00022413444701514467,0.00022413444701514467,2.636875847236996
15220,0.0026191872650917713,0.0016797381649343993,0.7904650187926583,0.015834383671228774,0.00793315477589111,0.7466498612603397,0.028124392989662454,0.00796885319175738,0.6250080934711671,0.0002242818069408614,0.0002242818069408614,2.6386094934218987
15230,0.0026160409838828862,0.0016802730327399097,0.7907167212893692,0.015817686696799775,0.00793599326154404,0.7469170128512038,0.02810336369522207,0.007972428171812245,0.6252884840637056,0.00022442916686657812,0.00022442916686657812,2.6403431396068013
15240,0.0026128971783367467,0.0016808074796827535,0.7909682257330602,0.015801002413534333,0.007938829589699164,0.7471839613834507,0.02808234697895105,0.007976001013578319,0.6255687069473193,0.00022457652679229486,0.00022457652679229486,2.642076785791704
15250,0.002609755848693812,0.0016813415057220524,0.7912195321044951,0.015784330819816127,0.00794166376063126,0.747450706882942,0.028061342836781425,0.007979571717747155,0.6258487621762475,0.0002247238867180116,0.0002247238867180116,2.6438104319766067
15260,0.0026066169951945396,0.0016818751108169285,0.7914706403844368,0.015767671914028825,0.0079444957746151,0.7477172493755389,0.028040351264645227,0.007983140285010308,0.6261286498047302,0.00022487124664372833,0.00022487124664372833,2.6455440781615094
15270,0.0026034806180793893,0.0016824082949265043,0.7917215505536489,0.015751025694556095,0.007947325631925465,0.7479835888871026,0.028019372258474493,0.007986706716059335,0.6264083698870067,0.00022501860656944504,0.00022501860656944504,2.647277724346412
15280,0.002600346717588819,0.0016829410580099012,0.7919722625928945,0.015734392159781615,0.007950153332837127,0.7482497254434943,0.02799840581420125,0.007990271011585786,0.6266879224773166,0.00022516596649516178,0.00022516596649516178,2.6490113705313147
15290,0.0025972152939632877,0.0016834734000262415,0.792222776482937,0.015717771308089053,0.007952978877624863,0.7485156590705753,0.027977451927757527,0.007993833172281218,0.6269673076298994,0.00022531332642087852,0.00022531332642087852,2.6507450167162174
15300,0.002594086347443253,0.0016840053209346473,0.7924730922045398,0.015701163137862077,0.007955802266563448,0.7487813897942068,0.027956510595075364,0.007997393198837187,0.627246525398995,0.00022546068634659523,0.00022546068634659523,2.65247866290112
15310,0.002590959878269175,0.0016845368206942406,0.792723209738466,0.01568456764748436,0.00795862349992766,0.7490469176402502,0.027935581812086788,0.008000951091945244,0.6275255758388427,0.00022560804627231196,0.00022560804627231196,2.654212309086023
15320,0.0025878358866815113,0.0016850678992641433,0.792973129065479,0.01566798483533958,0.007961442577992273,0.7493122426345667,0.027914665574723833,0.008004506852296946,0.6278044590036821,0.0002257554061980287,0.0002257554061980287,2.6559459552709255
15330,0.0025847143729207213,0.001685598556603478,0.7932228501663424,0.015651414699811402,0.007964259501032063,0.7495773648030176,0.02789376187891853,0.008008060480583848,0.6280831749477528,0.00022590276612374544,0.00022590276612374544,2.6576796014558286
15340,0.0025815953372272625,0.0016861287926713657,0.793472373021819,0.015634857239283498,0.007967074269321807,0.7498422841714641,0.02787287072060291,0.008011611977497503,0.6283617237252944,0.00022605012604946215,0.00022605012604946215,2.659413247640731
15350,0.0025784787798415944,0.0016866586074269292,0.7937216976126725,0.01561831245213954,0.00796988688313628,0.7501070007657674,0.02785199209570901,0.008015161343729467,0.6286401053905465,0.00022619748597517888,0.00022619748597517888,2.6611468938256335
15360,0.0025753647010041754,0.0016871880008292907,0.7939708239196661,0.0156017803367632,0.007972697342750258,0.750371514611789,0.027831126000168856,0.008018708579971293,0.6289183199977484,0.00022634484590089562,0.00022634484590089562,2.6628805400105366
15370,0.0025722531009554636,0.0016877169728375715,0.7942197519235629,0.015585260891538149,0.007975505648438515,0.7506358257353897,0.02781027242991448,0.008022253686914536,0.6291963676011401,0.00022649220582661233,0.00022649220582661233,2.664614186195439
15380,0.0025691439799359187,0.0016882455234108942,0.7944684816051265,0.015568754114848057,0.007978311800475832,0.7508999341624312,0.02778943138087792,0.008025796665250752,0.6294742482549609,0.00022663956575232907,0.00022663956575232907,2.666347832380342
15390,0.002566037338185998,0.0016887736525083806,0.7947170129451202,0.015552260005076597,0.00798111579913698,0.7511638399187744,0.0277686028489912,0.008029337515671494,0.6297519620134505,0.0002267869256780458,0.0002267869256780458,2.6680814785652447
15400,0.002562933175946161,0.001689301360089153,0.7949653459243072,0.01553577856060744,0.007983917644696737,0.751427543030281,0.02774778683018636,0.008032876238868317,0.6300295089308484,0.00022693428560376252,0.00022693428560376252,2.669815124750147
15410,0.0025598314934568663,0.0016898286461123331,0.7952134805234508,0.015519309779824257,0.007986717337429878,0.751691043522812,0.02772698332039543,0.008036412835532775,0.6303068890613941,0.00022708164552947925,0.00022708164552947925,2.67154877093505
15420,0.0025567322909585723,0.0016903555105370431,0.7954614167233143,0.01550285366111072,0.00798951487761118,0.7519543414222286,0.027706192315550437,0.008039947306356423,0.6305841024593274,0.000227229005455196,0.000227229005455196,2.6732824171199527
15430,0.002553635568691737,0.001690881953322405,0.795709154504661,0.015486410202850501,0.007992310265515416,0.752217436754392,0.027685413811583418,0.008043479652030817,0.6308611491788876,0.0002273763653809127,0.0002273763653809127,2.675016063304855
15440,0.0025505413268968203,0.0016914079744275408,0.7959566938482544,0.015469979403427269,0.007995103501417366,0.7524803295451638,0.027664647804426405,0.00804700987324751,0.6311380292743145,0.00022752372530662944,0.00022752372530662944,2.676749709489758
15450,0.0025474495658142802,0.0016919335738115728,0.7962040347348576,0.015453561261224697,0.007997894585591803,0.752743019820405,0.027643894290011427,0.008050537970698055,0.6314147427998474,0.00022767108523234617,0.00022767108523234617,2.678483355674661
15460,0.002544360285684575,0.0016924587514336228,0.7964511771452341,0.015437155774626458,0.008000683518313503,0.7530055076059767,0.02762315326427052,0.00805406394507401,0.6316912898097263,0.00022781844515806288,0.00022781844515806288,2.680217001859563
15470,0.0025412734867481628,0.0016929835072528128,0.796698121060147,0.01542076294201622,0.008003470299857244,0.7532677929277406,0.027602424723135708,0.008057587797066928,0.6319676703581905,0.00022796580508377962,0.00022796580508377962,2.681950648044466
15480,0.0025381891692455036,0.0016935078412282647,0.7969448664603597,0.015404382761777654,0.0080062549304978,0.7535298758115575,0.027581708662539034,0.008061109527368363,0.6322438844994795,0.00022811316500949636,0.00022811316500949636,2.683684294229369
15490,0.0025351073334170552,0.001694031753319101,0.7971914133266357,0.015388015232294435,0.008009037410509947,0.7537917562832891,0.027561005078412523,0.008064629136669868,0.6325199322878329,0.0002282605249352131,0.0002282605249352131,2.6854179404142715
15500,0.0025320279795032763,0.0016945552434844435,0.797437761639738,0.015371660351950232,0.008011817740168462,0.7540534343687963,0.02754031396668821,0.008068146625663002,0.6327958137774904,0.00022840788486092983,0.00022840788486092983,2.687151586599174
15510,0.0025289511077446255,0.001695078311683414,0.7976839113804299,0.015355318119128717,0.008014595919748119,0.7543149100939406,0.027519635323298125,0.008071661995039317,0.6330715290226916,0.00022855524478664654,0.00022855524478664654,2.688885232784077
15520,0.0025258767183815615,0.001695600957875135,0.7979298625294751,0.015338988532213563,0.008017371949523696,0.7545761834845831,0.0274989691441743,0.008075175245490366,0.6333470780776759,0.00022870260471236328,0.00022870260471236328,2.6906188789689796
15530,0.002522804811654543,0.0016961231820187281,0.7981756150676366,0.015322671589588438,0.008020145829769967,0.7548372545665851,0.027478315425248766,0.008078686377707707,0.6336224609966828,0.00022884996463808002,0.00022884996463808002,2.6923525251538822
15540,0.0025197353878040284,0.0016966449840733156,0.7984211689756778,0.015306367289637015,0.008022917560761709,0.7550981233658078,0.027457674162453562,0.008082195392382892,0.6338976778339522,0.00022899732456379673,0.00022899732456379673,2.694086171338785
15550,0.0025166684470704767,0.0016971663639980194,0.7986665242343619,0.015290075630742967,0.008025687142773697,0.7553587899081127,0.027437045351720712,0.008085702290207476,0.6341727286437235,0.00022914468448951346,0.00022914468448951346,2.6958198175236876
15560,0.0025136039896943457,0.0016976873217519617,0.7989116808244524,0.015273796611289962,0.008028454576080708,0.7556192542193607,0.02741642898898225,0.008089207071873016,0.6344476134802365,0.0002292920444152302,0.0002292920444152302,2.6975534637085903
15570,0.0025105420159160946,0.0016982078572942644,0.7991566387267125,0.015257530229661673,0.008031219860957516,0.7558795163254132,0.027395825070170212,0.008092709738071063,0.6347223323977305,0.0002294394043409469,0.0002294394043409469,2.699287109893493
15580,0.002507482525976182,0.0016987279705840495,0.7994013979219055,0.015241276484241773,0.0080339829976789,0.7561395762521318,0.027375233591216627,0.008096210289493172,0.6349968854504449,0.00022958676426666365,0.00022958676426666365,2.7010207560783956
15590,0.0025044255201150663,0.0016992476615804392,0.7996459583907948,0.015225035373413933,0.008036743986519632,0.7563994340253771,0.027354654548053525,0.008099708726830898,0.6352712726926195,0.00022973412419238039,0.00022973412419238039,2.7027544022632983
15600,0.0025013709985732065,0.0016997669302425554,0.7998903201141436,0.015208806895561821,0.008039502827754492,0.756659089671011,0.02733408793661294,0.008103205050775797,0.6355454941784939,0.0002298814841180971,0.0002298814841180971,2.704488048448201
15610,0.0024983189615910605,0.00170028577652952,0.8001344830727153,0.015192591049069112,0.008042259521658253,0.7569185432148944,0.027313533752826906,0.008106699262019424,0.6358195499623078,0.00023002884404381383,0.00023002884404381383,2.7062216946331037
15620,0.002495269409409088,0.0017008042004004555,0.8003784472472731,0.015176387832319475,0.00804501406850569,0.7571777946828885,0.02729299199262745,0.00811019136125333,0.6360934400983005,0.00023017620396953057,0.00023017620396953057,2.7079553408180064
15630,0.0024922223422677464,0.0017013222018144834,0.8006222126185804,0.015160197243696582,0.008047766468571582,0.7574368441008548,0.027272462651946612,0.008113681349169073,0.6363671646407116,0.00023032356389524728,0.00023032356389524728,2.709688987002909
15640,0.0024891777604074948,0.0017018397807307263,0.8008657791674004,0.015144019281584105,0.008050516722130703,0.7576956914946543,0.027251945726716416,0.008117169226458207,0.6366407236437809,0.00023047092382096402,0.00023047092382096402,2.7114226331878117
15650,0.002486135664068792,0.0017023569371083058,0.8011091468744967,0.015127853944365718,0.00805326482945783,0.7579543368901486,0.027231441212868898,0.008120654993812286,0.636914117161748,0.00023061828374668075,0.00023061828374668075,2.7131562793727144
15660,0.0024830960534920968,0.0017028736709063439,0.8013523157206323,0.015111701230425085,0.008056010790827737,0.7582127803131987,0.027210949106336087,0.008124138651922862,0.637187345248852,0.00023076564367239746,0.00023076564367239746,2.714889925557617
15670,0.002480058928917867,0.001703389982083963,0.8015952856865708,0.015095561138145884,0.0080587546065152,0.7584710217896659,0.02719046940305002,0.008127620201481495,0.637460407959333,0.0002309130035981142,0.0002309130035981142,2.71662357174252
15680,0.0024770242905865617,0.001703905870600285,0.8018380567530751,0.015079433665911784,0.008061496276794998,0.7587290613454115,0.027170002098942728,0.008131099643179734,0.6377333053474302,0.00023106036352383094,0.00023106036352383094,2.7183572179274225
15690,0.00247399213873864,0.0017044213364144317,0.8020806289009088,0.015063318812106458,0.008064235801941903,0.7589868990062967,0.02714954718994624,0.008134576977709137,0.6380060374673834,0.00023120772344954767,0.00023120772344954767,2.7200908641123256
15700,0.0024709624736145596,0.0017049363794855252,0.8023230021108353,0.015047216575113573,0.008066973182230694,0.7592445347981829,0.027129104671992588,0.008138052205761259,0.638278604373432,0.00023135508337526438,0.00023135508337526438,2.721824510297228
15710,0.0024679352954547797,0.0017054509997726879,0.8025651763636177,0.015031126953316806,0.008069708417936144,0.7595019687469312,0.027108674541013802,0.00814152532802765,0.6385510061198157,0.00023150244330098112,0.00023150244330098112,2.7235581564821305
15720,0.0024649106044997583,0.0017059651972350415,0.8028071516400195,0.015015049945099826,0.00807244150933303,0.7597592008784028,0.027088256792941925,0.00814499634519987,0.6388232427607741,0.00023164980322669786,0.00023164980322669786,2.7252918026670336
15730,0.002461888400989955,0.001706478971831708,0.8030489279208036,0.014998985548846303,0.00807517245669613,0.7600162312184594,0.027067851423708978,0.008148465257969471,0.6390953143505467,0.00023179716315241457,0.00023179716315241457,2.727025448851936
15740,0.002458868685165827,0.0017069923235218097,0.8032905051867338,0.01498293376293991,0.008077901260300217,0.7602730597929617,0.027047458429246996,0.008151932067028009,0.6393672209433733,0.0002319445230781313,0.0002319445230781313,2.7287590950368386
15750,0.002455851457267835,0.0017075052522644684,0.8035318834185732,0.014966894585764317,0.008080627920420068,0.7605296866277711,0.027027077805488013,0.008155396773067036,0.639638962593493,0.00023209188300384804,0.00023209188300384804,2.7304927412217417
15760,0.0024528367175364356,0.0017080177580188064,0.8037730625970853,0.014950868015703195,0.008083352437330459,0.7607861117487491,0.02700670954836406,0.008158859376778108,0.6399105393551456,0.00023223924292956478,0.00023223924292956478,2.7322263874066444
15770,0.0024498244662120882,0.0017085298407439455,0.804014042703033,0.014934854051140218,0.008086074811306165,0.7610423351817567,0.026986353653807166,0.00816231987885278,0.640181951282571,0.0002323866028552815,0.0002323866028552815,2.7339600335915466
15780,0.002446814703535251,0.0017090415003990077,0.80425482371718,0.014918852690459056,0.008088795042621963,0.7612983569526554,0.026966010117749368,0.008165778279982605,0.6404531984300084,0.00023253396278099823,0.00023253396278099823,2.7356936797764497
15790,0.0024438074297463835,0.001709552736943115,0.8044954056202893,0.01490286393204338,0.008091513131552626,0.761554177087306,0.026945678936122694,0.00816923458085914,0.6407242808516972,0.00023268132270671496,0.00023268132270671496,2.7374273259613524
15800,0.0024408026450859436,0.00171006355033539,0.8047357883931247,0.014886887774276863,0.008094229078372935,0.7618097956115704,0.02692536010485918,0.008172688782173938,0.6409951986018775,0.00023282868263243167,0.00023282868263243167,2.7391609721462546
15810,0.0024378003497943905,0.0017105739405349541,0.8049759720164489,0.014870924215543174,0.008096942883357662,0.7620652125513093,0.026905053619890852,0.008176140884618552,0.6412659517347884,0.0002329760425581484,0.0002329760425581484,2.7408946183311578
15820,0.002434800544112182,0.0017110839075009294,0.8052159564710254,0.014854973254225984,0.008099654546781583,0.7623204279323842,0.02688475947714975,0.00817959088888454,0.6415365403046698,0.00023312340248386515,0.00023312340248386515,2.7426282645160605
15830,0.002431803228279777,0.0017115934511924382,0.8054557417376178,0.014839034888708968,0.008102364068919477,0.7625754417806565,0.026864477672567902,0.008183038795663455,0.6418069643657612,0.00023327076240958186,0.00023327076240958186,2.7443619107009627
15840,0.0024288084025376345,0.0017121025715686024,0.8056953277969893,0.014823109117375794,0.008105071450046117,0.7628302541219875,0.026844208202077335,0.008186484605646851,0.642077223972302,0.0002334181223352986,0.0002334181223352986,2.746095556885866
15850,0.0024258160671262125,0.0017126112685885442,0.8059347146299031,0.014807195938610134,0.008107776690436278,0.7630848649822378,0.02682395106161009,0.008189928319526283,0.642347319178532,0.00023356548226101533,0.00023356548226101533,2.7478292030707685
15860,0.0024228262222859703,0.0017131195422113853,0.8061739022171224,0.014791295350795661,0.00811047979036474,0.7633392743872696,0.026803706247098196,0.008193369937993305,0.6426172500386906,0.00023371284218673204,0.00023371284218673204,2.7495628492556707
15870,0.002419838868257366,0.0017136273923962482,0.8064128905394108,0.014775407352316045,0.008113180750106273,0.7635934823629433,0.02678347375447368,0.008196809461739472,0.6428870166070175,0.00023386020211244878,0.00023386020211244878,2.751296495440574
15880,0.0024168540052808586,0.0017141348191022545,0.8066516795775314,0.014759531941554958,0.008115879569935659,0.7638474889351208,0.02676325357966858,0.008200246891456339,0.6431566189377521,0.00023400756203816552,0.00023400756203816552,2.7530301416254765
15890,0.002413871633596906,0.0017146418222885264,0.8068902693122476,0.01474366911689607,0.00811857625012767,0.7641012941296629,0.026743045718614928,0.008203682227835461,0.6434260570851342,0.00023415492196388223,0.00023415492196388223,2.754763787810379
15900,0.0024108917534459676,0.0017151484019141858,0.8071286597243227,0.014727818876723054,0.008121270790957083,0.7643548979724313,0.026722850167244752,0.00820711547156839,0.643695331103403,0.00023430228188959896,0.00023430228188959896,2.756497433995282
15910,0.002407914365068501,0.001715654557938355,0.8073668507945199,0.014711981219419579,0.008123963192698673,0.7646083004892869,0.026702666921490086,0.008210546623346682,0.6439644410467986,0.0002344496418153157,0.0002344496418153157,2.7582310801801846
15920,0.0024049394687049664,0.0017161602903201561,0.8076048425036028,0.01469615614336932,0.008126653455627218,0.764861501706091,0.026682495977282963,0.008213975683861894,0.6442333869695603,0.0002345970017410324,0.0002345970017410324,2.759964726365087
15930,0.0024019670645958214,0.0017166655990187108,0.8078426348323343,0.014680343646955946,0.00812934158001749,0.7651145016487049,0.026662337330555414,0.008217402653805578,0.6445021689259277,0.00023474436166674915,0.00023474436166674915,2.76169837254999
15940,0.002398997152981524,0.0017171704839931412,0.8080802277614781,0.014664543728563129,0.008132027566144269,0.7653673003429899,0.02664219097723947,0.008220827533869287,0.6447707869701402,0.00023489172159246589,0.00023489172159246589,2.7634320187348926
15950,0.002396029734102534,0.0017176749452025696,0.8083176212717973,0.01464875638657454,0.00813471141428233,0.7656198978148075,0.026622056913267165,0.008224250324744579,0.6450392411564376,0.00023503908151818262,0.00023503908151818262,2.7651656649197953
15960,0.0023930648081993094,0.0017181789826061177,0.8085548153440552,0.01463298161937385,0.008137393124706446,0.7658722940900184,0.02660193513457053,0.008227671027123008,0.6453075315390594,0.00023518644144389933,0.00023518644144389933,2.766899311104698
15970,0.002390102375512309,0.001718682596162908,0.8087918099590153,0.014617219425344732,0.008140072697691398,0.7661244891944845,0.0265818256370816,0.008231089641696126,0.6455756581722452,0.00023533380136961607,0.00023533380136961607,2.7686329572896007
15980,0.0023871424362819915,0.0017191857858320618,0.8090286050974407,0.014601469802870855,0.008142750133511956,0.7663764831540665,0.0265617284167324,0.00823450616915549,0.6458436211102345,0.0002354811612953328,0.0002354811612953328,2.7703666034745034
15990,0.0023841849907488147,0.0017196885515727018,0.8092652007400949,0.014585732750335895,0.008145425432442899,0.7666282759946257,0.026541643469454968,0.008237920610192653,0.6461114204072669,0.00023562852122104954,0.00023562852122104954,2.772100249659406
16000,0.0023812300391532386,0.00172019089334395,0.809501596867741,0.014570008266123514,0.008148098594759004,0.7668798677420239,0.026521570791181334,0.00824133296549917,0.6463790561175821,0.00023577588114676625,0.00023577588114676625,2.7738338958443087
16010,0.0023782775817357206,0.0017206928111049278,0.8097377934611424,0.014554296348617395,0.008150769620735044,0.7671312584221218,0.026501510377843533,0.008244743235766598,0.6466465282954195,0.000235923241072483,0.000235923241072483,2.7755675420292114
16020,0.00237532761873672,0.001721194304814758,0.8099737905010624,0.014538596996201202,0.008153438510645797,0.7673824480607808,0.026481462225373592,0.008248151421686487,0.6469138369950186,0.00023607060099819973,0.00023607060099819973,2.777301188214114
16030,0.002372380150396695,0.0017216953744325623,0.8102095879682645,0.014522910207258606,0.008156105264766038,0.7676334366838624,0.026461426329703545,0.008251557523950395,0.6471809822706192,0.00023621796092391644,0.00023621796092391644,2.7790348343990168
16040,0.0023694351769561043,0.0017221960199174627,0.8104451858435118,0.014507235980173283,0.008158769883370543,0.7678842243172275,0.026441402686765425,0.008254961543249876,0.6474479641764609,0.00023636532084963318,0.00023636532084963318,2.7807684805839195
16050,0.002366492698655407,0.0017226962412285813,0.8106805841075675,0.014491574313328901,0.008161432366734087,0.7681348109867375,0.026421391292491266,0.008258363480276483,0.647714782766783,0.0002365126807753499,0.0002365126807753499,2.782502126768822
16060,0.002363552715735061,0.00172319603832504,0.8109157827411951,0.014475925205109133,0.008164092715131448,0.7683851967182539,0.026401392142813094,0.008261763335721772,0.6479814380958252,0.00023666004070106662,0.00023666004070106662,2.784235772953725
16070,0.002360615228435525,0.0017236954111659612,0.8111507817251581,0.01446028865389765,0.008166750928837401,0.7686353815376378,0.026381405233662947,0.008265161110277298,0.6482479302178273,0.00023680740062678336,0.00023680740062678336,2.7859694191386275
16080,0.002357680236997258,0.0017241943597104666,0.8113855810402194,0.014444664658078121,0.008169407008126722,0.7688853654707501,0.026361430560972853,0.008268556804634612,0.6485142591870284,0.0002369547605525001,0.0002369547605525001,2.78770306532353
16090,0.002354747741660719,0.0017246928839176783,0.8116201806671426,0.01442905321603422,0.008172060953274184,0.7691351485434526,0.02634146812067485,0.008271950419485273,0.6487804250576685,0.0002371021204782168,0.0002371021204782168,2.789436711508433
16100,0.002351817742666365,0.0017251909837467183,0.8118545805866909,0.014413454326149619,0.008174712764554566,0.7693847307816062,0.02632151790870096,0.008275341955520835,0.649046427883987,0.00023724948040393354,0.00023724948040393354,2.7911703576933355
16110,0.002348890240254656,0.0017256886591567088,0.8120887807796275,0.014397867986807988,0.008177362442242644,0.7696341122110724,0.026301579920983222,0.00827873141343285,0.6493122677202235,0.00023739684032965028,0.00023739684032965028,2.7929040038782382
16120,0.0023459652346660507,0.0017261859101067717,0.812322781226716,0.014382294196392996,0.008180009986613192,0.7698832928577121,0.026281654153453668,0.008282118793912874,0.6495779446206176,0.000237544200255367,0.000237544200255367,2.794637650063141
16130,0.0023430427261410067,0.0017266827365560293,0.8125565819087195,0.01436673295328832,0.008182655397940986,0.7701322727473869,0.02626174060204433,0.008285504097652462,0.6498434586394087,0.00023769156018108373,0.00023769156018108373,2.7963712962480436
16140,0.0023401227149199835,0.0017271791384636031,0.8127901828064014,0.014351184255877626,0.008185298676500806,0.7703810519059582,0.026241839262687236,0.008288887325343167,0.6501088098308366,0.00023783892010680047,0.00023783892010680047,2.7981049424329463
16150,0.002337205201243439,0.0017276751157886158,0.813023583900525,0.014335648102544587,0.008187939822567422,0.7706296303592868,0.026221950131314422,0.008292268477676546,0.6503739982491409,0.0002379862800325172,0.0002379862800325172,2.7998385886178494
16160,0.0023342901853518326,0.0017281706684901888,0.8132567851718534,0.014320124491672878,0.008190578836415613,0.7708780081332341,0.02620207320385792,0.00829564755534415,0.6506390239485609,0.0002381336399582339,0.0002381336399582339,2.8015722348027516
16170,0.0023313776674856223,0.0017286657965274446,0.8134897866011502,0.014304613421646165,0.008193215718320154,0.7711261852536615,0.02618220847624976,0.008299024559037539,0.6509038869833365,0.00023828099988395065,0.00023828099988395065,2.8033058809876543
16180,0.002328467647885267,0.001729160499859505,0.8137225881691786,0.014289114890848123,0.00819585046855582,0.77137416174643,0.026162355944421976,0.008302399489448262,0.6511685874077069,0.0002384283598096674,0.0002384283598096674,2.8050395271725574
16190,0.002325560126791225,0.001729654778445492,0.813955189856702,0.01427362889766242,0.00819848308739739,0.7716219376374013,0.026142515604306596,0.008305772347267877,0.6514331252759119,0.0002385757197353841,0.0002385757197353841,2.8067731733574597
16200,0.002322655104443955,0.001730148632244528,0.8141875916444836,0.014258155440472731,0.008201113575119637,0.7718695129524364,0.026122687451835658,0.008309143133187936,0.651697500642191,0.00023872307966110083,0.00023872307966110083,2.8085068195423624
16210,0.002319752581083916,0.0017306420612157346,0.8144197935132867,0.014242694517662725,0.008203741931997337,0.7721168877173964,0.026102871482941194,0.008312511847899995,0.6519617135607839,0.00023887043958681757,0.00023887043958681757,2.8102404657272655
16220,0.0023168525569515664,0.001731135065318234,0.8146517954438748,0.014227246127616075,0.008206368158305269,0.7723640619581428,0.026083067693555225,0.00831587849209561,0.6522257640859301,0.0002390177995125343,0.0002390177995125343,2.811974111912168
16230,0.0023139550322873645,0.0017316276445111483,0.8148835974170109,0.01421181026871645,0.008208992254318205,0.7726110357005369,0.026063276079609794,0.008319243066466333,0.6524896522718692,0.00023916515943825102,0.00023916515943825102,2.8137077580970704
16240,0.002311060007331769,0.0017321197987535996,0.8151151994134584,0.014196386939347525,0.008211614220310921,0.7728578089704395,0.026043496637036936,0.00832260557170372,0.6527533781728407,0.00023931251936396776,0.00023931251936396776,2.8154414042819735
16250,0.002308167482325239,0.0017326115280047096,0.8153466014139809,0.01418097613789297,0.008214234056558196,0.7731043817937127,0.026023729361768673,0.008325966008499323,0.6530169418430842,0.0002394598792896845,0.0002394598792896845,2.817175050466876
16260,0.002305277457508233,0.0017331028322236008,0.8155778033993415,0.014165577862736452,0.008216851763334804,0.7733507541962169,0.02600397424973704,0.008329324377544701,0.6532803433368394,0.0002396072392154012,0.0002396072392154012,2.8189086966517785
16270,0.002302389933121209,0.0017335937113693949,0.8158088053503033,0.014150192112261649,0.008219467340915521,0.7735969262038137,0.02598423129687407,0.008332680679531405,0.6535435827083456,0.00023975459914111794,0.00023975459914111794,2.8206423428366816
16280,0.0022995049094046258,0.001734084165401214,0.81603960724763,0.014134818884852227,0.008222080789575124,0.7738428978423645,0.025964500499111795,0.008336034915150992,0.6538066600118425,0.00023990195906683468,0.00023990195906683468,2.8223759890215843
16290,0.002296622386598942,0.0017345741942781801,0.8162702090720846,0.014119458178891861,0.008224692109588386,0.7740886691377304,0.02594478185238225,0.008339387085095015,0.6540695753015698,0.00024004931899255139,0.00024004931899255139,2.8241096352064865
16300,0.0022937423649446167,0.0017350637979594156,0.8165006108044307,0.014104109992764222,0.008227301301230084,0.7743342401157726,0.025925075352617462,0.008342737190055028,0.6543323286317669,0.00024019667891826812,0.00024019667891826812,2.8258432813913896
16310,0.002290864844682108,0.0017355529764040418,0.8167308124254313,0.014088774324852978,0.008229908364774996,0.7745796108023525,0.025905380995749468,0.008346085230722588,0.6545949200566736,0.00024034403884398486,0.00024034403884398486,2.8275769275762923
16320,0.0022879898260518756,0.0017360417295711815,0.81696081391585,0.014073451173541805,0.008232513300497894,0.7748247812233312,0.025885698777710298,0.008349431207789247,0.6548573496305292,0.00024049139876970157,0.00024049139876970157,2.8293105737611945
16330,0.0022851173092943763,0.0017365300574199564,0.81719061525645,0.01405814053721437,0.008235116108673559,0.7750697514045701,0.02586602869443198,0.008352775121946562,0.6551196174075735,0.0002406387586954183,0.0002406387586954183,2.8310442199460977
16340,0.0022822472946500702,0.0017370179599094885,0.8174202164279945,0.01404284241425435,0.008237716789576762,0.7753145213719305,0.02584637074184655,0.008356116973886085,0.6553817234420459,0.00024078611862113504,0.00024078611862113504,2.8327778661310004
16350,0.002279379782359415,0.0017375054369988998,0.8176496174112469,0.014027556803045411,0.008240315343482282,0.7755590911512736,0.02582672491588604,0.008359456764299372,0.6556436677881861,0.00024093347854685178,0.00024093347854685178,2.834511512315903
16360,0.0022765147726628693,0.0017379924886473126,0.8178788181869704,0.014012283701971226,0.008242911770664893,0.7758034607684606,0.025807091212482484,0.008362794493877976,0.6559054505002335,0.0002410808384725685,0.0002410808384725685,2.8362451585008057
16370,0.0022736522658008923,0.0017384791148138486,0.8181078187359285,0.013997023109415467,0.008245506071399372,0.7760476302493526,0.025787469627567908,0.008366130163313454,0.6561670716324278,0.00024122819839828523,0.00024122819839828523,2.8379788046857084
16380,0.0022707922620139424,0.0017389653154576302,0.8183366190388847,0.013981775023761805,0.008248098245960494,0.7762915996198112,0.02576786015707435,0.008369463773297359,0.6564285312390086,0.00024137555832400197,0.00024137555832400197,2.839712450870611
16390,0.0022679347615424785,0.001739451090537779,0.8185652190766018,0.013966539443393912,0.008250688294623037,0.7765353689056976,0.02574826279693384,0.008372795324521246,0.6566898293742154,0.0002415229182497187,0.0002415229182497187,2.8414460970555138
16400,0.0022650797646269587,0.0017399364400134175,0.8187936188298434,0.013951316366695457,0.008253276217661774,0.7767789381328728,0.025728677543078407,0.008376124817676668,0.6569509660922878,0.0002416702781754354,0.0002416702781754354,2.8431797432404164
16410,0.0022622272715078413,0.0017404213638436672,0.8190218182793727,0.013936105792050115,0.008255862015351481,0.7770223073271982,0.025709104391440085,0.008379452253455183,0.6572119414474654,0.00024181763810115215,0.00024181763810115215,2.844913389425319
16420,0.002259377282425586,0.0017409058619876508,0.8192498174059533,0.013920907717841555,0.008258445687966937,0.7772654765145351,0.02568954333795091,0.008382777632548343,0.6574727554939876,0.0002419649980268689,0.0002419649980268689,2.846647035610222
16430,0.0022565297976206503,0.0017413899344044899,0.819477616190348,0.013905722142453449,0.008261027235782915,0.7775084457207448,0.02566999437854291,0.008386100955647704,0.6577334082860944,0.0002421123579525856,0.0002421123579525856,2.8483806817951245
16440,0.0022536848173334936,0.0017418735810533065,0.8197052146133206,0.013890549064269469,0.008263606659074193,0.7777512149716886,0.025650457509148118,0.008389422223444819,0.657993899878025,0.00024225971787830233,0.00024225971787830233,2.850114327980027
16450,0.002250842341804574,0.0017423568018932229,0.8199326126556341,0.013875388481673284,0.008266183958115543,0.7779937842932276,0.025630932725698566,0.008392741436631242,0.6582542303240191,0.00024240707780401907,0.00024240707780401907,2.85184797416493
16460,0.0022480023712743505,0.0017428395968833608,0.820159810298052,0.013860240393048567,0.008268759133181746,0.778236153711223,0.025611420024126284,0.00839605859589853,0.658514399678316,0.00024255443772973578,0.00024255443772973578,2.8535816203498325
16470,0.0022451649059832815,0.0017433219659828425,0.8203868075213374,0.01384510479677899,0.008271332184547573,0.7784783232515363,0.025591919400363306,0.008399373701938237,0.6587744079951559,0.00024270179765545252,0.00024270179765545252,2.855315266534735
16480,0.0022423299461718257,0.00174380390915079,0.820613604306254,0.013829981691248225,0.008273903112487803,0.7787202929400285,0.025572430850341665,0.008402686755441915,0.6590342553287777,0.00024284915758116926,0.00024284915758116926,2.857048912719638
16490,0.002239497492080442,0.0017442854263463254,0.8208402006335647,0.01381487107483994,0.008276471917277211,0.7789620628025611,0.025552954369993393,0.008405997757101122,0.6592939417334214,0.00024299651750688597,0.00024299651750688597,2.8587825589045406
16500,0.002236667543949588,0.0017447665175285704,0.8210665964840329,0.013799772945937809,0.008279038599190573,0.7792036328649952,0.025533489955250517,0.00840930670760741,0.6595534672633263,0.0002431438774326027,0.0002431438774326027,2.8605162050894433
16510,0.0022338401020197234,0.0017452471826566475,0.8212927918384222,0.013784687302925504,0.008281603158502666,0.7794450031531921,0.02551403760204508,0.008412613607652334,0.6598128319727321,0.00024329123735831944,0.00024329123735831944,2.862249851274346
16520,0.0022310151665313055,0.0017457274216896785,0.8215187866774956,0.013769614144186693,0.008284165595488262,0.7796861736930129,0.0254945973063091,0.00841591845792745,0.6600720359158785,0.00024343859728403615,0.00024343859728403615,2.8639834974592486
16530,0.002228192737724795,0.0017462072345867854,0.8217445809820165,0.013754553468105052,0.008286725910422142,0.7799271445103192,0.02547516906397462,0.008419221259124313,0.6603310791470051,0.0002435859572097529,0.0002435859572097529,2.8657171436441513
16540,0.0022253728158406483,0.00174668662130709,0.8219701747327481,0.013739505273064249,0.008289284103579079,0.780167915630972,0.025455752870973666,0.008422522011934474,0.6605899617203509,0.00024373331713546962,0.00024373331713546962,2.867450789829054
16550,0.0022225554011193254,0.0017471655818097152,0.822195567910454,0.013724469557447957,0.008291840175233848,0.7804084870808327,0.025436348723238272,0.008425820717049491,0.6608486836901563,0.00024388067706118633,0.00024388067706118633,2.8691844360139567
16560,0.0022197404938012846,0.001747644116053782,0.8224207604958973,0.013709446319639846,0.008294394125661228,0.7806488588857626,0.025416956616700473,0.008429117375160918,0.6611072451106602,0.00024402803698690307,0.00024402803698690307,2.8709180821988594
16570,0.0022169280941269844,0.001748122223998413,0.8226457524698413,0.013694435558023589,0.008296945955135991,0.7808890310716227,0.025397576547292296,0.008432411986960308,0.6613656460361026,0.0002441753969126198,0.0002441753969126198,2.872651728383762
16580,0.002214118202336883,0.0017485999056027302,0.8228705438130494,0.013679437270982853,0.008299495663932916,0.7811290036642745,0.025378208510945778,0.008435704553139215,0.6616238865207228,0.0002443227568383365,0.0002443227568383365,2.8743853745686647
16590,0.00221131081867144,0.0017490771608258556,0.8230951345062849,0.013664451456901316,0.008302043252326778,0.7813687766895792,0.025358852503592943,0.008438995074389197,0.6618819666187606,0.0002444701167640533,0.0002444701167640533,2.876119020753568
16600,0.0022085059433711134,0.0017495539896269113,0.8233195245303111,0.013649478114162646,0.008304588720592351,0.7816083501733978,0.025339508521165833,0.008442283551401806,0.6621398863844554,0.00024461747668977,0.00024461747668977,2.87785266693847
16610,0.0022057035766763614,0.001750030391965019,0.8235437138658911,0.013634517241150513,0.008307132069004413,0.7818477241415918,0.025320176559596473,0.008445569984868598,0.662397645872047,0.0002447648366154867,0.0002447648366154867,2.8795863131233728
16620,0.0022029037188276432,0.001750506367799301,0.8237677024937886,0.013619568836248593,0.00830967329783774,0.7820868986200226,0.0253008566148169,0.008448854375481126,0.6626552451357746,0.00024491219654120347,0.00024491219654120347,2.881319959308276
16630,0.0022001063700654174,0.0017509819170888794,0.8239914903947666,0.01360463289784055,0.008312212407367108,0.7823258736345513,0.025281548682759142,0.008452136723930944,0.6629126842298779,0.0002450595564669202,0.0002450595564669202,2.883053605493178
16640,0.0021973115306301427,0.0017514570397928761,0.8242150775495887,0.013589709424310063,0.008314749397867291,0.7825646492110391,0.02526225275935523,0.008455417030909608,0.6631699632085967,0.0002452069163926369,0.0002452069163926369,2.884787251678081
16650,0.002194519200762277,0.0017519317358704134,0.824438463939018,0.013574798414040797,0.008317284269613066,0.7828032253753473,0.0252429688405372,0.008458695297108673,0.6634270821261705,0.00024535427631835365,0.00024535427631835365,2.886520897862984
16660,0.0021917293807022795,0.001752406005280613,0.8246616495438177,0.01355989986541643,0.008319817022879209,0.7830416021533373,0.025223696922237082,0.008461971523219694,0.6636840410368388,0.00024550163624407036,0.00024550163624407036,2.888254544047886
16670,0.0021889420706906085,0.0017528798479825968,0.8248846343447512,0.013545013776820627,0.008322347657940495,0.7832797795708699,0.02520443700038691,0.008465245709934224,0.6639408399948411,0.00024564899616978707,0.00024564899616978707,2.889988190232789
16680,0.0021861572709677233,0.0017533532639354874,0.8251074183225822,0.013530140146637063,0.0083248761750717,0.7835177576538069,0.025185189070918712,0.008468517857943817,0.6641974790544171,0.00024579635609550384,0.00024579635609550384,2.891721836417692
16690,0.0021833749817740814,0.0017538262530984066,0.8253300014580736,0.01351527897324941,0.008327402574547602,0.7837555364280094,0.025165953129764527,0.008471787967940028,0.6644539582698061,0.00024594371602122055,0.00024594371602122055,2.8934554826025947
16700,0.0021805952033501427,0.0017542988154304762,0.8255523837319887,0.013500430255041336,0.008329926856642975,0.7839931159193388,0.02514672917285638,0.008475056040614413,0.664710277695248,0.00024609107594693726,0.00024609107594693726,2.895189128787497
16710,0.0021778179359363647,0.0017547709508908185,0.8257745651250908,0.013485593990396515,0.008332449021632594,0.7842304961536558,0.025127517196126305,0.008478322076658527,0.6649664373849825,0.000246238435872654,0.000246238435872654,2.8969227749724
16720,0.0021750431797732065,0.0017552426594385554,0.8259965456181435,0.013470770177698616,0.008334969069791236,0.7844676771568222,0.025108317195506335,0.008481586076763921,0.6652224373932487,0.00024638579579837073,0.00024638579579837073,2.8986564211573027
16730,0.0021722709351011263,0.0017557139410328089,0.8262183251919099,0.013455958815331313,0.008337487001393678,0.7847046589546991,0.025089129166928504,0.008484848041622153,0.6654782777742866,0.0002465331557240875,0.0002465331557240875,2.9003900673422054
16740,0.0021695012021605837,0.0017561847956327013,0.8264399038271534,0.013441159901678277,0.008340002816714695,0.7849414415731478,0.025069953106324837,0.008488107971924775,0.6657339585823353,0.0002466805156498042,0.0002466805156498042,2.902123713527108
16750,0.002166733981192036,0.0017566552231973542,0.8266612815046372,0.013426373435123179,0.008342516516029061,0.7851780250380291,0.025050789009627376,0.008491365868363344,0.6659894798716348,0.0002468278755755209,0.0002468278755755209,2.9038573597120108
16760,0.002163969272435943,0.0017571252236858901,0.8268824582051246,0.013411599414049688,0.008345028099611554,0.7854144093752051,0.025031636872768145,0.008494621731629412,0.6662448416964246,0.0002469752355012377,0.0002469752355012377,2.9055910058969134
16770,0.0021612070761327625,0.0017575947970574308,0.8271034339093791,0.01339683783684148,0.00834753756773695,0.7856505946105364,0.02501249669167918,0.008497875562414537,0.6665000441109441,0.0002471225954269544,0.0002471225954269544,2.907324652081816
16780,0.0021584473925229533,0.0017580639432710982,0.8273242085981638,0.013382088701882221,0.008350044920680024,0.7858865807698846,0.024993368462292512,0.00850112736141027,0.666755087169433,0.0002472699553526711,0.0002472699553526711,2.909058298266719
16790,0.0021556902218469744,0.0017585326622860148,0.8275447822522422,0.013367352007555585,0.008352550158715551,0.7861223678791107,0.02497425218054017,0.008504377129308169,0.6670099709261308,0.00024741731527838786,0.00024741731527838786,2.9107919444516215
16800,0.002152935564345284,0.0017590009540613021,0.8277651548523773,0.013352627752245248,0.008355053282118309,0.7863579559640762,0.02495514784235419,0.008507624866799785,0.6672646954352772,0.00024756467520410457,0.00024756467520410457,2.912525590636524
16810,0.0021501834202583407,0.0017594688185560824,0.8279853263793328,0.013337915934334872,0.008357554291163072,0.7865933450506422,0.024936055443666606,0.008510870574576675,0.6675192607511118,0.0002477120351298213,0.0002477120351298213,2.914259236821427
16820,0.0021474337898266032,0.0017599362557294779,0.8282052968138718,0.013323216552208136,0.008360053186124618,0.78682853516467,0.024916974980409443,0.008514114253330393,0.6677736669278739,0.00024785939505553805,0.00024785939505553805,2.9159928830063295
16830,0.0021446866732905303,0.0017604032655406101,0.8284250661367575,0.013308529604248708,0.008362549967277722,0.7870635263320208,0.02489790644851474,0.008517355903752492,0.6680279140198033,0.00024800675498125476,0.00024800675498125476,2.917726529191232
16840,0.0021419420708905803,0.0017608698479486017,0.8286446343287536,0.013293855088840258,0.008365044634897158,0.787298318578556,0.024878849843914527,0.008520595526534528,0.6682820020811395,0.00024815411490697147,0.00024815411490697147,2.919460175376135
16850,0.0021391999828672117,0.0017613360029125743,0.8288640013706231,0.013279193004366464,0.008367537189257703,0.7875329119301367,0.02485980516254083,0.008523833122368056,0.6685359311661221,0.00024830147483268823,0.00024830147483268823,2.921193821561038
16860,0.0021364604094608834,0.0017618017303916503,0.8290831672431295,0.01326454334921099,0.008370027630634134,0.7877673064126243,0.024840772400325693,0.00852706869194463,0.6687897013289906,0.00024844883475840494,0.00024844883475840494,2.9229274677459403
16870,0.0021337233509120543,0.001762267030344951,0.8293021319270356,0.013249906121757509,0.008372515959301224,0.7880015020518799,0.024821751553201137,0.008530302235955805,0.6690433126239848,0.00024859619468412165,0.00024859619468412165,2.924661113930843
16880,0.0021309888074611824,0.0017627319027315993,0.8295208954031055,0.013235281320389695,0.008375002175533754,0.788235498873765,0.024802742617099197,0.008533533755093135,0.669296765105344,0.0002487435546098384,0.0002487435546098384,2.926394760115746
16890,0.002128256779348727,0.001763196347510717,0.8297394576521019,0.013220668943491217,0.008377486279606494,0.7884692969041406,0.02478374558795191,0.008536763250048174,0.6695500588273078,0.0002488909145355551,0.0002488909145355551,2.9281284063006483
16900,0.002125527266815146,0.0017636603646414256,0.8299578186547883,0.013206068989445749,0.008379968271794224,0.7887028961688681,0.0247647604616913,0.008539990721512477,0.6698031938441159,0.0002490382744612719,0.0002490382744612719,2.9298620524855514
16910,0.002122800270100898,0.0017641239540828477,0.8301759783919281,0.013191481456636959,0.008382448152371718,0.7889362966938088,0.024745787234249406,0.008543216170177599,0.6700561702100079,0.0002491856343869886,0.0002491856343869886,2.931595698670454
16920,0.002120075789446442,0.0017645871157941052,0.8303939368442846,0.013176906343448518,0.008384925921613754,0.7891694985048239,0.024726825901558256,0.008546439596735095,0.6703089879792231,0.0002493329943127053,0.0002493329943127053,2.9333293448553563
16930,0.0021173538250922365,0.00176504984973432,0.830611693992621,0.013162343648264102,0.008387401579795103,0.7894025016277745,0.024707876459549884,0.008549661001876518,0.6705616472060015,0.0002494803542384221,0.0002494803542384221,2.9350629910402595
16940,0.00211463437727874,0.0017655121558626146,0.8308292498177008,0.013147793369467382,0.008389875127190546,0.789635306088522,0.024688938904156323,0.008552880386293423,0.6708141479445823,0.0002496277141641388,0.0002496277141641388,2.936796637225162
16950,0.002111917446246412,0.0017659740341381103,0.8310466043002871,0.013133255505442023,0.008392346564074858,0.7898679119129278,0.0246700132313096,0.008556097750677366,0.6710664902492053,0.0002497750740898555,0.0002497750740898555,2.9385302834100644
16960,0.0021092030322357094,0.0017664354845199298,0.8312637574211433,0.013118730054571703,0.008394815890722811,0.7901003191268527,0.024651099436941753,0.0085593130957199,0.6713186741741098,0.00024992243401557226,0.00024992243401557226,2.9402639295949675
16970,0.0021064911354870923,0.0017668965069671948,0.8314807091610327,0.013104217015240088,0.008397283107409186,0.7903325277561586,0.02463219751698481,0.00856252642211258,0.6715706997735357,0.00025006979394128897,0.00025006979394128897,2.94199757577987
16980,0.002103781756241018,0.0017673571014390273,0.8316974595007186,0.013089716385830853,0.008399748214408757,0.7905645378267064,0.024613307467370806,0.00856573773054696,0.6718225671017224,0.0002502171538670057,0.0002502171538670057,2.9437312219647724
16990,0.0021010748947379466,0.0017678172678945495,0.8319140084209643,0.01307522816472767,0.008402211211996297,0.7907963493643574,0.02459442928403177,0.008568947021714598,0.6720742762129096,0.00025036451379272244,0.00025036451379272244,2.9454648681496756
17000,0.0020983705512183357,0.0017682770062928833,0.8321303559025331,0.01306075235031421,0.008404672100446585,0.7910279623949728,0.024575562962899738,0.008572154296307043,0.6723258271613367,0.00025051187371843915,0.00025051187371843915,2.9471985143345782
17010,0.0020956687259226442,0.001768736316593151,0.8323465019261885,0.01304628894097414,0.008407130880034398,0.7912593769444138,0.024556708499906738,0.008575359555015852,0.6725772200012433,0.00025065923364415586,0.00025065923364415586,2.9489321605194805
17020,0.0020929694190913303,0.0017691951987544741,0.8325624464726935,0.013031837935091137,0.008409587551034508,0.7914905930385419,0.024537865890984802,0.008578562798532582,0.6728284547868691,0.0002508065935698726,0.0002508065935698726,2.9506658067043836
17030,0.0020902726309648535,0.0017696536527359752,0.8327781895228117,0.013017399331048868,0.008412042113721693,0.7917216107032181,0.024519035132065967,0.008581764027548783,0.6730795315724537,0.00025095395349558934,0.00025095395349558934,2.9523994528892863
17040,0.0020875783617836717,0.0017701116784967761,0.8329937310573062,0.013002973127231008,0.00841449456837073,0.791952429964304,0.02450021621908226,0.008584963242756014,0.6733304504122364,0.00025110131342130605,0.00025110131342130605,2.9541330990741885
17050,0.002084886611788244,0.0017705692759959989,0.8332090710569405,0.012988559322021226,0.008416944915256392,0.7921830508476604,0.02448140914796571,0.008588160444845826,0.673581211360457,0.0002512486733470228,0.0002512486733470228,2.9558667452590917
17060,0.002082197381219028,0.0017710264451927657,0.8334242095024778,0.012974157913803196,0.008419393154653457,0.7924134733791489,0.02446261391464836,0.008591355634509776,0.673831814471355,0.0002513960332727395,0.0002513960332727395,2.9576003914439943
17070,0.0020795106703164834,0.001771483186046198,0.8336391463746813,0.012959768900960586,0.008421839286836702,0.7926436975846307,0.024443830515062236,0.008594548812439418,0.6740822597991701,0.00025154339319845623,0.00025154339319845623,2.9593340376288966
17080,0.002076826479321069,0.0017719394985154188,0.8338538816543145,0.012945392281877067,0.0084242833120809,0.7928737234899671,0.02442505894513937,0.008597739979326306,0.6743325473981416,0.000251690753124173,0.000251690753124173,2.9610676838137997
17090,0.002074144808473242,0.0017723953825595493,0.8340684153221407,0.012931028054936315,0.008426725230660828,0.7931035511210192,0.02440629920081179,0.008600929135861994,0.6745826773225094,0.0002518381130498897,0.0002518381130498897,2.9628013299987024
17100,0.002071465658013462,0.0017728508381377119,0.834282747358923,0.012916676218521998,0.008429165042851261,0.7933331805036481,0.024387551278011534,0.008604116282738036,0.6748326496265126,0.0002519854729756064,0.0002519854729756064,2.9645349761836046
17110,0.0020687890281821876,0.0017733058652090285,0.834496877745425,0.012902336771017788,0.008431602748926978,0.7935626116637156,0.024368815172670633,0.00860730142064599,0.6750824643643913,0.0002521328329013232,0.0002521328329013232,2.9662686223685077
17120,0.0020661149192198773,0.0017737604637326212,0.8347108064624098,0.012888009710807356,0.00843403834916275,0.7937918446270824,0.02435009088072112,0.008610484550277409,0.675332121590385,0.0002522801928270399,0.0002522801928270399,2.9680022685534104
17130,0.0020634433313669893,0.0017742146336676122,0.8349245334906409,0.012873695036274373,0.008436471843833358,0.7940208794196102,0.02433137839809502,0.008613665672323845,0.675581621358733,0.0002524275527527566,0.0002524275527527566,2.9697359147383127
17140,0.0020607742648639828,0.0017746683749731234,0.8351380588108815,0.01285939274580251,0.008438903233213575,0.7942497160671599,0.02431267772072437,0.008616844787476855,0.6758309637236749,0.00025257491267847336,0.00025257491267847336,2.971469560923216
17150,0.0020581077199513164,0.0017751216876082765,0.8353513824038947,0.012845102837775443,0.008441332517578176,0.7944783545955929,0.024293988844541203,0.008620021896427993,0.6760801487394504,0.0002527222726041901,0.0002527222726041901,2.9732032071081185
17160,0.002055443696869448,0.0017755745715321942,0.8355645042504442,0.012830825310576837,0.008443759697201939,0.7947067950307707,0.024275311765477554,0.008623196999868814,0.6763291764602991,0.0002528696325299068,0.0002528696325299068,2.9749368532930207
17170,0.0020527821958588374,0.001776027026703998,0.8357774243312931,0.01281656016259037,0.008446184772359639,0.7949350373985542,0.024256646479465446,0.008626370098490873,0.6765780469404605,0.00025301699245562355,0.00025301699245562355,2.976670499477924
17180,0.002050123217159942,0.0017764790530828104,0.8359901426272047,0.012802307392199706,0.008448607743326052,0.7951630817248048,0.024237992982436916,0.008629541192985722,0.6768267602341742,0.00025316435238134026,0.00025316435238134026,2.9784041456628265
17190,0.002047466761013221,0.0017769306506277528,0.8362026591189423,0.01278806699778852,0.008451028610375954,0.7953909280353839,0.024219351270324,0.008632710284044918,0.6770753163956799,0.000253311712307057,0.000253311712307057,2.9801377918477296
17200,0.002044812827659133,0.0017773818192979478,0.8364149737872694,0.012773838977740483,0.00845344737378412,0.7956185763561524,0.024200721339058727,0.008635877372360014,0.6773237154792168,0.00025345907223277373,0.00025345907223277373,2.981871438032632
17210,0.0020421614173381365,0.0017778325590525172,0.8366270866129492,0.012759623330439267,0.008455864033825327,0.7958460267129719,0.024182103184573124,0.008639042458622567,0.6775719575390249,0.00025360643215849044,0.00025360643215849044,2.9836050842175346
17220,0.00203951253029069,0.001778282869850583,0.8368389975767448,0.012745420054268545,0.00845827859077435,0.7960732791317033,0.02416349680279923,0.008642205543524129,0.6778200426293435,0.0002537537920842072,0.0002537537920842072,2.9853387304024377
17230,0.002036866166757252,0.0017787327516512676,0.8370507066594199,0.012731229147611985,0.008460691044905964,0.7963003336382083,0.02414490218966907,0.008645366627756255,0.6780679708044122,0.0002539011520099239,0.0002539011520099239,2.98707237658734
17240,0.002034222326978282,0.0017791822044136924,0.8372622138417375,0.01271705060885326,0.008463101396494947,0.7965271902583478,0.024126319341114685,0.008648525712010502,0.6783157421184708,0.0002540485119356406,0.0002540485119356406,2.9888060227722426
17250,0.0020315810111942376,0.00177963122809698,0.837473519104461,0.01270288443637604,0.008465509645816074,0.7967538490179834,0.024107748253068103,0.00865168279697842,0.6785633566257585,0.0002541958718613574,0.0002541958718613574,2.9905396689571457
17260,0.0020289422196455775,0.0017800798226602522,0.8376846224283538,0.012688730628563998,0.008467915793144121,0.7969803099429761,0.024089188921461353,0.008654837883351568,0.678810814380515,0.0002543432317870741,0.0002543432317870741,2.992273315142048
17270,0.002026305952572761,0.001780527988062631,0.8378955237941791,0.012674589183800804,0.008470319838753864,0.7972065730591871,0.02407064134222647,0.008657990971821499,0.6790581154369802,0.0002544905917127908,0.0002544905917127908,2.9940069613269507
17280,0.0020236722102162466,0.0017809757242632385,0.8381062231827003,0.012660460100470132,0.008472721782920078,0.7974326383924779,0.024052105511295486,0.008661142063079766,0.6793052598493934,0.0002546379516385076,0.0002546379516385076,2.995740607511854
17290,0.002021040992816492,0.0017814230312211967,0.8383167205746807,0.012646343376955652,0.00847512162591754,0.7976585059687097,0.02403358142460043,0.008664291157817925,0.6795522476719941,0.0002547853115642243,0.0002547853115642243,2.997474253696756
17300,0.0020184123006139563,0.0017818699088956278,0.8385270159508835,0.012632239011641035,0.008477519368021026,0.7978841758137436,0.02401506907807334,0.008667438256727531,0.679799078959022,0.00025493267148994105,0.00025493267148994105,2.999207899881659
17310,0.002015786133849099,0.0017823163572456536,0.8387371092920721,0.01261814700290995,0.008479915009505309,0.7981096479534409,0.023996568467646244,0.008670583360500136,0.6800457537647165,0.00025508003141565776,0.00025508003141565776,3.000941546066562
17320,0.0020131624927623767,0.0017827623762303962,0.8389470005790098,0.012604067349146073,0.00848230855064517,0.7983349224136629,0.02397807958925117,0.008673726469827298,0.6802922721433174,0.00025522739134137447,0.00025522739134137447,3.002675192251464
17330,0.0020105413775942504,0.001783207965808978,0.83915668979246,0.012590000048733072,0.008484699991715378,0.7985599992202708,0.023959602438820157,0.008676867585400571,0.6805386341490645,0.00025537475126709123,0.00025537475126709123,3.004408838436367
17340,0.002007922788585177,0.0017836531259405202,0.8393661769131858,0.012575945100054619,0.008487089332990716,0.7987848783991263,0.023941137012285237,0.008680006707911508,0.6807848398361966,0.00025552211119280794,0.00025552211119280794,3.00614248462127
17350,0.0020053067259756152,0.0017840978565841457,0.8395754619219508,0.012561902501494387,0.008489476574745955,0.7990095599760898,0.023922683305578438,0.008683143838051664,0.6810308892589539,0.00025566947111852465,0.00025566947111852465,3.007876130806172
17360,0.0020026931900060246,0.0017845421576989761,0.839784544799518,0.012547872251436047,0.008491861717255874,0.7992340439770234,0.023904241314631796,0.008686278976512592,0.6812767824715759,0.0002558168310442414,0.0002558168310442414,3.0096097769910752
17370,0.0020000821809168633,0.0017849860292441337,0.839993425526651,0.012533854348263266,0.008494244760795246,0.7994583304277879,0.02388581103537734,0.00868941212398585,0.681522519528302,0.0002559641909699581,0.0002559641909699581,3.011343423175978
17380,0.0019974736989485896,0.0017854294711787402,0.8402021040841129,0.012519848790359722,0.008496625705638848,0.7996824193542444,0.0238673924637471,0.008692543281162991,0.6817681004833719,0.00025611155089567484,0.00025611155089567484,3.01307706936088
17390,0.0019948677443416625,0.0017858724834619178,0.8404105804526671,0.012505855576109084,0.008499004552061457,0.7999063107822547,0.02384898559567311,0.00869567244873557,0.682013525391025,0.0002562589108213916,0.0002562589108213916,3.0148107155457833
17400,0.0019922643173365404,0.0017863150660527886,0.8406188546130768,0.012491874703895019,0.008501381300337849,0.8001300047376798,0.02383059042708741,0.00869879962739514,0.6822587943055012,0.0002564062707471083,0.0002564062707471083,3.016544361730686
17410,0.0019896634181736823,0.0017867572189104743,0.8408269265461054,0.012477906172101205,0.008503755950742797,0.8003535012463808,0.02381220695392202,0.008701924817833256,0.6825039072810397,0.000256553630672825,0.000256553630672825,3.018278007915588
17420,0.001987065047093546,0.0017871989419940976,0.8410347962325164,0.012463949979111308,0.00850612850355108,0.8005768003342192,0.02379383517210898,0.008705048020741471,0.68274886437188,0.0002567009905985418,0.0002567009905985418,3.0200116541004913
17430,0.001984469204336591,0.00178764023526278,0.8412424636530729,0.012450006123309005,0.00850849895903747,0.800799902027056,0.02377547507758031,0.008708169236811345,0.6829936656322624,0.0002568483505242585,0.0002568483505242585,3.021745300285394
17440,0.001981875890143275,0.0017880810986756436,0.841449928788538,0.012436074603077963,0.008510867317476748,0.8010228063507526,0.023757126666268058,0.008711288466734428,0.6832383111164257,0.0002569957104499752,0.0002569957104499752,3.0234789464702962
17450,0.0019792851047540578,0.0017885215321918105,0.8416571916196753,0.012422155416801852,0.008513233579143686,0.8012455133311706,0.02373878993410425,0.008714405711202276,0.6834828008786099,0.00025714307037569197,0.00025714307037569197,3.0252125926551994
17460,0.001976696848409397,0.0017889615357704028,0.8418642521272482,0.012408248562864347,0.008515597744313062,0.8014680229941705,0.023720464877020914,0.008717520970906441,0.6837271349730542,0.0002572904303014087,0.0002572904303014087,3.026946238840102
17470,0.0019741111213497516,0.0017894011093705425,0.8420711102920199,0.01239435403964912,0.008517959813259651,0.8016903353656142,0.023702151490950087,0.008720634246538484,0.6839713134539988,0.0002574377902271254,0.0002574377902271254,3.0286798850250043
17480,0.0019715279238155803,0.0017898402529513517,0.8422777660947536,0.01238047184553984,0.008520319786258229,0.8019124504713626,0.0236838497718238,0.008723745538789952,0.6842153363756825,0.00025758515015284215,0.00025758515015284215,3.0304135312099074
17490,0.0019689472560473413,0.0017902789664719523,0.8424842195162127,0.012366601978920179,0.008522677663583571,0.8021343683372771,0.023665559715574082,0.008726854848352405,0.6844592037923455,0.00025773251007855886,0.00025773251007855886,3.03214717739481
17500,0.0019663691182854933,0.0017907172498914665,0.8426904705371605,0.012352744438173809,0.008525033445510454,0.8023560889892192,0.023647281318132967,0.008729962175917394,0.6847029157582271,0.0002578798700042756,0.0002578798700042756,3.0338808235797123
17510,0.0019637935107704955,0.001791155103169016,0.8428965191383604,0.012338899221684399,0.008527387132313654,0.8025776124530498,0.023629014575432487,0.008733067522176475,0.6849464723275667,0.00025802722992999234,0.00025802722992999234,3.0356144697646155
17520,0.0019612204337428056,0.0017915925262637234,0.8431023653005756,0.01232506632783562,0.008529738724267946,0.8027989387546303,0.023610759483404672,0.008736170887821203,0.6851898735546041,0.00025817458985570905,0.00025817458985570905,3.037348115949518
17530,0.001958649887442883,0.0017920295191347102,0.8433080090045694,0.01231124575501115,0.008532088221648106,0.8030200679198217,0.023592516037981563,0.008739272273543132,0.685433119493579,0.00025832194978142576,0.00025832194978142576,3.0390817621344204
17540,0.001956081872111186,0.0017924660817410986,0.8435134502311051,0.012297437501594654,0.008534435624728911,0.8032409999744857,0.02357428423509518,0.008742371680033818,0.6856762101987309,0.0002584693097071425,0.0002584693097071425,3.0408154083193235
17550,0.001953516387988173,0.001792902214042011,0.8437186889609462,0.012283641565969807,0.008536780933785135,0.8034617349444833,0.023556064070677563,0.008745469107984813,0.6859191457242991,0.00025861666963285923,0.00025861666963285923,3.042549054504226
17560,0.0019509534353143031,0.0017933379159965688,0.8439237251748558,0.012269857946520276,0.008539124149091554,0.8036822728556756,0.023537855540660742,0.008748564558087672,0.6861619261245233,0.00025876402955857594,0.00025876402955857594,3.0442827006891284
17570,0.0019483930143300346,0.0017937731875638946,0.8441285588535973,0.012256086641629735,0.008541465270922945,0.8039026137339241,0.023519658640976743,0.008751658031033952,0.6864045514536433,0.0002589113894842927,0.0002589113894842927,3.0460163468740316
17580,0.0019458351252758259,0.00179420802870311,0.8443331899779339,0.012242327649681856,0.008543804299554085,0.8041227576050902,0.023501473367557608,0.008754749527515204,0.6866470217658984,0.0002590587494100094,0.0002590587494100094,3.0477499930589342
17590,0.0019432797683921357,0.0017946424393733373,0.8445376185286292,0.01222858096906031,0.00854614123525975,0.8043427044950353,0.023483299716335365,0.008757839048222986,0.6868893371155284,0.0002592061093357262,0.0002592061093357262,3.0494836392438374
17600,0.0019407269439194231,0.0017950764195336984,0.8447418444864462,0.012214846598148768,0.008548476078314712,0.8045624544296199,0.023465137683242043,0.00876092659384885,0.6871314975567726,0.0002593534692614429,0.0002593534692614429,3.0512172854287396
17610,0.0019381766520981463,0.0017955099691433155,0.8449458678321483,0.012201124535330902,0.008550808828993749,0.8047820074347057,0.023446987264209677,0.008764012165084352,0.6873735031438708,0.0002595008291871596,0.0002595008291871596,3.0529509316136423
17620,0.001935628893168764,0.0017959430881613106,0.845149688546499,0.012187414778990381,0.008553139487571637,0.805001363536154,0.0234288484551703,0.008767095762621047,0.6876153539310625,0.0002596481891128763,0.0002596481891128763,3.0546845777985445
17630,0.0019330836673717344,0.0017963757765468056,0.8453533066102613,0.01217371732751088,0.008555468054323152,0.805220522759826,0.02341072125205594,0.008770177387150488,0.6878570499725872,0.0002597955490385931,0.0002597955490385931,3.0564182239834476
17640,0.001930540974947517,0.0017968080342589225,0.8455567220041986,0.012160032179276067,0.00855779452952307,0.805439485131583,0.023392605650798634,0.00877325703936423,0.6880985913226847,0.0002599429089643098,0.0002599429089643098,3.0581518701683503
17650,0.0019280008161365692,0.0017972398612567837,0.8457599347090745,0.012146359332669615,0.008560118913446166,0.8056582506772862,0.02337450164733041,0.008776334719953828,0.6883399780355943,0.00026009026889002655,0.00026009026889002655,3.0598855163532535
17660,0.0019254631911793506,0.0017976712574995107,0.8459629447056519,0.012132698786075195,0.008562441206367217,0.8058768194227969,0.023356409237583302,0.008779410429610836,0.6885812101655558,0.00026023762881574326,0.00026023762881574326,3.0616191625381557
17670,0.0019229281003163199,0.001798102222946226,0.8461657519746945,0.01211905053787648,0.008564761408561,0.8060951913939765,0.023338328417489344,0.00878248416902681,0.6888222877668088,0.00026038498874145997,0.00026038498874145997,3.0633528087230584
17680,0.001920395543787935,0.0017985327575560516,0.8463683564969653,0.01210541458645714,0.008567079520302287,0.8063133666166858,0.023320259182980564,0.008785555938893302,0.6890632108935923,0.00026053234866717673,0.00026053234866717673,3.0650864549079615
17690,0.0019178655218346546,0.001798962861288109,0.8465707582532276,0.012091790930200845,0.008569395541865858,0.8065313451167866,0.023302201529988995,0.008788625739901869,0.6893039796001467,0.00026067970859289344,0.00026067970859289344,3.0668201010928637
17700,0.0019153380346969378,0.001799392534101521,0.8467729572242451,0.012078179567491267,0.008571709473526486,0.8067491269201398,0.02328415545444667,0.008791693572744064,0.6895445939407109,0.00026082706851861015,0.00026082706851861015,3.0685537472777664
17710,0.0019128130826152427,0.0017998217759554091,0.8469749533907807,0.012064580496712081,0.008574021315558948,0.8069667120526068,0.023266120952285623,0.008794759438111442,0.6897850539695249,0.0002609744284443269,0.0002609744284443269,3.0702873934626695
17720,0.0019102906658300285,0.0018002505868088955,0.8471767467335978,0.012050993716246954,0.008576331068238019,0.8071841005400487,0.02324809801943788,0.008797823336695558,0.6900253597408281,0.00026112178837004363,0.00026112178837004363,3.072021039647572
17730,0.0019077707845817533,0.0018006789666211024,0.8473783372334598,0.012037419224479557,0.008578638731838477,0.8074012924083273,0.02323008665183548,0.008800885269187967,0.6902655113088602,0.0002612691482957604,0.0002612691482957604,3.073754685832475
17740,0.0019052534391108755,0.0018011069153511514,0.84757972487113,0.012023857019793568,0.008580944306635096,0.8076182876833031,0.02321208684541045,0.008803945236280222,0.6905055087278605,0.0002614165082214771,0.0002614165082214771,3.0754883320173776
17750,0.0019027386296578542,0.001801534432958165,0.8477809096273716,0.012010307100572649,0.008583247792902652,0.8078350863908378,0.023194098596094826,0.008807003238663878,0.6907453520520689,0.0002615638681471938,0.0002615638681471938,3.07722197820228
17760,0.0019002263564631481,0.0018019615194012652,0.8479818914829482,0.011996769465200476,0.00858554919091592,0.8080516885567924,0.023176121899820636,0.008810059277030489,0.6909850413357247,0.0002617112280729105,0.0002617112280729105,3.0789556243871825
17770,0.0018977166197672159,0.0018023881746395737,0.8481826704186228,0.011983244112060722,0.008587848500949678,0.8082680942070285,0.023158156752519917,0.008813113352071612,0.6912245766330676,0.0002618585879986273,0.0002618585879986273,3.0806892705720856
17780,0.0018952094198105153,0.0018028143986322128,0.8483832464151587,0.011969731039537057,0.008590145723278701,0.8084843033674072,0.023140203150124695,0.0088161654644788,0.6914639579983373,0.000262005947924344,0.000262005947924344,3.082422916756988
17790,0.0018927047568335056,0.0018032401913383044,0.8485836194533196,0.011956230246013153,0.008592440858177765,0.8087003160637896,0.023122261088567006,0.008819215614943606,0.6917031854857731,0.00026215330785006076,0.00026215330785006076,3.084156562941891
17800,0.0018902026310766453,0.0018036655527169706,0.8487837895138683,0.01194274172987268,0.008594733905921647,0.8089161323220373,0.02310433056377888,0.008822263804157588,0.6919422591496148,0.00026230066777577747,0.00026230066777577747,3.0858902091267937
17810,0.001887703042780393,0.0018040904827273335,0.8489837565775686,0.011929265489499307,0.00859702486678512,0.8091317521680113,0.023086411571692354,0.008825310032812297,0.6921811790441017,0.0002624480277014942,0.0002624480277014942,3.087623855311696
17820,0.0018852059921852077,0.001804514981328515,0.8491835206251834,0.01191580152327671,0.00859931374104296,0.8093471756275726,0.023068504108239452,0.00882835430159929,0.6924199452234737,0.00026259538762721094,0.00026259538762721094,3.089357501496599
17830,0.0018827114795315473,0.0018049390484796374,0.8493830816374762,0.011902349829588557,0.008601600528969947,0.8095624027265832,0.023050608169352213,0.008831396611210122,0.6926585577419704,0.00026274274755292765,0.00026274274755292765,3.0910911476815017
17840,0.0018802195050598707,0.0018053626841398223,0.8495824395952103,0.011888910406818522,0.008603885230840852,0.8097774334909037,0.023032723750962665,0.008834436962336345,0.692897016653831,0.00026289010747864436,0.00026289010747864436,3.092824793866404
17850,0.0018777300690106366,0.0018057858882681921,0.8497815944791491,0.011875483253350277,0.008606167846930454,0.8099922679463957,0.02301485084900284,0.008837475355669516,0.6931353220132953,0.00026303746740436113,0.00026303746740436113,3.094558440051307
17860,0.0018752431716243037,0.0018062086608238688,0.8499805462700558,0.01186206836756749,0.008608448377513529,0.8102069061189202,0.022996989459404774,0.008840511791901186,0.6933734738746029,0.00026318482733007784,0.00026318482733007784,3.0962920862362098
17870,0.0018727588131413305,0.0018066310017659743,0.8501792949486936,0.011848665747853836,0.00861072682286485,0.8104213480343389,0.022979139578100494,0.008843546271722914,0.6936114722919933,0.00026333218725579455,0.00026333218725579455,3.098025732421112
17880,0.0018702769938021752,0.0018070529110536305,0.850377840495826,0.011835275392592982,0.008613003183259195,0.8106355937185125,0.022961301201022036,0.008846578795826253,0.6938493173197061,0.0002634795471815113,0.0002634795471815113,3.099759378606015
17890,0.0018677977138472968,0.00180747438864596,0.8505761828922163,0.0118218973001686,0.00861527745897134,0.8108496431973025,0.022943474324101428,0.008849609364902755,0.6940870090119807,0.000263626907107228,0.000263626907107228,3.101493024790918
17900,0.0018653209735171544,0.0018078954345020842,0.8507743221186277,0.011808531468964368,0.008617549650276059,0.8110634964965703,0.022925658943270706,0.008852637979643977,0.694324547423057,0.00026377426703294473,0.00026377426703294473,3.10322667097582
17910,0.0018628467730522058,0.0018083160485811254,0.8509722581558236,0.011795177897363947,0.00861981975744813,0.8112771536421768,0.0229078550544619,0.008855664640741475,0.6945619326071745,0.0002639216269586615,0.0002639216269586615,3.104960317160723
17920,0.0018603751126929095,0.0018087362308422058,0.8511699909845672,0.011781836583751017,0.008622087780762329,0.8114906146599838,0.022890062653607043,0.0088586893488868,0.6947991646185727,0.0002640689868843782,0.0002640689868843782,3.106693963345626
17930,0.001857905992679725,0.001809155981244447,0.8513675205856219,0.011768507526509247,0.00862435372049343,0.8117038795758521,0.02287228173663817,0.00886171210477151,0.6950362435114911,0.0002642163468100949,0.0002642163468100949,3.108427609530528
17940,0.0018554394132531103,0.0018095752997469717,0.8515648469397512,0.011755190724022306,0.008626617576916209,0.8119169484156431,0.022854512299487303,0.008864732909087156,0.6952731693401691,0.0002643637067358117,0.0002643637067358117,3.1101612557154312
17950,0.0018529753746535241,0.0018099941863089013,0.8517619700277181,0.011741886174673866,0.008628879350305443,0.8121298212052181,0.022836754338086483,0.008867751762525296,0.6955099421588468,0.0002645110666615284,0.0002645110666615284,3.111894901900334
17960,0.001850513877121425,0.001810412640889358,0.851958889830286,0.0117285938768476,0.008631139040935909,0.8123424979704384,0.022819007848367743,0.008870768665777481,0.6957465620217632,0.0002646584265872451,0.0002646584265872451,3.113628548085236
17970,0.0018480549208972719,0.001810830663447464,0.8521556063282182,0.011715313828927182,0.00863339664908238,0.8125549787371651,0.022801272826263107,0.00887378361953527,0.6959830289831583,0.00026480578651296187,0.00026480578651296187,3.1153621942701393
17980,0.0018455985062215225,0.0018112482539423414,0.8523521195022782,0.011702046029296276,0.008635652175019635,0.8127672635312596,0.022783549267704616,0.008876796624490214,0.6962193430972717,0.0002649531464386786,0.0002649531464386786,3.117095840455042
17990,0.0018431446333346368,0.0018116654123331122,0.8525484293332292,0.01168879047633856,0.008637905619022446,0.8129793523785831,0.022765837168624292,0.008879807681333868,0.6964555044183426,0.0002651005063643953,0.0002651005063643953,3.118829486639944
18000,0.0018406933024770725,0.0018120821385788982,0.8527445358018342,0.011675547168437703,0.008640156981365592,0.813191245304997,0.02274813652495418,0.008882816790757787,0.6966915130006107,0.00026524786629011205,0.00026524786629011205,3.1205631328248473
18010,0.001838244513889288,0.0018124984326388215,0.852940438888857,0.011662316103977373,0.008642406262323848,0.8134029423363622,0.022730447332626302,0.008885823953453527,0.696927368898316,0.00026539522621582876,0.00026539522621582876,3.12229677900975
18020,0.0018357982678117426,0.0018129142944720042,0.8531361385750607,0.011649097281341246,0.00864465346217199,0.8136144434985403,0.02271276958757269,0.00888882917011264,0.6971630721656973,0.00026554258614154547,0.00026554258614154547,3.1240304251946522
18030,0.0018333545644848945,0.0018133297240375684,0.8533316348412086,0.011635890698912993,0.008646898581184793,0.8138257488173923,0.022695103285725382,0.008891832441426684,0.6973986228569949,0.00026568994606726223,0.00026568994606726223,3.1257640713795554
18040,0.0018309134041492024,0.001813744721294636,0.8535269276680638,0.011622696355076283,0.008649141619637033,0.8140368583187796,0.022677448423016406,0.00889483376808721,0.6976340210264479,0.00026583730599297894,0.00026583730599297894,3.127497717564458
18050,0.0018284747870451249,0.0018141592862023293,0.8537220170363901,0.011609514248214789,0.008651382577803488,0.8142477720285636,0.022659804995377793,0.008897833150785774,0.6978692667282961,0.0002659846659186957,0.0002659846659186957,3.129231363749361
18060,0.0018260387134131206,0.00181457341871977,0.8539169029269504,0.011596344376712182,0.00865362145595893,0.8144584899726052,0.022642172998741578,0.00890083059021393,0.6981043600167788,0.0002661320258444124,0.0002661320258444124,3.1309650099342634
18070,0.001823605183493648,0.0018149871188060803,0.8541115853205082,0.011583186738952133,0.008655858254378139,0.814669012176766,0.022624552429039792,0.008903826087063233,0.698339300946136,0.00026627938577012913,0.00026627938577012913,3.132698656119166
18080,0.0018211741975271661,0.0018154003864203822,0.8543060641978267,0.011570041333318314,0.008658092973335888,0.8148793386669072,0.02260694328220447,0.008906819642025238,0.698574089570607,0.0002664267456958459,0.0002664267456958459,3.134432302304069
18090,0.0018187457557541332,0.0018158132215217978,0.8545003395396694,0.011556908158194396,0.008660325613106954,0.8150894694688897,0.022589345554167636,0.0089098112557915,0.6988087259444313,0.0002665741056215626,0.0002665741056215626,3.1361659484889715
18100,0.0018163198584150077,0.0018162256240694492,0.8546944113267995,0.011543787211964052,0.008662556173966112,0.8152994046085752,0.022571759240861328,0.008912800929053572,0.6990432101218488,0.0002667214655472793,0.0002667214655472793,3.137899594673874
18110,0.0018138965057502485,0.001816637594022458,0.8548882795399801,0.01153067849301095,0.00866478465618814,0.815509144111825,0.02255418433821758,0.00891578866250301,0.6992775421570989,0.0002668688254729961,0.0002668688254729961,3.1396332408587773
18120,0.0018114756980003146,0.001817049131339947,0.855081944159975,0.011517581999718765,0.008667011060047811,0.8157186880044998,0.02253662084216842,0.008918774456831367,0.699511722104421,0.0002670161853987128,0.0002670161853987128,3.1413668870436795
18130,0.0018090574354056635,0.0018174602359810376,0.855275405167547,0.011504497730471165,0.008669235385819903,0.8159280363124615,0.02251906874864588,0.008921758312730198,0.6997457500180548,0.00026716354532442955,0.00026716354532442955,3.1431005332285826
18140,0.001806641718206755,0.001817870907904852,0.8554686625434597,0.011491425683651822,0.008671457633779191,0.8161371890615708,0.022501528053581996,0.008924740230891058,0.6999796259522398,0.00026731090525014626,0.00026731090525014626,3.1448341794134853
18150,0.0018042285466440468,0.0018182811470705124,0.8556617162684763,0.011478365857644411,0.008673677804200452,0.8163461462776896,0.022483998752908796,0.008927720212005504,0.700213349961216,0.00026745826517586297,0.00026745826517586297,3.1465678255983875
18160,0.0018018179209579983,0.0018186909534371406,0.8558545663233602,0.011465318250832598,0.00867589589735846,0.8165549079866785,0.022466480842558312,0.008930698256765086,0.7004469220992224,0.0002676056251015797,0.0002676056251015797,3.1483014717832902
18170,0.0017994098413890674,0.001819100326963859,0.8560472126888746,0.01145228286160006,0.008678111913527992,0.8167634742143992,0.02244897431846258,0.00893367436586136,0.7006803424204988,0.00026775298502729644,0.00026775298502729644,3.1500351179681934
18180,0.001797004308177713,0.0018195092676097891,0.856239655345783,0.011439259688330462,0.008680325852983822,0.8169718449867126,0.022431479176553623,0.00893664853998588,0.7009136109792847,0.00026790034495301315,0.00026790034495301315,3.1517687641530956
18190,0.0017946013215643937,0.0018199177753340534,0.8564318942748484,0.011426248729407482,0.00868253771600073,0.8171800203294803,0.022413995412763482,0.008939620779830206,0.7011467278298201,0.0002680477048787299,0.0002680477048787299,3.1535024103379987
18200,0.0017922008817895683,0.0018203258500957737,0.8566239294568345,0.011413249983214784,0.008684747502853488,0.8173880002685635,0.02239652302302419,0.008942591086085885,0.701379693026344,0.00026819506480444663,0.00026819506480444663,3.1552360565229014
18210,0.0017898029890936952,0.0018207334918540722,0.8568157608725044,0.011400263448136048,0.008686955213816874,0.8175957848298234,0.022379062003267773,0.008945559459444476,0.7016125066230962,0.00026834242473016334,0.00026834242473016334,3.1569697027078036
18220,0.0017874076437172331,0.0018211407005680707,0.8570073885026214,0.01138728912255494,0.008689160849165661,0.817803374039121,0.02236161234942627,0.008948525900597533,0.7018451686743163,0.0002684897846558801,0.0002684897846558801,3.1587033488927068
18230,0.0017850148459006407,0.0018215474761968916,0.8571988123279488,0.01137432700485513,0.008691364409174628,0.8180107679223179,0.0223441740574317,0.008951490410236608,0.7020776792342438,0.0002686371445815968,0.0002686371445815968,3.1604369950776094
18240,0.0017826245958843761,0.0018219538186996565,0.8573900323292499,0.011361377093420295,0.008693565894118552,0.8182179665052755,0.022326747123216112,0.00895445298905326,0.7023100383571185,0.0002687845045073135,0.0002687845045073135,3.1621706412625117
18250,0.0017802368939088984,0.0018223597280354878,0.8575810484872882,0.0113484393866341,0.008695765304272204,0.8184249698138544,0.022309331542711523,0.00895741363773904,0.7025422460971796,0.0002689318644330303,0.0002689318644330303,3.163904287447415
18260,0.001777851740214666,0.0018227652041635071,0.8577718607828267,0.01133551388288022,0.008697962639910364,0.8186317778739165,0.022291927311849973,0.008960372356985503,0.7027743025086669,0.000269079224358747,0.000269079224358747,3.1656379336323175
18270,0.0017754691350421379,0.001823170247042837,0.857962469196629,0.011322600580542326,0.008700157901307806,0.8188383907113228,0.022274534426563495,0.008963329147484204,0.70300620764582,0.0002692265842844637,0.0002692265842844637,3.1673715798172197
18280,0.001773089078631772,0.0018235748566325992,0.8581528737094583,0.01130969947800409,0.008702351088739306,0.8190448083519346,0.02225715288278412,0.008966284009926698,0.7032379615628783,0.00026937394421018047,0.00026937394421018047,3.169105226002123
18290,0.0017707115712240274,0.0018239790328919156,0.8583430743020778,0.011296810573649181,0.00870454220247964,0.8192510308216132,0.022239782676443873,0.00896923694500454,0.7034695643140817,0.0002695213041358972,0.0002695213041358972,3.1708388721870255
18300,0.0017683366130593627,0.0018243827757799087,0.858533070955251,0.011283933865861275,0.008706731242803585,0.8194570581462197,0.022222423803474792,0.008972187953409283,0.7037010159536693,0.0002696686640616139,0.0002696686640616139,3.1725725183719278
18310,0.0017659642043782366,0.0018247860852557002,0.8587228636497412,0.011271069353024035,0.008708918209985915,0.8196628903516154,0.022205076259808915,0.008975137035832482,0.7039323165358811,0.00026981602398733066,0.00026981602398733066,3.174306164556831
18320,0.001763594345421107,0.0018251889612784123,0.8589124523663115,0.011258217033521142,0.008711103104301407,0.8198685274636619,0.02218774004137826,0.008978084192965693,0.7041634661149564,0.00026996338391304737,0.00026996338391304737,3.1760398107417336
18330,0.0017612270364284336,0.0018255914038071666,0.8591018370857253,0.011245376905736262,0.008713285926024838,0.82007396950822,0.02217041514411487,0.00898102942550047,0.704394464745135,0.0002701107438387641,0.0002701107438387641,3.177773456926636
18340,0.001758862277640674,0.0018259934128010858,0.8592910177887462,0.011232548968053067,0.00871546667543098,0.8202792165111511,0.022153101563950776,0.008983972734128366,0.7046253124806562,0.00027025810376448084,0.00027025810376448084,3.179507103111539
18350,0.0017565000692982874,0.0018263949882192916,0.859479994456137,0.011219733218855228,0.008717645352794613,0.8204842684983163,0.022135799296818005,0.008986914119540937,0.7048560093757598,0.00027040546369019755,0.00027040546369019755,3.1812407492964416
18360,0.0017541404116417324,0.0018267961300209058,0.8596687670686614,0.011206929656526417,0.00871982195839051,0.8206891254955774,0.022118508338648597,0.008989853582429737,0.7050865554846854,0.00027055282361591426,0.00027055282361591426,3.182974395481344
18370,0.0017517833049114674,0.001827196838165051,0.8598573356070827,0.011194138279450306,0.00872199649249345,0.8208937875287952,0.022101228685374577,0.00899279112348632,0.7053169508616721,0.000270700183541631,0.000270700183541631,3.184708041666247
18380,0.001749428749347951,0.0018275971126108488,0.860045700052164,0.011181359086010565,0.008724168955378205,0.821098254623831,0.022083960332927977,0.008995726743402242,0.7055471955609601,0.00027084754346734773,0.00027084754346734773,3.1864416878511497
18390,0.0017470767451916417,0.0018279969533174212,0.8602338603846686,0.011168592074590866,0.008726339347319555,0.8213025268065463,0.02206670327724083,0.008998660442869056,0.7057772896367888,0.00027099490339306444,0.00027099490339306444,3.188175334036052
18400,0.0017447272926829985,0.0018283963602438906,0.8604218165853602,0.011155837243574884,0.008728507668592272,0.8215066041028021,0.02204945751424517,0.00900159222257832,0.7060072331433976,0.0002711422633187812,0.0002711422633187812,3.189908980220955
18410,0.0017423803920624799,0.0018287953333493787,0.8606095686350016,0.011143094591346284,0.008730673919471132,0.8217104865384595,0.02203222303987303,0.009004522083221583,0.7062370261350261,0.0002712896232444979,0.0002712896232444979,3.1916426264058577
18420,0.0017400360435705442,0.0018291938725930078,0.8607971165143565,0.01113036411628874,0.008732838100230915,0.8219141741393803,0.02201499985005644,0.009007450025490403,0.706466668665914,0.00027143698317021463,0.00027143698317021463,3.19337627259076
18430,0.0017376942474476504,0.0018295919779338999,0.860984460204188,0.011117645816785926,0.008735000211146395,0.8221176669314253,0.02199778794072743,0.009010376050076336,0.7066961607903008,0.0002715843430959314,0.0002715843430959314,3.195109918775663
18440,0.0017353550039342566,0.0018299896493311767,0.8611715996852595,0.011104939691221507,0.008737160252492345,0.8223209649404559,0.02198058730781803,0.009013300157670932,0.706925502562426,0.0002717317030216481,0.0002717317030216481,3.1968435649605658
18450,0.0017330183132708223,0.0018303868867439606,0.8613585349383343,0.011092245737979161,0.008739318224543545,0.8225240681923335,0.021963397947260283,0.00901622234896575,0.7071546940365294,0.0002718790629473648,0.0002718790629473648,3.198577211145468
18460,0.001730684175697805,0.0018307836901313736,0.8615452659441757,0.011079563955442556,0.008741474127574766,0.8227269767129191,0.021946219854986213,0.009019142624652341,0.7073837352668503,0.0002720264228730816,0.0002720264228730816,3.200310857330371
18470,0.0017283525914556638,0.0018311800594525375,0.8617317926835468,0.011066894341995367,0.00874362796186079,0.8229296905280743,0.021929053026927853,0.009022060985422263,0.7076126263076284,0.0002721737827987983,0.0002721737827987983,3.202044503515274
18480,0.0017260235607848577,0.0018315759946665746,0.8619181151372114,0.01105423689602126,0.008745779727676387,0.82313220966366,0.021911897459017234,0.009024977431967068,0.7078413672131034,0.000272321142724515,0.000272321142724515,3.203778149700176
18490,0.0017236970839258447,0.0018319714957326068,0.8621042332859324,0.011041591615903908,0.008747929425296338,0.8233345341455376,0.02189475314718639,0.009027891964978312,0.7080699580375146,0.00027246850265023176,0.00027246850265023176,3.205511795885079
18500,0.0017213731611190842,0.001832366562609756,0.8622901471104734,0.011028958500026984,0.008750077054995415,0.8235366639995684,0.021877620087367357,0.009030804585147548,0.7082983988351019,0.00027261586257594847,0.00027261586257594847,3.207245442069982
18510,0.0017190517926050338,0.0018327611952571447,0.8624758565915974,0.011016337546774158,0.008752222617048394,0.8237385992516134,0.021860498275492152,0.009033715293166333,0.7085266896601046,0.00027276322250166524,0.00027276322250166524,3.208979088254885
18520,0.0017167329786241527,0.0018331553936338945,0.8626613617100679,0.011003728754529103,0.008754366111730054,0.8239403399275343,0.021843387707492827,0.009036624089726218,0.7087548305667623,0.00027291058242738195,0.00027291058242738195,3.210712734439787
18530,0.0017144167194168992,0.0018335491576991275,0.8628466624466481,0.010991132121675488,0.008756507539315169,0.8241418860531923,0.021826288379301395,0.00903953097551876,0.7089828216093146,0.0002730579423530987,0.0002730579423530987,3.2124463806246903
18540,0.0017121030152237322,0.001833942487411966,0.8630317587821015,0.01097854764659699,0.008758646900078514,0.8243432376544482,0.02180920028684991,0.009042435951235514,0.7092106628420011,0.0002732053022788154,0.0002732053022788154,3.214180026809593
18550,0.0017097918662851105,0.0018343353827315317,0.8632166506971912,0.01096597532767727,0.008760784194294866,0.8245443947571638,0.021792123426070377,0.009045339017568033,0.7094383543190614,0.00027335266220453213,0.00027335266220453213,3.2159136729944953
18560,0.0017074832728414921,0.0018347278436169467,0.8634013381726806,0.010953415163300007,0.008762919422239,0.8247453573871999,0.021775057792894854,0.009048240175207873,0.7096658960947351,0.00027350002213024884,0.00027350002213024884,3.217647319179398
18570,0.001705177235133336,0.0018351198700273332,0.8635858211893331,0.010940867151848874,0.008765052584185693,0.8249461255704181,0.021758003383255356,0.009051139424846586,0.7098932882232617,0.00027364738205596555,0.00027364738205596555,3.2193809653643
18580,0.0017028737534011008,0.0018355114619218133,0.863770099727912,0.010928331291707536,0.00876718368040972,0.8251466993326795,0.021740960193083924,0.00905403676717573,0.7101205307588809,0.0002737947419816823,0.0002737947419816823,3.2211146115492033
18590,0.001700572827885245,0.0018359026192595086,0.8639541737691804,0.01091580758125967,0.008769312711185858,0.8253470786998454,0.021723928218312587,0.009056932202886859,0.710347623755832,0.000273942101907399,0.000273942101907399,3.222848257734106
18600,0.001698274458826227,0.0018362933419995417,0.8641380432939018,0.010903296018888942,0.00877143967678888,0.825547263697777,0.021706907454873373,0.009059825732671525,0.7105745672683549,0.0002740894618331158,0.0002740894618331158,3.224581903919009
18610,0.0016959786464645062,0.0018366836301010343,0.8643217082828395,0.010890796602979029,0.008773564577493566,0.8257472543523356,0.02168989789869832,0.009062717357221283,0.7108013613506889,0.0002742368217588325,0.0002742368217588325,3.2263155501039114
18620,0.0016936853910405406,0.0018370734835231085,0.8645051687167568,0.010878309331913597,0.00877568741357469,0.8259470506893825,0.021672899545719455,0.009065607077227691,0.7110280060570738,0.00027438418168454926,0.00027438418168454926,3.2280491962888145
18630,0.0016913946927947885,0.0018374629022248864,0.864688424576417,0.010865834204076323,0.008777808185307026,0.8261466527347789,0.021655912391868815,0.009068494893382299,0.711254501441749,0.00027453154161026597,0.00027453154161026597,3.229782842473717
18640,0.001689106551967709,0.0018378518861654899,0.8648714758425833,0.010853371217850875,0.008779926892965353,0.8263460605143862,0.02163893643307843,0.009071380806376666,0.7114808475589542,0.0002746789015359827,0.0002746789015359827,3.2315164886586194
18650,0.0016868209687997606,0.0018382404353040412,0.8650543224960192,0.010840920371620922,0.008782043536824444,0.8265452740540653,0.02162197166528033,0.009074264816902341,0.7117070444629287,0.00027482626146169945,0.00027482626146169945,3.2332501348435225
18660,0.001684537943531402,0.001838628549599662,0.8652369645174879,0.01082848166377014,0.008784158117159078,0.8267442933796779,0.02160501808440655,0.009077146925650884,0.7119330922079125,0.00027497362138741616,0.00027497362138741616,3.234983781028425
18670,0.0016822574764030914,0.0018390162290114749,0.8654194018877528,0.010816055092682198,0.008786270634244028,0.8269431185170849,0.021588075686389124,0.009080027133313847,0.7121589908481448,0.00027512098131313287,0.00027512098131313287,3.2367174272133274
18680,0.0016799795676552883,0.0018394034734986013,0.865601634587577,0.01080364065674077,0.00878838108835407,0.8271417494921478,0.021571144467160075,0.009082905440582784,0.7123847404378655,0.00027526834123884963,0.00027526834123884963,3.2384510733982306
18690,0.00167770421752845,0.0018397902830201637,0.865783662597724,0.010791238354329522,0.008790489479763982,0.8273401863307277,0.021554224422651445,0.009085781848149252,0.7126103410313139,0.00027541570116456634,0.00027541570116456634,3.2401847195831333
18700,0.0016754314262630362,0.0018401766575352843,0.8659654858989572,0.01077884818383213,0.008792595808748539,0.827538429058686,0.02153731554879526,0.009088656356704803,0.7128357926827297,0.00027556306109028305,0.00027556306109028305,3.2419183657680355
18710,0.0016731611940995052,0.0018405625970030844,0.8661471044720396,0.010766470143632263,0.008794700075582517,0.827736477701884,0.02152041784152356,0.009091528966940994,0.7130610954463524,0.0002757104210159998,0.0002757104210159998,3.2436520119529386
18720,0.0016708935212783156,0.0018409481013826868,0.8663285182977348,0.010754104232113594,0.00879680228054069,0.8279343322861826,0.021503531296768363,0.009094399679549376,0.7132862493764217,0.0002758577809417165,0.0002758577809417165,3.2453856581378413
18730,0.0016686284080399258,0.001841333170633213,0.8665097273568059,0.010741750447659796,0.008798902423897836,0.8281319928374434,0.021486655910461713,0.009097268495221507,0.713511254527177,0.00027600514086743323,0.00027600514086743323,3.2471193043227435
18740,0.0016663658546247945,0.0018417178047137853,0.8666907316300164,0.010729408788654535,0.008801000505928731,0.8283294593815276,0.021469791678535636,0.00910013541464894,0.713736110952858,0.00027615250079315,0.00027615250079315,3.2488529505076467
18750,0.0016641058612733802,0.0018421020035835258,0.8668715310981296,0.010717079253481487,0.008803096526908149,0.8285267319442963,0.021452938596922166,0.00910300043852323,0.7139608187077043,0.0002762998607188667,0.0002762998607188667,3.2505865966925493
18760,0.0016618484282261423,0.0018424857672015562,0.8670521257419086,0.01070476184052432,0.008805190487110866,0.8287238105516109,0.02143609666155334,0.00910586356753593,0.7141853778459553,0.0002764472206445834,0.0002764472206445834,3.2523202428774516
18770,0.0016595935557235386,0.0018428690955269989,0.867232515542117,0.01069245654816671,0.00880728238681166,0.8289206952293326,0.021419265868361178,0.009108724802378598,0.7144097884218509,0.0002765945805703002,0.0002765945805703002,3.2540538890623547
18780,0.0016573412440060277,0.0018432519885189756,0.8674127004795178,0.010680163374792325,0.008809372226285306,0.829117386003323,0.021402446213277724,0.009111584143742786,0.7146340504896302,0.0002767419404960169,0.0002767419404960169,3.2557875352472574
18790,0.0016550914933140682,0.0018436344461366088,0.8675926805348746,0.010667882318784835,0.00881146000580658,0.8293138828994427,0.021385637692235004,0.009114441592320048,0.7148581641035332,0.0002768893004217336,0.0002768893004217336,3.2575211814321596
18800,0.0016528443038881196,0.00184401646833902,0.8677724556889505,0.010655613378527915,0.008813545725650256,0.8295101859435534,0.02136884030116505,0.00911729714880194,0.7150821293177991,0.00027703666034745037,0.00027703666034745037,3.2592548276170628
18810,0.0016505996759686391,0.0018443980550853318,0.867952025922509,0.010643356552405236,0.008815629386091112,0.8297062951615164,0.0213520540359999,0.009120150813880016,0.715305946186668,0.0002771840202731671,0.0002771840202731671,3.2609884738019654
18820,0.0016483576097960863,0.0018447792063346657,0.8681313912163131,0.010631111838800465,0.008817710987403922,0.8299022105791927,0.021335278892671575,0.00912300258824583,0.7155296147643789,0.0002773313801988838,0.0002773313801988838,3.2627221199868677
18830,0.0016461181056109198,0.0018451599220461442,0.8683105515511266,0.010618879236097277,0.008819790529863465,0.8300979322224437,0.02131851486711212,0.009125852472590939,0.7157531351051717,0.00027747874012460055,0.00027747874012460055,3.264455766171771
18840,0.0016438811636535974,0.0018455402021788888,0.8684895069077122,0.01060665874267934,0.008821868013744513,0.8302934601171306,0.021301761955253552,0.009128700467606894,0.7159765072632859,0.00027762610005031726,0.00027762610005031726,3.2661894123566735
18850,0.0016416467841645788,0.001845920046692022,0.8686682572668337,0.010594450356930333,0.008823943439321844,0.8304887942891146,0.02128502015302792,0.00913154657398525,0.7161997312929609,0.00027777345997603397,0.00027777345997603397,3.2679230585415757
18860,0.0016394149673843216,0.0018462994555446658,0.8688468026092544,0.01058225407723392,0.008826016806870235,0.8306839347642574,0.021268289456367245,0.009134390792417567,0.7164228072484367,0.00027792081990175074,0.00027792081990175074,3.269656704726479
18870,0.0016371857135532852,0.0018466784286959418,0.8690251429157372,0.010570069901973778,0.008828088116664459,0.8308788815684195,0.021251569861203558,0.009137233123595392,0.7166457351839525,0.00027806817982746745,0.00027806817982746745,3.2713903509113815
18880,0.0016349590229119276,0.0018470569661049726,0.8692032781670458,0.010557897829533572,0.008830157368979293,0.8310736347274628,0.021234861363468898,0.009140073568210285,0.7168685151537478,0.00027821553975318416,0.00027821553975318416,3.2731239970962838
18890,0.001632734895700708,0.00184743506773088,0.8693812083439434,0.010545737858296978,0.008832224564089514,0.8312681942672484,0.02121816395909529,0.009142912126953798,0.7170911472120626,0.0002783628996789009,0.0002783628996789009,3.274857643281187
18900,0.0016305133321600845,0.001847812733532786,0.8695589334271933,0.010533589986647666,0.008834289702269899,0.8314625602136376,0.021201477644014775,0.009145748800517486,0.7173136314131362,0.00027851025960461763,0.00027851025960461763,3.2765912894660896
18910,0.001628294332530516,0.0018481899634698127,0.8697364533975588,0.010521454212969305,0.008836352783795218,0.8316567325924911,0.021184802414159376,0.009148583589592904,0.7175359678112082,0.00027865761953033434,0.00027865761953033434,3.278324935650992
18920,0.0016260778970524608,0.001848566757501082,0.8699137682358032,0.010509330535645574,0.008838413808940255,0.831850711429671,0.02116813826546113,0.009151416494871606,0.7177581564605182,0.0002788049794560511,0.0002788049794560511,3.280058581835895
18930,0.0016238640259663782,0.0018489431155857162,0.8700908779226898,0.010497218953060133,0.008840472777979778,0.8320444967510379,0.021151485193852067,0.009154247517045147,0.7179801974153056,0.0002789523393817678,0.0002789523393817678,3.2817922280207976
18940,0.0016216527195127256,0.001849319037682837,0.870267782438982,0.010485119463596662,0.008842529691188568,0.8322380885824534,0.021134843195264222,0.009157076656805081,0.7182020907298103,0.0002790996993074845,0.0002790996993074845,3.2835258742057
18950,0.0016194439779319628,0.0018496945237515667,0.8704444817654431,0.010473032065638831,0.0088445845488414,0.8324314869497788,0.021118212265629623,0.009159903914842962,0.7184238364582716,0.0002792470592332013,0.0002792470592332013,3.285259520390603
18960,0.0016172378014645478,0.0018500695737510273,0.8706209758828363,0.010460956757570306,0.00884663735121305,0.8326246918788751,0.021101592400880304,0.009162729291850347,0.7186454346549292,0.00027939441915891805,0.00027939441915891805,3.286993166575506
18970,0.0016150341903509394,0.0018504441876403407,0.8707972647719249,0.010448893537774766,0.00884868809857829,0.8328177033956037,0.021084983596948294,0.009165552788518789,0.7188668853740227,0.00027954177908463476,0.00027954177908463476,3.288726812760409
18980,0.001612833144831596,0.001850818365378629,0.8709733484134723,0.010436842404635879,0.008850736791211901,0.833010521525826,0.021068385849765628,0.009168374405539841,0.7190881886697915,0.0002796891390103515,0.0002796891390103515,3.290460458945311
18990,0.0016106346651469769,0.0018511921069250144,0.8711492267882419,0.010424803356537317,0.008852783429388658,0.833203146295403,0.021051799155264343,0.009171194143605059,0.7193093445964752,0.0002798364989360682,0.0002798364989360682,3.2921941051302137
19000,0.0016084387515375397,0.0018515654122386186,0.8713248998769968,0.01041277639186275,0.008854828013383335,0.8333955777301961,0.021035223509376463,0.009174012003406,0.7195303532083138,0.00027998385886178495,0.00027998385886178495,3.293927751315117
19010,0.0016062454042437436,0.001851938281278564,0.8715003676605005,0.01040076150899585,0.008856870543470707,0.8335878158560666,0.021018658908034022,0.009176827985634213,0.7197512145595463,0.00028013121878750166,0.00028013121878750166,3.295661397500019
19020,0.001604054623506047,0.0018523107140039725,0.8716756301195163,0.010388758706320287,0.008858911019925553,0.8337798606988756,0.021002105347169057,0.009179642090981259,0.7199719287044125,0.00028027857871321837,0.00028027857871321837,3.2973950436849218
19030,0.0016018664095649089,0.0018526827103739658,0.8718506872348073,0.010376767982219735,0.008860949443022646,0.8339717122844844,0.02098556282271359,0.009182454320138688,0.7201924956971519,0.00028042593863893513,0.00028042593863893513,3.299128689869825
19040,0.0015996807626607874,0.0018530542703476666,0.8720255389871371,0.010364789335077864,0.008862985813036765,0.8341633706387543,0.020969031330599665,0.009185264673798056,0.7204129155920045,0.00028057329856465184,0.00028057329856465184,3.300862336054727
19050,0.001597497683034141,0.0018534253938841964,0.8722001853572688,0.010352822763278344,0.008865020130242682,0.8343548357875465,0.020952510866759304,0.009188073152650916,0.7206331884432091,0.0002807206584903686,0.0002807206584903686,3.3025959822396302
19060,0.001595317170925429,0.0018537960809426775,0.8723746263259657,0.01034086826520485,0.008867052394915177,0.8345461077567224,0.020936001427124543,0.009190879757388826,0.720853314305006,0.0002808680184160853,0.0002808680184160853,3.304329628424533
19070,0.0015931392265751093,0.0018541663314822318,0.8725488618739913,0.010328925839241051,0.008869082607329022,0.8347371865721431,0.020919503007627415,0.009193684488703337,0.7210732932316343,0.000281015378341802,0.000281015378341802,3.306063274609435
19080,0.0015909638502236414,0.0018545361454619814,0.8727228919821087,0.010316995483770616,0.008871110767758997,0.8349280722596704,0.02090301560419995,0.009196487347286005,0.7212931252773338,0.00028116273826751874,0.00028116273826751874,3.307796920794338
19090,0.001588791042111483,0.0018549055228410482,0.8728967166310814,0.010305077197177222,0.008873136876479873,0.8351187648451645,0.02088653921277419,0.009199288333828387,0.7215128104963441,0.0002813100981932355,0.0002813100981932355,3.309530566979241
19100,0.001586620802479093,0.0018552744635785545,0.8730703358016725,0.010293170977844535,0.00887516093376643,0.8353092643544875,0.020870073829282146,0.009202087449022033,0.7217323489429045,0.0002814574581189522,0.0002814574581189522,3.311264213164143
19110,0.0015844531315669305,0.0018556429676336223,0.8732437494746457,0.010281276824156232,0.008877182939893442,0.8354995708135003,0.02085361944965587,0.0092048846935585,0.7219517406712549,0.000281604818044669,0.000281604818044669,3.3129978593490463
19120,0.001582288029615453,0.0018560110349653733,0.8734169576307638,0.010269394734495979,0.008879202895135685,0.8356896842480644,0.02083717606982738,0.009207680068129344,0.7221709857356348,0.0002817521779703857,0.0002817521779703857,3.314731505533949
19130,0.0015801254968651204,0.0018563786655329299,0.8735899602507904,0.01025752470724745,0.008881220799767935,0.8358796046840409,0.02082074368572872,0.009210473573426116,0.7223900841902837,0.0002818995378961024,0.0002818995378961024,3.3164651517188513
19140,0.0015779655335563902,0.001856745859295414,0.8737627573154888,0.010245666740794315,0.008883236654064968,0.836069332147291,0.02080432229329191,0.009213265210140372,0.722609036089441,0.00028204689782181916,0.00028204689782181916,3.3181987979037544
19150,0.0015758081399297214,0.0018571126162119477,0.8739353488056223,0.010233820833520247,0.008885250458301559,0.8362588666636761,0.020787911888448994,0.009216054978963668,0.7228278414873466,0.00028219425774753587,0.00028219425774753587,3.319932444088657
19160,0.0015736533162255732,0.0018574789362416529,0.8741077347019541,0.010221986983808917,0.008887262212752486,0.8364482082590574,0.020771512467132,0.009218842880587557,0.7230465004382398,0.0002823416176732526,0.0002823416176732526,3.3216660902735593
19170,0.0015715010626844033,0.0018578448193436517,0.8742799149852477,0.010210165190043995,0.008889271917692522,0.8366373569592962,0.020755124025272957,0.009221628915703595,0.7232650129963605,0.00028248897759896934,0.00028248897759896934,3.3233997364584624
19180,0.0015693513795466713,0.0018582102654770662,0.8744518896362663,0.010198355450609153,0.008891279573396445,0.8368263127902535,0.020738746558803894,0.009224413085003335,0.7234833792159479,0.00028263633752468605,0.00028263633752468605,3.325133382643365
19190,0.0015672042670528347,0.0018585752746010185,0.8746236586357733,0.010186557763888063,0.00889328518013903,0.837015075777791,0.020722380063656853,0.009227195389178332,0.7237015991512418,0.00028278369745040276,0.00028278369745040276,3.3268670288282673
19200,0.0015650597254433531,0.0018589398466746304,0.8747952219645317,0.010174772128264396,0.008895288738195053,0.8372036459477696,0.02070602453576386,0.009229975828920142,0.7239196728564817,0.0002829310573761195,0.0002829310573761195,3.3286006750131705
19210,0.0015629177549586841,0.0018593039816570242,0.8749665796033054,0.010162998542121823,0.008897290247839291,0.837392023326051,0.020689679971056946,0.009232754404920317,0.7241376003859072,0.00028307841730183624,0.00028307841730183624,3.330334321198073
19220,0.001560778355839287,0.0018596676795073217,0.8751377315328571,0.010151237003844016,0.008899289709346518,0.8375802079384957,0.020673346365468144,0.009235531117870413,0.7243553817937579,0.00028322577722755295,0.00028322577722755295,3.3320679673829754
19230,0.0015586415283256204,0.001860030940184645,0.8753086777339504,0.010139487511814647,0.008901287122991512,0.8377681998109657,0.020657023714929487,0.009238305968461985,0.7245730171342732,0.0002833731371532697,0.0002833731371532697,3.3338016135678785
19240,0.0015565072726581425,0.0018603937636481162,0.8754794181873486,0.010127750064417386,0.008903282489049046,0.837955998969322,0.020640712015373007,0.009241078957386586,0.7247905064616931,0.0002835204970789864,0.0002835204970789864,3.335535259752781
19250,0.0015543755890773125,0.0018607561498568573,0.8756499528738151,0.010116024660035906,0.008905275807793897,0.8381436054394255,0.020624411262730735,0.009243850085335773,0.7250078498302568,0.00028366785700470313,0.00028366785700470313,3.3372689059376834
19260,0.0015522464778235888,0.0018611180987699904,0.875820281774113,0.010104311297053876,0.008907267079500842,0.838331019247138,0.020608121452934704,0.009246619353001098,0.7252250472942038,0.0002838152169304199,0.0002838152169304199,3.3390025521225866
19270,0.0015501199391374295,0.0018614796103466375,0.8759904048690057,0.010092609973854968,0.008909256304444656,0.8385182404183206,0.020591842581916948,0.009249386761074117,0.7254420989077739,0.0002839625768561366,0.0002839625768561366,3.3407361983074892
19280,0.0015479959732592938,0.0018618406845459204,0.8761603221392565,0.010080920688822857,0.008911243482900115,0.8387052689788344,0.020575574645609496,0.009252152310246384,0.7256590047252066,0.0002841099367818533,0.0002841099367818533,3.3424698444923915
19290,0.0015458745804296401,0.0018622013213269615,0.8763300335656289,0.010069243440341208,0.008913228615141997,0.8388921049545408,0.020559317639944376,0.009254916001209455,0.7258757648007416,0.0002842572967075701,0.0002842572967075701,3.3442034906772946
19300,0.0015437557608889271,0.0018625615206488827,0.8764995391288859,0.010057578226793698,0.008915211701445073,0.839078748371301,0.02054307156085363,0.00925767783465488,0.726092379188618,0.0002844046566332868,0.0002844046566332868,3.3459371368621973
19310,0.001541639514877613,0.001862921282470806,0.876668838809791,0.010045925046563993,0.008917192742084122,0.8392651992549762,0.020526836404269284,0.00926043781127422,0.726308847943076,0.0002845520165590035,0.0002845520165590035,3.3476707830471
19320,0.001539525842636157,0.0018632806067518538,0.8768379325891075,0.01003428389803577,0.00891917173733392,0.8394514576314277,0.020510612166123373,0.009263195931759024,0.7265251711183549,0.00028469937648472026,0.00028469937648472026,3.3494044292320027
19330,0.0015374147444050176,0.0018636394934511474,0.8770068204475986,0.010022654779592697,0.008921148687469243,0.8396375235265169,0.020494398842347925,0.00926595219680085,0.7267413487686942,0.000284846736410437,0.000284846736410437,3.3511380754169053
19340,0.001535306220424653,0.0018639979425278093,0.8771755023660277,0.010011037689618446,0.008923123592764865,0.8398233969661049,0.02047819642887497,0.009268706607091252,0.7269573809483335,0.0002849940963361537,0.0002849940963361537,3.352871721601808
19350,0.0015332002709355223,0.0018643559539409616,0.8773439783251582,0.00999943262649669,0.008925096453495564,0.8400090779760531,0.02046200492163655,0.009271459163321784,0.7271732677115126,0.00028514145626187045,0.00028514145626187045,3.3546053677867107
19360,0.0015310968961780836,0.0018647135276497263,0.8775122483057534,0.009987839588611096,0.008927067269936115,0.8401945665822227,0.020445824316564686,0.009274209866184002,0.7273890091124707,0.00028528881618758716,0.00028528881618758716,3.3563390139716134
19370,0.0015289960963927956,0.001865070663613225,0.8776803122885763,0.009976258574345342,0.008929036042361293,0.8403798628104745,0.020429654609591417,0.009276958716369457,0.7276046052054476,0.00028543617611330387,0.00028543617611330387,3.358072660156516
19380,0.0015268978718201173,0.0018654273617905804,0.8778481702543905,0.009964689582083094,0.008931002771045875,0.8405649666866706,0.02041349579664878,0.009279705714569706,0.7278200560446829,0.00028558353603902063,0.00028558353603902063,3.3598063063414187
19390,0.0015248022227005071,0.001865783622140914,0.8780158221839595,0.009953132610208026,0.008932967456264637,0.8407498782366718,0.020397347873668793,0.009282450861476303,0.728035361684416,0.00028573089596473734,0.00028573089596473734,3.3615399525263214
19400,0.0015227091492744235,0.0018661394446233483,0.878183268058046,0.009941587657103807,0.008934930098292354,0.8409345974863391,0.020381210836583494,0.009285194157780804,0.7282505221788865,0.0002858782558904541,0.0002858782558904541,3.3632735987112246
19410,0.0015206186517823257,0.0018664948291970051,0.878350507857414,0.00993005472115411,0.008936890697403803,0.8411191244615344,0.02036508468132492,0.009287935604174761,0.7284655375823342,0.0002860256158161708,0.0002860256158161708,3.365007244896127
19420,0.001518530730464671,0.0018668497758210062,0.8785175415628264,0.009918533800742608,0.008938849253873758,0.8413034591881183,0.0203489694038251,0.009290675201349732,0.7286804079489986,0.0002861729757418876,0.0002861729757418876,3.36674089108103
19430,0.0015164453855619194,0.001867204284454474,0.8786843691550464,0.009907024894252967,0.008940805767976998,0.8414876016919528,0.020332865000016062,0.009293412949997268,0.728895133333119,0.0002863203356676043,0.0002863203356676043,3.3684745372659326
19440,0.0015143626173145287,0.0018675583550565305,0.8788509906148377,0.009895528000068866,0.008942760239988294,0.8416715519988982,0.020316771465829844,0.009296148850808924,0.7291097137889352,0.000286467695593321,0.000286467695593321,3.370208183450835
19450,0.0015122824259629578,0.0018679119875862976,0.8790174059229634,0.009884043116573968,0.008944712670182427,0.8418553101348166,0.02030068879719847,0.009298882904476257,0.7293241493706869,0.00028661505551903776,0.00028661505551903776,3.371941829635738
19460,0.0015102048117476654,0.0018682651820028972,0.8791836150601867,0.009872570242151948,0.00894666305883417,0.8420388761255689,0.020284616990053985,0.00930161511169082,0.7295384401326135,0.0002867624154447544,0.0002867624154447544,3.37367547582064
19470,0.0015081297749091097,0.0018686179382654518,0.8793496180072713,0.009861109375186482,0.008948611406218299,0.8422222499970162,0.020268556040328407,0.009304345473144168,0.7297525861289543,0.0002869097753704712,0.0002869097753704712,3.3754091220055433
19480,0.0015060573156877497,0.001868970256333083,0.8795154147449801,0.009849660514061238,0.00895055771260959,0.8424054317750203,0.02025250594395378,0.009307073989527856,0.7299665874139496,0.0002870571352961879,0.0002870571352961879,3.3771427681904456
19490,0.001503987434324044,0.001869322136164913,0.8796810052540766,0.009838223657159882,0.008952501978282821,0.8425884214854419,0.020236466696862125,0.009309800661533436,0.730180444041838,0.00028720449522190466,0.00028720449522190466,3.3788764143753487
19500,0.0015019201310584507,0.0018696735777200637,0.879846389515324,0.009826798802866094,0.008954444203512765,0.8427712191541425,0.020220438294985484,0.009312525489852466,0.7303941560668601,0.00028735185514762137,0.00028735185514762137,3.3806100605602514
19510,0.001499855406131429,0.0018700245809576575,0.8800115675094857,0.00981538594956354,0.0089563843885742,0.8429538248069834,0.020204420734255883,0.009315248475176497,0.7306077235432548,0.0002874992150733381,0.0002874992150733381,3.3823437067451536
19520,0.0014977932597834375,0.001870375145836816,0.8801765392173251,0.009803985095635893,0.008958322533741899,0.8431362384698258,0.020188414010605355,0.009317969618197088,0.7308211465252618,0.00028764657499905484,0.00028764657499905484,3.3840773529300567
19530,0.0014957336922549343,0.0018707252723166616,0.8803413046196054,0.009792596239466825,0.008960258639290642,0.843318460168531,0.02017241811996593,0.00932068891960579,0.7310344250671207,0.00028779393492477155,0.00028779393492477155,3.3858109991149594
19540,0.0014936767037863786,0.001871074960356316,0.8805058636970897,0.009781219379440004,0.008962192705495201,0.8435004899289601,0.020156433058269647,0.009323406380094157,0.7312475592230712,0.0002879412948504883,0.0002879412948504883,3.387544645299862
19550,0.0014916222946182282,0.0018714242099149014,0.8806702164305417,0.009769854513939108,0.008964124732630353,0.8436823277769744,0.02014045882144853,0.009326122000353747,0.7314605490473527,0.00028808865477620503,0.00028808865477620503,3.389278291484765
19560,0.0014895704649909428,0.0018717730209515402,0.8808343628007247,0.009758501641347802,0.008966054720970874,0.8438639737384352,0.020124495405434623,0.009328835781076112,0.731673394594205,0.00028823601470192174,0.00028823601470192174,3.3910119376696675
19570,0.0014875212151449799,0.0018721213934253537,0.8809983027884016,0.00974716076004976,0.008967982670791543,0.8440454278392041,0.02010854280615994,0.009331547722952808,0.7318860959178672,0.0002883833746276385,0.0002883833746276385,3.39274558385457
19580,0.0014854745453207992,0.0018724693272954645,0.881162036374336,0.009735831868428652,0.00896990858236713,0.8442266901051416,0.02009260101955653,0.009334257826675388,0.7320986530725795,0.0002885307345533552,0.0002885307345533552,3.394479230039473
19590,0.0014834304557588584,0.0018728168225209945,0.8813255635392914,0.00972451496486815,0.008971832455972415,0.8444077605621095,0.02007667004155641,0.009336966092935408,0.7323110661125811,0.0002886780944790719,0.0002886780944790719,3.3962128762243755
19600,0.001481388946699617,0.0018731638790610654,0.8814888842640306,0.009713210047751929,0.008973754291882173,0.8445886392359692,0.02006074986809163,0.009339672522424422,0.7325233350921115,0.0002888254544047887,0.0002888254544047887,3.397946522409278
19610,0.0014793500183835325,0.0018735104968747999,0.8816519985293174,0.009701917115463653,0.00897567409037118,0.8447693261525816,0.020044840495094203,0.009342377115833984,0.7327354600654106,0.0002889728143305054,0.0002889728143305054,3.399680168594181
19620,0.001477313671051064,0.0018738566759213195,0.8818149063159149,0.009690636166387,0.008977591851714211,0.844949821337808,0.02002894191849617,0.009345079873855648,0.7329474410867176,0.0002891201742562221,0.0002891201742562221,3.4014138147790836
19630,0.0014752799049426706,0.0018742024161597464,0.8819776076045864,0.00967936719890564,0.008979507576186043,0.8451301248175098,0.020013054134229567,0.00934778079718097,0.7331592782102723,0.00028926753418193887,0.00028926753418193887,3.4031474609639867
19640,0.00147324872029881,0.0018745477175492026,0.8821401023760952,0.009668110211403241,0.00898142126406145,0.8453102366175481,0.01999717713822642,0.009350479886501506,0.7333709714903143,0.0002894148941076556,0.0002894148941076556,3.404881107148889
19650,0.0014712201173599417,0.0018748925800488104,0.8823023906112047,0.009656865202263479,0.00898333291561521,0.8454901567637845,0.019981310926418767,0.009353177142508808,0.733582520981083,0.0002895622540333723,0.0002895622540333723,3.4066147533337916
19660,0.0014691940963665235,0.0018752370036176913,0.882464472290678,0.009645632169870022,0.008985242531122099,0.8456698852820799,0.019965455494738632,0.00935587256589443,0.733793926736818,0.00028970961395908905,0.00028970961395908905,3.4083483995186947
19670,0.0014671706575590151,0.001875580988214968,0.8826263473952789,0.009634411112606543,0.008987150110856889,0.8458494221982954,0.019949610839118052,0.009358566157349929,0.7340051888117591,0.00028985697388480576,0.00028985697388480576,3.410082045703597
19680,0.0014651498011778738,0.001875924533799762,0.8827880159057702,0.00962320202885671,0.00898905565509436,0.8460287675382927,0.01993377695548906,0.009361257917566859,0.7342163072601458,0.0002900043338105225,0.0002900043338105225,3.4118156918884996
19690,0.001463131527463559,0.0018762676403311952,0.8829494778029152,0.009612004917004199,0.008990959164109288,0.846207921327933,0.019917953839783682,0.009363947847236771,0.7344272821362173,0.00029015169373623924,0.00029015169373623924,3.4135493380734028
19700,0.0014611158366565297,0.0018766103077683903,0.8831107330674777,0.009600819775432678,0.008992860638176446,0.8463868835930772,0.019902141487933955,0.009366635947051226,0.7346381134942138,0.00029029905366195595,0.00029029905366195595,3.415282984258305
19710,0.001459102728997243,0.0018769525360704691,0.8832717816802206,0.009589646602525821,0.008994760077570612,0.8465656543595871,0.019886339895871914,0.009369322217701773,0.7348488013883743,0.00029044641358767266,0.00029044641358767266,3.4170166304432077
19720,0.0014570922047261589,0.0018772943251965533,0.8834326236219073,0.009578485396667299,0.008996657482566561,0.8467442336533233,0.019870549059529584,0.009372006659879969,0.7350593458729389,0.0002905937735133894,0.0002905937735133894,3.418750276628111
19730,0.0014550842640837357,0.0018776356751057655,0.8835932588733013,0.009567336156240782,0.008998552853439068,0.8469226215001475,0.019854768974839003,0.009374689274277368,0.7352697470021466,0.00029074113343910613,0.00029074113343910613,3.420483922813013
19740,0.0014530789073104319,0.001877976585757227,0.8837536874151655,0.009556198879629942,0.009000446190462912,0.8471008179259211,0.019838999637732196,0.009377370061585524,0.7354800048302372,0.00029088849336482284,0.00029088849336482284,3.4222175689979157
19750,0.0014510761346467058,0.0018783170571100604,0.8839139092282636,0.00954507356521845,0.009002337493912865,0.8472788229565049,0.019823241044141203,0.009380049022495993,0.7356901194114505,0.0002910358532905396,0.0002910358532905396,3.423951215182819
19760,0.0014490759463330165,0.0018786570891233876,0.8840739242933587,0.009533960211389978,0.009004226764063705,0.8474566366177605,0.01980749318999805,0.00938272615770033,0.7359000908000259,0.00029118321321625637,0.00029118321321625637,3.4256848613677215
19770,0.001447078342609822,0.0018789966817563306,0.8842337325912142,0.009522858816528196,0.009006114001190208,0.847634258935549,0.019791756071234772,0.009385401467890086,0.7361099190502028,0.000291330573141973,0.000291330573141973,3.427418507552624
19780,0.0014450833237175818,0.0018793358349680116,0.8843933341025936,0.00951176937901678,0.00900799920556715,0.8478116899357316,0.0197760296837834,0.00938807495375682,0.7363196042162211,0.0002914779330676898,0.0002914779330676898,3.429152153737527
19790,0.0014430908898967537,0.0018796745487175523,0.8845527288082597,0.009500691897239394,0.009009882377469304,0.8479889296441698,0.01976031402357597,0.009390746615992082,0.7365291463523201,0.0002916252929934065,0.0002916252929934065,3.430885799922429
19800,0.001441101041387797,0.0018800128229640748,0.8847119166889762,0.009489626369579715,0.00901176351717145,0.8481659780867248,0.019744609086544507,0.009393416455287431,0.7367385455127398,0.0002917726529191232,0.0002917726529191232,3.432619446107332
19810,0.0014391137784311697,0.0018803506576667015,0.8848708977255064,0.00947857279442141,0.009013642624948361,0.8483428352892575,0.01972891486862105,0.00939608447233442,0.7369478017517193,0.00029192001284484,0.00029192001284484,3.434353092292235
19820,0.0014371291012673303,0.0018806880527845542,0.8850296718986136,0.009467531170148155,0.009015519701074814,0.8485195012776294,0.019713231365737622,0.009398750667824602,0.7371569151234981,0.0002920673727705567,0.0002920673727705567,3.436086738477137
19830,0.0014351470101367381,0.0018810250082767549,0.885188239189061,0.009456501495143618,0.009017394745825587,0.8486959760777022,0.01969755857382626,0.009401415042449533,0.7373658856823163,0.00029221473269627345,0.00029221473269627345,3.4378203846620403
19840,0.0014331675052798515,0.0018813615241024255,0.8853465995776119,0.009445483767791474,0.00901926775947545,0.8488722597153365,0.019681896488819003,0.009404077596900767,0.7375747134824132,0.00029236209262199016,0.00029236209262199016,3.439554030846943
19850,0.0014311905869371286,0.0018816976002206886,0.8855047530450297,0.009434477986475391,0.009021138742299185,0.8490483522163939,0.019666245106647873,0.00940673833186986,0.7377833985780282,0.0002925094525477069,0.0002925094525477069,3.441287677031846
19860,0.0014292162553490287,0.0018820332365906654,0.8856626995720778,0.009423484149579041,0.009023007694571565,0.8492242536067354,0.019650604423244906,0.009409397248048365,0.7379919410234012,0.0002926568124734236,0.0002926568124734236,3.443021323216748
19870,0.0014272445107560098,0.0018823684331714787,0.8858204391395192,0.009412502255486095,0.009024874616567365,0.8493999639122226,0.019634974434542138,0.009412054346127834,0.7382003408727714,0.00029280417239914034,0.00029280417239914034,3.444754969401651
19880,0.001425275353398531,0.0018827031899222501,0.8859779717281175,0.009401532302580227,0.009026739508561362,0.8495754831587164,0.01961935513647159,0.009414709626799828,0.7384085981803787,0.00029295153232485705,0.00029295153232485705,3.4464886155865533
19890,0.0014233087835170506,0.0018830375068021018,0.8861352973186359,0.009390574289245104,0.009028602370828333,0.8497508113720783,0.019603746524965306,0.009417363090755896,0.7386167130004624,0.0002930988922505738,0.0002930988922505738,3.4482222617714564
19900,0.0014213448013520272,0.0018833713837701556,0.8862924158918378,0.009379628213864401,0.009030463203643053,0.8499259485781696,0.019588148595955306,0.009420014738687596,0.7388246853872625,0.00029324625217629053,0.00029324625217629053,3.449955907956359
19910,0.0014193834071439197,0.001883704820785534,0.8864493274284865,0.00936869407482179,0.009032322007280297,0.8501008948028514,0.019572561345373635,0.00942266457128648,0.7390325153950181,0.0002933936121020073,0.0002933936121020073,3.451689554141262
19920,0.0014174246011331864,0.0018840378178073586,0.8866060319093451,0.00935777187050094,0.009034178782014842,0.8502756500719851,0.019556984769152318,0.009425312589244105,0.739240203077969,0.000293540972027724,0.000293540972027724,3.4534232003261645
19930,0.0014154683835602864,0.0018843703747947517,0.8867625293151771,0.00934686159928552,0.009036033528121462,0.8504502144114318,0.019541418863223387,0.009427958793252023,0.7394477484903548,0.0002936883319534407,0.0002936883319534407,3.455156846511067
19940,0.0014135147546656774,0.0018847024917068352,0.8869188196267458,0.009335963259559205,0.009037886245874937,0.8506245878470529,0.019525863623518873,0.00943060318400179,0.739655151686415,0.0002938356918791575,0.0002938356918791575,3.4568904926959703
19950,0.0014115637146898186,0.0018850341685027311,0.8870749028248145,0.009325076849705669,0.009039736935550038,0.8507987704047094,0.019510319045970812,0.00943324576218496,0.739862412720389,0.0002939830518048742,0.0002939830518048742,3.4586241388808725
19960,0.0014096152638731689,0.0018853654051415617,0.8872307788901466,0.009314202368108575,0.009041585597421542,0.8509727621102627,0.019494785126511233,0.009435886528493089,0.7400695316465168,0.0002941304117305909,0.0002941304117305909,3.460357785065775
19970,0.001407669402456186,0.0018856962015824487,0.8873864478035052,0.009303339813151604,0.009043432231764228,0.8511465629895744,0.01947926186107217,0.009438525483617729,0.7402765085190376,0.00029427777165630766,0.00029427777165630766,3.4620914312506783
19980,0.0014057261306793297,0.0018860265577845144,0.8875419095456537,0.009292489183218424,0.00904527683885287,0.8513201730685055,0.019463749245585655,0.009441162628250437,0.7404833433921911,0.00029442513158202437,0.00029442513158202437,3.4638250774355805
19990,0.0014037854487830576,0.0018863564737068806,0.8876971640973554,0.0092816504766927,0.009047119418962243,0.8514935923729169,0.019448247275983717,0.009443797963082767,0.740690036320217,0.0002945724915077411,0.0002945724915077411,3.4655587236204832
20000,0.001401847357007829,0.0018866859493086694,0.8878522114393737,0.009270823691958113,0.009048959972367123,0.8516668209286704,0.01943275594819839,0.009446431488806271,0.7408965873573546,0.00029471985143345784,0.00029471985143345784,3.4672923698053864
20010,0.0013999118555941019,0.001887014984549003,0.888007051552472,0.009260008827398327,0.009050798499342285,0.8518398587616267,0.019417275258161705,0.009449063206112508,0.7411029965578437,0.00029486721135917455,0.00029486721135917455,3.4690260159902886
20020,0.001397978944782335,0.0018873435793870035,0.8881616844174133,0.009249205881397016,0.009052635000162509,0.8520127058976479,0.019401805201805702,0.009451693115693029,0.7413092639759239,0.00029501457128489126,0.00029501457128489126,3.4707596621751913
20030,0.0013960486248129876,0.0018876717337817925,0.888316110014961,0.009238414852337853,0.009054469475102566,0.8521853623625943,0.019386345775062402,0.00945432121823939,0.7415153896658345,0.00029516193121060803,0.00029516193121060803,3.4724933083600944
20040,0.0013941208959265174,0.0018879994476924925,0.8884703283258787,0.009227635738604509,0.009056301924437234,0.852357828182328,0.01937089697386384,0.009456947514443145,0.7417213736818152,0.00029530929113632474,0.00029530929113632474,3.4742269545449966
20050,0.0013921957583633837,0.0018883267210782252,0.8886243393309293,0.009216868538580652,0.00905813234844129,0.8525301033827096,0.01935545879414205,0.00945957200499585,0.741927216078106,0.00029545665106204145,0.00029545665106204145,3.4759606007298993
20060,0.0013902732123640448,0.0018886535538981128,0.8887781430108764,0.00920611325064996,0.009059960747389509,0.8527021879896008,0.019340031231829063,0.009462194690589058,0.7421329169089457,0.0002956040109877582,0.0002956040109877582,3.4776942469148024
20070,0.0013883532581689597,0.0018889799461112773,0.8889317393464833,0.009195369873196094,0.009061787121556666,0.8528740820288626,0.01932461428285691,0.009464815571914323,0.7423384762285743,0.0002957513709134749,0.0002957513709134749,3.4794278930997047
20080,0.0013864358960185858,0.0018893058976768408,0.8890851283185132,0.009184638404602733,0.009063611471217536,0.8530457855263563,0.019309207943157623,0.009467434649663202,0.7425438940912314,0.00029589873083919163,0.00029589873083919163,3.4811615392846074
20090,0.001384521126153383,0.0018896314085539252,0.8892383099077293,0.00917391884325355,0.009065433796646897,0.8532172985079433,0.01929381220866324,0.009470051924527247,0.7427491705511566,0.0002960460907649084,0.0002960460907649084,3.4828951854695105
20100,0.0013826089488138097,0.001889956478701653,0.8893912840948953,0.009163211187532213,0.009067254098119525,0.8533886209994846,0.01927842707530579,0.009472667397198015,0.7429543056625894,0.0002961934506906251,0.0002961934506906251,3.4846288316544127
20110,0.0013806993642403237,0.0018902811080791454,0.8895440508607741,0.009152515435822392,0.009069072375910195,0.8535597530268417,0.0192630525390173,0.009475281068367057,0.7431592994797691,0.0002963408106163418,0.0002963408106163418,3.4863624778393154
20120,0.0013787923726733846,0.001890605296645525,0.8896966101861293,0.00914183158650776,0.009070888630293683,0.8537306946158759,0.019247688595729805,0.00947789293872593,0.7433641520569357,0.0002964881705420586,0.0002964881705420586,3.4880961240242185
20130,0.0013768879743534506,0.0018909290443599137,0.8898489620517239,0.00913115963797199,0.009072702861544763,0.8539014457924483,0.01923233524137534,0.00948050300896619,0.7435688634483287,0.0002966355304677753,0.0002966355304677753,3.4898297702091208
20140,0.0013749861695209803,0.0018912523511814337,0.8900011064383215,0.009120499588598749,0.009074515069938213,0.85407200658242,0.019216992471885935,0.00948311127977939,0.7437734337081874,0.000296782890393492,0.000296782890393492,3.4915634163940235
20150,0.0013730869584164319,0.001891575217069207,0.8901530433266855,0.009109851436771711,0.00907632525574881,0.8542423770116527,0.019201660283193617,0.009485717751857083,0.7439778628907515,0.00029693025031920877,0.00029693025031920877,3.4932970625789266
20160,0.0013711903412802647,0.0018918976419823553,0.8903047726975789,0.00909921518087455,0.009078133419251328,0.8544125571060073,0.019186338671230423,0.009488322425890827,0.7441821510502609,0.0002970776102449255,0.0002970776102449255,3.495030708763829
20170,0.001369296318352937,0.0018922196258800011,0.8904562945317651,0.009088590819290934,0.009079939560720543,0.8545825468913452,0.019171027631928385,0.009490925302572173,0.7443862982409548,0.0002972249701706422,0.0002972249701706422,3.4967643549487315
20180,0.0013674048898749077,0.001892541168721266,0.8906076088100073,0.009077978350404534,0.00908174368043123,0.8547523463935275,0.01915572716121954,0.009493526382592677,0.7445903045170728,0.00029737233009635895,0.00029737233009635895,3.4984980011336346
20190,0.0013655160560866347,0.0018928622704652725,0.8907587155130693,0.009067377772599021,0.009083545778658168,0.8549219556384157,0.019140437255035912,0.009496125666643894,0.7447941699328544,0.00029751969002207566,0.00029751969002207566,3.500231647318537
20200,0.0013636298172285774,0.0018931829310711423,0.8909096146217138,0.009056789084258072,0.009085345855676129,0.855091374651871,0.019125157909309534,0.009498723155417377,0.7449978945425395,0.00029766704994779237,0.00029766704994779237,3.5019652935034395
20210,0.0013617461735411938,0.0018935031504979975,0.8910603061167045,0.009046212283765353,0.00908714391175989,0.8552606034597543,0.01910988911997244,0.009501318849604683,0.7452014784003674,0.00029781440987350913,0.00029781440987350913,3.5036989396883427
20220,0.0013598651252649432,0.00189382292870496,0.8912107899788045,0.009035647369504535,0.00908893994718423,0.8554296420879274,0.01909463088295666,0.009503912749897366,0.7454049215605778,0.00029796176979922584,0.00029796176979922584,3.505432585873245
20230,0.001357986672640283,0.0018941422656511523,0.8913610661887773,0.009025094339859293,0.009090733962223922,0.8555984905622515,0.019079383194194235,0.009506504856986979,0.7456082240774101,0.00029810912972494255,0.00029810912972494255,3.5071662320581476
20240,0.0013561108159076732,0.001894461161295696,0.8915111347273862,0.009014553193213296,0.00909252595715374,0.8557671489085873,0.019064146049617182,0.009509095171565077,0.745811386005104,0.0002982564896506593,0.0002982564896506593,3.5088998782430507
20250,0.001354237555307571,0.001894779615597713,0.8916609955753942,0.009004023927950213,0.009094315932248465,0.8559356171527966,0.019048919445157544,0.009511683694323215,0.7460144073978993,0.00029840384957637603,0.00029840384957637603,3.510633524427953
20260,0.0013523668910804373,0.001895097628516326,0.8918106487135651,0.008993506542453724,0.00909610388778287,0.8561038953207406,0.019033703376747348,0.009514270425952948,0.7462172883100351,0.00029855120950209274,0.00029855120950209274,3.5123671706128556
20270,0.0013504988234667276,0.0018954152000106566,0.8919600941226618,0.00898300103510749,0.009097889824031728,0.8562719834382803,0.019018497840318633,0.00951685536714583,0.7464200287957514,0.0002986985694278095,0.0002986985694278095,3.5141008167977588
20280,0.0013486333527069027,0.0018957323300398269,0.8921093317834478,0.008972507404295189,0.009099673741269819,0.856439881531277,0.019003302831803424,0.009519438518593416,0.7466226289092875,0.0002988459293535262,0.0002988459293535262,3.515834462982661
20290,0.001346770479041421,0.0018960490185629588,0.8922583616766864,0.008962025648400488,0.009101455639771919,0.8566075896255924,0.01898811834713375,0.00952201988098726,0.7468250887048832,0.0002989932892792429,0.0002989932892792429,3.5175681091675637
20300,0.0013449102027107405,0.0018963652655391745,0.8924071837831409,0.008951555765807062,0.009103235519812802,0.8567751077470872,0.018972944382241654,0.009524599455018917,0.7470274082367778,0.0002991406492049597,0.0002991406492049597,3.519301755352467
20310,0.00134305252395532,0.001896681070927596,0.8925557980835743,0.008941097754898578,0.009105013381667243,0.8569424359216228,0.01895778093305916,0.00952717724137994,0.7472295875592111,0.0002992880091306764,0.0002992880091306764,3.521035401537369
20320,0.001341197443015618,0.0018969964346873453,0.8927042045587507,0.008930651614058711,0.00910678922561002,0.8571095741750607,0.018942627995518303,0.009529753240761886,0.7474316267264225,0.0002994353690563931,0.0002994353690563931,3.5227690477222717
20330,0.0013393449601320935,0.0018973113567775444,0.8928524031894325,0.008920217341671137,0.009108563051915907,0.8572765225332619,0.018927485565551114,0.009532327453856309,0.7476335257926516,0.00029958272898210987,0.00029958272898210987,3.524502693907175
20340,0.0013374950755452048,0.0018976258371573157,0.8930003939563836,0.008909794936119519,0.009110334860859683,0.8574432810220879,0.018912353639089625,0.009534899881354763,0.7478352848121382,0.0002997300889078266,0.0002997300889078266,3.526236340092077
20350,0.0013356477894954102,0.0018979398757857807,0.8931481768403673,0.008899384395787531,0.009112104652716122,0.8576098496673996,0.018897232212065868,0.0095374705239488,0.7480369038391216,0.00029987744883354335,0.00029987744883354335,3.52796998627698
20360,0.0013338031022231693,0.0018982534726220616,0.8932957518221465,0.008888985719058844,0.009113872427759998,0.8577762284950585,0.018882121280411876,0.00954003938232998,0.7482383829278416,0.00030002480875926006,0.00030002480875926006,3.529703632461883
20370,0.0013319610139689393,0.0018985666276252807,0.8934431188824848,0.008878598904317131,0.009115638186266088,0.8579424175309258,0.01886702084005968,0.009542606457189852,0.7484397221325374,0.00030017216868497677,0.00030017216868497677,3.531437278646785
20380,0.00133012152497318,0.0018988793407545598,0.8935902780021456,0.008868223949946064,0.00911740192850917,0.8581084168008629,0.018851930886941308,0.009545171749219976,0.7486409215074491,0.0003003195286106935,0.0003003195286106935,3.533170924831688
20390,0.0013282846354763498,0.0018991916119690208,0.893737229161892,0.00885786085432931,0.009119163654764019,0.858274226330731,0.018836851416988803,0.009547735259111902,0.7488419811068159,0.00030046688853641024,0.00030046688853641024,3.534904571016591
20400,0.001326450345718907,0.0018995034412277862,0.8938839723424875,0.008847509615850546,0.009120923365305409,0.8584398461463913,0.018821782426134186,0.009550296987557187,0.7490429009848774,0.00030061424846212695,0.00030061424846212695,3.536638217201493
20410,0.0013246186559413102,0.0018998148284899777,0.8940305075246952,0.00883717023289344,0.009122681060408117,0.858605276273705,0.018806723910309495,0.009552856935247383,0.7492436811958733,0.00030076160838784366,0.00030076160838784366,3.538371863386396
20420,0.0013227895663840182,0.0019001257737147172,0.8941768346892786,0.008826842703841663,0.009124436740346919,0.8587705167385334,0.018791675865446764,0.009555415102874049,0.7494443217940431,0.0003009089683135604,0.0003009089683135604,3.540105509571299
20430,0.0013209630772874896,0.001900436276861127,0.8943229538170008,0.008816527027078887,0.00912619040539659,0.858935567566738,0.018776638287478015,0.009557971491128735,0.7496448228336263,0.00030105632823927713,0.00030105632823927713,3.5418391557562012
20440,0.001319139188892183,0.0019007463378883293,0.8944688648886254,0.008806223200988785,0.009127942055831909,0.8591004287841796,0.01876161117233529,0.009560526100703,0.7498451843688628,0.0003012036881649939,0.0003012036881649939,3.5435728019411044
20450,0.0013173179014385568,0.0019010559567554457,0.8946145678849156,0.008795931223955026,0.009129691691927646,0.8592651004167196,0.018746594515950617,0.009563078932288393,0.7500454064539916,0.0003013510480907106,0.0003013510480907106,3.545306448126007
20460,0.0013154992151670694,0.0019013651334215986,0.8947600627866344,0.008785651094361283,0.009131439313958583,0.8594295824902195,0.018731588314256028,0.009565629986576472,0.7502454891432528,0.00030149840801642737,0.00030149840801642737,3.54704009431091
20470,0.0013136831303181802,0.0019016738678459097,0.8949053495745456,0.00877538281059123,0.009133184922199493,0.8595938750305405,0.01871659256318356,0.009568179264258793,0.7504454324908858,0.0003016457679421441,0.0003016457679421441,3.5487737404958124
20480,0.0013118696471323473,0.0019019821599875013,0.8950504282294123,0.008765126371028532,0.00913492851692515,0.8597579780635435,0.01870160725866523,0.009570726766026908,0.75064523655113,0.0003017931278678608,0.0003017931278678608,3.550507386680715
20490,0.0013100587658500292,0.0019022900098054954,0.8951952987319978,0.008754881774056863,0.009136670098410335,0.8599218916150904,0.01868663239663309,0.009573272492572373,0.7508449013782253,0.00030194048779357756,0.00030194048779357756,3.552241032865618
20500,0.001308250486711685,0.001902597417259014,0.8953399610630652,0.008744649018059896,0.009138409666929819,0.8600856157110417,0.01867166797301916,0.00957581644458674,0.7510444270264109,0.00030208784771929427,0.00030208784771929427,3.5539746790505204
20510,0.0013064448099577729,0.001902904382307179,0.8954844152033782,0.008734428101421303,0.009140147222758379,0.8602491503772591,0.018656713983755478,0.009578358622761567,0.7512438135499269,0.000302235207645011,0.000302235207645011,3.555708325235423
20520,0.0013046417358287515,0.0019032109049091127,0.8956286611337,0.008724219022524751,0.009141882766170794,0.8604124956396042,0.018641770424774065,0.009580899027788407,0.7514430610030124,0.0003023825675707277,0.0003023825675707277,3.5574419714203254
20530,0.0013028412645650796,0.0019035169850239368,0.8957726988347937,0.008714021779753917,0.009143616297441835,0.8605756515239373,0.018626837292006967,0.009583437660358813,0.7516421694399069,0.00030252992749644445,0.00030252992749644445,3.5591756176052285
20540,0.0013010433964072156,0.0019038226226107738,0.8959165282874229,0.008703836371492467,0.009145347816846281,0.8607386180561205,0.01861191458138621,0.009585974521164341,0.7518411389148503,0.00030267728742216116,0.00030267728742216116,3.560909263790131
20550,0.0012992481315956185,0.0019041278176287453,0.8960601494723507,0.008693662796124074,0.009147077324658909,0.8609013952620149,0.018597002288843822,0.009588509610896547,0.7520399694820822,0.0003028246473478779,0.0003028246473478779,3.5626429099750343
20560,0.0012974554703707461,0.0019044325700369735,0.8962035623703403,0.008683501052032411,0.009148804821154492,0.8610639831674816,0.018582100410311844,0.009591042930246985,0.752238661195842,0.00030297200727359464,0.00030297200727359464,3.5643765561599365
20570,0.0012956654129730584,0.0019047368797945805,0.8963467669621553,0.00867335113760115,0.009150530306607806,0.8612263817983816,0.0185672089417223,0.009593574479907208,0.7524372141103693,0.00030311936719931135,0.00030311936719931135,3.566110202344839
20580,0.001293877959643012,0.0019050407468606883,0.8964897632285591,0.00866321305121396,0.009152253781293628,0.8613885911805766,0.01855232787900722,0.00959610426056877,0.7526356282799037,0.0003032667271250281,0.0003032667271250281,3.5678438485297423
20590,0.0012920931106210679,0.0019053441711944189,0.8966325511503146,0.008653086791254514,0.009153975245486733,0.8615506113399278,0.01853745721809865,0.009598632272923228,0.7528339037586846,0.0003034140870507448,0.0003034140870507448,3.5695774947146446
20600,0.0012903108661476827,0.0019056471527548944,0.8967751307081854,0.008642972356106483,0.009155694699461899,0.8617124423022964,0.018522596954928607,0.009601158517662134,0.7530320406009517,0.00030356144697646153,0.00030356144697646153,3.5713111408995473
20610,0.0012885312264633163,0.0019059496915012366,0.8969175018829347,0.008632869744153537,0.0091574121434939,0.8618740840935434,0.018507747085429134,0.009603682995477047,0.7532300388609449,0.0003037088069021783,0.0003037088069021783,3.5730447870844504
20620,0.001286754191808426,0.001906251787392568,0.8970596646553259,0.008622778953779348,0.009159127577857511,0.8620355367395305,0.018492907605532252,0.009606205707059515,0.753427898592903,0.000303856166827895,0.000303856166827895,3.5747784332693526
20630,0.001284979762423472,0.0019065534403880102,0.8972016190061223,0.008612699983367588,0.009160841002827512,0.8621968002661188,0.018478078511170004,0.009608726653101097,0.7536256198510665,0.0003040035267536117,0.0003040035267536117,3.5765120794542553
20640,0.0012832079385489115,0.0019068546504466854,0.8973433649160871,0.008602632831301929,0.009162552418678672,0.8623578746991692,0.018463259798274415,0.009611245834293347,0.7538232026896743,0.0003041508866793285,0.0003041508866793285,3.5782457256391584
20650,0.001281438720425204,0.0019071554175277157,0.8974849023659838,0.00859257749596604,0.009164261825685775,0.8625187600645435,0.018448451462777522,0.00961376325132782,0.7540206471629664,0.0003042982466050452,0.0003042982466050452,3.5799793718240607
20660,0.0012796721082928078,0.001907455741590223,0.8976262313365754,0.008582533975743597,0.00916596922412359,0.8626794563881027,0.018433653500611352,0.009616278904896068,0.7542179533251818,0.0003044456065307619,0.0003044456065307619,3.5817130180089634
20670,0.0012779081023921817,0.0019077556225933294,0.8977673518086255,0.008572502269018267,0.009167674614266897,0.8628399636957078,0.018418865907707936,0.009618792795689649,0.7544151212305606,0.00030459296645647866,0.00030459296645647866,3.5834466641938665
20680,0.0012761467029637837,0.0019080550604961572,0.8979082637628973,0.00856248237417372,0.00916937799639047,0.8630002820132207,0.018404088679999313,0.009621304924400116,0.7546121509333424,0.00030474032638219537,0.00030474032638219537,3.5851803103787687
20690,0.0012743879102480732,0.001908354055257828,0.8980489671801543,0.008552474289593631,0.009171079370769084,0.863160411366502,0.01838932181341751,0.009623815291719021,0.7548090424877664,0.0003048876863079121,0.0003048876863079121,3.5869139565636714
20700,0.0012726317244855078,0.001908652606837464,0.8981894620411593,0.00854247801366167,0.009172778737677518,0.8633203517814133,0.018374565303894558,0.009626323898337922,0.7550057959480723,0.00030503504623362885,0.00030503504623362885,3.5886476027485745
20710,0.0012708781459165477,0.0019089507151941873,0.8983297483266762,0.00853249354476151,0.009174476097390544,0.863480103283816,0.018359819147362497,0.009628830744948374,0.7552024113685,0.00030518240615934556,0.00030518240615934556,3.5903812489334768
20720,0.0012691271747816498,0.0019092483802871198,0.898469826017468,0.008522520881276821,0.009176171450182942,0.863639665899571,0.01834508333975335,0.00963133583224193,0.7553988888032886,0.00030532976608506227,0.00030532976608506227,3.5921148951183794
20730,0.0012673788113212738,0.0019095456020753838,0.8986096950942981,0.008512560021591276,0.009177864796329484,0.8637990396545396,0.018330357876999156,0.009633839160910141,0.7555952283066778,0.00030547712601077903,0.00030547712601077903,3.5938485413032826
20740,0.0012656330557758782,0.001909842380518101,0.8987493555379298,0.008502610964088542,0.009179556136104949,0.8639582245745834,0.01831564275503194,0.009636340731644568,0.7557914299329074,0.00030562448593649574,0.00030562448593649574,3.595582187488185
20750,0.0012638899083859212,0.0019101387155743938,0.8988888073291263,0.008492673707152296,0.009181245469784112,0.8641172206855635,0.018300937969783736,0.009638840545136763,0.7559874937362168,0.00030577184586221245,0.00030577184586221245,3.5973158336730875
20760,0.0012621493693918612,0.0019104346072033838,0.8990280504486511,0.008482748249166203,0.009182932797641746,0.8642760280133407,0.01828624351718658,0.009641338602078279,0.7561834197708455,0.0003059192057879292,0.0003059192057879292,3.5990494798579906
20770,0.0012604114390341581,0.0019107300553641935,0.8991670848772675,0.00847283458851394,0.009184618119952631,0.864434646583777,0.0182715593931725,0.009643834903160673,0.7563792080910332,0.0003060665657136459,0.0003060665657136459,3.600783126042893
20780,0.0012586761175532688,0.0019110250600159447,0.8993059105957386,0.008462932723579177,0.009186301436991541,0.8645930764227332,0.018256885593673534,0.009646329449075498,0.7565748587510195,0.00030621392563936263,0.00030621392563936263,3.6025167722277955
20790,0.0012569434051896533,0.0019113196211177593,0.8994445275848277,0.008453042652745582,0.009187982749033253,0.8647513175560708,0.018242222114621703,0.009648822240514308,0.7567703718050437,0.0003063612855650794,0.0003063612855650794,3.6042504184126987
20800,0.0012552133021837691,0.0019116137386287597,0.8995829358252986,0.008443164374396833,0.00918966205635254,0.8649093700096507,0.018227568951949054,0.00965131327816866,0.7569657473073459,0.0003065086454907961,0.0003065086454907961,3.605984064597601
20810,0.0012534858087760753,0.0019119074125080677,0.8997211352979141,0.008433297886916593,0.00919133935922418,0.8650672338093346,0.0182129261015876,0.009653802562730105,0.7571609853121651,0.0003066560054165129,0.0003066560054165129,3.607717710782504
20820,0.0012517609252070308,0.0019122006427148052,0.8998591259834376,0.00842344318868854,0.00919301465792295,0.8652249089809835,0.018198293559469392,0.009656290094890201,0.7573560858737413,0.0003068033653422296,0.0003068033653422296,3.6094513569674067
20830,0.0012500386517170943,0.0019124934292080943,0.8999969078626325,0.008413600278096345,0.009194687952723622,0.8653823955504585,0.01818367132152645,0.009658775875340501,0.7575510490463139,0.0003069507252679463,0.0003069507252679463,3.611185003152309
20840,0.0012483189885467236,0.0019127857719470572,0.900134480916262,0.008403769153523675,0.009196359243900977,0.8655396935436214,0.01816905938369081,0.00966125990477256,0.7577458748841224,0.000307098085193663,0.000307098085193663,3.6129186493372116
20850,0.001246601935936378,0.0019130776708908162,0.9002718451250897,0.008393949813354206,0.009198028531729786,0.8656968029863327,0.018154457741894506,0.009663742183877931,0.7579405634414065,0.00030724544511937977,0.00030724544511937977,3.6146522955221148
20860,0.0012448874941265158,0.0019133691259984927,0.9004090004698788,0.008384142255971604,0.009199695816484828,0.8658537239044544,0.01813986639206957,0.00966622271334817,0.7581351147724056,0.0003073928050450965,0.0003073928050450965,3.616385941707017
20870,0.0012431756633575956,0.001913660137229209,0.9005459469313922,0.008374346479759548,0.009201361098440879,0.8660104563238474,0.018125285330148025,0.009668701493874833,0.7583295289313595,0.0003075401649708132,0.0003075401649708132,3.6181195878919197
20880,0.0012414664438700764,0.0019139507045420874,0.900682684490394,0.0083645624831017,0.009203024377872713,0.866167000270373,0.018110714552061914,0.009671178526149472,0.7585238059725076,0.00030768752489652995,0.00030768752489652995,3.619853234076823
20890,0.0012397598359044164,0.0019142408278962496,0.9008192131276467,0.008354790264381738,0.009204685655055106,0.8663233557698923,0.018096154053743263,0.009673653810863643,0.7587179459500896,0.0003078348848222467,0.0003078348848222467,3.621586880261726
20900,0.0012380558397010741,0.0019145305072508177,0.900955532823914,0.008345029821983336,0.009206344930262834,0.8664795228482667,0.01808160383112411,0.0096761273487089,0.7589119489183451,0.0003079822447479634,0.0003079822447479634,3.623320526446628
20910,0.0012363544555005082,0.001914819742564914,0.9010916435599593,0.008335281154290157,0.009208002203770676,0.8666355015313577,0.01806706388013648,0.009678599140376797,0.7591058149315134,0.00030812960467368014,0.00030812960467368014,3.625054172631531
20920,0.001234655683543178,0.0019151085337976602,0.9012275453165458,0.008325544259685876,0.009209657475853403,0.8667912918450261,0.01805253419671241,0.009681069186558889,0.7592995440438345,0.0003082769645993969,0.0003082769645993969,3.626787818816434
20930,0.0012329595240695409,0.0019153968809081784,0.9013632380744369,0.008315819136554164,0.009211310746785793,0.8669468938151335,0.018038014776783927,0.00968353748794673,0.7594931363095475,0.0003084243245251136,0.0003084243245251136,3.628521465001336
20940,0.0012312659773200565,0.0019156847838555909,0.9014987218143956,0.008306105783278695,0.009212962016842623,0.8671023074675409,0.01802350561628307,0.009686004045231877,0.7596865917828923,0.0003085716844508303,0.0003085716844508303,3.630255111186239
20950,0.001229575043535183,0.0019159722425990192,0.9016339965171852,0.008296404198243141,0.009214611286298666,0.8672575328281097,0.01800900671114186,0.009688468859105882,0.7598799105181084,0.0003087190443765471,0.0003087190443765471,3.631988757371142
20960,0.001227886722955379,0.0019162592570975859,0.9017690621635697,0.008286714379831167,0.009216258555428703,0.8674125699227013,0.017994518057292342,0.0096909319302603,0.7600730925694352,0.0003088664043022638,0.0003088664043022638,3.6337224035560443
20970,0.0012262010158211034,0.0019165458273104129,0.9019039187343116,0.00827703632642645,0.009217903824507503,0.8675674187771768,0.01798003965066654,0.009693393259386686,0.7602661379911126,0.0003090137642279805,0.0003090137642279805,3.635456049740947
20980,0.0012245179223728142,0.001916831953196622,0.9020385662101749,0.00826737003641266,0.009219547093809849,0.8677220794173974,0.01796557148719649,0.009695852847176594,0.76045904683738,0.00030916112415369727,0.00030916112415369727,3.63718969592585
20990,0.0012228374428509706,0.0019171176347153353,0.9021730045719224,0.008257715508173469,0.009221188363610511,0.8678765518692246,0.017951113562814223,0.009698310694321581,0.7606518191624769,0.000309308484079414,0.000309308484079414,3.6389233421107523
21000,0.0012211595774960311,0.0019174028718256751,0.9023072338003175,0.008248072740092545,0.009222827634184269,0.8680308361585194,0.017936665873451767,0.009700766801513197,0.7608444550206429,0.0003094558440051307,0.0003094558440051307,3.640656988295655
21010,0.001219484326548454,0.0019176876644867633,0.9024412538761236,0.008238441730553563,0.009224464905805895,0.8681849323111431,0.01792222841504116,0.009703221169443001,0.7610369544661177,0.00030960320393084745,0.00030960320393084745,3.642390634480558
21020,0.0012178116902486983,0.0019179720126577217,0.9025750647801042,0.008228822477940195,0.009226100178750168,0.868338840352957,0.017907801183514434,0.009705673798802545,0.7612293175531407,0.00030975056385656416,0.00030975056385656416,3.6441242806654603
21030,0.001216141668837222,0.0019182559162976725,0.9027086664930222,0.008219214980636108,0.009227733453291864,0.8684925603098224,0.01789338417480361,0.009708124690283385,0.7614215443359518,0.00030989792378228087,0.00030989792378228087,3.645857926850363
21040,0.0012144742625544848,0.001918539375365738,0.9028420589956412,0.008209619237024976,0.009229364729705756,0.8686460922076006,0.017878977384840736,0.009710573844577073,0.7616136348687901,0.00031004528370799764,0.00031004528370799764,3.647591573035266
21050,0.0012128094716409438,0.00191882238982104,0.9029752422687245,0.00820003524549047,0.009230994008266621,0.8687994360721526,0.017864580809557832,0.009713021262375167,0.7618055892058956,0.00031019264363371435,0.00031019264363371435,3.6493252192201684
21060,0.0012111472963370591,0.0019191049596227003,0.9031082162930353,0.008190463004416261,0.009232621289249237,0.8689525919293398,0.01785019444488694,0.009715466944369219,0.7619974074015073,0.00031034000355943106,0.00031034000355943106,3.651058865405071
21070,0.0012094877368832883,0.0019193870847298415,0.903240981049337,0.008180902512186023,0.009234246572928376,0.8691055598050237,0.017835818286760077,0.009717910891250785,0.7621890895098655,0.0003104873634851478,0.0003104873634851478,3.652792511589974
21080,0.0012078307935200906,0.001919668765101585,0.9033735365183928,0.008171353767183424,0.009235869859578819,0.8692583397250653,0.017821452331109294,0.009720353103711419,0.7623806355852094,0.00031063472341086453,0.00031063472341086453,3.6545261577748764
21090,0.001206176466487924,0.0019199500006970532,0.903505882680966,0.008161816767792138,0.009237491149475339,0.869410931715326,0.01780709657386661,0.009722793582442674,0.7625720456817784,0.00031078208333658124,0.00031078208333658124,3.656259803959779
21100,0.0012045247560272478,0.0019202307914753683,0.9036380195178202,0.008152291512395833,0.00923911044289271,0.8695633358016668,0.01779275101096406,0.009725232328136107,0.7627633198538123,0.000310929443262298,0.000310929443262298,3.6579934501446822
21110,0.0012028756623785203,0.001920511137395652,0.9037699470097184,0.008142777999378185,0.00924072774010571,0.8697155520099491,0.017778415638333676,0.009727669341483274,0.762954458155551,0.0003110768031880147,0.0003110768031880147,3.6597270963295845
21120,0.0012012291857822,0.0019207910384170263,0.903901665137424,0.008133276227122862,0.009242343041389114,0.8698675803660343,0.017764090451907494,0.009730104623175724,0.7631454606412333,0.0003112241631137315,0.0003112241631137315,3.6614607425144876
21130,0.0011995853264787455,0.0019210704944986135,0.9040331738817003,0.008123786194013537,0.0092439563470177,0.8700194208957835,0.01774977544761754,0.009732538173905016,0.7633363273650994,0.0003113715230394482,0.0003113715230394482,3.6631943886993903
21140,0.001197944084708616,0.0019213495055995357,0.9041644732233108,0.008114307898433879,0.009245567657266243,0.8701710736250582,0.017735470621395848,0.009734969994362703,0.7635270583813885,0.0003115188829651649,0.0003115188829651649,3.6649280348842925
21150,0.0011963054607122686,0.0019216280716789146,0.9042955631430184,0.008104841338767562,0.009247176972409517,0.8703225385797192,0.017721175969174455,0.009737400085240341,0.7637176537443405,0.00031166624289088166,0.00031166624289088166,3.6666616810691957
21160,0.001194669454730164,0.0019219061926958724,0.9044264436215869,0.008095386513398256,0.009248784292722297,0.870473815785628,0.01770689148688538,0.009739828447229482,0.7639081135081947,0.0003118136028165984,0.0003118136028165984,3.6683953272540983
21170,0.001193036067002759,0.0019221838686095314,0.9045571146397794,0.00808594342070963,0.009250389618479364,0.8706249052686461,0.017692617170460674,0.009742255081021684,0.764098437727191,0.0003119609627423151,0.0003119609627423151,3.6701289734390006
21180,0.0011914052977705133,0.0019224610993790131,0.9046875761783589,0.008076512059085363,0.00925199294995549,0.8707758070546343,0.017678353015832357,0.009744679987308498,0.7642886264555684,0.0003121083226680318,0.0003121083226680318,3.6718626196239033
21190,0.001189777147273885,0.0019227378849634399,0.9048178282180892,0.008067092426909119,0.009253594287425452,0.8709265211694543,0.017664099018932455,0.009747103166781481,0.7644786797475672,0.00031225568259374856,0.00031225568259374856,3.6735962658088064
21200,0.0011881516157533328,0.0019230142253219337,0.9049478707397334,0.00805768452256457,0.009255193631164024,0.8710770476389669,0.017649855175693015,0.009749524620132186,0.7646685976574265,0.00031240304251946527,0.00031240304251946527,3.6753299119937086
21210,0.0011865287034493156,0.0019232901204136168,0.9050777037240548,0.008048288344435392,0.009256790981445984,0.8712273864890339,0.017635621482046063,0.009751944348052167,0.7648583802393857,0.00031255040244518203,0.00031255040244518203,3.6770635581786117
21220,0.0011849084106022917,0.0019235655701976108,0.9052073271518167,0.00803890389090525,0.009258386338546108,0.8713775377455161,0.017621397933923623,0.009754362351232981,0.7650480275476848,0.00031269776237089874,0.00031269776237089874,3.6787972043635144
21230,0.0011832907374527198,0.001923840574633038,0.9053367410037825,0.008029531160357824,0.00925997970273917,0.8715275014342748,0.017607184527257742,0.009756778630366182,0.7652375396365634,0.0003128451222966155,0.0003128451222966155,3.6805308505484176
21240,0.0011816756842410584,0.0019241151336790204,0.9054659452607154,0.008020170151176778,0.00926157107429995,0.8716772775811716,0.01759298125798044,0.009759193186143322,0.7654269165602606,0.0003129924822223322,0.0003129924822223322,3.68226449673332
21250,0.0011800632512077663,0.0019243892472946803,0.9055949399033788,0.008010820861745784,0.009263160453503219,0.8718268662120676,0.017578788122023754,0.00976160601925596,0.7656161583730166,0.0003131398421480489,0.0003131398421480489,3.6839981429182225
21260,0.0011784534385933015,0.0019246629154391392,0.905723724912536,0.008001483290448516,0.009264747840623753,0.8719762673528239,0.017564605115319716,0.009764017130395647,0.7658052651290703,0.0003132872020737657,0.0003132872020737657,3.6857317891031256
21270,0.0011768462466381238,0.0019249361380715194,0.9058523002689503,0.007992157435668645,0.009266333235936331,0.8721254810293018,0.017550432233800355,0.009766426520253939,0.7659942368826619,0.0003134345619994824,0.0003134345619994824,3.687465435288028
21280,0.0011752416755826905,0.001925208915150943,0.9059806659533848,0.007982843295789842,0.009267916639715728,0.8722745072673626,0.017536269473397703,0.009768834189522388,0.7661830736880305,0.0003135819219251991,0.0003135819219251991,3.6891990814729305
21290,0.0011736397256674612,0.001925481246636532,0.9061088219466031,0.007973540869195776,0.00926949805223672,0.8724233460928676,0.0175221168300438,0.009771240138892552,0.7663717755994159,0.0003137292818509159,0.0003137292818509159,3.6909327276578336
21300,0.0011720403971328941,0.0019257531324874083,0.9062367682293684,0.007964250154270124,0.00927107747377408,0.872571997531678,0.01750797429967067,0.009773644369055985,0.7665603426710577,0.0003138766417766326,0.0003138766417766326,3.692666373842736
21310,0.001170443690219448,0.0019260245726626943,0.9063645047824443,0.00795497114939655,0.009272654904602587,0.8727204616096552,0.017493841878210348,0.009776046880704239,0.7667487749571952,0.0003140240017023493,0.0003140240017023493,3.6944000200276386
21320,0.001168849605167581,0.0019262955671215116,0.9064920315865936,0.007945703852958732,0.009274230344997017,0.8728687383526603,0.01747971956159486,0.009778447674528871,0.7669370725120683,0.00031417136162806606,0.00031417136162806606,3.6961336662125417
21330,0.0011672581422177523,0.0019265661158229825,0.9066193486225799,0.007936448263340338,0.009275803795232143,0.8730168277865545,0.01746560734575625,0.009780846751221435,0.7671252353899165,0.00031431872155378277,0.00031431872155378277,3.697867312397444
21340,0.00116566930161042,0.0019268362187262289,0.9067464558711664,0.007927204378925039,0.009277375255582745,0.8731647299371995,0.01745150522662654,0.009783244111473487,0.7673132636449793,0.0003144660814794995,0.0003144660814794995,3.6996009585823466
21350,0.0011640830835860435,0.001927105875790373,0.9068733533131166,0.007917972198096508,0.009278944726323594,0.8733124448304558,0.017437413200137766,0.009785639755976579,0.7675011573314964,0.00031461344140521624,0.00031461344140521624,3.7013346047672497
21360,0.0011624994883850802,0.0019273750869745368,0.9070000409291936,0.007908751719238416,0.00928051220772947,0.8734599724921853,0.01742333126222196,0.009788033685422266,0.7676889165037072,0.00031476080133093295,0.00031476080133093295,3.703068250952152
21370,0.00116091851624799,0.001927643852237842,0.9071265187001608,0.007899542940734434,0.009282077700075147,0.8736073129482491,0.01740925940881115,0.009790425900502102,0.7678765412158511,0.00031490816125664966,0.00031490816125664966,3.7048018971370547
21380,0.0011593401674152304,0.001927912171539411,0.9072527866067817,0.007890345860968232,0.009283641203635402,0.8737544662245084,0.017395197635837377,0.009792816401907644,0.7680640315221682,0.00031505552118236643,0.00031505552118236643,3.706535543321958
21390,0.0011577644421272614,0.001928180044838366,0.9073788446298192,0.007881160478323485,0.009285202718685008,0.8739014323468243,0.017381145939232664,0.009795205190330445,0.7682513874768977,0.00031520288110808314,0.00031520288110808314,3.70826918950686
21400,0.0011561913406245396,0.0019284474720938287,0.9075046927500369,0.00787198679118386,0.009286762245498745,0.8740482113410584,0.01736710431492905,0.00979759226646206,0.7684386091342792,0.00031535024103379985,0.00031535024103379985,3.7100028356917627
21410,0.0011546208631475255,0.001928714453264921,0.907630330948198,0.007862824797933031,0.009288319784351386,0.8741948032330715,0.017353072758858563,0.009799977630994043,0.7686256965485524,0.0003154976009595166,0.0003154976009595166,3.711736481876666
21420,0.0011530530099366765,0.0019289809883107653,0.9077557592050659,0.007853674496954668,0.009289875335517707,0.8743412080487253,0.01733905126695323,0.00980236128461795,0.7688126497739569,0.0003156449608852333,0.0003156449608852333,3.713470128061568
21430,0.0011514877812324519,0.0019292470771904836,0.907880977501404,0.007844535886632446,0.009291428899272485,0.8744874258138808,0.017325039835145092,0.009804743228025332,0.7689994688647319,0.0003157923208109501,0.0003157923208109501,3.715203774246471
21440,0.0011499251772753099,0.0019295127198631977,0.9080059858179752,0.007835408965350033,0.009292980475890496,0.8746334565543996,0.017311038459366178,0.009807123461907747,0.7691861538751175,0.0003159396807366668,0.0003159396807366668,3.716937420431374
21450,0.0011483651983057095,0.0019297779162880298,0.9081307841355433,0.007826293731491098,0.009294530065646515,0.8747793002961425,0.017297047135548527,0.009809501986956749,0.7693727048593528,0.0003160870406623835,0.0003160870406623835,3.718671066616276
21460,0.0011468078445641089,0.001930042666424102,0.9082553724348713,0.007817190183439321,0.009296077668815317,0.874924957064971,0.017283065859624153,0.009811878803863892,0.7695591218716779,0.0003162344005881002,0.0003162344005881002,3.720404712801179
21470,0.0011452531162909668,0.001930306970230536,0.9083797506967227,0.007808098319578363,0.009297623285671679,0.8750704268867462,0.0172690946275251,0.00981425391332073,0.7697454049663318,0.000316381760513817,0.000316381760513817,3.722138358986082
21480,0.0011437010137267415,0.0019305708276664544,0.9085039189018607,0.0077990181382919035,0.009299166916490378,0.8752157097873297,0.017255133435183406,0.00981662731601882,0.7699315541975545,0.0003165291204395337,0.0003165291204395337,3.723872005170984
21490,0.0011421515371118926,0.0019308342386909786,0.9086278770310486,0.007789949637963606,0.009300708561546188,0.8753608057925822,0.017241182278531088,0.009818999012649713,0.7701175696195853,0.0003166764803652504,0.0003166764803652504,3.725605651355887
21500,0.0011406046866868776,0.001931097203263231,0.9087516250650497,0.00778089281697715,0.009302248221113887,0.8755057149283658,0.01722724115350019,0.009821369003904967,0.7703034512866641,0.00031682384029096716,0.00031682384029096716,3.72733929754079
21510,0.0011390604626921564,0.0019313597213423339,0.9088751629846276,0.007771847673716201,0.009303785895468247,0.8756504372205409,0.017213310056022738,0.009823737290476132,0.77048919925303,0.0003169712002166839,0.0003169712002166839,3.729072943725692
21520,0.001137518865368186,0.0019316217928874086,0.9089984907705451,0.0077628142065644355,0.009305321584884048,0.8757949726949691,0.017199388982030765,0.009826103873054768,0.7706748135729231,0.0003171185601424006,0.0003171185601424006,3.730806589910595
21530,0.0011359798949554267,0.0019318834178575779,0.9091216084035659,0.007753792413905518,0.009306855289636063,0.8759393213775117,0.01718547792745631,0.009828468752332425,0.7708602943005824,0.00031726592006811735,0.00031726592006811735,3.732540236095498
21540,0.0011344435516943351,0.0019321445962119635,0.9092445158644533,0.007744782294123127,0.009308387009999069,0.8760834832940301,0.017171576888231392,0.009830831929000661,0.771045641490248,0.00031741327999383406,0.00031741327999383406,3.7342738822804002
21550,0.0011329098358253715,0.0019324053279096871,0.9093672131339702,0.007735783845600929,0.009309916746247843,0.8762274584703852,0.017157685860288055,0.00983319340375103,0.7712308551961592,0.0003175606399195508,0.0003175606399195508,3.7360075284653034
21560,0.001131378747588994,0.0019326656129098714,0.9094897001928804,0.0077267970667225985,0.00931144449865716,0.8763712469324385,0.017143804839558324,0.009835553177275084,0.7714159354725556,0.00031770799984526753,0.00031770799984526753,3.737741174650206
21570,0.001129850287225661,0.001932925451171638,0.9096119770219471,0.007717821955871805,0.009312970267501795,0.8765148487060512,0.01712993382197423,0.009837911250264378,0.7716008823736767,0.0003178553597709843,0.0003178553597709843,3.739474820835109
21580,0.0011283244549758315,0.001933184842654109,0.9097340436019336,0.00770885851143222,0.009314494053056524,0.8766582638170847,0.01711607280346781,0.00984026762341047,0.7717856959537623,0.000318002719696701,0.000318002719696701,3.7412084670200114
21590,0.0011268012510799637,0.0019334437873164065,0.9098558999136029,0.007699906731787514,0.009316015855596124,0.8768014922913999,0.017102221779971102,0.009842622297404912,0.771970376267052,0.0003181500796224177,0.0003181500796224177,3.742942113204914
21600,0.0011252806757785162,0.0019337022851176526,0.9099775459377188,0.00769096661532136,0.00931753567539537,0.8769445341548583,0.017088380747416122,0.009844975272939257,0.7721549233677849,0.0003182974395481344,0.0003182974395481344,3.7446757593898163
21610,0.0011237627293119484,0.0019339603360169692,0.9100989816550441,0.0076820381604174315,0.009319053512729037,0.8770873894333212,0.017074549701734908,0.009847326550705063,0.772339337310201,0.00031844479947385114,0.00031844479947385114,3.746409405574719
21620,0.0011222474119207174,0.0019342179399734784,0.9102202070463427,0.007673121365459397,0.009320569367871904,0.8772300581526496,0.017060728638859497,0.009849676131393884,0.77252361814854,0.0003185921593995679,0.0003185921593995679,3.748143051759622
21630,0.0011207347238452832,0.0019344750969463023,0.9103412220923774,0.007664216228830926,0.009322083241098744,0.8773725403387052,0.017046917554721923,0.00985202401569727,0.7727077659370408,0.0003187395193252846,0.0003187395193252846,3.7498766979445244
21640,0.001119224665326104,0.0019347318068945627,0.9104620267739117,0.007655322748915691,0.009323595132684334,0.877514836017349,0.01703311644525421,0.009854370204306783,0.7728917807299437,0.0003188868792510014,0.0003188868792510014,3.7516103441294275
21650,0.001117717236603638,0.001934988069777382,0.9105826210717088,0.007646440924097369,0.009325105042903448,0.8776569452144422,0.017019325306388392,0.009856714697913972,0.7730756625814881,0.0003190342391767181,0.0003190342391767181,3.75334399031433
21660,0.001116212437918345,0.0019352438855538819,0.9107030049665326,0.007637570752759622,0.009326612972030865,0.8777988679558462,0.017005544134056506,0.009859057497210392,0.7732594115459132,0.00031918159910243485,0.00031918159910243485,3.7550776364992333
21670,0.0011147102695106817,0.0019354992541831845,0.9108231784391454,0.0076287122332861276,0.00932811892034136,0.8779406042674222,0.01699177292419058,0.0098613986028876,0.7734430276774588,0.00031932895902815156,0.00031932895902815156,3.7568112826841356
21680,0.0011132107316211082,0.001935754175624412,0.9109431414703113,0.007619865364060554,0.009329622888109707,0.8780821541750311,0.01697801167272264,0.00986373801563715,0.7736265110303647,0.00031947631895386827,0.00031947631895386827,3.7585449288690382
21690,0.0011117138244900826,0.0019360086498366863,0.9110628940407935,0.007611030143466577,0.009331124875610683,0.8782235177045347,0.01696426037558473,0.009866075736150594,0.7738098616588701,0.00031962367887958503,0.00031962367887958503,3.7602785750539414
21700,0.0011102195483580636,0.0019362626767791295,0.9111824361313549,0.007602206569887865,0.009332624883119065,0.8783646948817943,0.016950519028708873,0.00986841176511949,0.7739930796172149,0.00031977103880530174,0.00031977103880530174,3.7620122212388436
21710,0.0011087279034655093,0.0019365162564108638,0.9113017677227594,0.007593394641708089,0.009334122910909626,0.8785056857326706,0.01693678762802711,0.009870746103235389,0.7741761649596384,0.00031991839873101845,0.00031991839873101845,3.7637458674237463
21720,0.0011072388900528795,0.0019367693886910109,0.9114208887957697,0.0075845943573109205,0.009335618959257145,0.8786464902830254,0.016923066169471465,0.009873078751189849,0.7743591177403802,0.0003200657586567352,0.0003200657586567352,3.7654795136086494
21730,0.0011057525083606316,0.001937022073578693,0.9115397993311495,0.007575805715080033,0.009337113028436397,0.8787871085587197,0.016909354648973973,0.009875409709674423,0.7745419380136803,0.00032021311858245193,0.00032021311858245193,3.7672131597935516
21740,0.001104268758629225,0.0019372743110330321,0.9116584993096621,0.007567028713399095,0.009338605118722155,0.8789275405856145,0.016895653062466667,0.009877738979380666,0.7747246258337777,0.00032036047850816864,0.00032036047850816864,3.7689468059784543
21750,0.0011027876410991174,0.0019375261010131503,0.9117769887120706,0.007558263350651779,0.009340095230389199,0.8790677863895716,0.016881961405881572,0.009880066561000132,0.7749071812549123,0.0003205078384338854,0.0003205078384338854,3.7706804521633575
21760,0.0011013091560107687,0.0019377774434781697,0.9118952675191386,0.007549509625221757,0.009341583363712304,0.8792078459964521,0.016868279675150727,0.009882392455224374,0.7750896043313235,0.0003206551983596021,0.0003206551983596021,3.7724140983482597
21770,0.0010998333036046364,0.0019380283383872122,0.9120133357116291,0.007540767535492701,0.009343069518966242,0.8793477194321169,0.016854607866206166,0.00988471666274495,0.7752718951172509,0.0003208025582853188,0.0003208025582853188,3.7741477445331624
21780,0.0010983600841211801,0.0019382787856993997,0.9121311932703057,0.007532037079848277,0.009344553696425794,0.8794874067224278,0.01684094597497992,0.009887039184253411,0.7754540536669343,0.0003209499182110356,0.0003209499182110356,3.7758813907180655
21790,0.0010968894978008574,0.0019385287853738546,0.9122488401759314,0.007523318256672164,0.009346035896365732,0.8796269078932454,0.016827293997404014,0.009889360020441315,0.7756360800346129,0.0003210972781367523,0.0003210972781367523,3.7776150369029677
21800,0.0010954215448841273,0.0019387783373696987,0.9123662764092697,0.007514611064348026,0.009347516119060836,0.8797662229704316,0.016813651929410485,0.009891679172000215,0.7758179742745266,0.000321244638062469,0.000321244638062469,3.7793486830878704
21810,0.0010939562256114482,0.0019390274416460542,0.9124835019510842,0.007505915501259541,0.00934899436478588,0.8799053519798475,0.01680001976693137,0.009893996639621665,0.7759997364409149,0.00032139199798818577,0.00032139199798818577,3.7810823292727735
21820,0.0010924935402232797,0.001939276098162043,0.9126005167821377,0.00749723156579038,0.009350470633815637,0.8800442949473539,0.01678639750589869,0.00989631242399722,0.7761813665880173,0.0003215393579139025,0.0003215393579139025,3.782815975457676
21830,0.0010910334889600787,0.001939524306876787,0.9127173208831938,0.007488559256324209,0.009351944926424886,0.8801830518988127,0.016772785142244482,0.009898626525818436,0.7763628647700734,0.0003216867178396192,0.0003216867178396192,3.7845496216425785
21840,0.0010895760720623059,0.0019397720677494085,0.9128339142350157,0.007479898571244703,0.009353417242888401,0.8803216228600848,0.016759182671900782,0.009900938945776865,0.7765442310413228,0.00032183407776533595,0.00032183407776533595,3.7862832678274816
21850,0.0010881212897704178,0.0019400193807390294,0.9129502968183667,0.007471249508935535,0.00935488758348096,0.8804600078570315,0.016745590090799622,0.009903249684564063,0.776725465456005,0.00032198143769105266,0.00032198143769105266,3.788016914012384
21860,0.0010866691423248747,0.0019402662458047717,0.91306646861401,0.007462612067780372,0.009356355948477339,0.8805982069155143,0.01673200739487303,0.009905558742871584,0.7769065680683594,0.0003221287976167694,0.0003221287976167694,3.7897505601972865
21870,0.0010852196299661338,0.0019405126629057576,0.9131824296027092,0.007453986246162888,0.00935782233815231,0.8807362200613938,0.016718434580053034,0.009907866121390982,0.777087538932626,0.00032227615754248614,0.00032227615754248614,3.7914842063821896
21880,0.001083772752934655,0.001940758632001109,0.9132981797652274,0.007445372042466753,0.009359286752780653,0.8808740473205321,0.016704871642271676,0.009910171820813813,0.7772683781030443,0.00032242351746820285,0.00032242351746820285,3.793217852567092
21890,0.001082328511470896,0.001941004153049948,0.9134137190823284,0.00743676945507564,0.009360749192637142,0.8810116887187899,0.01669131857746098,0.009912475841831631,0.7774490856338535,0.00032257087739391956,0.00032257087739391956,3.7949514987519946
21900,0.0010808869058153156,0.0019412492260113968,0.9135290475347749,0.007428178482373218,0.009362209657996555,0.8811491442820286,0.016677775381552983,0.00991477818513599,0.7776296615792935,0.0003227182373196363,0.0003227182373196363,3.7966851449368977
21910,0.0010794479362083726,0.001941493850844577,0.9136441651033301,0.007419599122743162,0.009363668149133664,0.8812864140361095,0.016664242050479713,0.009917078851418447,0.7778101059936037,0.00032286559724535303,0.00032286559724535303,3.7984187911218
21920,0.001078011602890526,0.001941738027508611,0.9137590717687579,0.00741103137456914,0.009365124666323247,0.8814234980068938,0.01665071858017321,0.009919377841370553,0.7779904189310237,0.00032301295717106974,0.00032301295717106974,3.8001524373067026
21930,0.0010765779061022336,0.0019419817559626208,0.9138737675118215,0.007402475236234827,0.009366579209840081,0.881560396220243,0.016637204966565497,0.009921675155683865,0.7781706004457933,0.0003231603170967865,0.0003231603170967865,3.8018860834916057
21940,0.0010751468460839545,0.001942225036165728,0.9139882523132835,0.00739393070612389,0.00936803177995894,0.8816971087020178,0.016623701205588606,0.009923970795049936,0.7783506505921519,0.0003233076770225032,0.0003233076770225032,3.803619729676508
21950,0.0010737184230761466,0.0019424678680770554,0.9141025261539082,0.007385397782620002,0.009369482376954601,0.88183363547808,0.01661020729317457,0.00992626476016032,0.778530569424339,0.00032345503694822,0.00032345503694822,3.805353375861411
21960,0.00107229263731927,0.0019427102516557245,0.9142165890144585,0.007376876464106837,0.00937093100110184,0.8819699765742907,0.016596723225255433,0.009928557051706574,0.7787103569965941,0.0003236023968739367,0.0003236023968739367,3.8070870220463138
21970,0.0010708694890537815,0.0019429521868608575,0.9143304408756976,0.007368366748968061,0.00937237765267543,0.8821061320165111,0.016583248997763214,0.009930847670380253,0.7788900133631571,0.0003237497567996534,0.0003237497567996534,3.808820668231216
21980,0.0010694489785201408,0.0019431936736515763,0.9144440817183888,0.007359868635587352,0.009373822331950152,0.8822421018306025,0.016569784606629945,0.009933136616872907,0.7790695385782673,0.0003238971167253701,0.0003238971167253701,3.8105543144161187
21990,0.0010680311059588065,0.0019434347119870032,0.9145575115232955,0.007351382122348376,0.009375265039200777,0.8823778860424261,0.016556330047787664,0.009935423891876096,0.7792489326961644,0.0003240444766510869,0.0003240444766510869,3.812287960601022
22000,0.001066615871610237,0.00194367530182626,0.9146707302711811,0.007342907207634808,0.009376705774702085,0.8825134846778432,0.0165428853171684,0.00993770949608137,0.7794281957710879,0.0003241918365768036,0.0003241918365768036,3.814021606785924
22010,0.001065203275714891,0.0019439154431284689,0.9147837379428088,0.007334443889830315,0.009378144538728848,0.882648897762715,0.01652945041070418,0.009939993430180287,0.7796073278572775,0.00032433919650252035,0.00032433919650252035,3.815755252970827
22020,0.0010637933185132272,0.0019441551358527517,0.9148965345189418,0.007325992167318572,0.009379581331555843,0.8827841253229028,0.016516025324327048,0.009942275694864399,0.7797863290089725,0.00032448655642823706,0.00032448655642823706,3.81748889915573
22030,0.0010623860002457034,0.0019443943799582308,0.9150091199803438,0.007317552038483249,0.00938101615345785,0.8829191673842681,0.01650261005396903,0.009944556290825263,0.7799651992804129,0.0003246339163539538,0.0003246339163539538,3.819222545340633
22040,0.0010609813211527792,0.001944633175404028,0.9151214943077778,0.00730912350170802,0.009382449004709638,0.8830540239726717,0.016489204595562156,0.009946835218754432,0.7801439387258379,0.00032478127627967053,0.00032478127627967053,3.8209561915255352
22050,0.0010595792814749128,0.0019448715221492652,0.9152336574820069,0.007300706555376553,0.009383879885585988,0.8831886951139754,0.016475808945038462,0.00994911247934346,0.780322547399487,0.00032492863620538724,0.00032492863620538724,3.822689837710438
22060,0.001058179881452563,0.0019451094201530647,0.9153456094837951,0.007292301197872518,0.009385308796361673,0.8833231808340397,0.016462423098329973,0.009951388073283902,0.7805010253556001,0.00032507599613110395,0.00032507599613110395,3.82442348389534
22070,0.0010567831213261878,0.0019453468693745484,0.9154573502939051,0.007283907427579594,0.00938673573731147,0.8834574811587266,0.01644904705136873,0.009953662001267315,0.7806793726484168,0.00032522335605682066,0.00032522335605682066,3.826157130080243
22080,0.0010553890013362463,0.0019455838697728385,0.9155688798931004,0.007275525242881442,0.009388160708710156,0.883591596113897,0.016435680800086755,0.00995593426398525,0.7808575893321765,0.00032537071598253743,0.00032537071598253743,3.827890776265146
22090,0.0010539975217231975,0.001945820421307057,0.9156801982621443,0.007267154642161742,0.009389583710832506,0.8837255257254123,0.01642232434041609,0.009958204862129262,0.7810356754611186,0.0003255180759082542,0.0003255180759082542,3.829624422450049
22100,0.0010526086827274993,0.0019460565239363256,0.9157913053818002,0.007258795623804161,0.009391004743953294,0.8838592700191336,0.016408977668288763,0.009960473796390909,0.781213631089483,0.0003256654358339709,0.0003256654358339709,3.8313580686349513
22110,0.001051222484589611,0.0019462921776197666,0.9159022012328312,0.00725044818619237,0.009392423808347298,0.883992829020922,0.016395640779636806,0.009962741067461742,0.7813914562715092,0.0003258127957596876,0.0003258127957596876,3.833091714819854
22120,0.0010498389275499901,0.001946527382316502,0.9160128857960007,0.007242112327710043,0.009393840904289293,0.8841262027566393,0.01638231367039225,0.009965006676033315,0.7815691510614364,0.0003259601556854044,0.0003259601556854044,3.834825361004757
22130,0.0010484580118490967,0.001946762137985654,0.9161233590520723,0.007233788046740852,0.009395256032054057,0.8842593912521465,0.016368996336487127,0.009967270622797186,0.7817467155135048,0.0003261075156111211,0.0003261075156111211,3.8365590071896594
22140,0.001047079737727388,0.0019469964445863444,0.916233620981809,0.007225475341668465,0.009396669191916363,0.8843923945333046,0.016355688773853475,0.009969532908444908,0.7819241496819535,0.0003262548755368378,0.0003262548755368378,3.838292653374562
22150,0.0010457041054253236,0.0019472303020776954,0.9163436715659742,0.00721717421087655,0.009398080384150987,0.8845252126259753,0.016342390978423313,0.009971793533668035,0.7821014536210223,0.00032640223546255456,0.00032640223546255456,3.840026299559465
22160,0.0010443311151833615,0.001947463710418829,0.916453510785331,0.0072088846527487895,0.009399489609032707,0.8846578455560195,0.016329102946128687,0.009974052499158122,0.7822786273849508,0.00032654959538827127,0.00032654959538827127,3.8417599457443674
22170,0.001042960767241961,0.001947696669568867,0.9165631386206431,0.0072006066656688465,0.009400896866836298,0.8847902933492985,0.016315824672901616,0.009976309805606723,0.7824556710279783,0.000326696955313988,0.000326696955313988,3.84349359192927
22180,0.0010415930618415793,0.001947929179486932,0.9166725550526739,0.007192340248020396,0.009402302157836533,0.8849225560316736,0.016302556154674148,0.009978565453705393,0.7826325846043445,0.00032684431523970475,0.00032684431523970475,3.845227238114173
22190,0.0010402279992226772,0.0019481612401321454,0.9167817600621859,0.007184085398187105,0.009403705482308193,0.8850546336290064,0.016289297387378304,0.009980819444145687,0.7828093681682893,0.00032699167516542146,0.00032699167516542146,3.8469608842990755
22200,0.0010388655796257106,0.0019483928514636296,0.9168907536299432,0.007175842114552649,0.009405106840526051,0.8851865261671577,0.016276048366946114,0.00998307177761916,0.7829860217740517,0.00032713903509113817,0.00032713903509113817,3.848694530483978
22210,0.001037505803291141,0.0019486240134405064,0.9169995357367087,0.007167610395500698,0.009406506232764882,0.8853182336719889,0.01626280908930962,0.009985322454817362,0.7831625454758716,0.00032728639501685493,0.00032728639501685493,3.8504281766688813
22220,0.0010361486704594245,0.0019488547260218983,0.9171081063632461,0.0071593902394149235,0.009407903659299464,0.8854497561693614,0.016249579550400836,0.009987571476431855,0.7833389393279886,0.00032743375494257164,0.00032743375494257164,3.8521618228537835
22230,0.0010347941813710214,0.0019490849891669268,0.9172164654903182,0.007151181644678997,0.009409299120404571,0.8855810936851362,0.01623635974615182,0.00998981884315419,0.7835152033846423,0.00032758111486828835,0.00032758111486828835,3.853895469038686
22240,0.0010334423362663894,0.0019493148028347142,0.917324613098689,0.0071429846096765885,0.009410692616354981,0.8857122462451745,0.01622314967249458,0.009992064555675919,0.7836913377000722,0.0003277284747940051,0.0003277284747940051,3.8556291152235893
22250,0.0010320931353859876,0.0019495441669843826,0.9174325491691211,0.007134799132791371,0.009412084147425469,0.8858432138753382,0.016209949325361166,0.009994308614688599,0.7838673423285176,0.0003278758347197218,0.0003278758347197218,3.8573627614084915
22260,0.0010307465789702742,0.0019497730815750537,0.917540273682378,0.007126625212407017,0.009413473713890808,0.8859739966014878,0.0161967587006836,0.009996551020883787,0.7840432173242186,0.00032802319464543853,0.00032802319464543853,3.8590964075933942
22270,0.0010294026672597084,0.00195000154656585,0.9176477866192234,0.007118462846907194,0.009414861316025779,0.886104594449485,0.016183577794393916,0.009998791774953032,0.7842189627414143,0.0003281705545711553,0.0003281705545711553,3.8608300537782974
22280,0.001028061400494748,0.0019502295619158933,0.9177550879604202,0.0071103120346755755,0.009416246954105152,0.8862350074451908,0.016170406602424144,0.010001030877587894,0.7843945786343446,0.000328317914496872,0.000328317914496872,3.8625636999632
22290,0.0010267227789158523,0.0019504571275843056,0.9178621776867318,0.007102172774095833,0.009417630628403709,0.8863652356144667,0.01615724512070632,0.010003268329479923,0.7845700650572489,0.0003284652744225887,0.0003284652744225887,3.8642973461481023
22300,0.0010253868027634793,0.0019506842435302089,0.9179690557789217,0.00709404506355164,0.009419012339196222,0.8864952789831738,0.016144093345172476,0.010005504131320677,0.7847454220643668,0.0003286126343483055,0.0003286126343483055,3.8660309923330054
22310,0.0010240534722780886,0.0019509109097127254,0.918075722217753,0.007085928901426666,0.009420392086757469,0.8866251375771734,0.016130951271754644,0.010007738283801708,0.784920649709938,0.0003287599942740222,0.0003287599942740222,3.867764638517908
22320,0.0010227227877001373,0.001951137126090977,0.918182176983989,0.007077824286104581,0.009421769871362222,0.8867548114223267,0.01611781889638485,0.010009970787614574,0.7850957480482019,0.0003289073541997389,0.0003289073541997389,3.8694982847028103
22330,0.001021394749270086,0.0019513628926240859,0.9182884200583932,0.007069731215969058,0.009423145693285262,0.8868843005444952,0.016104696214995134,0.010012201643450826,0.7852707171333981,0.00032905471412545567,0.00032905471412545567,3.8712319308877134
22340,0.001020069357228391,0.001951588209271174,0.9183944514217287,0.007061649689403766,0.009424519552801361,0.8870136049695398,0.016091583223517517,0.01001443085200202,0.7854455570197664,0.0003292020740511724,0.0003292020740511724,3.872965577072616
22350,0.0010187466118155128,0.001951813075991363,0.9185002710547591,0.007053579704792378,0.009425891450185298,0.887142724723322,0.016078479917884046,0.01001665841395971,0.7856202677615458,0.0003293494339768891,0.0003293494339768891,3.8746992232575184
22360,0.001017426513271909,0.001952037492743776,0.9186058789382473,0.0070455212605185676,0.009427261385711844,0.8872716598317029,0.01606538629402674,0.010018884330015451,0.7857948494129766,0.00032949679390260585,0.00032949679390260585,3.8764328694424215
22370,0.0010161090618380387,0.0019522614594875338,0.918711275052957,0.007037474354966001,0.00942862935965578,0.887400410320544,0.016052302347877648,0.010021108600860798,0.785969302028298,0.00032964415382832256,0.00032964415382832256,3.878166515627324
22380,0.0010147942577543598,0.0019524849761817591,0.9188164593796511,0.007029438986518357,0.009429995372291881,0.8875289762157064,0.016039228075368783,0.010023331227187305,0.7861436256617494,0.00032979151375403927,0.00032979151375403927,3.8799001618122264
22390,0.0010134821012613322,0.0019527080427855737,0.9189214318990933,0.007021415153559302,0.00943135942389492,0.8876573575430512,0.01602616347243218,0.010025552209686527,0.7863178203675708,0.00032993887367975604,0.00032993887367975604,3.8816338079971295
22400,0.0010121725925994133,0.0019529306592581,0.919026192592047,0.007013402854472505,0.009432721514739676,0.8877855543284401,0.016013108534999886,0.010027771549050019,0.7864918862000015,0.00033008623360547275,0.00033008623360547275,3.883367454182032
22410,0.0010108657320090624,0.00195315282555846,0.9191307414392751,0.007005402087641641,0.009434081645100923,0.8879135665977338,0.016000063259003914,0.010029989245969333,0.786665823213281,0.00033023359353118946,0.00033023359353118946,3.8851011003669345
22420,0.0010095615197307371,0.001953374541645775,0.9192350784215411,0.006997412851450382,0.009435439815253436,0.888041394376794,0.015987027640376312,0.010032205301136026,0.7868396314616493,0.0003303809534569062,0.0003303809534569062,3.8868347465518376
22430,0.0010082599560048973,0.001953595807479168,0.9193392035196084,0.006989435144282397,0.009436796025471993,0.8881690376914817,0.015974001675049098,0.01003441971524165,0.7870133109993451,0.00033052831338262293,0.00033052831338262293,3.8885683927367403
22440,0.0010069610410720013,0.0019538166230177604,0.91944311671424,0.0069814689645213614,0.00943815027603137,0.8882964965676584,0.015960985358954315,0.010036632488977765,0.787186861880609,0.0003306756733083397,0.0003306756733083397,3.8903020389216434
22450,0.0010056647751725068,0.0019540369882206743,0.9195468179861995,0.006973514310550943,0.009439502567206342,0.8884237710311851,0.015947978688023993,0.01003884362303592,0.78736028415968,0.0003308230332340564,0.0003308230332340564,3.8920356851065456
22460,0.0010043711585468738,0.001954256903047032,0.9196503073162502,0.006965571180754812,0.009440852899271683,0.888550861107923,0.015934981658190156,0.01004105311810767,0.7875335778907978,0.00033097039315977317,0.00033097039315977317,3.8937693312914488
22470,0.0010030801914355596,0.001954476367455955,0.9197535846851552,0.006957639573516642,0.009442201272502171,0.8886777668237337,0.015921994265384848,0.010043260974884574,0.7877067431282019,0.0003311177530854899,0.0003311177530854899,3.8955029774763514
22480,0.001001791874079024,0.0019546953814065663,0.9198566500736781,0.006949719487220105,0.009443547687172583,0.8888044882044782,0.01590901650554009,0.010045467194058183,0.7878797799261321,0.0003312651130112066,0.0003312651130112066,3.8972366236612537
22490,0.0010005062067177247,0.0019549139448579874,0.9199595034625822,0.00694181092024887,0.009444892143557693,0.8889310252760181,0.015896048374587923,0.010047671776320051,0.7880526883388276,0.00033141247293692335,0.00033141247293692335,3.898970269846157
22500,0.0009992231895921205,0.0019551320577693397,0.9200621448326302,0.006933913870986609,0.009446234641932278,0.8890573780642144,0.01588308986846037,0.010049874722361735,0.7882254684205282,0.00033155983286264,0.00033155983286264,3.9007039160310586
22510,0.00099794282294267,0.0019553497200997466,0.9201645741645865,0.006926028337816996,0.00944757518257111,0.8891835465949279,0.015870140983089472,0.010052076032874788,0.7883981202254735,0.00033170719278835677,0.00033170719278835677,3.9024375622159617
22520,0.000996665107009832,0.001955566931808329,0.9202667914392135,0.006918154319123701,0.009448913765748973,0.8893095308940209,0.015857201714407257,0.010054275708550765,0.7885706438079031,0.0003318545527140735,0.0003318545527140735,3.9041712084008644
22530,0.0009953900420340649,0.0019557836928542093,0.9203687966372749,0.006910291813290392,0.009450250391740635,0.8894353309873538,0.015844272058345755,0.01005647375008122,0.7887430392220565,0.00033200191263979025,0.00033200191263979025,3.9059048545857675
22540,0.0009941176282558279,0.0019560000031965097,0.9204705897395338,0.006902440818700745,0.009451585060820875,0.8895609469007882,0.015831352010837005,0.010058670158157708,0.7889153065221731,0.00033214927256550696,0.00033214927256550696,3.9076385007706698
22550,0.0009928478659155787,0.001956215862794352,0.9205721707267537,0.0068946013337384295,0.009452917773264468,0.8896863786601852,0.01581844156781303,0.010060864933471783,0.7890874457624929,0.0003322966324912237,0.0003322966324912237,3.909372146955573
22560,0.0009915807552537768,0.0019564312716068583,0.920673539579698,0.006886773356787116,0.00945424852934619,0.8898116262914062,0.015805540725205867,0.010063058076715002,0.7892594569972551,0.00033244399241694043,0.00033244399241694043,3.9111057931404756
22570,0.00099031629651088,0.0019566462295931507,0.9207746962791297,0.00687895688623048,0.00945557732934082,0.8899366898203124,0.015792649478947547,0.010065249588578915,0.7894313402806992,0.00033259135234265714,0.00033259135234265714,3.912839439325378
22580,0.0009890544899273475,0.001956860736712351,0.9208756408058123,0.006871151920452187,0.00945690417352313,0.8900615692727651,0.0157797678249701,0.010067439469755081,0.7896030956670652,0.0003327387122683739,0.0003327387122683739,3.914573085510281
22590,0.0009877953356985316,0.00195707479293125,0.9209763731441174,0.0068633584576916346,0.009458229062192423,0.8901862646769338,0.01576689575918068,0.010069627720939283,0.7897747232109242,0.0003328860721940906,0.0003328860721940906,3.9163067316951836
22600,0.0009865379949623814,0.0019572885408563954,0.9210769604030095,0.006855573812559752,0.009459552451864844,0.8903108189990441,0.015754032814673056,0.010071814421505579,0.7899462291376925,0.0003330334321198073,0.0003330334321198073,3.918040377880086
22610,0.000985281653070596,0.0019575021189779987,0.9211774677543522,0.006847795377916015,0.009460874785754279,0.8904352739533439,0.01574117853857599,0.01007399964844208,0.7901176194856533,0.0003331807920455241,0.0003331807920455241,3.919774024064989
22620,0.000984026310142484,0.001957715527275778,0.9212778951886011,0.00684002315295333,0.009462196063997935,0.8905596295527467,0.01572833292776574,0.010076183402279823,0.7902888942964568,0.0003333281519712408,0.0003333281519712408,3.9215076702498917
22630,0.0009827719662973539,0.00195792876572945,0.9213782426962117,0.006832257136864605,0.009463516286733017,0.8906838858101663,0.015715495979118577,0.01007836568354984,0.7904600536117523,0.0003334755118969575,0.0003334755118969575,3.923241316434794
22640,0.0009815186216545143,0.0019581418343187326,0.9214785102676388,0.006824497328842747,0.009464835454096734,0.890808042738516,0.015702667689510764,0.010080546492783168,0.7906310974731896,0.0003336228718226743,0.0003336228718226743,3.924974962619697
22650,0.0009802662763332736,0.0019583547330233437,0.921578697893338,0.006816743728080663,0.009466153566226288,0.8909321003507094,0.015689848055818564,0.010082725830510843,0.7908020259224191,0.000333770231748391,0.000333770231748391,3.9267086088045997
22660,0.00097901493045294,0.0019585674618230004,0.9216788055637647,0.00680899633377126,0.009467470623258886,0.8910560586596598,0.015677037074918243,0.010084903697263897,0.79097283900109,0.0003339175916741077,0.0003339175916741077,3.928442254989502
22670,0.0009777645841328225,0.0019587800206974206,0.9217788332693744,0.006801255145107445,0.009468786625331736,0.891179917678281,0.015664234743686063,0.010087080093573368,0.7911435367508525,0.00033406495159982446,0.00033406495159982446,3.930175901174405
22680,0.0009765152374922293,0.0019589924096263213,0.9218787810006216,0.006793520161282126,0.009470101572582039,0.891303677419486,0.01565144105899829,0.01008925501997029,0.791314119213356,0.00033421231152554117,0.00033421231152554117,3.9319095473593078
22690,0.0009752668906504689,0.0019592046285894205,0.9219786487479625,0.006785791381488208,0.009471415465147005,0.8914273378961886,0.01563865601773119,0.010091428476985697,0.7914845864302508,0.00033435967145125793,0.00033435967145125793,3.933643193544211
22700,0.0009740195437268498,0.001959416677566436,0.9220784365018521,0.006778068804918601,0.00947272830316384,0.8915508991213024,0.015625879616761026,0.010093600465150624,0.7916549384431862,0.00033450703137697464,0.00033450703137697464,3.935376839729113
22710,0.0009727731968406806,0.0019596285565370844,0.9221781442527454,0.006770352430766211,0.009474040086769745,0.8916743611077407,0.015613111852964063,0.010095770984996108,0.7918251752938124,0.00033465439130269135,0.00033465439130269135,3.937110485914016
22720,0.0009715278501112696,0.001959840265481084,0.9222777719910983,0.006762642258223945,0.00947535081610193,0.8917977238684169,0.015600352723216564,0.010097940037053183,0.7919952970237791,0.0003348017512284081,0.0003348017512284081,3.938844132098919
22730,0.0009702835036579254,0.001960051804378153,0.9223773197073659,0.00675493828648471,0.0094766604912976,0.8919209874162446,0.015587602224394797,0.010100107621852884,0.792165303674736,0.0003349491111541248,0.0003349491111541248,3.940577778283821
22740,0.0009690401575999566,0.0019602631732080077,0.9224767873920034,0.006747240514741414,0.00947796911249396,0.8920441517641373,0.015574860353375023,0.010102273739926245,0.792335195288333,0.00033509647107984154,0.00033509647107984154,3.942311424468724
22750,0.0009677978120566715,0.001960474371950366,0.9225761750354663,0.006739548942186964,0.009479276679828216,0.8921672169250086,0.015562127107033507,0.010104438391804303,0.7925049719062199,0.0003352438310055583,0.0003352438310055583,3.944045070653627
22760,0.0009665564671473786,0.001960685400584946,0.9226754826282099,0.006731863568014265,0.009480583193437576,0.8922901829117718,0.015549402482246517,0.01010660157801809,0.7926746335700463,0.000335391190931275,0.000335391190931275,3.945778716838529
22770,0.0009653161229913865,0.0019608962590914646,0.922774710160689,0.006724184391416228,0.009481888653459242,0.8924130497373404,0.015536686475890314,0.010108763299098645,0.7928441803214624,0.0003355385508569917,0.0003355385508569917,3.947512363023432
22780,0.0009640767797080038,0.00196110694744964,0.9228738576233597,0.0067165114115857565,0.009483193060030422,0.892535817414628,0.015523979084841164,0.010110923555577,0.7930136122021177,0.0003356859107827085,0.0003356859107827085,3.949246009208335
22790,0.0009628384374165387,0.001961317465639189,0.9229729250066769,0.006708844627715761,0.009484496413288322,0.892658485956548,0.015511280305975332,0.010113082347984192,0.7931829292536622,0.0003358332707084252,0.0003358332707084252,3.9509796553932373
22800,0.0009616010962362997,0.0019615278136398294,0.923071912301096,0.006701184038999145,0.009485798713370146,0.8927810553760137,0.01549859013616908,0.010115239676851255,0.7933521315177455,0.0003359806306341419,0.0003359806306341419,3.95271330157814
22810,0.0009603647562865956,0.001961737991431279,0.9231708194970724,0.006693529644628819,0.009487099960413102,0.892903525685939,0.015485908572298677,0.010117395542709224,0.7935212190360176,0.00033612799055985867,0.00033612799055985867,3.954446947763043
22820,0.0009591294176867347,0.001961947998993255,0.9232696465850612,0.006685881443797688,0.009488400154554395,0.8930258968992371,0.015473235611240383,0.010119549946089133,0.7936901918501281,0.0003362753504855754,0.0003362753504855754,3.9561805939479453
22830,0.0009578950805560253,0.001962157836305476,0.9233683935555178,0.00667823943569866,0.009489699295931228,0.8931481690288214,0.015460571249870464,0.01012170288752202,0.793859050001727,0.0003364227104112921,0.0003364227104112921,3.957914240132848
22840,0.0009566617450137763,0.0019623675033476583,0.9234670603988978,0.006670603619524643,0.00949099738468081,0.8932703420876056,0.015447915485065185,0.010123854367538918,0.7940277935324641,0.00033657007033700885,0.00033657007033700885,3.959647886317751
22850,0.0009554294111792958,0.00196257700009952,0.9235656471056564,0.006662973994468543,0.009492294420940349,0.8933924160885034,0.015435268313700812,0.010126004386670861,0.7941964224839891,0.00033671743026272556,0.00033671743026272556,3.9613815325026533
22860,0.0009541980791718926,0.0019627863265407786,0.9236641536662487,0.006655350559723267,0.009493590404847046,0.8935143910444279,0.015422629732653606,0.010128152945448885,0.7943649368979518,0.00033686479018844227,0.00033686479018844227,3.963115178687556
22870,0.000952967749110875,0.0019629954826511516,0.92376258007113,0.006647733314481723,0.009494885336538108,0.8936362669682925,0.015409999738799836,0.010130300044404026,0.794533336816002,0.00033701215011415904,0.00033701215011415904,3.964848824872459
22880,0.0009517384211155515,0.0019632044684103566,0.923860926310756,0.006640122257936818,0.009496179216150742,0.893758043873011,0.015397378329015762,0.010132445684067319,0.7947016222797898,0.00033715951003987575,0.00033715951003987575,3.9665824710573614
22890,0.0009505100953052307,0.001963413283798111,0.9239591923755814,0.006632517389281459,0.009497472043822152,0.8938797217714967,0.015384765500177653,0.010134589864969798,0.7948697933309646,0.0003373068699655925,0.0003373068699655925,3.9683161172422645
22900,0.000949282771799221,0.0019636219287941328,0.9240573782560624,0.006624918707708553,0.009498763819689547,0.8940013006766633,0.01537216124916177,0.010136732587642498,0.7950378500111763,0.0003374542298913092,0.0003374542298913092,3.970049763427167
22910,0.0009480564507168309,0.001963830403378139,0.9241554839426533,0.006617326212411007,0.00950005454389013,0.8941227806014239,0.015359565572844378,0.010138873852616455,0.7952057923620749,0.00033760158981702593,0.00033760158981702593,3.9717834096120694
22920,0.0009468311321773689,0.0019640387075298476,0.9242535094258104,0.006609739902581728,0.009501344216561108,0.8942441615586924,0.015346978468101744,0.010141013660422702,0.79537362042531,0.0003377489497427427,0.0003377489497427427,3.9735170557969726
22930,0.0009456068163001435,0.001964246841228976,0.9243514546959886,0.006602159777413625,0.009502632837839685,0.8943654435613821,0.01533439993181013,0.010143152011592277,0.7955413342425315,0.0003378963096684594,0.0003378963096684594,3.9752507019818752
22940,0.0009443835032044632,0.0019644548044552416,0.924449319743643,0.006594585836099603,0.009503920407863069,0.8944866266224065,0.0153218299608458,0.010145288906656212,0.7957089338553892,0.0003380436695941761,0.0003380436695941761,3.9769843481667775
22950,0.0009431611930096365,0.001964662597188362,0.9245471045592291,0.00658701807783257,0.009505206926768464,0.8946077107546789,0.015309268552085023,0.010147424346145545,0.7958764193055329,0.0003381910295198929,0.0003381910295198929,3.9787179943516806
22960,0.0009419398858349717,0.001964870219408055,0.9246448091332024,0.006579456501805433,0.009506492394693077,0.894728695971113,0.01529671570240406,0.010149558330591309,0.7960437906346125,0.0003383383894456096,0.0003383383894456096,3.9804516405365833
22970,0.0009407195817997775,0.001965077671094038,0.9247424334560177,0.0065719011072111,0.009507776811774114,0.8948495822846225,0.015284171408679175,0.010151690860524538,0.7962110478842774,0.0003384857493713263,0.0003384857493713263,3.9821852867214855
22980,0.0009395002810233625,0.001965284952226029,0.924839977518131,0.006564351893242478,0.00950906017814878,0.8949703697081204,0.015271635667786634,0.01015382193647627,0.7963781910961781,0.00033863310929704306,0.00033863310929704306,3.9839189329063887
22990,0.000938281983625035,0.0019654920627837445,0.9249374413099973,0.006556808859092472,0.00951034249395428,0.8950910582545205,0.0152591084766027,0.01015595155897754,0.796545220311964,0.0003387804692227598,0.0003387804692227598,3.9856525790912913
23000,0.0009370646897241034,0.0019656990027469025,0.9250348248220717,0.006549272003953993,0.009511623759327821,0.8952116479367361,0.01524658983200364,0.01015807972855938,0.7967121355732847,0.0003389278291484765,0.0003389278291484765,3.9873862252761936
23010,0.0009358483994398763,0.001965905772095221,0.9251321280448098,0.006541741327019944,0.00951290397440661,0.8953321387676809,0.015234079730865716,0.010160206445752827,0.7968789369217905,0.00033907518907419325,0.00033907518907419325,3.9891198714610967
23020,0.0009346331128916622,0.0019661123708084177,0.9252293509686671,0.006534216827483235,0.00951418313932785,0.8954525307602683,0.015221578170065196,0.010162331711088915,0.7970456243991306,0.00033922254899990996,0.00033922254899990996,3.9908535176459994
23030,0.0009334188301987696,0.001966318798866209,0.9253264935840984,0.006526698504536773,0.00951546125422875,0.8955728239274118,0.01520908514647834,0.010164455525098681,0.7972121980469554,0.00033936990892562667,0.00033936990892562667,3.9925871638309016
23040,0.0009322055514805071,0.001966525056248314,0.9254235558815593,0.006519186357373463,0.009516738319246511,0.8956930182820245,0.015196600656981418,0.010166577888313157,0.7973786579069143,0.00033951726885134343,0.00033951726885134343,3.9943208100158047
23050,0.000930993276856183,0.001966731142934449,0.9255205378515053,0.006511680385186215,0.009518014334518344,0.8958131138370204,0.01518412469845069,0.01016869880126338,0.7975450040206573,0.00033966462877706014,0.00033966462877706014,3.9960544562007074
23060,0.0009297820064451058,0.001966937058904332,0.9256174394843915,0.006504180587167934,0.009519289300181451,0.895933110605313,0.015171657267762421,0.010170818264480387,0.7977112364298342,0.00033981198870277685,0.00033981198870277685,3.9977881023856097
23070,0.0009285717403665841,0.0019671428041376808,0.9257142607706732,0.006496686962511529,0.00952056321637304,0.8960530085998155,0.015159198361792877,0.01017293627849521,0.7978773551760948,0.0003399593486284936,0.0003399593486284936,3.999521748570513
23080,0.0009273624787399263,0.0019673483786142127,0.9258110017008059,0.0064891995104099055,0.009521836083230317,0.8961728078334416,0.015146747977418324,0.010175052843838883,0.7980433603010889,0.0003401067085542103,0.0003401067085542103,4.0012553947554155
23090,0.000926154221684441,0.001967553782313645,0.9259076622652446,0.006481718230055971,0.009523107900890485,0.8962925083191043,0.015134306111515023,0.010177167961042444,0.7982092518464663,0.00034025406847992704,0.00034025406847992704,4.002989040940318
23100,0.0009249469693194365,0.001967759015215696,0.9260042424544449,0.006474243120642634,0.009524378669490753,0.8964121100697179,0.01512187276095924,0.010179281630636928,0.7983750298538766,0.0003404014284056438,0.0003404014284056438,4.004722687125221
23110,0.0009237407217642216,0.0019679640773000826,0.9261007422588623,0.0064667741813627996,0.009525648389168325,0.8965316130981953,0.01510944792262724,0.010181393853153368,0.7985406943649701,0.0003405487883313605,0.0003405487883313605,4.0064563333101235
23120,0.0009225354791381045,0.0019681689685465227,0.9261971616689517,0.006459311411409377,0.009526917060060407,0.8966510174174501,0.015097031593395286,0.0101835046291228,0.7987062454213961,0.0003406961482570773,0.0003406961482570773,4.008189979495026
23130,0.0009213312415603937,0.0019683736889347333,0.9262935006751685,0.0064518548099752725,0.009528184682304205,0.8967703230403957,0.015084623770139647,0.010185613959076259,0.7988716830648047,0.000340843508182794,0.000340843508182794,4.009923625679929
23140,0.0009201280091503978,0.0019685782384444325,0.926389759267968,0.006444404376253393,0.009529451256036924,0.8968895299799456,0.015072224449736582,0.01018772184354478,0.7990370073368455,0.0003409908681085107,0.0003409908681085107,4.011657271864832
23150,0.0009189257820274254,0.001968782617055338,0.9264859374378059,0.006436960109436646,0.00953071678139577,0.8970086382490138,0.01505983362906236,0.010189828283059397,0.7992022182791684,0.00034113822803422746,0.00034113822803422746,4.013390918049734
23160,0.0009177245603107847,0.0019689868247471667,0.926582035175137,0.006429522008717938,0.009531981258517952,0.8971276478605131,0.01504745130499324,0.010191933278151148,0.7993673159334235,0.00034128558795994417,0.00034128558795994417,4.015124564234637
23170,0.0009165243441197844,0.001969190861499637,0.9266780524704171,0.006422090073290177,0.00953324468754067,0.8972465588273572,0.015035077474405493,0.010194036829351065,0.7995323003412601,0.0003414329478856609,0.0003414329478856609,4.01685821041954
23180,0.000915325133573733,0.0019693947272924656,0.9267739893141012,0.00641466430234627,0.009534507068601135,0.8973653711624597,0.01502271213417538,0.010196138937190184,0.7996971715443281,0.00034158030781137764,0.00034158030781137764,4.018591856604442
23190,0.0009141269287919388,0.0019695984221053705,0.9268698456966449,0.006407244695079124,0.00953576840183655,0.8974840848787341,0.015010355281179166,0.01019823960219954,0.7998619295842776,0.00034172766773709435,0.00034172766773709435,4.020325502789345
23200,0.0009129297298937104,0.0019698019459180693,0.926965621608503,0.006399831250681646,0.009537028687384121,0.8976026999890937,0.014998006912293116,0.01020033882491017,0.8000265745027584,0.00034187502766281106,0.00034187502766281106,4.022059148974248
23210,0.0009117335369983564,0.0019700052987102795,0.9270613170401314,0.0063924239683467434,0.009538287925381054,0.8977212165064521,0.014985667024393494,0.010202436605853104,0.80019110634142,0.00034202238758852783,0.00034202238758852783,4.02379279515915
23220,0.0009105383502251852,0.001970208480461719,0.9271569319819852,0.006385022847267324,0.009539546115964555,0.8978396344437227,0.014973335614356565,0.010204532945559383,0.8003555251419124,0.00034216974751424454,0.00034216974751424454,4.025526441344053
23230,0.0009093441696935053,0.0019704114911521043,0.9272524664245195,0.006377627886636294,0.00954080325927183,0.8979579538138193,0.014961012679058593,0.010206627844560038,0.8005198309458854,0.00034231710743996125,0.00034231710743996125,4.027260087528956
23240,0.0009081509955226251,0.001970614330761154,0.9273479203581899,0.006370239085646561,0.009542059355440086,0.898076174629655,0.014948698215375842,0.010208721303386105,0.8006840237949887,0.000342464467365678,0.000342464467365678,4.028993733713858
23250,0.0009069588278318532,0.001970816999268585,0.9274432937734518,0.006362856443491031,0.009543314404606526,0.8981942969041435,0.014936392220184579,0.01021081332256862,0.8008481037308722,0.0003426118272913947,0.0003426118272913947,4.030727379898761
23260,0.0009057676667404981,0.0019710194966541155,0.9275385866607601,0.0063554799593626135,0.009544568406908356,0.8983123206501981,0.014924094690361066,0.010212903902638617,0.8010120707951857,0.00034275918721711143,0.00034275918721711143,4.032461026083664
23270,0.0009045775123678681,0.001971221822897463,0.9276337990105705,0.006348109632454214,0.009545821362482785,0.8984302458807326,0.01491180562278157,0.010214993044127131,0.8011759250295789,0.0003429065471428282,0.0003429065471428282,4.034194672268566
23280,0.000903388364833272,0.001971423977978344,0.9277289308133383,0.00634074546195874,0.009547073271467015,0.8985480726086602,0.014899525014322353,0.010217080747565199,0.8013396664757019,0.0003430539070685449,0.0003430539070685449,4.035928318453469
23290,0.0009022002242560181,0.001971625961876477,0.9278239820595184,0.0063333874470691,0.009548324133998254,0.8986658008468945,0.01488725286185968,0.010219167013483852,0.8015032951752041,0.0003432012669942616,0.0003432012669942616,4.037661964638372
23300,0.0009010130907554149,0.00197182777457158,0.9279189527395669,0.0063260355869781985,0.009549573950213707,0.8987834306083489,0.014874989162269817,0.01022125184241413,0.8016668111697357,0.0003433486269199784,0.0003433486269199784,4.0393956108232745
23310,0.0008998269644507708,0.001972029416043369,0.9280138428439383,0.006318689880878944,0.00955082272025058,0.8989009619059369,0.014862733912429028,0.010223335234887065,0.8018302145009463,0.0003434959868456951,0.0003434959868456951,4.041129257008177
23320,0.0008986418454613945,0.0019722308862715632,0.9281086523630885,0.006311350327964245,0.009552070444246078,0.8990183947525722,0.014850487109213576,0.01022541719143369,0.8019935052104856,0.00034364334677141185,0.00034364334677141185,4.042862903193081
23330,0.0008974577339065943,0.0019724321852358792,0.9282033812874725,0.006304016927427006,0.00955331712233741,0.8991357291611679,0.014838248749499728,0.010227497712585045,0.8021566833400036,0.00034379070669712856,0.00034379070669712856,4.0445965493779825
23340,0.0008962746299056789,0.0019726333129160348,0.9282980296075457,0.0062966896784601364,0.009554562754661778,0.8992529651446378,0.014826018830163747,0.010229576798872162,0.80231974893115,0.0003439380666228453,0.0003439380666228453,4.046330195562885
23350,0.0008950925335779566,0.0019728342692917475,0.9283925973137633,0.0062893685802565425,0.009555807341356389,0.8993701027158953,0.014813797348081897,0.010231654450826076,0.8024827020255746,0.00034408542654856204,0.00034408542654856204,4.048063841747789
23360,0.0008939114450427359,0.0019730350543427353,0.9284870843965811,0.006282053632009131,0.00955705088255845,0.8994871418878541,0.014801584300130444,0.010233730668977823,0.8026455426649273,0.00034423278647427875,0.00034423278647427875,4.049797487932691
23370,0.0008927313644193254,0.0019732356680487147,0.9285814908464538,0.00627474483291081,0.009558293378405164,0.8996040826734272,0.014789379683185652,0.010235805453858438,0.8028082708908578,0.00034438014639999546,0.00034438014639999546,4.051531134117593
23380,0.0008915522918270334,0.0019734361103894045,0.9286758166538374,0.006267442182154487,0.009559534829033737,0.8997209250855283,0.014777183494123786,0.010237878805998954,0.8029708867450159,0.0003445275063257122,0.0003445275063257122,4.053264780302497
23390,0.0008903742273851686,0.0019736363813445215,0.9287700618091864,0.006260145678933068,0.00956077523458138,0.8998376691370709,0.014764995729821111,0.010239950725930409,0.8031333902690517,0.00034467486625142893,0.00034467486625142893,4.054998426487399
23400,0.0008891971712130395,0.0019738364808937836,0.9288642263029567,0.0062528553224394596,0.009562014595185292,0.8999543148409687,0.014752816387153889,0.010242021214183838,0.8032957815046148,0.00034482222617714564,0.00034482222617714564,4.056732072672301
23410,0.0008880211234299544,0.0019740364090169078,0.9289583101256036,0.006245571111866571,0.009563252910982683,0.9000708622101349,0.014740645462998388,0.010244090271290272,0.8034580604933547,0.0003449695861028624,0.0003449695861028624,4.058465718857205
23420,0.000886846084155222,0.0019742361656936123,0.9290523132675821,0.0062382930464073075,0.009564490182110759,0.9001873112574832,0.014728482954230869,0.010246157897780751,0.8036202272769217,0.0003451169460285791,0.0003451169460285791,4.060199365042107
23430,0.0008856720535081506,0.0019744357509036145,0.929146235719348,0.006231021125254578,0.009565726408706723,0.9003036619959268,0.014716328857727598,0.010248224094186307,0.8037822818969652,0.0003452643059542958,0.0003452643059542958,4.061933011227009
23440,0.0008844990316080488,0.001974635164626632,0.9292400774713562,0.006223755347601289,0.009566961590907782,0.9004199144383794,0.014704183170364841,0.010250288861037975,0.8039442243951354,0.0003454116658800126,0.0003454116658800126,4.063666657411913
23450,0.000883327018574225,0.001974834406842382,0.9293338385140618,0.006216495712640347,0.009568195728851142,0.9005360685977546,0.014692045889018861,0.010252352198866792,0.8041060548130817,0.0003455590258057293,0.0003455590258057293,4.065400303596815
23460,0.0008821560145259878,0.001975033477530582,0.9294275188379209,0.006209242219564659,0.009569428822674008,0.9006521244869654,0.014679917010565924,0.010254414108203791,0.8042677731924542,0.000345706385731446,0.000345706385731446,4.067133949781717
23470,0.0008809860195826457,0.0019752323766709504,0.9295211184333882,0.006201994867567133,0.009570660872513587,0.9007680821189258,0.014667796531882292,0.01025647458958001,0.8044293795749028,0.0003458537456571628,0.0003458537456571628,4.068867595966621
23480,0.000879817033863507,0.001975431104243204,0.9296146372909194,0.006194753655840677,0.009571891878507086,0.9008839415065492,0.014655684449844232,0.010258533643526479,0.8045908740020767,0.0003460011055828795,0.0003460011055828795,4.070601242151523
23490,0.0008786490574878804,0.0019756296602270605,0.9297080754009694,0.0061875185835781965,0.009573121840791707,0.9009997026627489,0.014643580761328007,0.010260591270574238,0.8047522565156265,0.0003461484655085962,0.0003461484655085962,4.072334888336425
23500,0.0008774820905750743,0.0019758280446022375,0.9298014327539939,0.0061802896499725994,0.00957435075950466,0.9011153656004385,0.014631485463209882,0.010262647471254318,0.8049135271572014,0.00034629582543431296,0.00034629582543431296,4.074068534521329
23510,0.0008763161332443971,0.0019760262573484525,0.929894709340448,0.006173066854216792,0.009575578634783146,0.9012309303325312,0.014619398552366122,0.010264702246097757,0.8050746859684516,0.00034644318536002967,0.00034644318536002967,4.075802180706231
23520,0.0008751511856151575,0.0019762242984454233,0.9299879051507873,0.006165850195503683,0.009576805466764374,0.9013463968719411,0.014607320025672992,0.01026675559563559,0.8052357329910268,0.0003465905452857464,0.0003465905452857464,4.0775358268911335
23530,0.0008739872478066639,0.0019764221678728673,0.9300810201754668,0.006158639673026179,0.00957803125558555,0.9014617652315811,0.014595249880006754,0.01026880752039885,0.8053966682665765,0.00034673790521146314,0.00034673790521146314,4.079269473076037
23540,0.0008728243199382247,0.001976619865610502,0.9301740544049418,0.006151435285977187,0.009579256001383879,0.901577035424365,0.014583188112243675,0.010270858020918573,0.8055574918367508,0.00034688526513717985,0.00034688526513717985,4.081003119260939
23550,0.0008716624021291485,0.001976817391638045,0.930267007829668,0.006144237033549614,0.009580479704296567,0.9016922074632063,0.014571134719260019,0.010272907097725796,0.8057182037431997,0.00034703262506289656,0.00034703262506289656,4.0827367654458415
23560,0.0008705014944987437,0.001977014745935214,0.9303598804401003,0.006137044914936367,0.009581702364460818,0.9018072813610182,0.014559089697932051,0.01027495475135155,0.8058788040275725,0.00034717998498861333,0.00034717998498861333,4.084470411630745
23570,0.0008693415971663188,0.001977211928481726,0.9304526722266944,0.006129858929330353,0.00958292398201384,0.9019222571307143,0.014547053045136035,0.010277000982326872,0.8060392927315194,0.00034732734491433004,0.00034732734491433004,4.086204057815647
23580,0.0008681827102511824,0.001977408939257299,0.9305453831799053,0.006122679075924481,0.009584144557092838,0.9020371347852082,0.014535024757748235,0.010279045791182799,0.8061996698966901,0.0003474747048400468,0.0003474747048400468,4.0879377040005505
23590,0.000867024833872643,0.0019776057782416507,0.9306380132901885,0.006115505353911656,0.009585364089835019,0.9021519143374134,0.014523004832644916,0.010281089178450362,0.8063599355647343,0.0003476220647657635,0.0003476220647657635,4.089671350185453
23600,0.0008658679681500089,0.0019778024454144985,0.9307305625479992,0.006108337762484786,0.009586582580377588,0.9022665958002436,0.014510993266702342,0.0102831311446606,0.806520089777302,0.0003477694246914802,0.0003477694246914802,4.091404996370355
23610,0.0008647121132025887,0.00197799894075556,0.9308230309437928,0.006101176300836778,0.009587800028857748,0.9023811791866115,0.014498990056796779,0.010285171690344546,0.806680132576043,0.000347916784617197,0.000347916784617197,4.0931386425552585
23620,0.0008635572691496909,0.0019781952642445528,0.9309154184680247,0.00609402096816054,0.009589016435412708,0.9024956645094313,0.014486995199804491,0.010287210816033236,0.8068400640026068,0.0003480641445429137,0.0003480641445429137,4.094872288740161
23630,0.0008624034361106239,0.0019783914158611944,0.9310077251111502,0.006086871763648978,0.009590231800179674,0.9026100517816162,0.01447500869260174,0.010289248522257703,0.8069998840986434,0.0003482115044686304,0.0003482115044686304,4.096605934925063
23640,0.0008612506142046964,0.0019785873955852017,0.9310999508636241,0.006079728686495,0.009591446123295851,0.90272434101608,0.014463030532064797,0.010291284809548983,0.8071595929058026,0.00034835886439434717,0.00034835886439434717,4.0983395811099665
23650,0.0008600988035512167,0.0019787832033962933,0.9311920957159027,0.006072591735891512,0.009592659404898443,0.9028385322257358,0.014451060715069918,0.010293319678438112,0.8073191904657343,0.0003485062243200639,0.0003485062243200639,4.100073227294869
23660,0.0008589480042694934,0.0019789788392741863,0.9312841596584405,0.006065460911031423,0.009593871645124659,0.9029526254234972,0.014439099238493375,0.010295353129456125,0.8074786768200883,0.0003486535842457806,0.0003486535842457806,4.101806873479771
23670,0.0008577982164788348,0.0019791743031985984,0.9313761426816932,0.006058336211107639,0.009595082844111702,0.9030666206222777,0.014427146099211427,0.010297385163134056,0.8076380520105142,0.00034880094417149735,0.00034880094417149735,4.103540519664675
23680,0.0008566494402985496,0.0019793695951492466,0.931468044776116,0.006051217635313067,0.00959629300199678,0.9031805178349911,0.014415201294100344,0.01029941578000294,0.807797316078662,0.00034894830409721406,0.00034894830409721406,4.105274165849577
23690,0.0008555016758479462,0.001979564715105849,0.9315598659321641,0.006044105182840615,0.009597502118917096,0.9032943170745502,0.014403264820036385,0.010301444980593813,0.8079564690661815,0.0003490956640229308,0.0003490956640229308,4.107007812034479
23700,0.0008543549232463332,0.0019797596630481236,0.9316516061402933,0.0060369988528831894,0.009598710195009859,0.903408018353869,0.014391336673895819,0.010303472765437709,0.8081155110147222,0.00034924302394864754,0.00034924302394864754,4.108741458219383
23710,0.0008532091826130188,0.001979954438955787,0.9317432653909584,0.006029898644633698,0.009599917230412272,0.9035216216858608,0.014379416852554906,0.010305499135065664,0.8082744419659346,0.00034939038387436425,0.00034939038387436425,4.110475104404285
23720,0.0008520644540673119,0.001980149042808557,0.9318348436746149,0.006022804557285047,0.009601123225261543,0.9036351270834394,0.014367505352889914,0.010307524090008712,0.8084332619614677,0.00034953774380008096,0.00034953774380008096,4.112208750589187
23730,0.0008509207377285207,0.001980343474586152,0.9319263409817184,0.0060157165900301445,0.009602328179694876,0.9037485345595178,0.014355602171777108,0.01030954763079789,0.8085919710429719,0.0003496851037257977,0.0003496851037257977,4.113942396774091
23740,0.0008497780337159537,0.001980537734268288,0.9320177573027236,0.006008634742061897,0.009603532093849478,0.9038618441270097,0.01434370730609275,0.010311569757964231,0.8087505692520965,0.00034983246365151443,0.00034983246365151443,4.115676042958993
23750,0.0008486363421489195,0.001980731821834684,0.9321090926280865,0.0060015590125732125,0.009604734967862554,0.9039750557988285,0.014331820752713107,0.01031359047203877,0.8089090566304917,0.0003499798235772312,0.0003499798235772312,4.117409689143896
23760,0.0008474956631467265,0.001980925737265057,0.9322003469482619,0.0059944894007569974,0.009605936801871311,0.9040881695878881,0.014319942508514443,0.010315609773552543,0.8090674332198073,0.0003501271835029479,0.0003501271835029479,4.119143335328799
23770,0.0008463559968286833,0.001981119480539124,0.9322915202537053,0.0059874259058061595,0.009607137596012954,0.9042011855071015,0.01430807257037302,0.010317627663036585,0.8092256990616931,0.0003502745434286646,0.0003502745434286646,4.120876981513701
23780,0.0008452173433140983,0.0019813130516366036,0.9323826125348722,0.005980368526913605,0.009608337350424687,0.9043141035693824,0.014296210935165105,0.010319644141021931,0.8093838541977986,0.0003504219033543814,0.0003504219033543814,4.122610627698604
23790,0.00084407970272228,0.0019815064505372126,0.9324736237822175,0.005973317263272242,0.00960953606524372,0.9044269237876442,0.014284357599766963,0.010321659208039615,0.8095418986697738,0.0003505692632800981,0.0003505692632800981,4.124344273883507
23800,0.0008429430751725369,0.001981699677220669,0.932564553986197,0.0059662721140749785,0.009610733740607254,0.9045396461748004,0.014272512561054856,0.010323672864620673,0.8096998325192685,0.0003507166232058148,0.0003507166232058148,4.1260779200684095
23810,0.0008418074607841775,0.00198189273166669,0.9326554031372659,0.0059592330785147194,0.009611930376652499,0.9046522707437646,0.01426067581590505,0.01032568511129614,0.8098576557879326,0.00035086398313153157,0.00035086398313153157,4.127811566253312
23820,0.0008406728596765103,0.0019820856138549935,0.9327461712258792,0.005952200155784373,0.009613125973516658,0.9047647975074501,0.014248847361193811,0.010327695948597051,0.8100153685174158,0.0003510113430572483,0.0003510113430572483,4.129545212438215
23830,0.0008395392719688438,0.0019822783237652968,0.9328368582424924,0.005945173345076847,0.009614320531336937,0.9048772264787706,0.014237027193797401,0.01032970537705444,0.8101729707493679,0.000351158702982965,0.000351158702982965,4.1312788586231175
23840,0.0008384066977804864,0.0019824708613773176,0.9329274641775611,0.005938152645585048,0.009615514050250542,0.9049895576706393,0.014225215310592088,0.010331713397199344,0.8103304625254388,0.00035130606290868175,0.00035130606290868175,4.13301250480802
23850,0.0008372751372307467,0.0019826632266707733,0.9330179890215402,0.005931138056501883,0.00961670653039468,0.9051017910959699,0.014213411708454133,0.010333720009562796,0.8104878438872781,0.00035145342283439846,0.00035145342283439846,4.134746150992923
23860,0.000836144590438933,0.0019828554196253817,0.9331084327648853,0.005924129577020259,0.009617897971906557,0.905213926767676,0.014201616384259801,0.010335725214675833,0.810645114876536,0.00035160078276011517,0.00035160078276011517,4.1364797971778255
23870,0.0008350150575243541,0.00198304744022086,0.9331987953980516,0.005917127206333084,0.009619088374923377,0.9053259646986708,0.014189829334885358,0.010337729013069487,0.8108022755348617,0.00035174814268583193,0.00035174814268583193,4.138213443362728
23880,0.0008338865386063182,0.001983239288436926,0.9332890769114947,0.005910130943633265,0.009620277739582345,0.9054379049018678,0.014178050557207068,0.010339731405274798,0.8109593259039057,0.00035189550261154864,0.00035189550261154864,4.139947089547631
23890,0.000832759033804134,0.0019834309642532974,0.9333792772956693,0.005903140788113707,0.00962146606602067,0.9055497473901806,0.014166280048101195,0.010341732391822796,0.8111162660253174,0.00035204286253726535,0.00035204286253726535,4.141680735732534
23900,0.0008316325432371099,0.0019836224676496915,0.9334693965410311,0.005896156738967322,0.009622653354375557,0.905661492176523,0.014154517804444005,0.010343731973244518,0.8112730959407465,0.0003521902224629821,0.0003521902224629821,4.143414381917436
23910,0.0008305070670245544,0.001983813798605826,0.9335594346380357,0.0058891787953870125,0.00962383960478421,0.9057731392738078,0.01414276382311176,0.010345730150071,0.8114298156918431,0.00035233758238869883,0.00035233758238869883,4.145148028102339
23920,0.000829382605285776,0.0019840049571014182,0.9336493915771379,0.005882206956565688,0.009625024817383834,0.905884688694949,0.014131018100980728,0.010347726922833275,0.8115864253202569,0.00035248494231441554,0.00035248494231441554,4.146881674287242
23930,0.0008282591581400831,0.001984195943116186,0.9337392673487932,0.005875241221696255,0.009626208992311638,0.90599614045286,0.014119280634927171,0.01034972229206238,0.8117429248676377,0.0003526323022401323,0.0003526323022401323,4.148615320472144
23940,0.0008271367257067843,0.0019843867566298468,0.9338290619434572,0.0058682815899716205,0.009627392129704825,0.9061074945604541,0.014107551421827354,0.010351716258289349,0.8118993143756352,0.000352779662165849,0.000352779662165849,4.150348966657047
23950,0.000826015308105188,0.0019845773976221183,0.9339187753515849,0.005861328060584692,0.009628574229700603,0.906218751030645,0.014095830458557541,0.010353708822045216,0.8120555938858993,0.0003529270220915657,0.0003529270220915657,4.15208261284195
23960,0.0008248949054546027,0.0019847678660727176,0.9340084075636316,0.005854380632728377,0.009629755292436176,0.9063299098763459,0.014084117741993998,0.010355699983861018,0.81221176344008,0.0003530743820172825,0.0003530743820172825,4.153816259026852
23970,0.0008237755178743371,0.001984958161961363,0.9340979585700531,0.005847439305595581,0.009630935318048752,0.9064409711104707,0.01407241326901299,0.01035768974426779,0.8123678230798267,0.0003532217419429992,0.0003532217419429992,4.155549905211755
23980,0.0008226571454836994,0.001985148285267771,0.934187428361304,0.0058405040783792135,0.009632114306675535,0.9065519347459327,0.01406071703649078,0.010359678103796566,0.8125237728467894,0.0003533691018687159,0.0003533691018687159,4.157283551396658
23990,0.0008215397884019982,0.0019853382359716607,0.9342768169278403,0.005833574950272181,0.00963329225845373,0.9066628007956452,0.014049029041303632,0.01036166506297838,0.8126796127826181,0.00035351646179443267,0.00035351646179443267,4.15901719758156
24000,0.000820423446748542,0.001985528014052748,0.9343661242601167,0.0058266519204673885,0.009634469173520545,0.9067735692725217,0.01403734928032781,0.01036365062234427,0.8128353429289623,0.0003536638217201494,0.0003536638217201494,4.160750843766463
24010,0.0008193081206426394,0.0019857176194907514,0.9344553503485887,0.005819734988157747,0.009635645052013184,0.9068842401894761,0.014025677750439582,0.010365634782425269,0.8129909633274721,0.0003538111816458661,0.0003538111816458661,4.162484489951366
24020,0.0008181938102035986,0.0019859070522653885,0.9345444951837121,0.00581282415253616,0.009636819894068853,0.9069948135594215,0.014014014448515211,0.010367617543752412,0.8131464740197971,0.00035395854157158286,0.00035395854157158286,4.1642181361362685
24030,0.0008170805155507284,0.0019860963123563766,0.9346335587559417,0.005805919412795537,0.00963799369982476,0.9071052893952714,0.014002359371430961,0.010369598906856735,0.8133018750475871,0.00035410590149729957,0.00035410590149729957,4.165951782321171
24040,0.0008159682368033372,0.0019862853997434328,0.9347225410557329,0.005799020768128785,0.009639166469418108,0.9072156677099396,0.013990712516063097,0.010371578872269272,0.8134571664524919,0.00035425326142301633,0.00035425326142301633,4.167685428506074
24050,0.0008148569740807333,0.0019864743144062755,0.9348114420735413,0.0057921282177288095,0.009640338202986104,0.9073259485163391,0.013979073879287882,0.010373557440521059,0.8136123482761615,0.00035440062134873304,0.00035440062134873304,4.1694190746909765
24060,0.0008137467275022254,0.001986663056324622,0.934900261799822,0.005785241760788519,0.009641508900665953,0.9074361318273837,0.013967443457981583,0.01037553461214313,0.8137674205602455,0.00035454798127444975,0.00035454798127444975,4.171152720875879
24070,0.0008126374971871219,0.0019868516254781896,0.9349890002250303,0.005778361396500821,0.009642678562594861,0.907546217655987,0.013955821249020462,0.01037751038766652,0.8139223833463938,0.0003546953412001665,0.0003546953412001665,4.172886367060782
24080,0.0008115292832547314,0.0019870400218466957,0.9350776573396213,0.0057714871240586215,0.009643847188910036,0.9076562060150621,0.013944207249280787,0.010379484767622264,0.814077236676256,0.0003548427011258832,0.0003548427011258832,4.1746200132456845
24090,0.0008104220858243623,0.001987228245409859,0.9351662331340511,0.005764618942654829,0.00964501477974868,0.9077660969175227,0.01393260145563882,0.0103814577525414,0.8142319805914823,0.00035499006105159993,0.00035499006105159993,4.176353659430587
24100,0.000809315905015323,0.0019874162961473953,0.935254727598774,0.005757756851482349,0.009646181335248001,0.9078758903762824,0.013921003864970824,0.01038342934295496,0.8143866151337222,0.0003551374209773167,0.0003551374209773167,4.17808730561549
24110,0.000808210740946922,0.0019876041740390237,0.9353431407242462,0.00575090084973409,0.009647346855545205,0.9079855864042545,0.013909414474153066,0.010385399539393977,0.8145411403446257,0.0003552847809030334,0.0003552847809030334,4.179820951800393
24120,0.0008071065937384681,0.0019877918790644606,0.9354314725009225,0.00574405093660296,0.009648511340777498,0.9080951850143527,0.01389783328006181,0.010387368342389491,0.8146955562658424,0.0003554321408287501,0.0003554321408287501,4.181554597985295
24130,0.0008060034635092695,0.0019879794112034246,0.9355197229192584,0.005737207111281863,0.009649674791082084,0.9082046862194902,0.013886260279573322,0.010389335752472533,0.8148498629390222,0.0003555795007544669,0.0003555795007544669,4.183288244170198
24140,0.0008049013503786348,0.0019881667704356324,0.9356078919697092,0.005730369372963709,0.00965083720659617,0.9083140900325806,0.013874695469563865,0.010391301770174142,0.8150040604058151,0.0003557268606801836,0.0003557268606801836,4.185021890355101
24150,0.0008038002544658723,0.001988353956740802,0.9356959796427302,0.005723537720841405,0.009651998587456962,0.9084233964665376,0.013863138846909703,0.01039326639602535,0.8151581487078706,0.0003558742206059003,0.0003558742206059003,4.186755536540003
24160,0.0008027001758902908,0.0019885409700986507,0.9357839859287767,0.005716712154107856,0.009653158933801665,0.9085326055342743,0.013851590408487102,0.01039522963055719,0.8153121278868385,0.00035602158053161707,0.00035602158053161707,4.188489182724906
24170,0.0008016011147711985,0.0019887278104888965,0.935871910818304,0.005709892671955972,0.009654318245767485,0.9086417172487044,0.013840050151172324,0.010397191474300703,0.8154659979843689,0.0003561689404573338,0.0003561689404573338,4.190222828909809
24180,0.000800503071227904,0.0019889144778912566,0.9359597543017676,0.005703079273578658,0.009655476523491628,0.9087507316227414,0.013828518071841638,0.01039915192778692,0.8156197590421115,0.00035631630038305054,0.00035631630038305054,4.191956475094712
24190,0.0007994060453797159,0.0019891009722854485,0.9360475163696227,0.005696271958168822,0.009656633767111301,0.9088596486692989,0.013816994167371305,0.010401110991546877,0.815773411101716,0.00035646366030876725,0.00035646366030876725,4.193690121279614
24200,0.0007983100373459426,0.00198928729365119,0.9361351970123244,0.005689470724919371,0.009657789976763708,0.9089684684012901,0.01380547843463759,0.010403068666111608,0.8159269542048321,0.00035661102023448396,0.00035661102023448396,4.195423767464517
24210,0.0007972150472458925,0.0019894734419681984,0.9362227962203284,0.005682675573023214,0.009658945152586055,0.9090771908316286,0.013793970870516759,0.01040502495201215,0.8160803883931099,0.0003567583801602007,0.0003567583801602007,4.19715741364942
24220,0.0007961210751988743,0.0019896594172161917,0.9363103139840901,0.005675886501673255,0.009660099294715547,0.9091858159732279,0.013782471471885074,0.010406979849779535,0.8162337137081989,0.00035690574008591744,0.00035690574008591744,4.198891059834322
24230,0.0007950281213241963,0.001989845219374887,0.9363977502940642,0.005669103510062402,0.009661252403289392,0.9092943438390015,0.013770980235618801,0.010408933359944802,0.8163869301917492,0.00035705310001163415,0.00035705310001163415,4.200624706019225
24240,0.000793936185741167,0.001990030848424002,0.9364851051407066,0.005662326597383564,0.009662404478444795,0.909402774441863,0.013759497158594206,0.010410885483038984,0.8165400378854105,0.0003572004599373509,0.0003572004599373509,4.202358352204128
24250,0.0007928452685690949,0.001990216304343254,0.9365723785144723,0.005655555762829646,0.00966355552031896,0.9095111077947255,0.01374802223768755,0.010412836219593114,0.8166930368308326,0.0003573478198630676,0.0003573478198630676,4.20409199838903
24260,0.0007917553699272887,0.001990401587112361,0.9366595704058167,0.005648791005593557,0.009664705529049095,0.909619343910503,0.013736555469775102,0.010414785570138231,0.8168459270696653,0.00035749517978878433,0.00035749517978878433,4.205825644573933
24270,0.0007906664899350566,0.0019905866967110408,0.9367466808051954,0.0056420323248682035,0.009665854504772406,0.9097274828021088,0.013725096851733124,0.010416733535205367,0.8169987086435583,0.0003576425397145011,0.0003576425397145011,4.207559290758836
24280,0.0007895786287117072,0.00199077163311901,0.9368337097030635,0.005635279719846492,0.009667002447626097,0.9098355244824561,0.01371364638043788,0.01041868011532556,0.8171513815941616,0.0003577898996402178,0.0003577898996402178,4.209292936943738
24290,0.000788491786376549,0.001990956396315987,0.9369206570898759,0.0056285331897213305,0.009668149357747374,0.9099434689644587,0.013702204052765636,0.01042062531102984,0.8173039459631247,0.0003579372595659345,0.0003579372595659345,4.211026583128641
24300,0.0007874059630488907,0.001991140986281689,0.9370075229560887,0.005621792733685625,0.009669295235273444,0.91005131626103,0.013690769865592657,0.010422569122849248,0.8174564017920979,0.0003580846194916513,0.0003580846194916513,4.212760229313544
24310,0.0007863211588480404,0.0019913254029958333,0.9370943072921567,0.005615058350932284,0.009670440080341512,0.9101590663850834,0.013679343815795206,0.010424511551314814,0.8176087491227305,0.000358231979417368,0.000358231979417368,4.214493875498446
24320,0.0007852373738933068,0.001991509646438138,0.9371810100885353,0.005608330040654214,0.009671583893088784,0.9102667193495325,0.013667925900249546,0.010426452596957576,0.8177609879966727,0.0003583793393430847,0.0003583793393430847,4.216227521683349
24330,0.0007841546083039983,0.0019916937165883205,0.9372676313356801,0.005601607802044323,0.009672726673652465,0.9103742751672907,0.013656516115831945,0.010428392260308568,0.8179131184555739,0.00035852669926880146,0.00035852669926880146,4.2179611678682525
24340,0.0007830728621994235,0.001991877613426098,0.9373541710240461,0.005594891634295517,0.009673868422169763,0.9104817338512718,0.013645114459418666,0.010430330541898826,0.8180651405410844,0.00035867405919451817,0.00035867405919451817,4.219694814053154
24350,0.0007819921356988909,0.001992061336931189,0.9374406291440888,0.005588181536600704,0.009675009138777882,0.9105890954143889,0.013633720927885975,0.010432267442259382,0.8182170542948536,0.0003588214191202349,0.0003588214191202349,4.221428460238057
24360,0.000780912428921709,0.00199224488708331,0.9375270056862633,0.00558147750815279,0.009676148823614027,0.9106963598695553,0.013622335518110134,0.010434202961921275,0.8183688597585315,0.00035896877904595165,0.00035896877904595165,4.2231621064229605
24370,0.0007798337419871861,0.0019924282638621787,0.9376133006410251,0.005574779548144684,0.009677287476815405,0.910803527229685,0.013610958226967408,0.010436137101415539,0.8185205569737678,0.00035911613897166836,0.00035911613897166836,4.224895752607862
24380,0.0007787560750146307,0.001992611467247513,0.9376995139988293,0.005568087655769292,0.009678425098519221,0.9109105975076914,0.013599589051334062,0.010438069861273208,0.8186721459822125,0.00035926349889738507,0.00035926349889738507,4.226629398792765
24390,0.0007776794281233515,0.0019927944972190303,0.9377856457501318,0.005561401830219521,0.009679561688862682,0.9110175707164876,0.013588227988086362,0.010440001242025317,0.818823626825515,0.00035941085882310183,0.00035941085882310183,4.228363044977669
24400,0.000776603801432657,0.0019929773537564486,0.9378716958853873,0.005554722070688279,0.009680697247982994,0.9111244468689876,0.013576875034100572,0.0104419312442029,0.8189749995453256,0.00035955821874881854,0.00035955821874881854,4.23009669116257
24410,0.0007755291950618554,0.001993160036839485,0.9379576643950517,0.005548048376368473,0.00968183177601736,0.9112312259781045,0.013565530186252957,0.010443859868336996,0.8191262641832938,0.00035970557867453525,0.00035970557867453525,4.231830337347473
24420,0.0007744556091302555,0.001993342546447857,0.9380435512695795,0.005541380746453009,0.00968296527310299,0.911337908056752,0.013554193441419778,0.010445787114958636,0.8192774207810695,0.000359852938600252,0.000359852938600252,4.233563983532377
24430,0.0007733830437571656,0.001993524882561282,0.9381293564994266,0.005534719180134795,0.009684097739377085,0.9114444931178433,0.013542864796477302,0.010447712984598857,0.8194284693803026,0.0003600002985259687,0.0003600002985259687,4.235297629717278
24440,0.0007723114990618944,0.001993707045159478,0.9382150800750484,0.005528063676606738,0.009685229174976856,0.9115509811742922,0.013531544248301795,0.010449637477788693,0.8195794100226427,0.00036014765845168543,0.00036014765845168543,4.237031275902181
24450,0.0007712409751637501,0.001993889034222163,0.9383007219869001,0.005521414235061747,0.009686359580039505,0.9116573722390121,0.01352023179376952,0.01045156059505918,0.8197302427497396,0.0003602950183774022,0.0003602950183774022,4.238764922087085
24460,0.0007701714721820412,0.0019940708497290533,0.9383862822254366,0.005514770854692726,0.009687488954702237,0.9117636663249163,0.013508927429756741,0.010453482336941353,0.8198809676032434,0.0003604423783031189,0.0003604423783031189,4.2404985682719865
24470,0.0007691029902360765,0.001994252491659867,0.9384717607811138,0.005508133534692584,0.009688617299102262,0.9118698634449187,0.013497631153139724,0.010455402703966245,0.8200315846248035,0.0003605897382288357,0.0003605897382288357,4.24223221445689
24480,0.0007680355294451643,0.001994433959994322,0.9385571576443867,0.005501502274254228,0.009689744613376782,0.9119759636119324,0.013486342960794732,0.010457321696664895,0.8201820938560702,0.0003607370981545524,0.0003607370981545524,4.243965860641793
24490,0.0007669690899286131,0.001994615254712136,0.9386424728057108,0.005494877072570565,0.009690870897663005,0.912081966838871,0.01347506284959803,0.010459239315568334,0.8203324953386929,0.0003608844580802691,0.0003608844580802691,4.2456995068266945
24500,0.0007659036718057313,0.001994796375793026,0.9387277062555416,0.005488257928834502,0.009691996152098136,0.912187873138648,0.013463790816425885,0.010461155561207598,0.8204827891143214,0.00036103181800598586,0.00036103181800598586,4.247433153011598
24510,0.0007648392751958276,0.0019949773232167097,0.9388128579843337,0.005481644842238947,0.009693120376819379,0.9122936825241769,0.013452526858154557,0.010463070434113724,0.8206329752246059,0.00036117917793170257,0.00036117917793170257,4.249166799196501
24520,0.0007637759002182103,0.0019951580969629046,0.9388979279825431,0.005475037811976806,0.009694243571963943,0.9123993950083711,0.013441270971660315,0.010464983934817745,0.8207830537111958,0.0003613265378574193,0.0003613265378574193,4.2509004453814025
24530,0.000762713546992188,0.001995338697011328,0.9389829162406248,0.005468436837240987,0.009695365737669033,0.9125050106041442,0.01343002315381942,0.010466896063850697,0.820933024615741,0.00036147389778313604,0.00036147389778313604,4.252634091566306
24540,0.000761652215637069,0.0019955191233416987,0.9390678227490346,0.005461841917224397,0.009696486874071854,0.9126105293244098,0.01341878340150814,0.010468806821743615,0.8210828879798914,0.00036162125770885275,0.00036162125770885275,4.254367737751209
24550,0.000760591906272162,0.0019956993759337326,0.9391526474982269,0.005455253051119943,0.009697606981309611,0.9127159511820809,0.013407551711602735,0.010470716209027533,0.8212326438452967,0.00036176861763456946,0.00036176861763456946,4.256101383936111
24560,0.0007595326190167756,0.0019958794547671483,0.939237390478658,0.005448670238120532,0.00969872605951951,0.9128212761900716,0.013396328080979474,0.010472624226233488,0.8213822922536069,0.0003619159775602862,0.0003619159775602862,4.257835030121014
24570,0.000758474353990218,0.001996059359821663,0.9393220516807824,0.005442093477419072,0.009699844108838758,0.9129265043612949,0.01338511250651462,0.010474530873892513,0.8215318332464716,0.00036206333748600294,0.00036206333748600294,4.259568676305917
24580,0.0007574171113117978,0.001996239091076995,0.9394066310950563,0.005435522768208468,0.009700961129404561,0.9130316357086645,0.013373904985084437,0.010476436152535644,0.8216812668655408,0.00036221069741171965,0.00036221069741171965,4.261302322490819
24590,0.0007563608911008235,0.0019964186485128604,0.9394911287119342,0.00542895810968163,0.009702077121354123,0.9131366702450938,0.013362705513565188,0.010478340062693917,0.8218305931524641,0.0003623580573374364,0.0003623580573374364,4.263035968675722
24600,0.0007553056934766036,0.0019965980321089774,0.9395755445218715,0.005422399501031464,0.009703192084824652,0.9132416079834966,0.01335151408883314,0.010480242604898365,0.8219798121488915,0.0003625054172631531,0.0003625054172631531,4.264769614860625
24610,0.0007542515185584465,0.0019967772418450643,0.9396598785153243,0.005415846941450877,0.00970430601995335,0.913346448936786,0.01334033070776456,0.010482143779680023,0.8221289238964724,0.00036265277718886983,0.00036265277718886983,4.266503261045527
24620,0.0007531983664656608,0.001996956277700838,0.939744130682747,0.0054093004301327755,0.00970541892687743,0.9134511931178757,0.013329155367235706,0.010484043587569929,0.8222779284368572,0.0003628001371145866,0.0003628001371145866,4.26823690723043
24630,0.000752146237317555,0.001997135139656016,0.9398283010145956,0.005402759966270068,0.009706530805734088,0.9135558405396789,0.013317988064122847,0.010485942029099115,0.8224268258116954,0.0003629474970403033,0.0003629474970403033,4.269970553415333
24640,0.0007510951312334375,0.0019973138276903157,0.9399123895013249,0.005396225549055661,0.009707641656660538,0.9136603912151093,0.013306828795302247,0.010487839104798617,0.8225756160626366,0.00036309485696602007,0.00036309485696602007,4.271704199600236
24650,0.000750045048332617,0.0019974923417834553,0.9399963961333906,0.005389697177682462,0.009708751479793982,0.9137648451570806,0.01329567755765017,0.01048973481519947,0.822724299231331,0.0003632422168917368,0.0003632422168917368,4.273437845785138
24660,0.0007489959887344016,0.001997670681915152,0.9400803209012478,0.005383174851343378,0.009709860275271626,0.9138692023785059,0.01328453434804288,0.010491629160832709,0.8228728753594282,0.0003633895768174535,0.0003633895768174535,4.275171491970041
24670,0.0007479479525581001,0.0019978488480651233,0.940164163795352,0.005376658569231316,0.009710968043230676,0.9139734628922989,0.013273399163356642,0.010493522142229369,0.8230213444885779,0.00036353693674317025,0.00036353693674317025,4.276905138154944
24680,0.0007469009399230209,0.0019980268402130866,0.9402479248061582,0.005370148330539183,0.009712074783808339,0.9140776267113729,0.013262272000467722,0.010495413759920486,0.8231697066604303,0.00036368429666888696,0.00036368429666888696,4.278638784339846
24690,0.0007458549509484725,0.0019982046583387598,0.9403316039241221,0.005363644134459887,0.00971318049714182,0.914181693848642,0.013251152856252384,0.010497304014437093,0.8233179619166348,0.00036383165659460367,0.00036383165659460367,4.280372430524749
24700,0.0007448099857537634,0.0019983823024218605,0.940415201139699,0.005357145980186334,0.009714285183368324,0.9142856643170186,0.01324004172758689,0.010499192906310227,0.8234661102988414,0.00036397901652032044,0.00036397901652032044,4.282106076709652
24710,0.0007437660444582021,0.001998559772442106,0.9404987164433437,0.005350653866911431,0.009715388842625057,0.914389538129417,0.013228938611347506,0.010501080436070922,0.8236141518486998,0.00036412637644603715,0.00036412637644603715,4.283839722894554
24720,0.0007427231271810971,0.0019987370683792137,0.9405821498255122,0.005344167793828087,0.009716491475049226,0.9144933152987506,0.013217843504410498,0.010502966604250213,0.8237620866078599,0.00036427373637175386,0.00036427373637175386,4.285573369079457
24730,0.0007416812340417567,0.0019989141902129015,0.9406655012766593,0.0053376877601292085,0.009717593080778035,0.9145969958379326,0.01320675640365213,0.010504851411379136,0.8239099146179715,0.0003644210962974706,0.0003644210962974706,4.28730701526436
24740,0.0007406403651594897,0.001999091137922887,0.9407487707872407,0.005331213765007701,0.009718693659948692,0.9147005797598768,0.013195677305948665,0.010506734857988725,0.8240576359206844,0.00036456845622318733,0.00036456845622318733,4.289040661449262
24750,0.0007396005206536042,0.0019992679114888873,0.9408319583477115,0.0053247458076564735,0.0097197932126984,0.9148040670774964,0.013184606208176368,0.010508616944610015,0.8242052505576484,0.00036471581614890404,0.00036471581614890404,4.290774307634165
24760,0.0007385617006434092,0.0019994445108906206,0.9409150639485272,0.005318283887268433,0.009720891739164367,0.9149074578037051,0.013173543107211506,0.010510497671774043,0.8243527585705133,0.0003648631760746208,0.0003648631760746208,4.292507953819068
24770,0.0007375239052482127,0.0019996209361078042,0.9409980875801431,0.005311828003036486,0.009721989239483798,0.9150107519514162,0.01316248799993034,0.010512377040011841,0.8245001600009287,0.0003650105360003375,0.0003650105360003375,4.2942416000039705
24780,0.0007364871345873236,0.001999797187120155,0.941081029233014,0.00530537815415354,0.009723085713793898,0.9151139495335433,0.013151440883209138,0.010514255049854445,0.8246474548905448,0.0003651578959260542,0.0003651578959260542,4.295975246188873
24790,0.0007354513887800501,0.0019999732639073915,0.941163888897596,0.005298934339812503,0.009724181162231876,0.915217050563,0.013140401753924162,0.010516131701832892,0.8247946432810112,0.000365305255851771,0.000365305255851771,4.297708892373776
24800,0.0007344166679457007,0.0020001491664492312,0.9412466665643439,0.005292496559206279,0.009725275584934932,0.9153200550526994,0.013129370608951677,0.010518006996478214,0.8249417252139776,0.0003654526157774877,0.0003654526157774877,4.2994425385586785
24810,0.0007333829722035841,0.002000324894725391,0.9413293622237132,0.005286064811527779,0.009726368982040278,0.9154229630155555,0.013118347445167948,0.010519880934321447,0.8250887007310939,0.0003655999757032044,0.0003655999757032044,4.301176184743581
24820,0.0007323503016730085,0.0020005004487155887,0.9414119758661592,0.005279639095969909,0.009727461353685116,0.9155257744644814,0.01310733225944924,0.010521753515893628,0.8252355698740101,0.0003657473356289212,0.0003657473356289212,4.302909830928484
24830,0.0007313186564732828,0.002000675828399542,0.9414945074821374,0.005273219411725575,0.009728552700006653,0.9156284894123908,0.013096325048671816,0.010523624741725789,0.8253823326843756,0.0003658946955546379,0.0003658946955546379,4.304643477113387
24840,0.0007302880367237149,0.0020008510337569687,0.9415769570621028,0.005266805757987686,0.009729643021142095,0.9157311078721971,0.013085325809711942,0.010525494612348968,0.8255289892038407,0.0003660420554803546,0.0003660420554803546,4.306377123298289
24850,0.0007292584425436139,0.0020010260647675858,0.9416593245965109,0.005260398133949147,0.009730732317228645,0.9158336298568136,0.01307433453944588,0.010527363128294198,0.8256755394740547,0.00036618941540607136,0.00036618941540607136,4.308110769483192
24860,0.000728229874052288,0.0020012009214111113,0.941741610075817,0.005253996538802866,0.009731820588403514,0.9159360553791542,0.013063351234749901,0.010529230290092515,0.8258219835366679,0.00036633677533178807,0.00036633677533178807,4.309844415668095
24870,0.0007272023313690456,0.0020013756036672626,0.9418238134904764,0.005247600971741751,0.009732907834803902,0.9160383844521319,0.013052375892500263,0.010531096098274954,0.8259683214333299,0.0003664841352575048,0.0003664841352575048,4.311578061852997
24880,0.0007261758146131954,0.002001550111515757,0.9419059348309443,0.00524121143195871,0.00973399405656702,0.9161406170886606,0.013041408509573232,0.010532960553372548,0.82611455320569,0.00036663149518322154,0.00036663149518322154,4.3133117080379
24890,0.0007251503239040459,0.0020017244449363125,0.9419879740876762,0.0052348279186466475,0.00973507925383007,0.9162427533016536,0.013030449082845072,0.010534823655916336,0.826260678895399,0.00036677885510893825,0.00036677885510893825,4.315045354222803
24900,0.0007241258593609053,0.0020018986039086464,0.9420699312511276,0.005228450430998471,0.009736163426730261,0.9163447931040245,0.013019497609192052,0.01053668540643735,0.8264066985441059,0.000366926215034655,0.000366926215034655,4.316779000407705
24910,0.0007231024211030823,0.0020020725884124764,0.9421518063117535,0.005222078968207091,0.009737246575404795,0.9164467365086866,0.013008554085490431,0.010538545805466626,0.8265526121934608,0.0003670735749603717,0.0003670735749603717,4.318512646592608
24920,0.0007220800092498853,0.0020022463984275198,0.9422335992600093,0.005215713529465411,0.00973832869999088,0.9165485835285533,0.012997618508616478,0.010540404853535197,0.8266984198851135,0.00036722093488608844,0.00036722093488608844,4.320246292777511
24930,0.000721058623920623,0.0020024200339334945,0.9423153100863502,0.005209354113966339,0.009739409800625723,0.9166503341765385,0.012986690875446454,0.010542262551174101,0.8268441216607139,0.00036736829481180515,0.00036736829481180515,4.321979938962413
24940,0.0007200382652346037,0.0020025934949101177,0.9423969387812318,0.005203000720902783,0.009740489877446528,0.9167519884655555,0.012975771182856624,0.010544118898914372,0.8269897175619115,0.0003675156547375219,0.0003675156547375219,4.323713585147316
24950,0.0007190189333111358,0.002002766781337107,0.942478485335109,0.005196653349467651,0.0097415689305905,0.9168535464085176,0.012964859427723255,0.010545973897287045,0.8271352076303565,0.0003676630146632386,0.0003676630146632386,4.325447231332219
24960,0.0007180006282695281,0.0020029398931941805,0.9425599497384378,0.005190311998853847,0.009742646960194846,0.9169550080183384,0.012953955606922609,0.010547827546823155,0.8272805919076985,0.0003678103745889554,0.0003678103745889554,4.327180877517121
24970,0.0007169833502290888,0.002003112830461055,0.9426413319816728,0.005183976668254282,0.009743723966396773,0.9170563733079315,0.012943059717330953,0.010549679848053736,0.8274258704355871,0.0003679577345146721,0.0003679577345146721,4.328914523702024
24980,0.0007159670993091265,0.002003285593117449,0.9427226320552698,0.00517764735686186,0.009744799949333485,0.9171576422902104,0.01293217175582455,0.010551530801509825,0.8275710432556727,0.0003681050944403888,0.0003681050944403888,4.330648169886927
24990,0.0007149518756289497,0.002003458181143079,0.942803849949684,0.00517132406386949,0.009745874909142187,0.9172588149780881,0.012921291719279665,0.010553380407722456,0.8277161104096045,0.00036825245436610557,0.00036825245436610557,4.3323818160718295
25000,0.0007139376793078669,0.0020036305945176627,0.9428849856553706,0.005165006788470079,0.009746948845960087,0.9173598913844786,0.012910419604572562,0.010555228667222662,0.8278610719390324,0.0003683998142918223,0.0003683998142918223,4.334115462256732
25010,0.0007129245104651864,0.0020038028332209183,0.9429660391627849,0.005158695529856533,0.00974802175992439,0.9174608715222955,0.012899555408579504,0.010557075580541482,0.8280059278856065,0.000368547174217539,0.000368547174217539,4.335849108441635
25020,0.0007119123692202171,0.0020039748972325634,0.9430470104623827,0.005152390287221761,0.0097490936511723,0.9175617554044518,0.012888699128176759,0.01055892114820995,0.8281506782909764,0.00036869453414325575,0.00036869453414325575,4.3375827546265375
25030,0.0007109012556922672,0.002004146786532315,0.9431278995446186,0.005146091059758669,0.009750164519841027,0.9176625430438613,0.012877850760240589,0.010560765370759099,0.8282953231967921,0.00036884189406897246,0.00036884189406897246,4.33931640081144
25040,0.0007098911700006451,0.0020043185010998905,0.9432087063999484,0.005139797846660164,0.009751234366067773,0.9177632344534373,0.012867010301647261,0.010562608248719964,0.828439862644703,0.00036898925399468923,0.00036898925399468923,4.341050046996344
25050,0.0007088821122646597,0.002004490040915008,0.9432894310188271,0.005133510647119153,0.009752303189989745,0.9178638296460936,0.012856177749273038,0.010564449782623582,0.8285842966763594,0.00036913661392040594,0.00036913661392040594,4.342783693181246
25060,0.0007078740826036189,0.002004661405957385,0.9433700733917104,0.005127229460328545,0.009753370991744148,0.9179643286347432,0.012845353099994183,0.010566289973000987,0.8287286253334107,0.00036928397384612265,0.00036928397384612265,4.344517339366148
25070,0.0007068670811368316,0.0020048325962067387,0.9434506335090533,0.005120954285481245,0.00975443777146819,0.9180647314323002,0.012834536350686963,0.010568128820383214,0.8288728486575071,0.0003694313337718394,0.0003694313337718394,4.346250985551052
25080,0.0007058611079836063,0.002005003611642787,0.9435311113613115,0.005114685121770161,0.009755503529299074,0.9181650380516775,0.012823727498227641,0.0105699663253013,0.829016966690298,0.0003695786936975561,0.0003695786936975561,4.347984631735954
25090,0.0007048561632632513,0.0020051744522452475,0.9436115069389399,0.0051084219683882005,0.009756568265374006,0.9182652485057887,0.012812926539492482,0.010571802488286276,0.8291609794734334,0.00036972605362327283,0.00036972605362327283,4.349718277920856
25100,0.0007038522470950753,0.0020053451179938373,0.943691820232394,0.00510216482452827,0.009757631979830195,0.9183653628075478,0.012802133471357753,0.010573637309869181,0.8293048870485633,0.0003698734135489896,0.0003698734135489896,4.35145192410576
25110,0.0007028493595983866,0.0020055156088682746,0.9437720512321291,0.0050959136893832776,0.009758694672804843,0.9184653809698675,0.012791348290699715,0.010575470790581047,0.8294486894573371,0.0003700207734747063,0.0003700207734747063,4.353185570290662
25120,0.0007018475008924936,0.002005685924848276,0.9438521999286004,0.0050896685621461294,0.009759756344435159,0.918565303005662,0.012780570994394632,0.01057730293095291,0.8295923867414048,0.000370168133400423,0.000370168133400423,4.354919216475564
25130,0.0007008466710967051,0.0020058560659135605,0.9439322663122636,0.005083429442009733,0.009760816994858345,0.9186651289278442,0.012769801579318774,0.010579133731515807,0.8297359789424162,0.0003703154933261398,0.0003703154933261398,4.356652862660468
25140,0.0006998468703303295,0.0020060260320438443,0.9440122503735737,0.005077196328166996,0.009761876624211612,0.9187648587493282,0.012759040042348398,0.01058096319280077,0.8298794661020213,0.0003704628532518565,0.0003704628532518565,4.358386508845371
25150,0.0006988480987126751,0.0020061958232188456,0.9440921521029859,0.005070969219810826,0.00976293523263216,0.9188644924830268,0.012748286380359776,0.010582791315338836,0.8300228482618696,0.0003706102131775732,0.0003706102131775732,4.360120155030272
25160,0.0006978503563630505,0.0020063654394182817,0.944171971490956,0.0050647481161341275,0.0097639928202572,0.9189640301418541,0.012737540590229166,0.01058461809966104,0.830166125463611,0.00037075757310328996,0.00037075757310328996,4.361853801215176
25170,0.0006968536434007644,0.0020065348806218705,0.9442517085279388,0.005058533016329811,0.009765049387223933,0.9190634717387232,0.012726802668832839,0.010586443546298415,0.8303092977488954,0.0003709049330290067,0.0003709049330290067,4.363587447400079
25180,0.0006958579599451249,0.002006704146809329,0.9443313632043898,0.005052323919590781,0.009766104933669568,0.9191628172865475,0.012716072613047052,0.010588267655782,0.8304523651593725,0.0003710522929547234,0.0003710522929547234,4.36532109358498
25190,0.0006948633061154407,0.0020068732379603755,0.9444109355107648,0.005046120825109947,0.00976715945973131,0.9192620667982409,0.012705350419748077,0.010590090428642826,0.8305953277366923,0.00037119965288044015,0.00037119965288044015,4.367054739769884
25200,0.0006938696820310204,0.002007042154054727,0.9444904254375184,0.005039923732080215,0.009768212965546363,0.9193612202867165,0.012694636085812174,0.010591911865411929,0.8307381855225042,0.00037134701280615686,0.00037134701280615686,4.368788385954787
25210,0.0006928770878111722,0.002007210895072101,0.9445698329751062,0.005033732639694492,0.009769265451251938,0.9194602777648883,0.01268392960811561,0.010593731966620345,0.8308809385584585,0.00037149437273187357,0.00037149437273187357,4.3705220321396885
25220,0.0006918855235752048,0.0020073794609922154,0.9446491581139835,0.005027547547145685,0.009770316916985234,0.919559239245669,0.012673230983534647,0.010595550732799108,0.8310235868862046,0.00037164173265759033,0.00037164173265759033,4.372255678324592
25230,0.0006908949894424267,0.0020075478517947876,0.9447284008446059,0.005021368453626702,0.00977136736288346,0.9196581047419727,0.012662540208945552,0.010597368164479254,0.8311661305473925,0.00037178909258330704,0.00037178909258330704,4.373989324509495
25240,0.0006899054855321463,0.0020077160674595355,0.9448075611574283,0.005015195358330449,0.009772416789083825,0.9197568742667129,0.012651857281224586,0.010599184262191818,0.831308569583672,0.00037193645250902375,0.00037193645250902375,4.3757229706943965
25250,0.0006889170119636722,0.002007884107966176,0.9448866390429063,0.005009028260449835,0.00977346519572353,0.9198555478328028,0.012641182197248017,0.010600999026467835,0.8314509040366929,0.0003720838124347405,0.0003720838124347405,4.3774566168793
25260,0.0006879295688563126,0.002008051973294427,0.9449656344914948,0.005002867159177766,0.00977451258293978,0.9199541254531558,0.01263051495389211,0.01060281245783834,0.8315931339481052,0.0003722311723604572,0.0003722311723604572,4.379190263064203
25270,0.0006869431563293765,0.002008219663424006,0.9450445474936497,0.0049967120537071485,0.009775558950869786,0.9200526071406857,0.012619855548033127,0.010604624556834367,0.8317352593595582,0.00037237853228617394,0.00037237853228617394,4.380923909249105
25280,0.0006859577745021719,0.002008387178334631,0.9451233780398262,0.0049905629432308906,0.00977660429965075,0.9201509929083057,0.012609203976547335,0.010606435323986951,0.831877280312702,0.0003725258922118907,0.0003725258922118907,4.382657555434008
25290,0.0006849734234940075,0.002008554518006019,0.9452021261204792,0.004984419826941899,0.009777648629419877,0.9202492827689296,0.012598560236310995,0.01060824475982713,0.8320191968491866,0.0003726732521376074,0.0003726732521376074,4.384391201618911
25300,0.0006839901034241918,0.0020087216824178876,0.9452807917260645,0.0049782827040330815,0.009778691940314378,0.9203474767354707,0.012587924324200375,0.010610052864885935,0.8321610090106616,0.0003728206120633241,0.0003728206120633241,4.386124847803813
25310,0.0006830078144120333,0.0020088886715499544,0.9453593748470371,0.004972151573697345,0.009779734232471452,0.9204455748208424,0.012577296237091737,0.010611859639694403,0.8323027168387768,0.0003729679719890409,0.0003729679719890409,4.387858493988716
25320,0.0006820265565768404,0.0020090554853819374,0.9454378754738527,0.004966026435127597,0.00978077550602831,0.9205435770379586,0.012566675971861348,0.010613665084783569,0.8324443203751819,0.0003731153319147576,0.0003731153319147576,4.389592140173619
25330,0.0006810463300379216,0.0020092221238935536,0.9455162935969663,0.004959907287516743,0.009781815761122154,0.9206414833997321,0.01255606352538547,0.010615469200684468,0.8325858196615269,0.0003732626918404743,0.0003732626918404743,4.391325786358521
25340,0.0006800671349145855,0.0020093885870645207,0.945594629206833,0.004953794130057693,0.009782854997890193,0.9207392939190769,0.012545458894540371,0.010617271987928136,0.8327272147394617,0.00037341005176619107,0.00037341005176619107,4.393059432543424
25350,0.0006790889713261406,0.0020095548748745562,0.9456728822939087,0.004947686961943352,0.00978389321646963,0.9208370086089064,0.012534862076202313,0.010619073447045605,0.8328685056506356,0.0003735574116919078,0.0003735574116919078,4.394793078728327
25360,0.0006781118393918951,0.002009720987303378,0.9457510528486482,0.004941585782366627,0.009784930416997675,0.9209346274821341,0.01252427306724756,0.010620873578567913,0.8330096924366992,0.00037370477161762454,0.00037370477161762454,4.39652672491323
25370,0.0006771357392311579,0.0020098869243307033,0.9458291408615073,0.004935490590520427,0.009785966599611529,0.9210321505516733,0.012513691864552378,0.010622672383026095,0.8331507751393016,0.00037385213154334125,0.00037385213154334125,4.398260371098132
25380,0.0006761606709632371,0.00201005268593625,0.9459071463229412,0.004929401385597657,0.009787001764448399,0.9211295778304375,0.01250311846499303,0.010624469860951183,0.8332917538000928,0.00037399949146905796,0.00037399949146905796,4.399994017283035
25390,0.0006751866347074415,0.0020102182720997354,0.9459850692234046,0.004923318166791225,0.009788035911645492,0.9212269093313403,0.012492552865445783,0.010626266012874216,0.8334326284607229,0.00037414685139477473,0.00037414685139477473,4.401727663467938
25400,0.0006742136305830796,0.0020103836828008767,0.9460629095533535,0.00491724093329404,0.009789069041340014,0.9213241450672954,0.0124819950627869,0.010628060839326225,0.8335733991628411,0.00037429421132049144,0.00037429421132049144,4.40346130965284
25410,0.0006732416587094596,0.0020105489180193923,0.9461406673032432,0.004911169684299007,0.00979010115366917,0.921421285051216,0.012471445053892645,0.01062985434083825,0.8337140659480979,0.00037444157124620815,0.00037444157124620815,4.405194955837743
25420,0.00067227071920589,0.0020107139777349988,0.9462183424635286,0.004905104418999034,0.009791132248770165,0.9215183292960155,0.012460902835639283,0.01063164651794132,0.8338546288581428,0.0003745889311719249,0.0003745889311719249,4.406928602022646
25430,0.0006713008121916797,0.0020108788619274147,0.9462959350246656,0.004899045136587028,0.009792162326780205,0.9216152778146075,0.01245036840490308,0.010633437371166475,0.8339950879346255,0.0003747362910976416,0.0003747362910976416,4.408662248207548
25440,0.0006703319377861369,0.002011043570576357,0.946373444977109,0.0048929918362558954,0.009793191387836499,0.9217121306199056,0.0124398417585603,0.010635226901044747,0.8341354432191959,0.00037488365102335833,0.00037488365102335833,4.410395894392451
25450,0.0006693640961085699,0.0020112081036615433,0.9464508723113144,0.004886944517198543,0.009794219432076248,0.9218088877248233,0.012429322893487206,0.010637015108107174,0.8342756947535038,0.0003750310109490751,0.0003750310109490751,4.412129540577354
25460,0.0006683972872782876,0.0020113724611626914,0.946528217017737,0.004880903178607881,0.00979524645963666,0.9219055491422739,0.012418811806560062,0.010638801992884788,0.8344158425791991,0.0003751783708747918,0.0003751783708747918,4.413863186762256
25470,0.0006674315114145984,0.0020115366430595184,0.9466054790868319,0.004874867819676815,0.009796272470654942,0.922002114885171,0.012408308494655136,0.010640587555908625,0.8345558867379314,0.0003753257308005085,0.0003753257308005085,4.415596832947159
25480,0.0006664667686368106,0.0020117006493317424,0.9466826585090551,0.0048688384395982505,0.009797297465268298,0.922098584966428,0.01239781295464869,0.01064237179770972,0.8346958272713507,0.0003754730907262253,0.0003754730907262253,4.417330479132062
25490,0.0006655030590642327,0.0020118644799590807,0.9467597552748613,0.004862815037565096,0.009798321443613934,0.9221949593989585,0.01238732518341699,0.01064415471881911,0.8348356642211067,0.000375620450651942,0.000375620450651942,4.4190641253169645
25500,0.0006645403828161732,0.0020120281349212507,0.946836769374706,0.004856797612770259,0.009799344405829056,0.9222912381956758,0.012376845177836297,0.010645936319767828,0.8349753976288493,0.00037576781057765875,0.00037576781057765875,4.420797771501867
25510,0.0006635787400119408,0.0020121916141979702,0.9469137007990446,0.0048507861644066464,0.00980036635205087,0.9223874213694937,0.01236637293478288,0.01064771660108691,0.8351150275362281,0.00037591517050337546,0.00037591517050337546,4.42253141768677
25520,0.0006626181307708438,0.002012354917768957,0.9469905495383324,0.004844780691667165,0.009801387282416583,0.9224835089333254,0.012355908451133001,0.010649495563307389,0.8352545539848933,0.0003760625304290922,0.0003760625304290922,4.4242650638716725
25530,0.0006616585552121908,0.0020125180456139276,0.9470673155830246,0.004838781193744722,0.009802407197063398,0.9225795009000844,0.012345451723762927,0.0106512732069603,0.8353939770164941,0.00037620989035480894,0.00037620989035480894,4.425998710056575
25540,0.0006607000134552901,0.002012680997712601,0.9471439989235767,0.004832787669832226,0.009803426096128522,0.9226753972826843,0.01233500274954892,0.010653049532576682,0.835533296672681,0.00037635725028052565,0.00037635725028052565,4.427732356241478
25550,0.0006597425056194504,0.0020128437740446936,0.9472205995504438,0.0048268001191225825,0.009804443979749162,0.9227711980940386,0.012324561525367246,0.010654824540687566,0.8356725129951033,0.00037650461020624236,0.00037650461020624236,4.4294660024263806
25560,0.0006587860318239802,0.0020130063745899237,0.9472971174540816,0.004820818540808698,0.009805460848062521,0.9228669033470608,0.012314128048094168,0.01065659823182399,0.835811626025411,0.0003766519701319591,0.0003766519701319591,4.431199648611283
25570,0.0006578305921881877,0.0020131687993280084,0.9473735526249449,0.004814842934083482,0.009806476701205808,0.9229625130546643,0.012303702314605952,0.010658370606516986,0.8359506358052539,0.00037679933005767583,0.00037679933005767583,4.432933294796186
25580,0.0006568761868313818,0.0020133310482386654,0.9474499050534894,0.00480887329813984,0.009807491539316229,0.9230580272297627,0.01229328432177886,0.010660141665297593,0.8360895423762819,0.00037694668998339254,0.00037694668998339254,4.434666940981089
25590,0.0006559228158728705,0.0020134931213016123,0.9475261747301702,0.00480290963217068,0.009808505362530985,0.9231534458852692,0.01228287406648916,0.010661911408696842,0.8362283457801445,0.0003770940499091093,0.0003770940499091093,4.436400587165991
25600,0.0006549704794319628,0.0020136550184965667,0.947602361645443,0.004796951935368908,0.009809518170987287,0.9232487690340976,0.012272471545613117,0.010663679837245768,0.8363670460584917,0.000377241409834826,0.000377241409834826,4.438134233350894
25610,0.0006540191776279668,0.002013816739803246,0.9476784657897627,0.004791000206927434,0.009810529964822337,0.923343996689161,0.012262076756026991,0.01066544695147541,0.8365056432529734,0.00037738876976054273,0.00037738876976054273,4.439867879535797
25620,0.0006530689105801912,0.0020139782852013678,0.9477544871535846,0.004785054446039161,0.009811540744173343,0.9234391288633735,0.012251689694607052,0.0106672127519168,0.8366441374052392,0.0003775361296862595,0.0003775361296862595,4.441601525720699
25630,0.0006521196784079445,0.0020141396546706496,0.9478304257273644,0.004779114651896998,0.00981255050917751,0.9235341655696481,0.012241310358229559,0.010668977239100973,0.836782528556939,0.0003776834896119762,0.0003776834896119762,4.443335171905602
25640,0.0006511714812305351,0.0020143008481908094,0.9479062815015572,0.004773180823693855,0.009813559259972045,0.9236291068208983,0.012230938743770781,0.010670740413558966,0.8369208167497229,0.0003778308495376929,0.0003778308495376929,4.445068818090505
25650,0.0006502243191672715,0.002014461865741564,0.9479820544666181,0.004767252960622634,0.009814566996694153,0.9237239526300378,0.01222057484810698,0.010672502275821812,0.8370590020252402,0.0003779782094634097,0.0003779782094634097,4.446802464275407
25660,0.0006492781923374622,0.0020146227073026316,0.948057744613003,0.004761331061876246,0.009815573719481038,0.92381870300998,0.012210218668114422,0.010674262826420547,0.837197084425141,0.0003781255693891264,0.0003781255693891264,4.44853611046031
25670,0.0006483331008604158,0.0020147833728537297,0.9481333519311667,0.004755415126647598,0.00981657942846991,0.9239133579736385,0.012199870200669372,0.010676022065886205,0.8373350639910749,0.0003782729293148431,0.0003782729293148431,4.450269756645213
25680,0.0006473890448554405,0.0020149438623745753,0.9482088764115647,0.004749505154129595,0.009817584123797969,0.9240079175339264,0.012189529442648091,0.010677779994749823,0.8374729407646919,0.00037842028924055986,0.00037842028924055986,4.452003402830115
25690,0.0006464460244418451,0.0020151041758448866,0.9482843180446523,0.004743601143515144,0.009818587805602425,0.9241023817037576,0.012179196390926846,0.010679536613542434,0.8376107147876418,0.00037856764916627657,0.00037856764916627657,4.453737049015018
25700,0.0006455040397389379,0.0020152643132443806,0.9483596768208847,0.004737703093997157,0.009819590474020484,0.9241967504960454,0.012168871042381905,0.010681291922795075,0.8377483861015745,0.0003787150090919933,0.0003787150090919933,4.455470695199921
25710,0.0006445630908660275,0.0020154242745527755,0.9484349527307177,0.004731811004768535,0.00982059212918935,0.9242910239237034,0.012158553393889526,0.01068304592303878,0.8378859547481395,0.00037886236901771004,0.00037886236901771004,4.4572043413848235
25720,0.0006436231779424224,0.0020155840597497884,0.9485101457646062,0.004725924875022188,0.009821592771246229,0.924385201999645,0.012148243442325977,0.010684798614804583,0.838023420768987,0.00037900972894342675,0.00037900972894342675,4.458937987569726
25730,0.000642684301087431,0.002015743668815137,0.9485852559130055,0.004720044703951025,0.009822592400328326,0.9244792847367835,0.012137941184567524,0.010686549998623519,0.8381607842057662,0.00037915708886914346,0.00037915708886914346,4.460671633754629
25740,0.0006417464604203617,0.0020159031017285387,0.948660283166371,0.004714170490747949,0.009823591016572849,0.9245732721480328,0.01212764661749043,0.010688300075026625,0.8382980451001275,0.00037930444879486023,0.00037930444879486023,4.4624052799395315
25750,0.0006408096560605233,0.0020160623584697113,0.948735227515158,0.0047083022346058705,0.009824588620117003,0.9246671642463061,0.012117359737970956,0.010690048844544936,0.8384352034937205,0.00037945180872057694,0.00037945180872057694,4.464138926124434
25760,0.0006398738881272239,0.0020162214390183723,0.9488100889498221,0.004702439934717695,0.009825585211097993,0.924760961044517,0.012107080542885373,0.010691796307709485,0.8385722594281948,0.00037959916864629365,0.00037959916864629365,4.465872572309337
25770,0.0006389391567397722,0.002016380343354239,0.9488848674608182,0.00469658359027633,0.009826580789653025,0.9248546625555788,0.012096809029109942,0.010693542465051309,0.8387092129452007,0.0003797465285720104,0.0003797465285720104,4.46760621849424
25780,0.0006380054620174769,0.002016539071457029,0.9489595630386016,0.004690733200474683,0.009827575355919304,0.9249482687924051,0.012086545193520927,0.01069528731710144,0.8388460640863875,0.0003798938884977271,0.0003798938884977271,4.469339864679142
25790,0.0006370728040796461,0.0020166976233064603,0.9490341756736282,0.004684888764505662,0.009828568910034039,0.9250417797679095,0.012076289032994594,0.010697030864390918,0.8389828128934054,0.00038004124842344383,0.00038004124842344383,4.471073510864045
25800,0.0006361411830455886,0.00201685599888225,0.9491087053563527,0.004679050281562172,0.009829561452134431,0.9251351954950053,0.012066040544407207,0.010698773107450774,0.8391194594079039,0.0003801886083491606,0.0003801886083491606,4.472807157048948
25810,0.0006352105990346126,0.002017014198164116,0.9491831520772309,0.004673217750837122,0.00983055298235769,0.925228515986606,0.012055799724635032,0.010700514046812043,0.8392560036715329,0.0003803359682748773,0.0003803359682748773,4.47454080323385
25820,0.0006342810521660268,0.002017172221131776,0.9492575158267178,0.004667391171523419,0.00983154350084102,0.9253217412556254,0.01204556657055433,0.010702253683005761,0.8393924457259421,0.00038048332820059407,0.00038048332820059407,4.476274449418754
25830,0.0006333525425591395,0.0020173300677649463,0.9493317965952686,0.0046615705428139685,0.009832533007721626,0.9254148713149766,0.012035341079041369,0.010703992016562965,0.8395287856127817,0.0003806306881263108,0.0003806306881263108,4.478008095603656
25840,0.0006324250703332596,0.002017487738043346,0.9494059943733392,0.004655755863901679,0.009833521503136716,0.9255079061775732,0.012025123246972412,0.010705729048014688,0.8396650233737011,0.0003807780480520275,0.0003807780480520275,4.479741741788558
25850,0.0006314986356076953,0.002017645231946692,0.9494801091513844,0.004649947133979459,0.009834508987223493,0.9256008458563286,0.012014913071223723,0.010707464777891966,0.8398011590503502,0.00038092540797774426,0.00038092540797774426,4.481475387973462
25860,0.0006305732385017547,0.0020178025494547018,0.9495541409198596,0.004644144352240212,0.009835495460119165,0.9256936903641566,0.01200471054867157,0.010709199206725832,0.839937192684379,0.00038107276790346097,0.00038107276790346097,4.483209034158364
25870,0.0006296488791347471,0.002017959690547093,0.9496280896692201,0.004638347517876849,0.009836480921960936,0.9257864397139705,0.011994515676192212,0.010710932335047323,0.8400731243174371,0.0003812201278291777,0.0003812201278291777,4.484942680343266
25880,0.0006287255576259804,0.0020181166552035836,0.9497019553899215,0.004632556630082276,0.009837465372886014,0.9258790939186836,0.011984328450661918,0.010712664163387472,0.8402089539911743,0.00038136748775489444,0.00038136748775489444,4.48667632652817
25890,0.0006278032740947634,0.0020182734434038905,0.9497757380724189,0.004626771688049399,0.009838448813031603,0.9259716529912096,0.01197414886895695,0.010714394692277317,0.8403446817472406,0.00038151484768061115,0.00038151484768061115,4.488409972713072
25900,0.0006268820286604044,0.0020184300551277317,0.9498494377071677,0.004620992690971125,0.00983943124253491,0.9260641169444621,0.011963976927953576,0.01071612392224789,0.8404803076272855,0.00038166220760632786,0.00038166220760632786,4.490143618897974
25910,0.0006259618214422119,0.002018586490354824,0.949923054284623,0.004615219638040362,0.009840412661533139,0.9261564857913542,0.011953812624528055,0.01071785185383023,0.8406158316729592,0.0003818095675320446,0.0003818095675320446,4.491877265082878
25920,0.0006250426525594944,0.002018742749064886,0.9499965877952404,0.004609452528450018,0.009841393070163497,0.9262487595447997,0.011943655955556657,0.010719578487555366,0.8407512539259111,0.00038195692745776133,0.00038195692745776133,4.49361091126778
25930,0.0006241245221315605,0.002018898831237635,0.9500700382294751,0.004603691361393001,0.00984237246856319,0.926340938217712,0.011933506917915643,0.01072130382395434,0.8408865744277914,0.0003821042873834781,0.0003821042873834781,4.495344557452683
