Time (s),10nm_retentate,10nm_permeate,10nm_cumulative_yield,180nm_retentate,180nm_permeate,180nm_cumulative_yield,300nm_retentate,300nm_permeate,300nm_cumulative_yield,V2_{V_2},Added Buffer,Diavolumes
0,0.0175,0.0,0.0,0.08750000000000001,0.0,0.0,0.105,0.0,0.0,0.0,0.0,0.0
10,0.017494631681200096,9.126141959835883e-07,0.00030676107428019773,0.08747839635868976,3.672619022742355e-06,0.0002468987578314188,0.10498116152332705,3.2025410344010072e-06,0.00017941406355187717,3.015575218467609e-08,3.015575218467609e-08,0.0003547735551138363
20,0.01748926490542745,1.8249660773336643e-06,0.0006134339755743409,0.0874567974781233,7.344428719041614e-06,0.0004937431071624614,0.10496232592585635,6.404592604420741e-06,0.0003588007061300135,6.031150436935218e-08,6.031150436935218e-08,0.0007095471102276726
30,0.017483899673505672,2.7370555040360793e-06,0.0009200186568188502,0.08743520335067893,1.1015430384581483e-05,0.0007405331350979148,0.10494349320144718,9.606155753979793e-06,0.0005381599862173554,9.046725655402826e-08,9.046725655402826e-08,0.001064320665341509
40,0.01747853598505404,3.6488825408131403e-06,0.0012265151397691228,0.08741361397564269,1.4685624140743404e-05,0.0009872688497978756,0.10492466334988255,1.2807230519963488e-05,0.0007174919058803074,1.2062300873870435e-07,1.2062300873870435e-07,0.0014190942204553453
50,0.01747317383954085,4.560447278055518e-06,0.0015329234548085774,0.08739202935227762,1.835501011280443e-05,0.0012339502596843313,0.10490583637173849,1.6007816804455637e-05,0.000896796459633369,1.5077876092338045e-07,1.5077876092338045e-07,0.0017738677755691817
60,0.017467813236306726,5.471749827856798e-06,0.0018392436396157301,0.0873704494798273,2.202358842935867e-05,0.0014805773734022634,0.10488701226826733,1.920791439455286e-05,0.00107607363554918,1.8093451310805655e-07,1.8093451310805655e-07,0.002128641330683018
70,0.017462454174975377,6.3827902541863054e-06,0.0021454757156928756,0.08734887435757815,2.5691359211714947e-05,0.001727150199106887,0.1048681910392395,2.2407523329285015e-05,0.0012553234358142866,2.1109026529273266e-07,2.1109026529273266e-07,0.0024834148857968545
80,0.01745709665517726,7.293568619865536e-06,0.0024516197041564826,0.0873273039848176,2.9358322581008088e-05,0.00197366874494172,0.10484937268439,2.560664365370079e-05,0.0014345458629524252,2.412460174774087e-07,2.412460174774087e-07,0.0028381884409106905
90,0.01745174067654285,8.204084987715988e-06,0.002757675626123021,0.08730573836083311,3.302447865837293e-05,0.0022201330190502805,0.10483055720345383,2.8805275412848865e-05,0.0016137409194873313,2.714017696620848e-07,2.714017696620848e-07,0.003192961996024527
100,0.017446386238702594,9.11433942055916e-06,0.003063643502708961,0.0872841774849121,3.668982756494431e-05,0.0024665430295760875,0.104811744596166,3.200341865177794e-05,0.001792908607942742,3.015575218467609e-07,3.015575218467609e-07,0.0035477355511383635
110,0.017441033341286962,1.0024331981216545e-05,0.0033695233550307714,0.08726262135634202,4.035436942185704e-05,0.0027128987846626574,0.10479293486226154,3.52010734155367e-05,0.001972048930842392,3.31713274031437e-07,3.31713274031437e-07,0.0039025091062522
120,0.017435681983926414,1.0934062732509643e-05,0.003675315204204922,0.08724106997441032,4.401810435024597e-05,0.00295920029245351,0.10477412800147544,3.8398239749173836e-05,0.002151161890710019,3.618690262161131e-07,3.618690262161131e-07,0.004257282661366036
130,0.01743033216625141,1.184353173725995e-05,0.003981019071347882,0.08721952333840444,4.768103247124594e-05,0.0032054475610921633,0.10475532401354272,4.1594917697738014e-05,0.0023302474900693568,3.920247784007892e-07,3.920247784007892e-07,0.004612056216479873
140,0.01742498388789242,1.2752739058288961e-05,0.004286634977576121,0.08719798144761182,5.1343153905991765e-05,0.003451640598722135,0.10473652289819836,4.479110730627793e-05,0.002509305731444142,4.2218053058546526e-07,4.2218053058546526e-07,0.004966829771593709
150,0.017419637148479893,1.3661684758418176e-05,0.004592162944006109,0.08717644430131989,5.500446877561829e-05,0.003697779413486943,0.1047177246551774,4.79868086198423e-05,0.002688336617358112,4.5233628277014136e-07,4.5233628277014136e-07,0.005321603326707545
160,0.0174142919476443,1.457036890046909e-05,0.004897602991754316,0.08715491189881612,5.866497720126033e-05,0.003943864013530106,0.10469892928421483,5.1182021683479785e-05,0.0028673401503350017,4.824920349548174e-07,4.824920349548174e-07,0.005676376881821381
170,0.0174089482850161,1.54787915472632e-05,0.00520295514193721,0.08713338423938793,6.232467930405274e-05,0.004189894406995142,0.10468013678504565,5.437674654223907e-05,0.003046316332898547,5.126477871394936e-07,5.126477871394936e-07,0.006031150436935219
180,0.017403606160225755,1.6386952761622003e-05,0.005508219415671261,0.08711186132232276,6.598357520513035e-05,0.004435870602025569,0.10466134715740488,5.757098324116885e-05,0.0032252651675724847,5.428035393241696e-07,5.428035393241696e-07,0.006385923992049054
190,0.017398265572903724,1.7294852606367e-05,0.00581339583407294,0.08709034314690807,6.964166502562796e-05,0.004681792606764904,0.10464256040102754,6.0764731825317824e-05,0.00340418665688055,5.729592915088457e-07,5.729592915088457e-07,0.00674069754716289
200,0.017392926522680475,1.8202491144319682e-05,0.006118484418258715,0.0870688297124313,7.329894888668044e-05,0.004927660429356667,0.10462377651564862,6.395799233973465e-05,0.003583080803346479,6.031150436935218e-07,6.031150436935218e-07,0.007095471102276727
210,0.017387589009186463,1.9109868438301543e-05,0.006423485189345057,0.08704732101817987,7.695542690942262e-05,0.005173474077944377,0.10460499550100312,6.715076482946806e-05,0.003761947609494009,6.332707958781978e-07,6.332707958781978e-07,0.007450244657390562
220,0.017382253032052153,2.0016984551134098e-05,0.006728398168448436,0.08702581706344124,8.061109921498931e-05,0.00541923356067155,0.10458621735682608,7.034304933956668e-05,0.003940787077846873,6.63426548062874e-07,6.63426548062874e-07,0.0078050182125044
230,0.017376918590908008,2.0923839545638815e-05,0.007033223376685316,0.08700431784750286,8.426596592451536e-05,0.005664938885681705,0.10456744208285247,7.353484591507925e-05,0.00411959921092881,6.9358230024755e-07,6.9358230024755e-07,0.008159791767618234
240,0.017371585685384487,2.183043348463722e-05,0.007337960835172174,0.08698282336965214,8.792002715913559e-05,0.005910590061118358,0.10454866967881732,7.672615460105446e-05,0.004298384011263555,7.237380524322262e-07,7.237380524322262e-07,0.008514565322732072
250,0.017366254315112056,2.2736766430950793e-05,0.007642610565025476,0.08696133362917656,9.157328303998487e-05,0.0061561870951250324,0.10452990014445564,7.991697544254096e-05,0.004477141481374844,7.538938046169022e-07,7.538938046169022e-07,0.008869338877845908
260,0.017360924479721172,2.364283844740103e-05,0.007947172587361691,0.08693984862536354,9.522573368819798e-05,0.0064017299958452414,0.10451113347950243,8.310730848458746e-05,0.004655871623786413,7.840495568015782e-07,7.840495568015782e-07,0.009224112432959742
270,0.0173555961788423,2.4548649596809438e-05,0.008251646923297289,0.08691836835750054,9.887737922490978e-05,0.006647218771422506,0.10449236968369269,8.629715377224264e-05,0.004834574441021997,8.142053089862544e-07,8.142053089862544e-07,0.00957888598807358
280,0.0173502694121059,2.5454199941997506e-05,0.00855603359394874,0.08689689282487498,0.00010252821977125509,0.006892653430000341,0.10447360875676144,8.948651135055519e-05,0.005013249935605333,8.443610611709306e-07,8.443610611709306e-07,0.009933659543187418
290,0.01734494417914243,2.6359489545786737e-05,0.008860332620432516,0.0868754220267743,0.00010617825544836876,0.007138033979722269,0.10445485069844368,9.26753812645738e-05,0.0051918981100601575,8.745168133556066e-07,8.745168133556066e-07,0.010288433098301254
300,0.017339620479582363,2.726451847099862e-05,0.009164544023865082,0.08685395596248598,0.0001098274863773856,0.007383360428731804,0.10443609550847442,9.586376355934714e-05,0.005370518966910204,9.046725655402826e-07,9.046725655402826e-07,0.010643206653415088
310,0.017334298313056152,2.8169286780454657e-05,0.009468667825362908,0.08683249463129741,0.00011347591267944045,0.007628632785172466,0.10441734318658868,9.905165827992394e-05,0.005549112508679212,9.348283177249586e-07,9.348283177249586e-07,0.010997980208528924
320,0.01732897767919426,2.907379453697634e-05,0.009772704046042467,0.08681103803249607,0.00011712353447566817,0.007873851057187775,0.10439859373252146,0.00010223906547135285,0.005727678737890916,9.649840699096346e-07,9.649840699096346e-07,0.011352753763642759
330,0.017323658577627146,2.997804180338518e-05,0.010076652707020229,0.0867895861653694,0.00012077035188720359,0.008119015252921248,0.10437984714600775,0.00010542598517868256,0.005906217657069051,9.951398220943108e-07,9.951398220943108e-07,0.011707527318756596
340,0.01731834100798528,3.088202864250266e-05,0.010380513829412658,0.08676813902920481,0.0001244163650351815,0.008364125380516403,0.10436110342678258,0.00010861241744696181,0.006084729268737357,1.0252955742789868e-06,1.0252955742789868e-06,0.012062300873870432
350,0.017313024969899116,3.178575511715028e-05,0.010684287434336229,0.08674669662328979,0.00012806157404073677,0.008609181448116756,0.10434236257458095,0.00011179836232123918,0.006263213575419561,1.055451326463663e-06,1.055451326463663e-06,0.01241707442898427
360,0.017307710462999122,3.268922129014954e-05,0.010987973542907406,0.08672525894691174,0.0001317059790250042,0.008854183463865826,0.10432362458913785,0.00011498381984656345,0.0064416705796394086,1.085607078648339e-06,1.085607078648339e-06,0.012771847984098104
370,0.017302397486915755,3.359242722432193e-05,0.011291572176242666,0.08670382599935814,0.00013534958010911867,0.009099131435907135,0.10430488947018833,0.00011816879006798331,0.006620100283920634,1.1157628308330152e-06,1.1157628308330152e-06,0.013126621539211942
380,0.01729708604127948,3.4495372982488964e-05,0.011595083355458474,0.08668239777991639,0.00013899237741421493,0.009344025372384195,0.10428615721746737,0.00012135327303054738,0.006798502690786967,1.1459185830176912e-06,1.1459185830176912e-06,0.013481395094325778
390,0.017291776125720755,3.539805862747211e-05,0.011898507101671296,0.08666097428787396,0.00014263437106142788,0.009588865281440529,0.10426742783070997,0.0001245372687793044,0.006976877802762151,1.1760743352023674e-06,1.1760743352023674e-06,0.013836168649439616
400,0.017286467739870044,3.630048422209289e-05,0.01220184343599761,0.08663955552251829,0.0001462755611718924,0.009833651171219655,0.10424870130965115,0.00012772077735930302,0.007155225622369918,1.2062300873870434e-06,1.2062300873870434e-06,0.01419094220455345
410,0.017281160883357807,3.720264982917279e-05,0.012505092379553879,0.0866181414831368,0.00014991594786674322,0.01007838304986509,0.10422997765402593,0.00013090379881559196,0.007333546152134003,1.2363858395717196e-06,1.2363858395717196e-06,0.014545715759667288
420,0.017275855555671595,3.8104555535829036e-05,0.012808253961623203,0.08659673216883022,0.00015355553129886256,0.010323060927654625,0.10421125686360208,0.00013408633318764542,0.00751183939426585,1.2665415917563956e-06,1.2665415917563956e-06,0.014900489314781124
430,0.017270551752574474,3.9006202062339854e-05,0.013111328424315916,0.08657532757383053,0.0001571943124488116,0.010567684870508342,0.10419253893901813,0.0001372683803669178,0.00769010534268447,1.2966973439410716e-06,1.2966973439410716e-06,0.015255262869894958
440,0.017265249471980323,3.9907589763345456e-05,0.013414315886838809,0.08655392769517523,0.00016083229182021211,0.010812254912283166,0.10417382388046119,0.0001404499403215976,0.007868343995607707,1.3268530961257478e-06,1.3268530961257478e-06,0.015610036425008796
450,0.017259948713542455,4.080871869778314e-05,0.013717216369002734,0.08653253253217401,0.0001644694695304192,0.011056771060868515,0.10415511168772582,0.00014363101308661206,0.008046555354992272,1.3570088483104238e-06,1.3570088483104238e-06,0.015964809980122632
460,0.01725464947691418,4.170958892459021e-05,0.014020029890618556,0.08651114208413654,0.000168105845696788,0.011301233324153814,0.10413640236060653,0.00014681159869688848,0.008224739422794872,1.3871646004950998e-06,1.3871646004950998e-06,0.01631958353523647
470,0.017249351761748802,4.261020050270397e-05,0.014322756471497134,0.08648975635037252,0.00017174142043667367,0.01154564171002848,0.10411769589889791,0.0001499916971873541,0.008402896200972218,1.417320352679776e-06,1.417320352679776e-06,0.016674357090350304
480,0.01724405556769964,4.351055349106171e-05,0.014625396131449314,0.0864683753301916,0.0001753761938674313,0.011789996226381933,0.10409899230239449,0.0001531713085929362,0.00858102569148102,1.447476104864452e-06,1.447476104864452e-06,0.01702913064546414
490,0.01723876089442,4.4410647948600736e-05,0.014927948890285961,0.08644699902290344,0.000179010166106416,0.012034296881103596,0.10408029157089081,0.00015635043294856207,0.008759127896277988,1.4776318570491282e-06,1.4776318570491282e-06,0.017383904200577976
500,0.017233467741563188,4.5310483934258346e-05,0.01523041476781793,0.08642562742781776,0.00018264333727098297,0.012278543682082888,0.10406159370418142,0.00015952907028915896,0.00893720281731983,1.5077876092338042e-06,1.5077876092338042e-06,0.017738677755691813
510,0.017228176108782522,4.6210061506971845e-05,0.015532793783856082,0.0864042605442442,0.0001862757074784873,0.012522736637209228,0.10404289870206086,0.00016270722064965415,0.009115250456563258,1.5379433614184804e-06,1.5379433614184804e-06,0.018093451310805652
520,0.017222885995731307,4.710938072567852e-05,0.015835085958211266,0.08638289837149246,0.00018990727684628413,0.012766875754372041,0.10402420656432368,0.0001658848840649749,0.009293270815964982,1.5680991136031564e-06,1.5680991136031564e-06,0.018448224865919485
530,0.01721759740206285,4.800844164931569e-05,0.016137291310694347,0.0863615409088722,0.0001935380454917286,0.013010961041460744,0.10400551729076442,0.00016906206057004848,0.009471263897481708,1.5982548657878326e-06,1.5982548657878326e-06,0.018802998421033324
540,0.01721231032743047,4.890724433682064e-05,0.01643940986111618,0.0863401881556931,0.00019716801353217582,0.01325499250636476,0.10398683088117763,0.00017223875019980214,0.009649229703070148,1.6284106179725086e-06,1.6284106179725086e-06,0.01915777197614716
550,0.01720702477148747,4.9805788847130665e-05,0.016741441629287618,0.08631884011126482,0.00020079718108498095,0.013498970156973508,0.10396814733535786,0.0001754149529891632,0.009827168234687015,1.6585663701571846e-06,1.6585663701571846e-06,0.019512545531260993
560,0.01720174073388716,5.070407523918308e-05,0.01704338663501952,0.08629749677489708,0.00020442554826749908,0.013742894001176406,0.10394946665309965,0.0001785906689730589,0.010005079494289014,1.6887221223418608e-06,1.6887221223418608e-06,0.019867319086374832
570,0.017196458214282853,5.1602103571915176e-05,0.017345244898122746,0.0862761581458995,0.00020805311519708539,0.01398676404686288,0.10393078883419755,0.0001817658981864165,0.010182963483832857,1.718877874526537e-06,1.718877874526537e-06,0.02022209264148867
580,0.01719117721232786,5.249987390426426e-05,0.01764701643840815,0.0862548242235818,0.000211679881991095,0.014230580301922351,0.1039121138784461,0.0001849406406641633,0.010360820205275255,1.749033626711213e-06,1.749033626711213e-06,0.020576866196602504
590,0.017185897727675488,5.3397386295167624e-05,0.017948701275686596,0.08623349500725364,0.000215305848766883,0.014474342774244232,0.10389344178563985,0.00018811489644122653,0.010538649660572915,1.779189378895889e-06,1.779189378895889e-06,0.02093163975171634
600,0.017180619759979046,5.429464080356257e-05,0.01825029942976893,0.08621217049622469,0.00021893101564180454,0.014718051471717949,0.10387477255557333,0.00019128866555253346,0.010716451851682546,1.8093451310805652e-06,1.8093451310805652e-06,0.021286413306830176
610,0.017175343308891845,5.51916374883864e-05,0.018551810920466014,0.08619085068980463,0.0002225553827332148,0.014961706402232926,0.1038561061880411,0.0001944619480330114,0.010894226780560864,1.8395008832652412e-06,1.8395008832652412e-06,0.021641186861944012
620,0.0171700683740672,5.6088376408576416e-05,0.01885323576758871,0.08616953558730313,0.00022617895015846883,0.015205307573678575,0.10383744268283772,0.00019763474391758763,0.011071974449164574,1.8696566354499172e-06,1.8696566354499172e-06,0.02199596041705785
630,0.017164794955158415,5.698485762306991e-05,0.019154573990947867,0.08614822518802988,0.00022980171803492185,0.015448854993944324,0.10381878203975771,0.00020080705324118935,0.011249694859450385,1.8998123876345934e-06,1.8998123876345934e-06,0.022350733972171685
640,0.017159523051818802,5.7881081190804185e-05,0.019455825610354346,0.08612691949129454,0.0002334236864799289,0.01569234867091959,0.10380012425859562,0.00020397887603874388,0.011427388013375008,1.9299681398192696e-06,1.9299681398192696e-06,0.022705507527285524
650,0.01715425266370167,5.8777047170716534e-05,0.019756990645619,0.0861056184964068,0.0002370448556108452,0.015935788612493795,0.103781469339146,0.0002071502123451785,0.011605053912895154,1.9601238920039454e-06,1.9601238920039454e-06,0.023060281082399357
660,0.01714898379046033,5.967275562174428e-05,0.020058069116552696,0.08608432220267632,0.00024066522554502579,0.016179174826556352,0.1037628172812034,0.0002103210621954204,0.01178269255996753,1.9902796441886216e-06,1.9902796441886216e-06,0.023415054637513193
670,0.017143716431748092,6.05682066028247e-05,0.020359061042966285,0.0860630306094128,0.00024428479639982585,0.016422507320996694,0.10374416808456237,0.00021349142562439695,0.011960303956548849,2.020435396373298e-06,2.020435396373298e-06,0.023769828192627032
680,0.017138450587218267,6.14634001728951e-05,0.02065996644467062,0.08604174371592589,0.00024790356829260053,0.016665786103704238,0.10372552174901743,0.00021666130266703536,0.01213788810459582,2.0505911485579736e-06,2.0505911485579736e-06,0.024124601747740865
690,0.01713318625652416,6.235833639089278e-05,0.020960785341476565,0.08602046152152527,0.00025152154134070495,0.0169090111825684,0.10370687827436316,0.0002198306933582629,0.01231544500606515,2.08074690074265e-06,2.08074690074265e-06,0.0244793753028547
700,0.01712792343931909,6.325301531575505e-05,0.021261517753194976,0.08599918402552063,0.00025513871566149423,0.0171521825654786,0.10368823766039408,0.0002229995977330069,0.012492974662913551,2.110902652927326e-06,2.110902652927326e-06,0.02483414885796854
710,0.01712266213525636,6.414743700641919e-05,0.0215621636996367,0.08597791122722163,0.0002587550913723235,0.017395300260324265,0.10366959990690473,0.00022616801582619458,0.012670477077097736,2.141058405112002e-06,2.141058405112002e-06,0.025188922413082373
720,0.017117402343989282,6.504160152182251e-05,0.021862723200612607,0.08595664312593797,0.0002623706685905479,0.017638364274994815,0.10365096501368969,0.0002293359476727532,0.01284795225057441,2.171214157296678e-06,2.171214157296678e-06,0.02554369596819621
730,0.017112144065171166,6.593550892090233e-05,0.022163196275933553,0.08593537972097928,0.0002659854474335226,0.017881374617379667,0.10363233298054347,0.00023250339330761007,0.013025400185300283,2.2013699094813542e-06,2.2013699094813542e-06,0.02589846952331005
740,0.01710688729845532,6.68291592625959e-05,0.022463582945410385,0.08591412101165528,0.00026959942801860263,0.018124331295368244,0.10361370380726063,0.0002356703527656924,0.013202820883232066,2.2315256616660304e-06,2.2315256616660304e-06,0.026253243078423884
750,0.017101632043495057,6.772255260584056e-05,0.022763883228853966,0.08589286699727564,0.00027321261046314314,0.018367234316849956,0.10359507749363572,0.00023883682608192745,0.013380214346326469,2.2616814138507066e-06,2.2616814138507066e-06,0.026608016633537724
760,0.017096378299943687,6.86156890095736e-05,0.02306409714607516,0.08587161767715001,0.00027682499488449933,0.01861008368971424,0.10357645403946328,0.0002420028132912426,0.013557580576540202,2.2918371660353824e-06,2.2918371660353824e-06,0.026962790188651557
770,0.01709112606745452,6.950856853273234e-05,0.02336422471688482,0.0858503730505881,0.00028043658140002633,0.018852879421850505,0.10355783344453785,0.00024516831442856503,0.013734919575829974,2.3219929182200586e-06,2.3219929182200586e-06,0.027317563743765393
780,0.01708587534568086,7.040119123425404e-05,0.023664265961093795,0.08582913311689955,0.00028404737012707927,0.019095621521148184,0.10353921570865399,0.0002483333295288221,0.013912231346152498,2.352148670404735e-06,2.352148670404735e-06,0.027672337298879232
790,0.017080626134276026,7.129355717307602e-05,0.023964220898512946,0.08580789787539404,0.00028765736118301327,0.019338309995496687,0.10352060083160623,0.0002514978586269409,0.014089515889464476,2.3823044225894106e-06,2.3823044225894106e-06,0.028027110853993065
800,0.017075378432893324,7.218566640813558e-05,0.024264089548953136,0.08578666732538129,0.00029126655468518335,0.019580944852785432,0.10350198881318912,0.0002546619017578489,0.014266773207722627,2.4124601747740873e-06,2.4124601747740873e-06,0.028381884409106908
810,0.017070132241186062,7.307751899837003e-05,0.024563871932225218,0.08576544146617092,0.00029487495075094475,0.019823526100903845,0.10348337965319722,0.00025782545895647324,0.014444003302883656,2.442615926958763e-06,2.442615926958763e-06,0.02873665796422074
820,0.017064887558807553,7.396911500271664e-05,0.024863568068140045,0.08574422029707264,0.00029848254949765265,0.020066053747741352,0.10346477335142505,0.00026098853025774123,0.014621206176904272,2.472771679143439e-06,2.472771679143439e-06,0.029091431519334573
830,0.017059644385411105,7.486045448011274e-05,0.025163177976508484,0.08572300381739612,0.0003020893510426621,0.020308527801187363,0.10344616990766717,0.00026415111569658015,0.014798381831741186,2.502927431328115e-06,2.502927431328115e-06,0.02944620507444841
840,0.01705440272065003,7.57515374894956e-05,0.02546270167714138,0.08570179202645102,0.0003056953555033282,0.020550948269131303,0.10342756932171814,0.00026731321530791725,0.014975530269351108,2.5330831835127912e-06,2.5330831835127912e-06,0.02980097862956225
850,0.017049162564177635,7.664236408980257e-05,0.0257621391898496,0.08568058492354703,0.0003093005629970062,0.0207933151594626,0.10340897159337246,0.0002704748291266798,0.015152651491690747,2.5632389356974674e-06,2.5632389356974674e-06,0.030155752184676084
860,0.01704392391564723,7.75329343399709e-05,0.026061490534443996,0.08565938250799382,0.00031290497364105116,0.02103562848007066,0.10339037672242474,0.0002736359571877951,0.015329745500716812,2.5933946878821436e-06,2.5933946878821436e-06,0.030510525739789924
870,0.017038686774712132,7.84232482989379e-05,0.02636075573073543,0.08563818477910108,0.0003165085875528181,0.02127788823884491,0.10337178470866946,0.0002767965995261904,0.015506812298386017,2.6235504400668194e-06,2.6235504400668194e-06,0.030865299294903756
880,0.017033451141025644,7.93133060256409e-05,0.026659934798534752,0.08561699173617847,0.00032011140484966235,0.021520094443674774,0.10335319555190121,0.000279956756176793,0.01568385188665507,2.6537061922514956e-06,2.6537061922514956e-06,0.031220072850017593
890,0.01702821701424108,8.020310757901716e-05,0.026959027757652826,0.08559580337853566,0.000323713425648939,0.02176224710244968,0.10333460925191452,0.00028311642717453005,0.015860864267480675,2.683861944436172e-06,2.683861944436172e-06,0.03157484640513143
900,0.017022984394011745,8.1092653018004e-05,0.0272580346279005,0.08557461970548234,0.0003273146500680031,0.022004346223059027,0.10331602580850395,0.000286275612554329,0.01603784944281955,2.714017696620848e-06,2.714017696620848e-06,0.03192961996024527
910,0.01701775327999095,8.198194240153871e-05,0.027556955429088637,0.08555344071632819,0.00033091507822420986,0.022246391813392257,0.10329744522146402,0.00028943431235111696,0.016214807414628402,2.744173448805524e-06,2.744173448805524e-06,0.032284393515359104
920,0.017012523671832012,8.28709757885586e-05,0.027855790181028097,0.08553226641038286,0.00033451471023491423,0.02248838388133877,0.10327886749058929,0.0002925925265998213,0.01639173818486394,2.7743292009902e-06,2.7743292009902e-06,0.03263916707047294
930,0.017007295569188233,8.375975323800098e-05,0.028154538903529737,0.08551109678695606,0.00033811354621747166,0.02273032243478801,0.10326029261567429,0.00029575025533536923,0.016568641755482873,2.804484953174876e-06,2.804484953174876e-06,0.03299394062558677
940,0.017002068971712924,8.464827480880312e-05,0.02845320161640441,0.08548993184535744,0.00034171158628923696,0.022972207481629373,0.1032417205965136,0.0002989074985926881,0.016745518128441907,2.834640705359552e-06,2.834640705359552e-06,0.03334871418070061
950,0.0169968438790594,8.553654055990234e-05,0.02875177833946297,0.08546877158489669,0.00034530883056756547,0.023214039029752297,0.10322315143290173,0.0003020642564067051,0.016922367305697766,2.8647964575442282e-06,2.8647964575442282e-06,0.03370348773581445
960,0.016991620290880968,8.642455055023595e-05,0.02905026909251628,0.08544761600488347,0.00034890527916981226,0.023455817087046197,0.10320458512463325,0.00030522052881234746,0.01709918928920714,2.894952209728904e-06,2.894952209728904e-06,0.03405826129092828
970,0.016986398206830938,8.731230483874122e-05,0.029348673895375196,0.08542646510462747,0.00035250093221333246,0.023697541661400496,0.10318602167150269,0.0003083763158445426,0.017275984080926756,2.9251079619135807e-06,2.9251079619135807e-06,0.03441303484604212
980,0.016981177626562618,8.819980348435547e-05,0.029646992767850575,0.08540531888343836,0.0003560957898154812,0.023939212760704615,0.1031674610733046,0.00031153161753821765,0.017452751682813315,2.9552637140982564e-06,2.9552637140982564e-06,0.03476780840115595
990,0.01697595854972932,8.908704654601599e-05,0.029945225729753274,0.08538417734062581,0.0003596898520936136,0.02418083039284797,0.10314890332983352,0.0003146864339283,0.01762949209682353,2.9854194662829322e-06,2.9854194662829322e-06,0.035122581956269786
1000,0.016970740975984354,8.997403408266008e-05,0.03024337280089414,0.08536304047549952,0.00036328311916508475,0.024422394565719978,0.10313034844088402,0.00031784076504971683,0.017806205324914108,3.015575218467609e-06,3.015575218467609e-06,0.03547735551138363
1010,0.01696552490498103,9.086076615322507e-05,0.030541434001084056,0.08534190828736912,0.00036687559114724987,0.02466390528721007,0.10311179640625061,0.0003209946109373954,0.01798289136904176,3.0457309706522846e-06,3.0457309706522846e-06,0.035832129066497465
1020,0.016960310336372658,9.17472428166482e-05,0.030839409350133847,0.08532078077554434,0.0003704672681574641,0.024905362565207666,0.10309324722572787,0.00032414797162626306,0.018159550231163196,3.0758867228369613e-06,3.0758867228369613e-06,0.036186902621611304
1030,0.01695509726981255,9.263346413186684e-05,0.031137298867854397,0.08529965793933482,0.0003740581503130825,0.025146766407602182,0.1030747008991103,0.000327300847151247,0.018336181913235123,3.106042475021637e-06,3.106042475021637e-06,0.03654167617672514
1040,0.016949885704954013,9.351943015781824e-05,0.03143510257405655,0.08527853977805025,0.0003776482377314602,0.025388116822283032,0.10305615742619251,0.0003304532375472745,0.01851278641721426,3.1361982272063133e-06,3.1361982272063133e-06,0.036896449731838976
1050,0.016944675641450357,9.440514095343969e-05,0.03173282048855115,0.08525742629100029,0.00038123753052995236,0.02562941381713965,0.10303761680676898,0.0003336051428492729,0.018689363745057305,3.1663539793909895e-06,3.1663539793909895e-06,0.037251223286952816
1060,0.016939467078954894,9.529059657766855e-05,0.032030452631149085,0.08523631747749463,0.0003848260288259141,0.025870657400061448,0.1030190790406343,0.00033675656309216937,0.018865913898720974,3.1965097315756652e-06,3.1965097315756652e-06,0.03760599684206665
1070,0.016934260017120933,9.617579708944208e-05,0.0323279990216612,0.08521521333684295,0.00038841373273670063,0.026111847578937853,0.10300054412758299,0.0003399074983108912,0.019042436880161974,3.226665483760342e-06,3.226665483760342e-06,0.03796077039718049
1080,0.01692905445560178,9.706074254769756e-05,0.03262545967989834,0.0851941138683549,0.0003920006423796669,0.026352984361658276,0.10298201206740962,0.0003430579485403658,0.01921893269133702,3.2568212359450177e-06,3.2568212359450177e-06,0.03831554395229432
1090,0.016923850394050755,9.794543301137233e-05,0.03292283462567137,0.0851730190713402,0.00039558675787216825,0.026594067756112148,0.1029634828599087,0.0003462079138155203,0.019395401334202818,3.2869769881296934e-06,3.2869769881296934e-06,0.03867031750740815
1100,0.01691864783212116,9.882986853940369e-05,0.03322012387879115,0.08515192894510848,0.00039917207933155965,0.02683509777018888,0.10294495650487481,0.000349357394171282,0.019571842810716077,3.3171327403143692e-06,3.3171327403143692e-06,0.039025091062521985
1110,0.016913446769466302,9.97140491907289e-05,0.03351732745906853,0.08513084348896945,0.00040275660687519635,0.027076074411777902,0.10292643300210248,0.0003525063896425781,0.01974825712283351,3.347288492499046e-06,3.347288492499046e-06,0.03937986461763583
1120,0.0169082472057395,0.00010059797502428528,0.033814445386314375,0.08510976270223275,0.0004063403406204334,0.027316997688768628,0.10290791235138626,0.000355654900264336,0.019924644272511824,3.3774442446837216e-06,3.3774442446837216e-06,0.039734638172749664
1130,0.01690304914059406,0.00010148164609901012,0.034111477680339536,0.0850886865842081,0.0004099232806846259,0.027557867609050476,0.10288939455252069,0.0003588029260714829,0.020101004261707727,3.4075999968683974e-06,3.4075999968683974e-06,0.0400894117278635
1140,0.016897852573683293,0.00010236506247384078,0.034408424360954884,0.08506761513420513,0.0004135054271851291,0.02779868418051288,0.10287087960530031,0.00036195046709894605,0.020277337092377928,3.437755749053074e-06,3.437755749053074e-06,0.04044418528297734
1150,0.016892657504660506,0.00010324822420771447,0.03470528544797125,0.08504654835153355,0.000417086780239298,0.02803944741104524,0.10285236750951969,0.0003650975233816528,0.02045364276647915,3.46791150123775e-06,3.46791150123775e-06,0.04079895883809117
1160,0.01688746393317901,0.00010413113135956855,0.03500206096119951,0.08502548623550302,0.00042066733996448793,0.028280157308536998,0.10283385826497335,0.0003682440949545304,0.020629921285968092,3.4980672534224265e-06,3.4980672534224265e-06,0.041153732393205016
1170,0.016882271858892118,0.0001050137839883403,0.03529875092045052,0.08500442878542322,0.00042424710647805385,0.028520813880877564,0.10281535187145585,0.000371390181852506,0.020806172652801457,3.5282230056071023e-06,3.5282230056071023e-06,0.04150850594831885
1180,0.016877081281453137,0.00010589618215296702,0.035595355345535123,0.08498337600060382,0.0004278260798973509,0.028761417135956358,0.10279684832876172,0.00037453578411050705,0.02098239686893597,3.558378757791778e-06,3.558378757791778e-06,0.04186327950343268
1190,0.016871892200515378,0.000106778325912386,0.0358918742562642,0.08496232788035452,0.00043140426033973423,0.0290019670816628,0.10277834763668553,0.0003776809017634606,0.021158593936328327,3.5885345099764547e-06,3.5885345099764547e-06,0.04221805305854652
1200,0.016866704615732152,0.00010766021532553457,0.03618830767244859,0.08494128442398496,0.00043498164792255895,0.02924246372588631,0.1027598497950218,0.0003808255348462941,0.021334763856935245,3.6186902621611305e-06,3.6186902621611305e-06,0.04257282661366035
1210,0.016861518526756766,0.00010854185045135,0.03648465561389915,0.08492024563080483,0.00043855824276318035,0.02948290707651632,0.10274135480356508,0.0003839696833939348,0.021510906632713437,3.6488460143458062e-06,3.6488460143458062e-06,0.042927600168774185
1220,0.016856333933242533,0.00010942323134876961,0.03678091810042675,0.08489921150012382,0.00044213404497895335,0.02972329714144224,0.10272286266210993,0.0003871133474413099,0.021687022265619603,3.679001766530483e-06,3.679001766530483e-06,0.04328237372388803
1230,0.016851150834842763,0.00011030435807673071,0.03707709515184225,0.08487818203125158,0.0004457090546872332,0.029963633928553488,0.1027043733704509,0.0003902565270233467,0.02186311075761046,3.7091575187151587e-06,3.7091575187151587e-06,0.043637147279001864
1240,0.016845969231210765,0.00011118523069417053,0.037373186787956474,0.0848571572234978,0.00044928327200537496,0.03020391744573949,0.10268588692838251,0.00039339922217497254,0.02203917211064272,3.7393132708998353e-06,3.7393132708998353e-06,0.043991920834115704
1250,0.016840789121999846,0.00011206584926002646,0.03766919302858032,0.08483613707617216,0.0004528566970507339,0.03044414770088967,0.10266740333569932,0.0003965414329311145,0.022215206326673082,3.769469023084511e-06,3.769469023084511e-06,0.044346694389229536
1260,0.016835610506863323,0.00011294621383323573,0.03796511389352461,0.08481512158858433,0.00045642932994066496,0.03068432470189344,0.10264892259219588,0.0003996831593267,0.022391213407658265,3.799624775269187e-06,3.799624775269187e-06,0.04470146794434337
1270,0.016830433385454497,0.00011382632447273569,0.038260949402600226,0.08479411076004399,0.00046000117079252333,0.030924448456640222,0.10263044469766673,0.00040282440139665645,0.022567193355554984,3.8297805274538635e-06,3.8297805274538635e-06,0.045056241499457216
1280,0.016825257757426687,0.00011470618123746363,0.038556699575618025,0.08477310458986081,0.0004635722197236643,0.031164518973019445,0.1026119696519064,0.00040596515917591084,0.022743146172319935,3.859936279638539e-06,3.859936279638539e-06,0.04541101505457105
1290,0.0168200836224332,0.0001155857841863568,0.03885236443238883,0.08475210307734446,0.00046714247685144275,0.03140453625892052,0.10259349745470947,0.0004091054326993904,0.022919071859909827,3.890092031823215e-06,3.890092031823215e-06,0.04576578860968488
1300,0.01681491098012734,0.00011646513337835258,0.039147943992723554,0.08473110622180463,0.0004707119422932141,0.03164450032223288,0.10257502810587045,0.00041224522200202277,0.02309497042028139,3.920247784007892e-06,3.920247784007892e-06,0.04612056216479872
1310,0.016809739830162426,0.00011734422887238821,0.03944343827643301,0.08471011402255099,0.00047428061616633317,0.03188441117084592,0.10255656160518391,0.0004153845271187349,0.02327084185539131,3.9504035361925675e-06,3.9504035361925675e-06,0.04647533571991255
1320,0.016804570172191762,0.00011822307072740102,0.03973884730332807,0.08468912647889322,0.0004778484985881553,0.03212426881264909,0.10253809795244438,0.00041852334808445424,0.023446686167196317,3.980559288377243e-06,3.980559288377243e-06,0.046830109275026385
1330,0.016799402005868658,0.0001191016590023283,0.04003417109321959,0.08466814359014098,0.00048141558967603555,0.0323640732555318,0.10251963714744643,0.00042166168493410795,0.023622503357653108,4.01071504056192e-06,4.01071504056192e-06,0.04718488283014023
1340,0.01679423533084643,0.00011997999375610734,0.04032940966591843,0.08464716535560396,0.00048498188954732913,0.032603824507383465,0.10250117918998457,0.0004247995377026232,0.023798293428718385,4.040870792746596e-06,4.040870792746596e-06,0.047539656385254064
1350,0.01678907014677838,0.00012085807504767543,0.040624563041235434,0.08462619177459182,0.000488547398319391,0.032843522576093506,0.10248272407985337,0.0004279369064249276,0.023974056382348882,4.0710265449312714e-06,4.0710265449312714e-06,0.0478944299403679
1360,0.016783906453317825,0.00012173590293596993,0.040919631238981485,0.08460522284641427,0.0004921121161095764,0.03308316746955135,0.10246427181684736,0.0004310737911359481,0.024149792220501298,4.101182297115948e-06,4.101182297115948e-06,0.048249203495481736
1370,0.016778744250118074,0.00012261347747992806,0.041214614278967415,0.08458425857038095,0.0004956760430352405,0.03332275919564642,0.1024458224007611,0.00043421019187061204,0.024325500945132326,4.131338049300624e-06,4.131338049300624e-06,0.04860397705059557
1380,0.01677358353683243,0.0001234907987384872,0.04150951218100409,0.08456329894580154,0.0004992391792137385,0.033562297762268135,0.10242737583138914,0.0004373461086638468,0.024501182558198702,4.1614938014853005e-06,4.1614938014853005e-06,0.048958750605709415
1390,0.016768424313114212,0.00012436786677058457,0.04180432496490238,0.08454234397198575,0.0005028015247624253,0.0338017831773059,0.102408932108526,0.0004404815415505796,0.024676837061657124,4.191649553669976e-06,4.191649553669976e-06,0.04931352416082325
1400,0.016763266578616723,0.00012524468163515752,0.04209905265047311,0.08452139364824321,0.0005063630797986561,0.034041215448649145,0.10239049123196625,0.00044361649056573764,0.024852464457464293,4.221805305854652e-06,4.221805305854652e-06,0.04966829771593708
1410,0.01675811033299328,0.00012612124339114335,0.042393695257527175,0.08450044797388362,0.0005099238444397861,0.0342805945841873,0.10237205320150441,0.00044675095574424816,0.025028064747576927,4.251961058039328e-06,4.251961058039328e-06,0.05002307127105091
1420,0.016752955575897184,0.0001269975520974793,0.04268825280587539,0.08447950694821665,0.0005134838188031705,0.03451992059180978,0.10235361801693506,0.00044988493712103865,0.025203637933951743,4.282116810224004e-06,4.282116810224004e-06,0.050377844826164746
1430,0.01674780230698175,0.00012787360781310277,0.04298272531532866,0.08445857057055198,0.0005170430030061643,0.034759193479406,0.10233518567805272,0.00045301843473103624,0.025379184018545446,4.312272562408681e-06,4.312272562408681e-06,0.0507326183812786
1440,0.01674265052590029,0.000128749410596951,0.04327711280569781,0.0844376388401993,0.0005206013971661228,0.03499841325486539,0.10231675618465196,0.00045615144860916806,0.02555470300331474,4.342428314593357e-06,4.342428314593357e-06,0.05108739193639243
1450,0.016737500232306114,0.00012962496050796126,0.043571415296793696,0.08441671175646824,0.0005241590014004008,0.03523757992607736,0.10229832953652729,0.0004592839787903617,0.025730194890216343,4.372584066778033e-06,4.372584066778033e-06,0.051442165491506264
1460,0.016732351425852526,0.0001305002576050709,0.043865632808427195,0.08439578931866852,0.0005277158158263537,0.035476693500931335,0.10227990573347327,0.00046241602530954406,0.02590565968120695,4.4027398189627084e-06,4.4027398189627084e-06,0.0517969390466201
1470,0.01672720410619284,0.00013137530194721724,0.04415976536040915,0.0843748715261098,0.0005312718405613366,0.03571575398731674,0.10226148477528445,0.00046554758820164263,0.026081097378243285,4.432895571147384e-06,4.432895571147384e-06,0.05215171260173393
1480,0.01672205827298037,0.0001322500935933375,0.04445381297255042,0.08435395837810175,0.0005348270757227046,0.035954761393122994,0.10224306666175538,0.00046867866750158465,0.026256507983282055,4.46305132333206e-06,4.46305132333206e-06,0.05250648615684776
1490,0.01671691392586842,0.00013312463260236904,0.044747775664661864,0.08433304987395406,0.0005383815214278128,0.036193715726239514,0.1022246513926806,0.00047180926324429746,0.026431891498279972,4.493207075516737e-06,4.493207075516737e-06,0.0528612597119616
1500,0.0167117710645103,0.0001339989190332492,0.04504165345655435,0.08431214601297639,0.0005419351777940164,0.03643261699455572,0.10220623896785465,0.0004749393754647082,0.026607247925193738,4.523362827701413e-06,4.523362827701413e-06,0.05321603326707545
1510,0.016706629688559325,0.00013487295294491516,0.04533544636803871,0.08429124679447841,0.0005454880449386704,0.03667146520596103,0.10218782938707209,0.0004780690041977443,0.026782577265980073,4.553518579886089e-06,4.553518579886089e-06,0.05357080682218928
1520,0.0167014897976688,0.0001357467343963043,0.045629154418925816,0.08427035221776984,0.0005490401229791302,0.03691026036834489,0.10216942265012745,0.00048119814947833277,0.026957879522595672,4.583674332070765e-06,4.583674332070765e-06,0.05392558037730311
1530,0.01669635139149204,0.0001366202634463539,0.045922777629026516,0.0842494622821603,0.0005525914120327506,0.037149002489596676,0.10215101875681529,0.00048432681134140106,0.02713315469699726,4.613830084255441e-06,4.613830084255441e-06,0.054280353932416946
1540,0.016691214469682348,0.00013749354015400129,0.04621631601815169,0.0842285769869595,0.000556141912216887,0.03738769157760584,0.10213261770693013,0.0004874549898218764,0.027308402791141533,4.643985836440116e-06,4.643985836440116e-06,0.05463512748753078
1550,0.01668607903189304,0.00013836656457818372,0.046509769606112174,0.08420769633147711,0.0005596916236488944,0.03762632764026181,0.10211421950026654,0.0004905826849546862,0.027483623806985224,4.674141588624793e-06,4.674141588624793e-06,0.05498990104264462
1560,0.016680945077777422,0.00013923933677783854,0.04680313841271884,0.08418682031502278,0.0005632405464461279,0.03786491068545398,0.10209582413661906,0.0004937098967747575,0.02765881774648501,4.70429734080947e-06,4.70429734080947e-06,0.055344674597758464
1570,0.016675812606988808,0.000140111856811903,0.04709642245778252,0.08416594893690622,0.0005667886807259428,0.038103440721071774,0.10207743161578224,0.0004968366253170176,0.02783398461159763,4.7344530929941455e-06,4.7344530929941455e-06,0.0556994481528723
1580,0.016670681619180505,0.00014098412473931442,0.04738962176111409,0.0841450821964371,0.0005703360266056941,0.03834191775500464,0.10205904193755062,0.000499962870616394,0.028009124404279776,4.764608845178821e-06,4.764608845178821e-06,0.05605422170798613
1590,0.016665552114005826,0.00014185614061901013,0.047682736342524415,0.08412422009292508,0.0005738825842027368,0.03858034179514197,0.10204065510171874,0.0005030886327078138,0.028184237126488168,4.794764597363498e-06,4.794764597363498e-06,0.05640899526309997
1600,0.016660424091118075,0.0001427279045099274,0.047975766221824326,0.08410336262567986,0.0005774283536344263,0.03881871284937319,0.10202227110808115,0.0005062139116262043,0.028359322780179507,4.824920349548174e-06,4.824920349548174e-06,0.0567637688182138
1610,0.01665529755017057,0.00014359941647100352,0.04826871141882471,0.08408250979401108,0.0005809733350181175,0.039057030925587724,0.10200388995643239,0.0005093387074064926,0.028534381367310506,4.85507610173285e-06,4.85507610173285e-06,0.05711854237332765
1620,0.016650172490816614,0.0001444706765611758,0.0485615719533364,0.08406166159722844,0.0005845175284711657,0.039295296031674996,0.10198551164656702,0.0005124630200836061,0.028709412889837877,4.885231853917526e-06,4.885231853917526e-06,0.05747331592844148
1630,0.01664504891270952,0.00014534168483938155,0.048854347845170266,0.08404081803464163,0.0005880609341109259,0.03953350817552442,0.10196713617827957,0.0005155868496924723,0.028884417349718333,4.915387606102202e-06,4.915387606102202e-06,0.05782808948355531
1640,0.016639926815502602,0.00014621244136455808,0.04914703911413716,0.08401997910556028,0.0005916035520547535,0.039771667365025444,0.10194876355136459,0.0005187101962680181,0.029059394748908576,4.9455433582868785e-06,4.9455433582868785e-06,0.05818286303866915
1650,0.016634806198849165,0.00014708294619564266,0.04943964578004795,0.0839991448092941,0.0005951453824200033,0.04000977360806744,0.10193039376561663,0.000521833059845171,0.029234345089365326,4.975699110471554e-06,4.975699110471554e-06,0.058537636593782985
1660,0.016629687062402518,0.00014795319939157257,0.049732167862713464,0.08397831514515278,0.0005986864253240305,0.040247826912539864,0.10191202682083024,0.0005249554404588581,0.02940926837304527,5.00585486265623e-06,5.00585486265623e-06,0.05889241014889682
1670,0.016624569405815973,0.00014882320101128517,0.050024605381944594,0.08395749011244595,0.0006022266808841904,0.04048582728633212,0.10189366271679996,0.0005280773381440069,0.029584164601905147,5.036010614840907e-06,5.036010614840907e-06,0.059247183704010664
1680,0.01661945322874284,0.00014969295111371775,0.05031695835755218,0.08393666971048332,0.0006057661492178379,0.040723774737333636,0.10187530145332033,0.0005311987529355444,0.029759033777901647,5.066166367025582e-06,5.066166367025582e-06,0.05960195725912448
1690,0.01661433853083643,0.0001505624497578076,0.05060922680934709,0.08391585393857455,0.0006093048304423284,0.04096166927343384,0.10185694303018589,0.0005343196848683981,0.029933875902991493,5.096322119210258e-06,5.096322119210258e-06,0.05995673081423833
1700,0.01660922531175005,0.00015143169700249199,0.05090141075714016,0.08389504279602933,0.0006128427246750169,0.04119951090252214,0.10183858744719121,0.0005374401339774951,0.030108690979131377,5.126477871394935e-06,5.126477871394935e-06,0.06031150436935217
1710,0.016604113571137013,0.0001523006929067082,0.051193510220742255,0.08387423628215732,0.0006163798320332585,0.041437299632487955,0.1018202347041308,0.0005405601002977629,0.03028347900827803,5.1566336235796115e-06,5.1566336235796115e-06,0.060666277924466015
1720,0.016599003308650627,0.00015316943752939364,0.051485525219964245,0.0838534343962682,0.0006199161526344082,0.041675035471220714,0.10180188480079924,0.0005436795838641284,0.030458239992388145,5.1867893757642864e-06,5.1867893757642864e-06,0.061021051479579834
1730,0.016593894523944205,0.0001540379309294855,0.051777455774616975,0.08383263713767165,0.0006234516865958214,0.04191271842660984,0.10178353773699106,0.0005467985847115194,0.03063297393341845,5.216945127948963e-06,5.216945127948963e-06,0.06137582503469368
1740,0.016588787216671053,0.00015490617316592115,0.052069301904511305,0.08381184450567734,0.0006269864340348531,0.04215034850654475,0.10176519351250081,0.0005499171028748626,0.030807680833325638,5.24710088013364e-06,5.24710088013364e-06,0.06173059858980752
1750,0.016583681386484486,0.00015577416429763782,0.05236106362945809,0.08379105649959497,0.0006305203950688586,0.04238792571891486,0.10174685212712302,0.0005530351383890855,0.030982360694066412,5.277256632318315e-06,5.277256632318315e-06,0.062085372144921346
1760,0.01657857703303781,0.0001566419043835729,0.05265274096926819,0.08377027311873417,0.0006340535698151927,0.042625450071609595,0.10172851358065226,0.0005561526912891154,0.0311570135175975,5.307412384502991e-06,5.307412384502991e-06,0.062440145700035185
1770,0.016573474155984334,0.0001575093934826636,0.05294433394375247,0.08374949436240466,0.0006375859583912108,0.042862921572518364,0.10171017787288306,0.0005592697616098796,0.031331639305875604,5.337568136687668e-06,5.337568136687668e-06,0.06279491925514903
1780,0.01656837275497737,0.00015837663165384729,0.05323584257272177,0.08372872022991608,0.0006411175609142678,0.043100340229530604,0.10169184500360996,0.0005623863493863055,0.03150623806085745,5.367723888872344e-06,5.367723888872344e-06,0.06314969281026286
1790,0.016563272829670232,0.0001592436189560612,0.053527266875986954,0.08370795072057813,0.0006446483775017192,0.04333770605053574,0.10167351497262753,0.00056550245465332,0.03168080978449972,5.3978796410570195e-06,5.3978796410570195e-06,0.0635044663653767
1800,0.016558174379716222,0.00016011035544824274,0.0538186068733589,0.08368718583370048,0.0006481784082709196,0.04357501904342316,0.10165518777973029,0.0005686180774458506,0.03185535447875914,5.428035393241696e-06,5.428035393241696e-06,0.06385923992049054
1810,0.016553077404768655,0.00016097684118932906,0.05410986258464842,0.0836664255685928,0.0006517076533392246,0.04381227921608232,0.1016368634247128,0.0005717332177988246,0.032029872145592414,5.458191145426371e-06,5.458191145426371e-06,0.06421401347560436
1820,0.01654798190448084,0.0001618430762382576,0.054401034029666416,0.08364566992456478,0.0006552361128239891,0.04404948657640262,0.10161854190736959,0.0005748478757471692,0.03220436278695626,5.488346897611048e-06,5.488346897611048e-06,0.06456878703071821
1830,0.016542887878506086,0.00016270906065396558,0.05469212122822372,0.08362491890092608,0.0006587637868425685,0.0442866411322735,0.10160022322749522,0.0005779620513258119,0.03237882640480739,5.5185026497957235e-06,5.5185026497957235e-06,0.06492356058583204
1840,0.016537795326497705,0.00016357479449539028,0.054983124200131184,0.08360417249698637,0.0006622906755123174,0.04452374289158435,0.10158190738488423,0.0005810757445696794,0.032553263001102485,5.5486584019804e-06,5.5486584019804e-06,0.06527833414094587
1850,0.016532704248109008,0.00016444027782146908,0.055274042965199686,0.08358343071205536,0.0006658167789505916,0.04476079186222464,0.10156359437933117,0.0005841889555136994,0.03272767257779829,5.578814154165076e-06,5.578814154165076e-06,0.0656331076960597
1860,0.0165276146429933,0.00016530551069113923,0.05556487754324008,0.08356269354544268,0.0006693420972747456,0.04499778805208373,0.1015452842106306,0.0005873016841927991,0.032902055136851495,5.608969906349752e-06,5.608969906349752e-06,0.06598788125117354
1870,0.016522526510803895,0.00016617049316333804,0.0558556279540632,0.08354196099645804,0.000672866630602135,0.04523473146905108,0.10152697687857702,0.0005904139306419059,0.03307641068021882,5.639125658534428e-06,5.639125658534428e-06,0.06634265480628738
1880,0.016517439851194103,0.00016703522529700282,0.056146294217479936,0.0835212330644111,0.0006763903790501147,0.0454716221210161,0.10150867238296502,0.0005935256948959468,0.033250739209856967,5.669281410719105e-06,5.669281410719105e-06,0.06669742836140123
1890,0.016512354663817234,0.00016789970715107085,0.05643687635330112,0.08350050974861153,0.0006799133427360399,0.04570846001586822,0.10149037072358912,0.0005966369769898493,0.03342504072772265,5.69943716290378e-06,5.69943716290378e-06,0.06705220191651505
1900,0.016507270948326595,0.00016876393878447943,0.05672737438133762,0.08347979104836904,0.0006834355217772655,0.04594524516149684,0.10147207190024388,0.0005997477769585403,0.033599315235772566,5.7295929150884565e-06,5.7295929150884565e-06,0.0674069754716289
1910,0.016502188704375496,0.0001696279202561659,0.057017788321400295,0.08345907696299326,0.0006869569162911472,0.0461819775657914,0.10145377591272384,0.0006028580948369476,0.03377356273596346,5.759748667273132e-06,5.759748667273132e-06,0.06776174902674273
1920,0.016497107931617253,0.0001704916516250675,0.0573081181933,0.0834383674917939,0.0006904775263950396,0.04641865723664131,0.10143548276082354,0.0006059679306599982,0.03394778323025199,5.789904419457809e-06,5.789904419457809e-06,0.06811652258185658
1930,0.01649202862970517,0.00017135513295012155,0.05759836401684758,0.08341766263408061,0.000693997352206298,0.04665528418193599,0.10141719244433753,0.0006090772844626193,0.03412197672059492,5.820060171642485e-06,5.820060171642485e-06,0.06847129613697041
1940,0.016486950798292557,0.00017221836429026535,0.0578885258118539,0.08339696238916308,0.0006975163938422776,0.04689185840956488,0.10139890496306037,0.0006121861562797383,0.03429614320894893,5.850215923827161e-06,5.850215923827161e-06,0.06882606969208424
1950,0.01648187443703273,0.00017308134570443622,0.05817860359812981,0.08337626675635099,0.0007010346514203334,0.04712837992741736,0.10138062031678657,0.0006152945461462823,0.03447028269727072,5.880371676011836e-06,5.880371676011836e-06,0.06918084324719807
1960,0.016476799545578995,0.00017394407725157147,0.05846859739548621,0.083355575734954,0.0007045521250578207,0.04736484874338289,0.1013623385053107,0.0006184024540971788,0.03464439518751702,5.910527428196513e-06,5.910527428196513e-06,0.0695356168023119
1970,0.01647172612358466,0.00017480655899060837,0.058758507223733894,0.0833348893242818,0.0007080688148720943,0.04760126486535087,0.10134405952842732,0.0006215098801673549,0.03481848068164453,5.9406831803811895e-06,5.9406831803811895e-06,0.06989039035742575
1980,0.016466654170703036,0.0001756687909804842,0.059048333102683766,0.08331420752364407,0.0007115847209805098,0.04783762830121074,0.10132578338593096,0.000624616824391738,0.03499253918160997,5.970838932565865e-06,5.970838932565865e-06,0.07024516391253958
1990,0.016461583686587435,0.0001765307732801363,0.05933807505214666,0.08329353033235047,0.0007150998435004221,0.048073939058851906,0.10130751007761614,0.0006277232868052552,0.03516657068937004,6.000994684750541e-06,6.000994684750541e-06,0.07059993746765342
2000,0.016456514670891167,0.00017739250594850194,0.05962773309193342,0.08327285774971067,0.0007186141825491863,0.048310197146163775,0.10128923960327745,0.0006308292674428339,0.035340575206881455,6.031150436935218e-06,6.031150436935218e-06,0.07095471102276726
2010,0.01645144712326754,0.00017825398904451847,0.05991730724185494,0.08325218977503437,0.0007221277382441574,0.04854640257103578,0.1012709719627094,0.0006339347663394014,0.03551455273610092,6.0613061891198935e-06,6.0613061891198935e-06,0.0713094845778811
2020,0.016446381043369866,0.00017911522262712315,0.06020679752172207,0.08323152640763123,0.0007256405107026909,0.048782555341357364,0.10125270715570656,0.0006370397835298849,0.03568850327898515,6.09146194130457e-06,6.09146194130457e-06,0.07166425813299494
2030,0.016441316430851453,0.00017997620675525326,0.060496203951345626,0.08321086764681095,0.0007291525000421416,0.04901865546501792,0.10123444518206345,0.0006401443190492115,0.03586242683749084,6.121617693489246e-06,6.121617693489246e-06,0.07201903168810878
2040,0.016436253285365614,0.0001808369414878461,0.0607855265505365,0.08319021349188316,0.0007326637063798647,0.04925470294990686,0.10121618604157465,0.0006432483729323088,0.036036323413574725,6.151773445673922e-06,6.151773445673922e-06,0.07237380524322261
2050,0.016431191606565657,0.00018169742688383907,0.061074765339105566,0.08316956394215756,0.0007361741298332156,0.049490697803913644,0.10119792973403469,0.0006463519452141039,0.036210193009193495,6.1819291978585975e-06,6.1819291978585975e-06,0.07272857879833644
2060,0.016426131394104888,0.00018255766300216935,0.061363920336863644,0.08314891899694384,0.0007396837705195491,0.04972664003492767,0.10117967625923809,0.0006494550359295241,0.036384035626303865,6.212084950043274e-06,6.212084950043274e-06,0.07308335235345027
2070,0.016421072647636623,0.0001834176499017743,0.06165299156362161,0.08312827865555165,0.0007431926285562205,0.04996252965083834,0.10116142561697943,0.0006525576451134966,0.036557851266862555,6.24224070222795e-06,6.24224070222795e-06,0.0734381259085641
2080,0.016416015366814172,0.0001842773876415912,0.06194197903919031,0.08310764291729068,0.0007467007040605847,0.050198366659535094,0.10114317780705324,0.0006556597728009486,0.03673163993282626,6.2723964544126265e-06,6.2723964544126265e-06,0.07379289946367795
2090,0.016410959551290842,0.00018513687628055736,0.062230882783380626,0.08308701178147061,0.000750207997149997,0.050434151068907355,0.10112493282925407,0.0006587614190268076,0.03690540162615168,6.302552206597302e-06,6.302552206597302e-06,0.07414767301879178
2100,0.016405905200719943,0.00018599611587761004,0.06251970281600336,0.0830663852474011,0.0007537145079418127,0.05066988288684455,0.10110669068337647,0.0006618625838260008,0.03707913634879557,6.332707958781978e-06,6.332707958781978e-06,0.07450244657390562
2110,0.016400852314754785,0.00018685510649168666,0.06280843915686946,0.08304576331439185,0.000757220236553387,0.05090556212123609,0.10108845136921496,0.0006649632672334555,0.037252844102714594,6.362863710966655e-06,6.362863710966655e-06,0.07485722012901946
2120,0.016395800893048682,0.00018771384818172434,0.0630970918257897,0.08302514598175251,0.0007607251831020744,0.05114118877997138,0.10107021488656412,0.0006680634692840987,0.037426524889865476,6.3930194631513305e-06,6.3930194631513305e-06,0.0752119936841333
2130,0.016390750935254942,0.00018857234100666051,0.06338566084257495,0.08300453324879277,0.0007642293477052304,0.051376762870939854,0.10105198123521848,0.000671163190012858,0.037600178712204925,6.423175215336006e-06,6.423175215336006e-06,0.07556676723924713
2140,0.01638570244102687,0.0001894305850254324,0.0636741462270361,0.0829839251148223,0.0007677327304802105,0.05161228440203095,0.10103375041497259,0.0006742624294546605,0.03777380557168966,6.453330967520683e-06,6.453330967520683e-06,0.07592154079436098
2150,0.01638065541001778,0.0001902885802969774,0.063962547998984,0.08296332157915078,0.0007712353315443693,0.051847753381134065,0.10101552242562098,0.0006773611876444337,0.0379474054702764,6.483486719705358e-06,6.483486719705358e-06,0.0762763143494748
2160,0.016375609841880988,0.00019114632688023274,0.06425086617822949,0.08294272264108787,0.0007747371510150622,0.05208316981613863,0.1009972972669582,0.0006804594646171045,0.03812097840992182,6.513642471890035e-06,6.513642471890035e-06,0.07663108790458864
2170,0.016370565736269792,0.00019200382483413572,0.06453910078458343,0.08292212829994328,0.0007782381890096442,0.05231853371493405,0.10097907493877882,0.0006835572604076002,0.03829452439258265,6.543798224074711e-06,6.543798224074711e-06,0.07698586145970247
2180,0.016365523092837512,0.00019286107421762365,0.06482725183785668,0.08290153855502666,0.0007817384456454705,0.05255384508540978,0.10096085544087736,0.0006866545750508485,0.038468043420215606,6.573953976259387e-06,6.573953976259387e-06,0.0773406350148163
2190,0.01636048191123745,0.00019371807508963384,0.06511531935786011,0.08288095340564768,0.0007852379210398961,0.052789103935455196,0.10094263877304838,0.0006897514085817761,0.03864153549477737,6.604109728444063e-06,6.604109728444063e-06,0.07769540856993014
2200,0.01635544219112292,0.00019457482750910357,0.06540330336440456,0.08286037285111603,0.0007887366153102764,0.05302431027295975,0.10092442493508641,0.0006928477610353107,0.038815000618224696,6.63426548062874e-06,6.63426548062874e-06,0.078050182125044
2210,0.016350403932147237,0.0001954313315349702,0.0656912038773009,0.08283979689074139,0.0007922345285739662,0.05325946410581285,0.100906213926786,0.0006959436324463796,0.03898843879251426,6.664421232813415e-06,6.664421232813415e-06,0.07840495568015782
2220,0.016345367133963704,0.0001962875872261709,0.06597902091635996,0.08281922552383342,0.0007957316609483211,0.05349456544190393,0.10088800574794171,0.0006990390228499097,0.03916185001960279,6.694576984998092e-06,6.694576984998092e-06,0.07875972923527166
2230,0.01634033179622563,0.0001971435946416431,0.06626675450139263,0.0827986587497018,0.0007992280125506959,0.05372961428912241,0.10086980039834807,0.0007021339322808283,0.03933523430144697,6.7247327371827675e-06,6.7247327371827675e-06,0.0791145027903855
2240,0.01633529791858633,0.0001979993538403241,0.06655440465220977,0.08277809656765621,0.0008027235834984457,0.05396461065535769,0.10085159787779963,0.0007052283607740632,0.03950859164000354,6.754888489367443e-06,6.754888489367443e-06,0.07946927634549933
2250,0.016330265500699114,0.0001988548648811511,0.0668419713886222,0.08275753897700633,0.0008062183739089256,0.05419955454849919,0.10083339818609094,0.0007083223083645411,0.03968192203722919,6.78504424155212e-06,6.78504424155212e-06,0.07982404990061318
2260,0.01632523454221729,0.0001997101278230614,0.0671294547304408,0.08273698597706183,0.000809712383899491,0.05443444597643636,0.10081520132301652,0.0007114157750871895,0.039855225495080644,6.8151999937367965e-06,6.8151999937367965e-06,0.08017882345572701
2270,0.016320205042794165,0.0002005651427249924,0.06741685469747642,0.08271643756713239,0.0008132056135874968,0.0546692849470586,0.10079700728837096,0.0007145087609769357,0.040028502015514604,6.8453557459214715e-06,6.8453557459214715e-06,0.08053359701084084
2280,0.016315177002083053,0.00020141990964588137,0.06770417130953994,0.08269589374652767,0.0008166980630902982,0.05490407146825533,0.10077881608194877,0.0007176012660687068,0.04020175160048778,6.875511498106148e-06,6.875511498106148e-06,0.08088837056595467
2290,0.016310150419737265,0.00020227442864466553,0.06799140458644219,0.08267535451455736,0.0008201897325252503,0.05513880554791598,0.10076062770354452,0.0007206932903974303,0.04037497425195688,6.905667250290824e-06,6.905667250290824e-06,0.0812431441210685
2300,0.016305125295410106,0.00020312869978028232,0.06827855454799404,0.08265481987053114,0.0008236806220097083,0.05537348719392996,0.10074244215295275,0.0007237848339980333,0.040548169971878614,6.9358230024755e-06,6.9358230024755e-06,0.08159791767618234
2310,0.016300101628754893,0.00020398272311166892,0.06856562121400635,0.08263428981375867,0.0008271707316610275,0.05560811641418671,0.10072425942996797,0.0007268758969054431,0.0407213387622097,6.965978754660175e-06,6.965978754660175e-06,0.08195269123129617
2320,0.01629507941942493,0.00020483649869776268,0.06885260460428998,0.08261376434354964,0.0008306600615965625,0.05584269321657562,0.10070607953438478,0.0007299664791545871,0.04089448062490684,6.996134506844852e-06,6.996134506844852e-06,0.08230746478641002
2330,0.016290058667073528,0.00020569002659750089,0.06913950473865575,0.08259324345921372,0.0008341486119336689,0.056077217608986145,0.1006879024659977,0.0007330565807803924,0.04106759556192675,7.026290259029528e-06,7.026290259029528e-06,0.08266223834152385
2340,0.016285039371353997,0.00020654330686982085,0.06942632163691456,0.08257272716006059,0.0008376363827897017,0.05631168959930767,0.10066972822460125,0.0007361462018177862,0.041240683575226124,7.056446011214204e-06,7.056446011214204e-06,0.08301701189663768
2350,0.01628002153191965,0.00020739633957365984,0.06971305531887725,0.08255221544539992,0.0008411233742820162,0.056546109195429656,0.10065155680999002,0.0007392353423016961,0.04141374466676169,7.08660176339888e-06,7.08660176339888e-06,0.08337178545175153
2360,0.016275005148423796,0.0002082491247679552,0.06999970580435468,0.08253170831454137,0.0008446095865279671,0.05678047640524148,0.10063338822195854,0.0007423240022670489,0.041586778838490136,7.116757515583555e-06,7.116757515583555e-06,0.08372655900686535
2370,0.016269990220519743,0.0002091016625116442,0.07028627311315772,0.08251120576679466,0.0008480950196449097,0.05701479123663258,0.10061522246030134,0.0007454121817487725,0.041759786092368203,7.146913267768232e-06,7.146913267768232e-06,0.0840813325619792
2380,0.0162649767478608,0.00020995395286366417,0.0705727572650972,0.08249070780146943,0.0008515796737501994,0.057249053697492384,0.10059705952481297,0.0007484998807817937,0.04193276643035258,7.1770690199529085e-06,7.1770690199529085e-06,0.08443610611709304
2390,0.016259964730100284,0.00021080599588295233,0.07085915827998397,0.08247021441787536,0.000855063548961191,0.05748326379571032,0.100578899415288,0.0007515870994010397,0.04210571985439998,7.2072247721375834e-06,7.2072247721375834e-06,0.08479087967220686
2400,0.016254954166891496,0.0002116577916284461,0.07114547617762894,0.08244972561532213,0.00085854664539524,0.05771742153917579,0.10056074213152096,0.0007546738376414381,0.04227864636646712,7.237380524322261e-06,7.237380524322261e-06,0.0851456532273207
2410,0.016249945057887752,0.0002125093401590827,0.07143171097784291,0.08242924139311941,0.0008620289631697013,0.05795152693577823,0.10054258767330637,0.000757760095537916,0.0424515459685107,7.267536276506937e-06,7.267536276506937e-06,0.08550042678243454
2420,0.016244937402742358,0.00021336064153379942,0.07171786270043677,0.08240876175057689,0.0008655105024019298,0.05818557999340704,0.10052443604043881,0.0007608458731254004,0.042624418662487416,7.2976920286916125e-06,7.2976920286916125e-06,0.08585520033754837
2430,0.01623993120110863,0.00021421169581153362,0.07200393136522137,0.08238828668700424,0.0008689912632092811,0.05841958071995166,0.10050628723271282,0.0007639311704388192,0.04279726445035402,7.327847780876289e-06,7.327847780876289e-06,0.08620997389266222
2440,0.01623492645263987,0.00021506250305122255,0.07228991699200758,0.08236781620171113,0.0008724712457091101,0.058653529123301504,0.10048814124992295,0.0007670159875130992,0.04297008333406718,7.358003533060964e-06,7.358003533060964e-06,0.08656474744777604
2450,0.016229923156989394,0.00021591306331180353,0.07257581960060623,0.08234735029400723,0.0008759504500187717,0.05888742521134599,0.10046999809186372,0.0007701003243831679,0.04314287531558363,7.388159285245641e-06,7.388159285245641e-06,0.08691952100288988
2460,0.01622492131381051,0.0002167633766522139,0.0728616392108282,0.08232688896320224,0.0008794288762556217,0.059121268991974556,0.10045185775832968,0.0007731841810839524,0.04331564039686008,7.418315037430317e-06,7.418315037430317e-06,0.08727429455800373
2470,0.016219920922756526,0.00021761344313139087,0.07314737584248432,0.08230643220860581,0.0008829065245370144,0.05935506047307659,0.10043372024911541,0.0007762675576503801,0.04348837857985323,7.448470789614992e-06,7.448470789614992e-06,0.08762906811311755
2480,0.016214921983480755,0.00021846326280827182,0.07343302951538548,0.08228598002952763,0.0008863833949803053,0.059588799662541526,0.10041558556401542,0.0007793504541173781,0.04366108986651978,7.478626541799669e-06,7.478626541799669e-06,0.0879838416682314
2490,0.016209924495636508,0.00021931283574179396,0.0737186002493425,0.08226553242527737,0.0008898594877028497,0.05982248656825879,0.10039745370282427,0.0007824328705198739,0.04383377425881647,7.508782293984345e-06,7.508782293984345e-06,0.08833861522334523
2500,0.016204928458877093,0.00022016216199089472,0.07400408806416629,0.0822450893951647,0.0008933348028220026,0.06005612119811781,0.1003793246653365,0.0007855148068927945,0.04400643175869997,7.5389380461690204e-06,7.5389380461690204e-06,0.08869338877845906
2510,0.01619993387285582,0.0002210112416145113,0.07428949297966765,0.08222465093849932,0.0008968093404551193,0.06028970356000801,0.10036119845134665,0.0007885962632710674,0.04417906236812703,7.569093798353698e-06,7.569093798353698e-06,0.0890481623335729
2520,0.016194940737225997,0.00022186007467158098,0.07457481501565746,0.08220421705459087,0.0009002831007195546,0.06052323366181879,0.1003430750606493,0.0007916772396896197,0.044351666089054324,7.599249550538374e-06,7.599249550538374e-06,0.08940293588868674
2530,0.016189949051640937,0.00022270866122104115,0.0748600541919466,0.08218378774274905,0.0009037560837326637,0.06075671151143957,0.10032495449303895,0.000794757736183379,0.0445242429234386,7.629405302723049e-06,7.629405302723049e-06,0.08975770944380057
2540,0.01618495881575395,0.00022355700132182905,0.0751452105283459,0.08216336300228352,0.0009072282896118017,0.06099013711675977,0.10030683674831016,0.000797837752787272,0.044696792873236524,7.659561054907725e-06,7.659561054907725e-06,0.0901124829989144
2550,0.016179970029218345,0.000224405095032882,0.07543028404466622,0.08214294283250399,0.0009106997184743241,0.06122351048566885,0.10028872182625749,0.0008009172895362264,0.044869315940404844,7.689716807092402e-06,7.689716807092402e-06,0.09046725655402825
2560,0.01617498269168743,0.00022525294241313736,0.07571527476071843,0.0821225272327201,0.0009141703704375857,0.061456831626056176,0.10027060972667547,0.0008039963464651695,0.04504181212690025,7.719872559277077e-06,7.719872559277077e-06,0.09082203010914207
2570,0.01616999680281452,0.00022610054352153222,0.07600018269631334,0.08210211620224153,0.0009176402456189416,0.061690100545811186,0.10025250044935866,0.0008070749236090283,0.045214281434679454,7.750028311461753e-06,7.750028311461753e-06,0.09117680366425591
2580,0.016165012362252918,0.00022694789841700417,0.0762850078712619,0.08208170974037797,0.0009211093441357473,0.06192331725282334,0.10023439399410158,0.0008101530210027304,0.045386723865699176,7.78018406364643e-06,7.78018406364643e-06,0.09153157721936976
2590,0.01616002936965594,0.00022779500715849028,0.07656975030537487,0.08206130784643909,0.0009245776661053573,0.06215648175498199,0.1002162903606988,0.0008132306386812025,0.045559139421916105,7.810339815831105e-06,7.810339815831105e-06,0.09188635077448358
2600,0.016155047824676895,0.00022864186980492798,0.07685441001846319,0.08204091051973456,0.0009280452116451276,0.06238959406017664,0.10019818954894487,0.0008163077766793726,0.04573152810528698,7.840495568015782e-06,7.840495568015782e-06,0.09224112432959743
2610,0.016150067726969093,0.0002294884864152545,0.07713898703033764,0.08202051775957406,0.0009315119808724125,0.06262265417629663,0.1001800915586343,0.0008193844350321673,0.04590388991776848,7.870651320200458e-06,7.870651320200458e-06,0.09259589788471127
2620,0.016145089076185844,0.00023033485704840716,0.07742348136080912,0.08200012956526725,0.0009349779739045675,0.06285566211123142,0.10016199638956168,0.0008224606137745145,0.04607622486131734,7.900807072385133e-06,7.900807072385133e-06,0.09295067143982509
2630,0.016140111871980455,0.00023118098176332327,0.07770789302968849,0.08197974593612385,0.0009384431908589477,0.06308861787287043,0.10014390404152153,0.0008255363129413409,0.04624853293789025,7.93096282456981e-06,7.93096282456981e-06,0.09330544499493894
2640,0.016135136114006236,0.00023202686061894013,0.07799222205678659,0.0819593668714535,0.0009419076318529082,0.06332152146910305,0.10012581451430838,0.0008286115325675741,0.04642081414944393,7.961118576754486e-06,7.961118576754486e-06,0.09366021855005277
2650,0.016130161801916502,0.00023287249367419502,0.07827646846191429,0.08193899237056587,0.0009453712970038041,0.06355437290781876,0.10010772780771682,0.0008316862726881413,0.04659306849793508,7.991274328939161e-06,7.991274328939161e-06,0.0940149921051666
2660,0.01612518893536456,0.00023371788098802533,0.07856063226488245,0.08191862243277065,0.0009488341864289909,0.06378717219690694,0.10008964392154135,0.0008347605333379699,0.04676529598532044,8.021430081123838e-06,8.021430081123838e-06,0.09436976566028044
2670,0.01612021751400372,0.00023456302261936818,0.0788447134855019,0.08189825705737752,0.0009522963002458233,0.06401991934425702,0.10007156285557654,0.0008378343145519866,0.04693749661355668,8.051585833308513e-06,8.051585833308513e-06,0.09472453921539427
2680,0.01611524753748729,0.000235407918627161,0.07912871214358352,0.08187789624369615,0.0009557576385716563,0.06425261435775839,0.10005348460961694,0.0008409076163651195,0.04710967038460053,8.08174158549319e-06,8.08174158549319e-06,0.0950793127705081
2690,0.016110279005468586,0.0002362525690703411,0.07941262825893818,0.08185753999103622,0.0009592182015238455,0.06448525724530053,0.10003540918345709,0.0008439804388122955,0.04728181730040871,8.111897337677868e-06,8.111897337677868e-06,0.09543408632562198
2700,0.01610531191760091,0.0002370969740078457,0.0796964618513767,0.08183718829870738,0.0009626779892197457,0.06471784801477282,0.10001733657689152,0.0008470527819284415,0.047453937362937904,8.142053089862541e-06,8.142053089862541e-06,0.09578885988073577
2710,0.016100346273537576,0.00023794113349861215,0.07998021294070996,0.08181684116601935,0.0009661370017767124,0.06495038667406469,0.0999992667897148,0.0008501246457484853,0.047626030574144836,8.17220884204722e-06,8.17220884204722e-06,0.09614363343584964
2720,0.0160953820729319,0.00023878504760157777,0.08026388154674884,0.08179649859228177,0.0009695952393121003,0.06518287323106556,0.09998119982172145,0.0008531960303073539,0.04779809693598622,8.202364594231894e-06,8.202364594231894e-06,0.09649840699096346
2730,0.01609041931543718,0.00023962871637567978,0.08054746768930413,0.08177616057680434,0.0009730527019432647,0.06541530769366484,0.09996313567270602,0.0008562669356399748,0.04797013645041876,8.232520346416571e-06,8.232520346416571e-06,0.0968531805460773
2740,0.016085458000706734,0.00024047213987985565,0.08083097138818676,0.08175582711889672,0.0009765093897875607,0.06564769006975198,0.09994507434246308,0.0008593373617812751,0.048142149119399166,8.262676098601248e-06,8.262676098601248e-06,0.09720795410119114
2750,0.01608049812839387,0.0002413153181730424,0.08111439266320752,0.08173549821786857,0.0009799653029623435,0.06588002036721637,0.09992701583078717,0.0008624073087661818,0.04831413494488414,8.292831850785924e-06,8.292831850785924e-06,0.09756272765630498
2760,0.016075539698151897,0.0002421582513141776,0.08139773153417733,0.08171517387302961,0.0009834204415849683,0.06611229859394743,0.0999089601374728,0.0008654767766296228,0.04848609392883041,8.3229876029706e-06,8.3229876029706e-06,0.0979175012114188
2770,0.01607058270963413,0.0002430009393621984,0.08168098802090701,0.08169485408368948,0.00098687480577279,0.06634452475783462,0.09989090726231456,0.0008685457654065248,0.048658026073194666,8.353143355155274e-06,8.353143355155274e-06,0.09827227476653264
2780,0.01606562716249387,0.00024384338237604217,0.08196416214320744,0.08167453884915787,0.0009903283956431638,0.0665766988667673,0.09987285720510697,0.0008716142751318153,0.04882993137993363,8.383299107339953e-06,8.383299107339953e-06,0.0986270483216465
2790,0.016060673056384436,0.00024468558041464616,0.08224725392088945,0.08165422816874446,0.0009937812113134453,0.06680882092863497,0.09985480996564458,0.0008746823058404218,0.049001809851004025,8.41345485952463e-06,8.41345485952463e-06,0.09898182187676034
2800,0.016055720390959132,0.0002455275335369477,0.08253026337376392,0.0816339220417589,0.0009972332529009887,0.06704089095132697,0.09983676554372194,0.000877749857567271,0.049173661488362524,8.443610611709304e-06,8.443610611709304e-06,0.09933659543187416
2810,0.01605076916587127,0.00024636924180188404,0.08281319052164168,0.08161362046751089,0.0010006845205231501,0.06727290894273277,0.09981872393913357,0.0008808169303472908,0.04934548629396587,8.47376636389398e-06,8.47376636389398e-06,0.09969136898698801
2820,0.016045819380774165,0.00024721070526839256,0.08309603538433363,0.0815933234453101,0.0010041350142972838,0.06750487491074175,0.09980068515167406,0.0008838835242154079,0.04951728426977075,8.503922116078656e-06,8.503922116078656e-06,0.10004614254210183
2830,0.016040871035321116,0.00024805192399541057,0.0833787979816506,0.0815730309744662,0.0010075847343407457,0.0677367888632434,0.09978264918113794,0.00088694963920655,0.04968905541773389,8.534077868263332e-06,8.534077868263332e-06,0.10040091609721567
2840,0.016035924129165442,0.00024889289804187525,0.08366147833340344,0.08155274305428889,0.0010110336807708903,0.06796865080812707,0.09976461602731973,0.0008900152753556443,0.04986079973981201,8.564233620448009e-06,8.564233620448009e-06,0.1007556896523295
2850,0.01603097866196045,0.00024973362746672395,0.08394407645940301,0.08153245968408782,0.001014481853705073,0.06820046075328222,0.09974658569001402,0.0008930804326976178,0.05003251723796178,8.594389372632684e-06,8.594389372632684e-06,0.10111046320744334
2860,0.01602603463335945,0.00025057411232889406,0.08422659237946017,0.08151218086317266,0.001017929253260649,0.06843221870659826,0.0997285581690153,0.0008961451112673982,0.05020420791413995,8.624545124817362e-06,8.624545124817362e-06,0.1014652367625572
2870,0.01602109204301575,0.00025141435268732275,0.0845090261133858,0.0814919065908531,0.0010213758795549733,0.06866392467596459,0.09971053346411816,0.0008992093110999122,0.050375871770303206,8.654700877002035e-06,8.654700877002035e-06,0.101820010317671
2880,0.016016150890582663,0.0002522543486009474,0.08479137768099072,0.08147163686643882,0.0010248217327054013,0.06889557866927067,0.09969251157511713,0.0009022730322300875,0.05054750880840826,8.684856629186712e-06,8.684856629186712e-06,0.10217478387278484
2890,0.0160112111757135,0.00025309410012870533,0.08507364710208581,0.0814513716892395,0.0010282668128292877,0.06912718069440588,0.09967449250180675,0.0009053362746928514,0.05071911903041185,8.715012381371389e-06,8.715012381371389e-06,0.10252955742789868
2900,0.016006272898061568,0.00025393360732953375,0.08535583439648192,0.08143111105856479,0.0010317111200439876,0.06935873075925966,0.09965647624398158,0.0009083990385231309,0.05089070243827064,8.745168133556065e-06,8.745168133556065e-06,0.10288433098301253
2910,0.01600133605728018,0.00025477287026237004,0.08563793958398991,0.08141085497372438,0.0010351546544668567,0.06959022887172145,0.09963846280143615,0.0009114613237558535,0.051062259033941376,8.775323885740742e-06,8.775323885740742e-06,0.10323910453812637
2920,0.01599640065302264,0.00025561188898615145,0.08591996268442065,0.08139060343402796,0.0010385974162152498,0.06982167503968065,0.09962045217396502,0.0009145231304259462,0.05123378881938074,8.805479637925417e-06,8.805479637925417e-06,0.1035938780932402
2930,0.015991466684942265,0.0002564506635598153,0.08620190371758497,0.08137035643878518,0.001042039405406522,0.07005306927102668,0.09960244436136273,0.0009175844585683366,0.05140529179654547,8.835635390110092e-06,8.835635390110092e-06,0.10394865164835401
2940,0.015986534152692362,0.00025728919404229895,0.08648376270329376,0.08135011398730572,0.0010454806221580285,0.07028441157364897,0.09958443936342382,0.0009206453082179518,0.05157676796739226,8.86579114229477e-06,8.86579114229477e-06,0.10430342520346787
2950,0.01598160305592624,0.0002581274804925395,0.0867655396613578,0.08132987607889929,0.0010489210665871242,0.07051570195543691,0.09956643717994283,0.000923705679409719,0.05174821733387781,8.895946894479445e-06,8.895946894479445e-06,0.1046581987585817
2960,0.01597667339429721,0.0002589655229694745,0.08704723461158805,0.08130964271287551,0.0010523607388111648,0.07074694042427998,0.09954843781071432,0.0009267655721785655,0.05191963989795885,8.926102646664122e-06,8.926102646664122e-06,0.10501297231369554
2970,0.015971745167458584,0.0002598033215320411,0.08732884757379532,0.0812894138885441,0.0010557996389475048,0.07097812698806755,0.09953044125553283,0.0009298249865594188,0.05209103566159209,8.956258398848798e-06,8.956258398848798e-06,0.10536774586880938
2980,0.01596681837506367,0.0002606408762391767,0.08761037856779047,0.08126918960521472,0.0010592377671134994,0.07120926165468904,0.0995124475141929,0.0009328839225872058,0.05226240462673422,8.986414151033475e-06,8.986414151033475e-06,0.10572251942392323
2990,0.015961893016765778,0.0002614781871498185,0.08789182761338436,0.08124896986219704,0.0010626751234265044,0.0714403444320339,0.09949445658648909,0.0009359423802968542,0.05243374679534197,9.016569903218152e-06,9.016569903218152e-06,0.10607729297903706
3000,0.015956969092218217,0.0002623152543229037,0.08817319473038779,0.08122875465880075,0.001066111708003874,0.07167137532799152,0.09947646847221593,0.0009390003597232906,0.052605062169372024,9.046725655402827e-06,9.046725655402827e-06,0.1064320665341509
3010,0.015952046601074295,0.0002631520778173699,0.08845447993861172,0.08120854399433551,0.001069547520962964,0.07190235435045136,0.09945848317116798,0.0009420578609014431,0.052776350750781124,9.076881407587501e-06,9.076881407587501e-06,0.10678684008926471
3020,0.01594712554298733,0.0002639886576921542,0.08873568325786696,0.08118833786811101,0.001072982562421129,0.07213328150730279,0.09944050068313977,0.0009451148838662383,0.052947612541525954,9.107037159772178e-06,9.107037159772178e-06,0.10714161364437856
3030,0.015942205917610627,0.0002648249940061939,0.08901680470796433,0.08116813627943692,0.0010764168324957253,0.07236415680643529,0.09942252100792585,0.0009481714286526039,0.05311884754356325,9.137192911956855e-06,9.137192911956855e-06,0.10749638719949241
3040,0.015937287724597494,0.0002656610868184264,0.08929784430871475,0.08114793922762291,0.0010798503313041066,0.07259498025573825,0.09940454414532078,0.0009512274952954669,0.05329005575884969,9.167348664141531e-06,9.167348664141531e-06,0.10785116075460624
3050,0.015932370963601245,0.0002664969361877889,0.08957880207992902,0.08112774671197867,0.0010832830589636285,0.07282575186310107,0.09938657009511909,0.0009542830838297548,0.053461237189342,9.197504416326206e-06,9.197504416326206e-06,0.10820593430972007
3060,0.015927455634275188,0.00026733254217321876,0.08985967804141806,0.08110755873181386,0.0010867150155916465,0.0730564716364132,0.09936859885711533,0.0009573381942903946,0.0536323918369969,9.227660168510883e-06,9.227660168510883e-06,0.1085607078648339
3070,0.01592254173627263,0.00026816790483365324,0.09014047221299268,0.08108737528643815,0.0010901462013055152,0.07328713958356403,0.09935063043110404,0.0009603928267123137,0.053803519703771084,9.25781592069556e-06,9.25781592069556e-06,0.10891548141994775
3080,0.015917629269246888,0.0002690030242280296,0.09042118461446373,0.08106719637516124,0.00109357661622259,0.07351775571244303,0.09933266481687977,0.0009634469811304394,0.05397462079162126,9.287971672880233e-06,9.287971672880233e-06,0.10927025497506156
3090,0.015912718232851265,0.00026983790041528523,0.09070181526564208,0.0810470219972928,0.0010970062604602263,0.07374832003093958,0.09931470201423706,0.0009665006575796992,0.05414569510250415,9.31812742506491e-06,9.31812742506491e-06,0.1096250285301754
3100,0.015907808626739076,0.00027067253345435747,0.09098236418633864,0.08102685215214249,0.001100435134135779,0.07397883254694311,0.09929674202297047,0.0009695538560950198,0.054316742638376464,9.348283177249586e-06,9.348283177249586e-06,0.10997980208528924
3110,0.01590290045056363,0.00027150692340418344,0.09126283139636418,0.08100668683901999,0.001103863237366603,0.07420929326834304,0.09927878484287453,0.0009726065767113289,0.0544877634011949,9.378438929434263e-06,9.378438929434263e-06,0.11033457564040308
3120,0.015897993703978232,0.0002723410703237006,0.09154321691552961,0.08098652605723498,0.0011072905702700538,0.07443970220302881,0.0992608304737438,0.0009756588194635538,0.05465875739291618,9.408594681618938e-06,9.408594681618938e-06,0.1106893491955169
3130,0.015893088386636202,0.0002731749742718462,0.09182352076364578,0.08096636980609716,0.001110717132963486,0.07467005935888979,0.09924287891537281,0.0009787105843866214,0.05482972461549699,9.438750433803613e-06,9.438750433803613e-06,0.11104412275063073
3140,0.01588818449819084,0.00027400863530755755,0.09210374296052352,0.08094621808491616,0.0011141429255642555,0.07490036474381548,0.09922493016755612,0.0009817618715154592,0.05500066507089408,9.46890618598829e-06,9.46890618598829e-06,0.11139889630574457
3150,0.015883282038295463,0.0002748420534897718,0.09238388352597372,0.08092607089300168,0.0011175679481897165,0.0751306183656952,0.09920698423008827,0.0009848126808849945,0.05517157876106412,9.499061938172966e-06,9.499061938172966e-06,0.11175366986085841
3160,0.015878381006603375,0.0002756752288774265,0.09266394247980723,0.08090592822966339,0.0011209922009572252,0.07536082023241848,0.09918904110276379,0.0009878630125301547,0.055342465687963846,9.529217690357642e-06,9.529217690357642e-06,0.11210844341597226
3170,0.01587348140276789,0.0002765081615294589,0.09294391984183491,0.08088579009421097,0.0011244156839841362,0.07559097035187469,0.09917110078537725,0.000990912866485867,0.05551332585354997,9.559373442542319e-06,9.559373442542319e-06,0.1124632169710861
3180,0.01586858322644232,0.00027734085150480617,0.0932238156318676,0.0808656564859541,0.0011278383973878042,0.07582106873195321,0.09915316327772318,0.0009939622427870582,0.05568415925977917,9.589529194726994e-06,9.589529194726994e-06,0.11281799052619992
3190,0.015863686477279967,0.0002781732988624056,0.09350362986971615,0.08084552740420245,0.0011312603412855851,0.07605111538054353,0.09913522857959614,0.0009970111414686561,0.05585496590860819,9.61968494691167e-06,9.61968494691167e-06,0.11317276408131377
3200,0.015858791154934153,0.0002790055036611946,0.09378336257519146,0.0808254028482657,0.0011346815157948333,0.076281110305535,0.09911729669079065,0.0010000595625655878,0.056025745801993716,9.649840699096346e-06,9.649840699096346e-06,0.11352753763642759
3210,0.015853897259058176,0.0002798374659601105,0.09406301376810437,0.08080528281745351,0.0011381019210329045,0.0765110535148171,0.09909936761110129,0.0010031075061127809,0.056196498941892485,9.679996451281022e-06,9.679996451281022e-06,0.11388231119154144
3220,0.015849004789305354,0.0002806691858180905,0.09434258346826571,0.08078516731107557,0.001141521557117154,0.07674094501627925,0.09908144134032257,0.001006154972145162,0.05636722533026118,9.710152203465699e-06,9.710152203465699e-06,0.11423708474665527
3230,0.015844113745328993,0.0002815006632940719,0.09462207169548635,0.08076505632844157,0.001144940424164936,0.0769707848178108,0.09906351787824906,0.0010092019606976587,0.05653792496905652,9.740307955650376e-06,9.740307955650376e-06,0.11459185830176911
3240,0.015839224126782403,0.0002823318984469921,0.09490147846957715,0.08074494986886115,0.0011483585222936065,0.07720057292730127,0.0990455972246753,0.0010122484718051985,0.056708597860235216,9.77046370783505e-06,9.77046370783505e-06,0.11494663185688293
3250,0.015834335933318896,0.00028316289133578827,0.09518080381034899,0.08072484793164401,0.0011517758516205203,0.07743030935264002,0.09902767937939583,0.0010152945055027086,0.05687924400575399,9.800619460019727e-06,9.800619460019727e-06,0.11530140541199678
3260,0.01582944916459178,0.00028399364201939773,0.09546004773761269,0.08070475051609982,0.0011551924122630327,0.07765999410171648,0.0990097643422052,0.001018340061825116,0.05704986340756952,9.830775212204402e-06,9.830775212204402e-06,0.1156561789671106
3270,0.015824563820254368,0.0002848241505567579,0.09573921027117913,0.08068465762153826,0.0011586082043384984,0.07788962718242005,0.09899185211289795,0.0010213851408073479,0.05722045606763854,9.86093096438908e-06,9.86093096438908e-06,0.11601095252222447
3280,0.015819679899959967,0.00028565441700680597,0.09601829143085913,0.08066456924726899,0.001162023227964273,0.0781192086026402,0.09897394269126863,0.0010244297424843317,0.05739102198791774,9.891086716573755e-06,9.891086716573755e-06,0.11636572607733829
3290,0.015814797403361888,0.00028648444142847937,0.09629729123646365,0.0806444853926017,0.0011654374832577117,0.07834873837026632,0.09895603607711179,0.001027473866890995,0.05756156117036387,9.921242468758432e-06,9.921242468758432e-06,0.11672049963245214
3300,0.015809916330113444,0.00028731422388071523,0.09657620970780342,0.08062440605684608,0.0011688509703361692,0.07857821649318783,0.09893813227022197,0.0010305175140622647,0.057732073616933596,9.951398220943107e-06,9.951398220943107e-06,0.11707527318756596
3310,0.015805036679867938,0.00028814376442245083,0.09685504686468935,0.08060433123931177,0.0011722636893170006,0.07880764297929416,0.09892023127039372,0.0010335606840330682,0.05790255932958365,9.981553973127783e-06,9.981553973127783e-06,0.1174300467426798
3320,0.015800158452278685,0.0002889730631126236,0.09713380272693231,0.08058426093930847,0.0011756756403175615,0.07903701783647471,0.09890233307742156,0.001036603376838333,0.05807301831027076,1.001170972531246e-05,1.001170972531246e-05,0.11778482029779364
3330,0.015795281646998997,0.0002898021200101709,0.09741247731434315,0.08056419515614585,0.0011790868234552066,0.07926634107261891,0.09888443769110009,0.0010396455925129858,0.058243450560951586,1.0041865477497135e-05,1.0041865477497135e-05,0.11813959385290747
3340,0.01579040626368218,0.00029063093517402985,0.09769107064673271,0.08054413388913359,0.0011824972388472914,0.07949561269561621,0.0988665451112238,0.0010426873310919542,0.05841385608358287,1.0072021229681812e-05,1.0072021229681812e-05,0.1184943674080213
3350,0.015785532301981545,0.00029145950866313786,0.09796958274391188,0.08052407713758136,0.001185906886611171,0.07972483271335602,0.09884865533758726,0.001045728592610166,0.058584234880121336,1.0102176981866488e-05,1.0102176981866488e-05,0.11884914096313515
3360,0.0157806597615504,0.0002922878405364322,0.09824801362569148,0.08050402490079883,0.0011893157668642,0.07995400113372772,0.09883076836998501,0.001048769377102547,0.05875458695252365,1.0132332734051163e-05,1.0132332734051163e-05,0.11920391451824897
3370,0.01577578864204206,0.0002931159308528502,0.0985263633118824,0.08048397717809569,0.001192723879723734,0.08018311796462077,0.0988128842082116,0.0010518096846040262,0.05892491230274657,1.016248848623584e-05,1.016248848623584e-05,0.11955868807336281
3380,0.01577091894310983,0.00029394377967132903,0.09880463182229546,0.08046393396878161,0.0011961312253071282,0.08041218321392457,0.09879500285206158,0.0010548495151495297,0.05909521093274676,1.0192644238420516e-05,1.0192644238420516e-05,0.11991346162847666
3390,0.015766050664407026,0.0002947713870508061,0.09908281917674155,0.08044389527216626,0.0011995378037317375,0.08064119688952856,0.0987771243013295,0.0010578888687739854,0.05926548284448097,1.0222799990605193e-05,1.0222799990605193e-05,0.1202682351835905
3400,0.01576118380558695,0.0002955987530502188,0.09936092539503151,0.08042386108755932,0.001202943615114917,0.08087015899932214,0.09875924855580988,0.0010609277455123202,0.0594357280399059,1.025295574278987e-05,1.025295574278987e-05,0.12062300873870434
3410,0.015756318366302917,0.0002964258777285043,0.09963895049697624,0.08040383141427047,0.0012063486595740218,0.08109906955119472,0.09874137561529728,0.001063966145399461,0.05960594652097822,1.0283111494974545e-05,1.0283111494974545e-05,0.12097778229381817
3420,0.015751454346208237,0.0002972527611445999,0.09991689450238651,0.08038380625160937,0.0012097529372264077,0.0813279285530358,0.09872350547958625,0.001067004068470336,0.05977613828965468,1.0313267247159221e-05,1.0313267247159221e-05,0.121332555848932
3430,0.01574659174495622,0.0002980794033574429,0.10019475743107324,0.08036378559888573,0.001213156448189429,0.0815567360127347,0.09870563814847134,0.0010700415147598718,0.05994630334789197,1.0343422999343898e-05,1.0343422999343898e-05,0.12168732940404585
3440,0.015741730562200174,0.0002989058044259707,0.10047253930284727,0.08034376945540918,0.001216559192580441,0.0817854919381809,0.09868777362174708,0.0010730784843029962,0.06011644169764684,1.0373578751528575e-05,1.0373578751528575e-05,0.1220421029591597
3450,0.01573687079759341,0.00029973196440912056,0.10075024013751951,0.08032375782048942,0.0012199611705167993,0.08201419633726381,0.09866991189920801,0.0010761149771346358,0.06028655334087596,1.0403734503713251e-05,1.0403734503713251e-05,0.12239687651427353
3460,0.01573201245078924,0.0003005578833658296,0.1010278599549007,0.08030375069343614,0.0012233623821158585,0.08224284921787284,0.0986520529806487,0.0010791509932897188,0.06045663827953606,1.0433890255897926e-05,1.0433890255897926e-05,0.12275165006938736
3470,0.01572715552144097,0.0003013835613550354,0.10130539877480181,0.08028374807355898,0.001226762827494974,0.0824714505878974,0.0986341968658637,0.0010821865328031715,0.06062669651558384,1.0464046008082603e-05,1.0464046008082603e-05,0.12310642362450121
3480,0.015722300009201915,0.00030220899843567506,0.10158285661703363,0.08026374996016765,0.0012301625067715003,0.0827000004552269,0.09861634355464752,0.0010852215957099216,0.060796728050976,1.0494201760267278e-05,1.0494201760267278e-05,0.12346119717961503
3490,0.01571744591372538,0.00030303419466668597,0.10186023350140704,0.08024375635257182,0.0012335614200627938,0.08292849882775084,0.09859849304679473,0.0010882561820448962,0.06096673288766925,1.0524357512451954e-05,1.0524357512451954e-05,0.12381597073472887
3500,0.015712593234664677,0.00030385915010700546,0.10213752944773292,0.08022376725008114,0.0012369595674862088,0.08315694571335855,0.09858064534209986,0.001091290291843023,0.06113671102762033,1.0554513264636631e-05,1.0554513264636631e-05,0.1241707442898427
3510,0.015707741971673114,0.00030468386481557065,0.10241474447582205,0.0802037826520053,0.0012403569491591002,0.0833853411199395,0.09856280044035748,0.0010943239251392288,0.061306662472785926,1.0584669016821308e-05,1.0584669016821308e-05,0.12452551784495655
3520,0.015702892124404007,0.00030550833885131904,0.10269187860548538,0.08018380255765399,0.001243753565198824,0.08361368505538311,0.09854495834136211,0.0010973570819684407,0.061476587225122725,1.0614824769005983e-05,1.0614824769005983e-05,0.12488029140007037
3530,0.01569804369251066,0.00030633257227318786,0.10296893185653372,0.08016382696633687,0.0012471494157227344,0.08384197752757877,0.09852711904490831,0.001100389762365587,0.0616464852865875,1.0644980521190657e-05,1.0644980521190657e-05,0.1252350649551842
3540,0.01569319667564639,0.00030715656514011445,0.10324590424877794,0.08014385587736361,0.001250544500848187,0.08407021854441592,0.09850928255079063,0.001103421966365594,0.061816356659136915,1.0675136273375334e-05,1.0675136273375334e-05,0.12558983851029804
3550,0.015688351073464495,0.000307980317511036,0.10352279580202889,0.08012388929004391,0.001253938820692537,0.08429840811378399,0.09849144885880359,0.0011064536940033891,0.061986201344727675,1.0705292025560012e-05,1.0705292025560012e-05,0.1259446120654119
3560,0.015683506885618297,0.00030880382944488996,0.10379960653609745,0.08010392720368743,0.0012573323753731392,0.08452654624357236,0.09847361796874177,0.0011094849453138996,0.062156019345316504,1.0735447777744687e-05,1.0735447777744687e-05,0.12629938562052573
3570,0.0156786641117611,0.00030962710100061345,0.10407633647079444,0.08008396961760383,0.001260725165007349,0.08475463294167052,0.09845578988039969,0.0011125157203320532,0.06232581066286012,1.0765603529929364e-05,1.0765603529929364e-05,0.12665415917563957
3580,0.015673822751546215,0.0003104501322371439,0.1043529856259307,0.08006401653110283,0.0012641171897125217,0.08498266821596782,0.0984379645935719,0.0011155460190927769,0.06249557529931523,1.0795759282114039e-05,1.0795759282114039e-05,0.1270089327307534
3590,0.015668982804626953,0.0003112729232134185,0.10462955402131713,0.08004406794349406,0.0012675084496060118,0.08521065207435372,0.09842014210805294,0.0011185758416309977,0.06266531325663853,1.0825915034298716e-05,1.0825915034298716e-05,0.12736370628586724
3600,0.01566414427065662,0.0003120954739883748,0.10490604167676462,0.08002412385408722,0.001270898944805175,0.08543858452471764,0.09840232242363739,0.0011216051879816434,0.06283502453678674,1.0856070786483392e-05,1.0856070786483392e-05,0.1277184798409811
3610,0.015659307149288534,0.0003129177846209498,0.10518244861208396,0.08000418426219197,0.0012742886754273663,0.08566646557494899,0.09838450554011975,0.0011246340581796406,0.06300470914171656,1.0886226538668067e-05,1.0886226538668067e-05,0.1280732533960949
3620,0.015654471440175996,0.00031373985517008096,0.10545877484708603,0.07998424916711801,0.001277677641589941,0.08589429523293719,0.0983666914572946,0.0011276624522599172,0.06317436707338472,1.0916382290852744e-05,1.0916382290852744e-05,0.12842802695120875
3630,0.015649637142972322,0.0003145616856947056,0.10573502040158171,0.07996431856817499,0.0012810658434102538,0.08612207350657167,0.09834888017495647,0.0011306903702574002,0.06334399833374792,1.094653804303742e-05,1.094653804303742e-05,0.12878280050632257
3640,0.01564480425733082,0.0003153832762537609,0.1060111852953818,0.0799443924646726,0.0012844532810056602,0.08634980040374185,0.0983310716928999,0.001133717812207017,0.06351360292476285,1.0976693795222095e-05,1.0976693795222095e-05,0.12913757406143642
3650,0.015639972782904802,0.0003162046269061842,0.1062872695482972,0.07992447085592051,0.0012878399544935149,0.08657747593233713,0.09831326601091944,0.0011367447781436943,0.06368318084838624,1.1006849547406772e-05,1.1006849547406772e-05,0.12949234761655026
3660,0.015635142719347572,0.0003170257377109128,0.10656327318013874,0.0799045537412284,0.0012912258639911735,0.08680510010024695,0.09829546312880964,0.0011397712681023601,0.0638527321065748,1.1037005299591447e-05,1.1037005299591447e-05,0.12984712117166408
3670,0.015630314066312448,0.00031784660872688416,0.10683919621071736,0.07988464111990595,0.0012946110096159907,0.08703267291536071,0.09827766304636505,0.0011427972821179413,0.06402225670128522,1.1067161051776125e-05,1.1067161051776125e-05,0.13020189472677793
3680,0.015625486823452734,0.00031866724001303534,0.1071150386598438,0.07986473299126282,0.0012979953914853224,0.08726019438556788,0.0982598657633802,0.0011458228202253654,0.06419175463447425,1.1097316803960802e-05,1.1097316803960802e-05,0.13055666828189177
3690,0.015620660990421744,0.0003194876316283038,0.107390800547329,0.0798448293546087,0.001301379009716523,0.08748766451875784,0.09824207127964965,0.0011488478824595596,0.06436122590809858,1.1127472556145477e-05,1.1127472556145477e-05,0.1309114418370056
3700,0.015615836566872786,0.00032030778363162675,0.10766648189298376,0.07982493020925326,0.0013047618644269478,0.08771508332282,0.09822427959496793,0.0011518724688554507,0.06453067052411489,1.1157628308330152e-05,1.1157628308330152e-05,0.1312662153921194
3710,0.01561101355245917,0.0003211276960819415,0.10794208271661897,0.07980503555450617,0.001308143955733952,0.08794245080564382,0.09820649070912961,0.0011548965794479667,0.06470008848447992,1.1187784060514828e-05,1.1187784060514828e-05,0.13162098894723326
3720,0.015606191946834205,0.0003219473690381854,0.10821760303804552,0.07978514538967713,0.0013115252837548907,0.08816976697511869,0.0981887046219292,0.0011579202142720346,0.0648694797911504,1.1217939812699505e-05,1.1217939812699505e-05,0.1319757625023471
3730,0.015601371749651203,0.00032276680255929576,0.10849304287707419,0.07976525971407578,0.001314905848607119,0.08839703183913404,0.09817092133316128,0.0011609433733625813,0.06503884444608299,1.1248095564884182e-05,1.1248095564884182e-05,0.13233053605746095
3740,0.015596552960563474,0.00032358599670420977,0.10876840225351588,0.07974537852701183,0.0013182856504079918,0.08862424540557927,0.09815314084262038,0.0011639660567545345,0.06520818245123443,1.1278251317068857e-05,1.1278251317068857e-05,0.13268530961257477
3750,0.015591735579224327,0.00032440495153186484,0.10904368118718144,0.07972550182779492,0.0013216646892748648,0.08885140768234384,0.09813536315010105,0.0011669882644828216,0.06537749380856143,1.1308407069253533e-05,1.1308407069253533e-05,0.13304008316768862
3760,0.015586919605287072,0.00032522366710119826,0.10931887969788176,0.07970562961573475,0.0013250429653250929,0.08907851867731716,0.09811758825539782,0.0011700099965823694,0.06554677852002071,1.1338562821438208e-05,1.1338562821438208e-05,0.13339485672280244
3770,0.015582105038405018,0.00032604214347114725,0.10959399780542764,0.07968576189014101,0.001328420478676031,0.08930557839838862,0.09809981615830526,0.0011730312530881053,0.06571603658756893,1.1368718573622885e-05,1.1368718573622885e-05,0.13374963027791628
3780,0.015577291878231477,0.0003268603807006492,0.10986903552962998,0.07966589865032334,0.0013317972294450344,0.08953258685344767,0.0980820468586179,0.0011760520340349568,0.06588526801316286,1.1398874325807561e-05,1.1398874325807561e-05,0.13410440383303013
3790,0.015572480124419759,0.00032767837884864134,0.1101439928902996,0.07964603989559144,0.0013351732177494583,0.08975954405038374,0.09806428035613028,0.001179072339457851,0.06605447279875916,1.1429030077992238e-05,1.1429030077992238e-05,0.13445917738814397
3800,0.015567669776623173,0.0003284961379740611,0.11041886990724743,0.07962618562525496,0.0013385484437066577,0.08998644999708623,0.09804651665063696,0.001182092169391715,0.06622365094631458,1.1459185830176915e-05,1.1459185830176915e-05,0.13481395094325782
3810,0.015562860834495028,0.00032931365813584554,0.11069366660028421,0.07960633583862362,0.0013419229074339877,0.09021330470144454,0.09802875574193248,0.0011851115238714763,0.06639280245778578,1.1489341582361588e-05,1.1489341582361588e-05,0.1351687244983716
3820,0.015558053297688636,0.00033013093939293213,0.11096838298922088,0.07958649053500705,0.0013452966090488037,0.09044010817134815,0.0980109976298114,0.0011881304029320624,0.06656192733512954,1.1519497334546265e-05,1.1519497334546265e-05,0.13552349805348546
3830,0.015553247165857306,0.0003309479818042582,0.11124301909386829,0.07956664971371495,0.0013486695486684605,0.09066686041468641,0.09799324231406822,0.0011911488066084,0.06673102558030251,1.1549653086730941e-05,1.1549653086730941e-05,0.1358782716085993
3840,0.01554844243865435,0.000331764785428761,0.11151757493403731,0.07954681337405699,0.0013520417264103136,0.0908935614393488,0.09797548979449755,0.001194166734935417,0.06690009719526145,1.1579808838915618e-05,1.1579808838915618e-05,0.13623304516371315
3850,0.015543639115733074,0.0003325813503253778,0.11179205052953875,0.07952698151534285,0.0013554131423917177,0.09112021125322471,0.09795774007089388,0.0011971841879480402,0.06706914218196304,1.1609964591100294e-05,1.1609964591100294e-05,0.13658781871882697
3860,0.01553883719674679,0.0003333976765530459,0.11206644590018348,0.0795071541368822,0.0013587837967300284,0.09134680986420357,0.09793999314305178,0.0012002011656811968,0.06723816054236396,1.1640120343284971e-05,1.1640120343284971e-05,0.13694259227394082
3870,0.01553403668134881,0.0003342137641707026,0.11234076106578238,0.07948733123798471,0.0013621536895426004,0.09157335728017481,0.0979222490107658,0.0012032176681698145,0.06740715227842098,1.1670276095469646e-05,1.1670276095469646e-05,0.13729736582905464
3880,0.015529237569192441,0.00033502961323728526,0.11261499604614629,0.07946751281796008,0.001365522820946789,0.0917998535090278,0.09790450767383047,0.0012062336954488206,0.0675761173920908,1.1700431847654323e-05,1.1700431847654323e-05,0.13765213938416848
3890,0.015524439859930995,0.00033584522381173117,0.1128891508610861,0.07944769887611795,0.001368891191059949,0.09202629855865202,0.09788676913204034,0.0012092492475531415,0.06774505588533006,1.1730587599838998e-05,1.1730587599838998e-05,0.13800691293928233
3900,0.01551964355321778,0.0003366605959529776,0.11316322553041262,0.07942788941176804,0.0013722587999994364,0.09225269243693689,0.09786903338518996,0.0012122643245177055,0.06791396776009555,1.1760743352023674e-05,1.1760743352023674e-05,0.13836168649439615
3910,0.01551484864870611,0.00033747572971996176,0.11343722007393671,0.07940808442421998,0.0013756256478826055,0.09247903515177179,0.09785130043307388,0.0012152789263774396,0.06808285301834395,1.179089910420835e-05,1.179089910420835e-05,0.13871646004951
3920,0.015510055146049289,0.0003382906251716211,0.11371113451146928,0.07938828391278346,0.0013789917348268118,0.09270532671104616,0.09783357027548664,0.0012182930531672706,0.06825171166203196,1.1821054856393027e-05,1.1821054856393027e-05,0.13907123360462384
3930,0.015505263044900632,0.0003391052823668928,0.1139849688628211,0.07936848787676819,0.0013823570609494105,0.09293156712264944,0.09781584291222278,0.0012213067049221262,0.06842054369311631,1.1851210608577702e-05,1.1851210608577702e-05,0.13942600715973766
3940,0.015500472344913448,0.00033991970136471435,0.11425872314780314,0.0793486963154838,0.0013857216263677566,0.09315775639447102,0.09779811834307686,0.0012243198816769335,0.0685893491135537,1.1881366360762377e-05,1.1881366360762377e-05,0.13978078071485148
3950,0.015495683045741044,0.0003407338822240228,0.11453239738622614,0.07932890922823999,0.001389085431199205,0.09338389453440031,0.0977803965678434,0.00122733258346662,0.06875812792530084,1.1911522112947054e-05,1.1911522112947054e-05,0.14013555426996532
3960,0.015490895147036733,0.0003415478250037556,0.11480599159790103,0.07930912661434641,0.0013924484755611112,0.09360998155032679,0.09776267758631699,0.0012303448103261126,0.06892688013031444,1.1941677865131732e-05,1.1941677865131732e-05,0.1404903278250792
3970,0.015486108648453826,0.00034236152976285,0.11507950580263866,0.07928934847311278,0.0013958107595708298,0.09383601745013981,0.09774496139829211,0.001233356562290339,0.06909560573055121,1.1971833617316407e-05,1.1971833617316407e-05,0.14084510138019302
3980,0.01548132354964563,0.00034317499656024336,0.11535294002024986,0.07926957480384873,0.0013991722833457169,0.09406200224172885,0.09772724800356337,0.0012363678393942262,0.06926430472796785,1.2001989369501082e-05,1.2001989369501082e-05,0.14119987493530683
3990,0.015476539850265456,0.00034398822545487297,0.11562629427054552,0.07924980560586398,0.0014025330470031267,0.0942879359329833,0.09770953740192528,0.0012393786416727015,0.0694329771245211,1.2032145121685759e-05,1.2032145121685759e-05,0.14155464849042068
4000,0.015471757549966613,0.000344801216505676,0.11589956857333646,0.07923004087846816,0.001405893050660415,0.0945138185317926,0.0976918295931724,0.0012423889691606919,0.06960162292216762,1.2062300873870435e-05,1.2062300873870435e-05,0.14190942204553453
4010,0.015466976648402414,0.00034561396977158995,0.1161727629484336,0.07921028062097098,0.0014092522944349364,0.09473965004604613,0.09767412457709926,0.0012453988218931254,0.06977024212286416,1.2092456626055112e-05,1.2092456626055112e-05,0.14226419560064837
4020,0.015462197145226167,0.00034642648531155195,0.11644587741564771,0.07919052483268209,0.0014126107784440463,0.09496543048363336,0.09765642235350042,0.0012484081999049284,0.06993883472856742,1.2122612378239787e-05,1.2122612378239787e-05,0.1426189691557622
4030,0.015457419040091182,0.0003472387631844994,0.11671891199478972,0.07917077351291119,0.0014159685028050997,0.09519115985244365,0.09763872292217042,0.0012514171032310289,0.07010740074123412,1.2152768130424464e-05,1.2152768130424464e-05,0.14297374271087604
4040,0.01545264233265077,0.0003480508034493695,0.11699186670567041,0.07915102666096795,0.0014193254676354518,0.09541683816036649,0.0976210262829038,0.0012544255319063538,0.07027594016282095,1.2182923882609139e-05,1.2182923882609139e-05,0.14332851626598986
4050,0.015447867022558239,0.00034886260616509974,0.11726474156810074,0.07913128427616202,0.0014226816730524576,0.09564246541529126,0.09760333243549511,0.0012574334859658304,0.07044445299528462,1.2213079634793815e-05,1.2213079634793815e-05,0.1436832898211037
4060,0.0154430931094669,0.00034967417139062724,0.1175375366018915,0.07911154635780311,0.0014260371191734727,0.0958680416251074,0.09758564137973891,0.001260440965444386,0.07061293924058185,1.2243235386978492e-05,1.2243235386978492e-05,0.14403806337621755
4070,0.015438320593030064,0.0003504854991848893,0.11781025182685355,0.07909181290520088,0.0014293918061158515,0.0960935667977043,0.09756795311542972,0.0012634479703769476,0.07078139890066934,1.2273391139163167e-05,1.2273391139163167e-05,0.14439283693133137
4080,0.01543354947290104,0.00035129658960682334,0.11808288726279775,0.07907208391766501,0.0014327457339969498,0.09631904094097139,0.09755026764236209,0.0012664545007984433,0.07094983197750383,1.2303546891347845e-05,1.2303546891347845e-05,0.14474761048644522
4090,0.01542877974873314,0.0003521074427153666,0.11835544292953497,0.07905235939450517,0.0014360989029341227,0.09654446406279815,0.09753258496033058,0.0012694605567437993,0.07111823847304198,1.233370264353252e-05,1.233370264353252e-05,0.14510238404155903
4100,0.01542401142017967,0.00035291805856945633,0.11862791884687607,0.07903263933503105,0.0014394513130447247,0.09676983617107392,0.09751490506912974,0.0012724661382479438,0.07128661838924055,1.2363858395717195e-05,1.2363858395717195e-05,0.14545715759667288
4110,0.015419244486893944,0.0003537284372280299,0.1189003150346319,0.0790129237385523,0.0014428029644461117,0.09699515727368817,0.09749722796855409,0.0012754712453458038,0.07145497172805623,1.2394014147901872e-05,1.2394014147901872e-05,0.1458119311517867
4120,0.01541447894852927,0.00035453857875002463,0.1191726315126133,0.07899321260437861,0.001446153857255638,0.09722042737853026,0.0974795536583982,0.0012784758780723057,0.0716232984914457,1.2424169900086548e-05,1.2424169900086548e-05,0.14616670470690055
4130,0.015409714804738957,0.0003553484831943777,0.11944486830063115,0.07897350593181966,0.0014495039915906596,0.0974456464934897,0.0974618821384566,0.0012814800364623778,0.07179159868136571,1.2454325652271225e-05,1.2454325652271225e-05,0.1465214782620144
4140,0.015404952055176316,0.00035615815062002657,0.11971702541849631,0.07895380372018512,0.001452853367568531,0.09767081462645585,0.09744421340852383,0.0012844837205509476,0.07195987229977298,1.2484481404455901e-05,1.2484481404455901e-05,0.14687625181712824
4150,0.01540019069949466,0.0003569675810859084,0.11998910288601962,0.07893410596878467,0.0014562019853066072,0.09789593178531812,0.09742654746839446,0.0012874869303729408,0.07212811934862413,1.2514637156640576e-05,1.2514637156640576e-05,0.14723102537224206
4160,0.015395430737347292,0.00035777677465096054,0.12026110072301194,0.07891441267692799,0.0014595498449222442,0.09812099797796599,0.09740888431786301,0.0012904896659632864,0.07229633982987599,1.2544792908825253e-05,1.2544792908825253e-05,0.1475857989273559
4170,0.01539067216838753,0.0003585857313741203,0.12053301894928413,0.07889472384392474,0.0014628969465327966,0.09834601321228884,0.09739122395672405,0.001293491927356911,0.07246453374548521,1.2574948661009928e-05,1.2574948661009928e-05,0.14794057248246972
4180,0.015385914991354745,0.00035939445146969363,0.12080485763687179,0.07887503946742483,0.0014662432905377814,0.09857097751514494,0.09737356638443656,0.0012964937146457836,0.07263270110060413,1.2605104413194605e-05,1.2605104413194605e-05,0.14829534603758357
4190,0.01538115917324359,0.0003602029405485902,0.121076618671795,0.07885535948740804,0.0014695888871406344,0.09879589157247962,0.0973559115887895,0.0012994950299057817,0.0728008420115284,1.263526016537928e-05,1.263526016537928e-05,0.1486501195926974
4200,0.015376404697474519,0.00036101120142933204,0.12134830300145613,0.07883568387363218,0.001472933741482531,0.09902075572991803,0.09733825956356013,0.0013024958741947774,0.07296895653752254,1.2665415917563956e-05,1.2665415917563956e-05,0.14900489314781123
4210,0.015371651563798357,0.0003618192341542798,0.12161991064009403,0.07881601262550356,0.0014762778536643968,0.09924556999424514,0.0973206103085141,0.0013054962475526006,0.07313704468081796,1.2695571669748633e-05,1.2695571669748633e-05,0.14935966670292508
4220,0.015366899771965922,0.0003626270387657938,0.1218914416019475,0.0787963457424285,0.001479621223787157,0.09947033437224584,0.09730296382341716,0.0013084961500190813,0.07330510644364602,1.2725727421933308e-05,1.2725727421933308e-05,0.1497144402580389
4230,0.015362149321728033,0.0003634346153062346,0.12216289590125533,0.07877668322381333,0.0014829638519517367,0.09969504887070497,0.09728532010803499,0.0013114955816340495,0.07347314182823807,1.2755883174117984e-05,1.2755883174117984e-05,0.15006921381315275
4240,0.015357400212835515,0.00036424196381796273,0.12243427355225636,0.07875702506906436,0.0014863057382590614,0.09991971349640746,0.09726767916213332,0.0013144945424373355,0.07364115083682553,1.2786038926302661e-05,1.2786038926302661e-05,0.1504239873682666
4250,0.015352652445039187,0.0003650490843433386,0.12270557456918944,0.07873737127758791,0.0014896468828100565,0.10014432825613824,0.09725004098547782,0.0013174930324687693,0.07380913347163974,1.2816194678487336e-05,1.2816194678487336e-05,0.1507787609233804
4260,0.015347906018089868,0.0003658559769247228,0.12297679896629338,0.07871772184879032,0.001492987285705647,0.10036889315668213,0.09723240557783422,0.001320491051768181,0.0739770897349121,1.2846350430672013e-05,1.2846350430672013e-05,0.15113353447849426
4270,0.01534316093173838,0.00036666264160447573,0.12324794675780695,0.07869807678207791,0.0014963269470467586,0.10059340820482408,0.09721477293896823,0.0013234886003754005,0.07414501962887399,1.287650618285669e-05,1.287650618285669e-05,0.1514883080336081
4280,0.015338417185735543,0.00036746907842495787,0.12351901795796903,0.07867843607685697,0.0014996658669343163,0.10081787340734899,0.09719714306864553,0.0013264856783302577,0.07431292315575674,1.2906661935041364e-05,1.2906661935041364e-05,0.15184308158872192
4290,0.01533367477983218,0.00036827528742852976,0.12379001258101839,0.07865879973253385,0.0015030040454692454,0.1010422887710417,0.09717951596663185,0.001329482285672583,0.07448080031779175,1.293681768722604e-05,1.293681768722604e-05,0.15219785514383577
4300,0.015328933713779108,0.0003690812686575518,0.12406093064119389,0.07863916774851488,0.0015063414827524715,0.10126665430268714,0.0971618916326929,0.0013324784224422062,0.07464865111721043,1.2966973439410717e-05,1.2966973439410717e-05,0.15255262869894962
4310,0.015324193987327152,0.0003698870221543846,0.1243317721527343,0.07861954012420637,0.0015096781788849199,0.10149097000907023,0.09714427006659436,0.0013354740886789577,0.07481647555624413,1.2997129191595394e-05,1.2997129191595394e-05,0.15290740225406343
4320,0.015319455600227128,0.0003706925479613886,0.12460253712987851,0.07859991685901463,0.0015130141339675155,0.10171523589697581,0.09712665126810195,0.0013384692844226672,0.07498427363712422,1.3027284943780069e-05,1.3027284943780069e-05,0.15326217580917728
4330,0.015314718552229859,0.0003714978461209243,0.1248732255868653,0.07858029795234599,0.001516349348101184,0.10193945197318882,0.09710903523698138,0.0013414640097131648,0.07515204536208206,1.3057440695964746e-05,1.3057440695964746e-05,0.1536169493642911
4340,0.015309982843086167,0.0003723029166753521,0.12514383753793346,0.07856068340360678,0.0015196838213868504,0.10216361824449413,0.09709142197299835,0.0013444582645902807,0.07531979073334906,1.3087596448149422e-05,1.3087596448149422e-05,0.15397172291940495
4350,0.01530524847254687,0.0003731077596670326,0.12541437299732186,0.0785410732122033,0.0015230175539254404,0.10238773471767666,0.09707381147591855,0.0013474520490938447,0.07548750975315656,1.3117752200334097e-05,1.3117752200334097e-05,0.15432649647451877
4360,0.015300515440362789,0.00037391237513832617,0.1256848319792693,0.0785214673775419,0.001526350545817879,0.10261180139952127,0.09705620374550772,0.0013504453632636872,0.07565520242373598,1.3147907952518774e-05,1.3147907952518774e-05,0.1546812700296326
4370,0.015295783746284746,0.00037471676313159343,0.12595521449801458,0.07850186589902888,0.0015296827971650916,0.10283581829681288,0.09703859878153154,0.0013534382071396381,0.07582286874731865,1.317806370470345e-05,1.317806370470345e-05,0.15503604358474646
4380,0.015291053390063562,0.0003755209236891948,0.12622552056779657,0.07848226877607058,0.0015330143080680035,0.10305978541633636,0.09702099658375571,0.0013564305807615272,0.07599050872613598,1.3208219456888125e-05,1.3208219456888125e-05,0.15539081713986028
4390,0.015286324371450057,0.00037632485685349076,0.12649575020285403,0.0784626760080733,0.0015363450786275402,0.10328370276487664,0.09700339715194596,0.001359422484169185,0.07615812236241934,1.3238375209072802e-05,1.3238375209072802e-05,0.15574559069497412
4400,0.01528159669019505,0.0003771285626668418,0.1267659034174258,0.07844308759444338,0.0015396751089446267,0.10350757034921859,0.09698580048586798,0.0013624139174024414,0.07632570965840009,1.3268530961257479e-05,1.3268530961257479e-05,0.15610036425008797
4410,0.015276870346049364,0.0003779320411716084,0.12703598022575072,0.07842350353458714,0.0015430043991201885,0.1037313881761471,0.09696820658528749,0.0013654048805011262,0.07649327061630959,1.3298686713442154e-05,1.3298686713442154e-05,0.1564551378052018
4420,0.01527214533876382,0.0003787352924101511,0.12730598064206758,0.07840392382791089,0.0015463329492551507,0.1039551562524471,0.09695061544997018,0.0013683953735050699,0.07666080523837926,1.332884246562683e-05,1.332884246562683e-05,0.15680991136031563
4430,0.015267421668089235,0.00037953831642483036,0.12757590468061525,0.07838434847382096,0.0015496607594504387,0.10417887458490344,0.09693302707968174,0.001371385396454102,0.07682831352684046,1.3358998217811507e-05,1.3358998217811507e-05,0.15716468491542948
4440,0.015262699333776433,0.0003803411132580067,0.1278457523556325,0.07836477747172367,0.0015529878298069782,0.10440254318030104,0.09691544147418792,0.001374374949388053,0.07699579548392455,1.3389153969996182e-05,1.3389153969996182e-05,0.1575194584705433
4450,0.015257978335576235,0.0003811436829520405,0.12811552368135812,0.07834521082102534,0.001556314160425694,0.1046261620454248,0.09689785863325438,0.001377364032346753,0.07716325111186291,1.3419309722180858e-05,1.3419309722180858e-05,0.15787423202565715
4460,0.01525325867323946,0.00038194602554929226,0.128385218672031,0.07832564852113229,0.0015596397514075118,0.10484973118705959,0.09688027855664687,0.0013803526453700316,0.07733068041288693,1.3449465474365535e-05,1.3449465474365535e-05,0.158229005580771
4470,0.015248540346516928,0.0003827481410921226,0.12865483734188993,0.07830609057145085,0.0015629646028533564,0.10507325061199034,0.09686270124413106,0.001383340788497719,0.07749808338922795,1.347962122655021e-05,1.347962122655021e-05,0.1585837791358848
4480,0.015243823355159461,0.00038355002962289195,0.12892437970517376,0.07828653697138734,0.0015662887148641536,0.10529672032700191,0.09684512669547267,0.0013863284617696456,0.0776654600431174,1.3509776978734887e-05,1.3509776978734887e-05,0.15893855269099866
4490,0.01523910769891788,0.00038435169118396077,0.12919384577612125,0.07826698772034808,0.0015696120875408285,0.10552014033887921,0.0968275549104374,0.0013893156652256412,0.07783281037678662,1.3539932730919563e-05,1.3539932730919563e-05,0.1592933262461125
4500,0.015234393377543004,0.0003851531258176895,0.12946323556897124,0.07824744281773939,0.0015729347209843066,0.10574351065440715,0.09680998588879096,0.0013923023989055358,0.07800013439246699,1.3570088483104238e-05,1.3570088483104238e-05,0.15964809980122632
4510,0.015229680390785656,0.0003859543335664387,0.12973254909796259,0.07822790226296758,0.001576256615295513,0.1059668312803706,0.09679241963029905,0.0013952886628491594,0.07816743209238988,1.3600244235288915e-05,1.3600244235288915e-05,0.16000287335634017
4520,0.015224968738396657,0.0003867553144725689,0.13000178637733406,0.07820836605543899,0.0015795777705753728,0.10619010222355446,0.09677485613472739,0.0013982744570963425,0.0783347034787867,1.3630399987473591e-05,1.3630399987473591e-05,0.16035764691145402
4530,0.015220258420126823,0.00038755606857844045,0.13027094742132453,0.07818883419455994,0.001582898186924812,0.10641332349074363,0.09675729540184168,0.0014012597816869146,0.07850194855388877,1.3660555739658266e-05,1.3660555739658266e-05,0.16071242046656783
4540,0.015215549435726979,0.000388356595926414,0.13054003224417274,0.07816930667973675,0.0015862178644447552,0.10663649508872301,0.09673973743140761,0.001404244636660706,0.0786691673199275,1.3690711491842943e-05,1.3690711491842943e-05,0.16106719402168168
4550,0.015210841784947944,0.0003891568965588499,0.1308090408601176,0.07814978351037573,0.001589536803236128,0.1068596170242775,0.0967221822231909,0.0014072290220575466,0.07883635977913427,1.372086724402762e-05,1.372086724402762e-05,0.1614219675767955
4560,0.01520613546754054,0.0003899569705181087,0.13107797328339788,0.07813026468588322,0.0015928550033998557,0.10708268930419197,0.09670462977695725,0.0014102129379172667,0.07900352593374042,1.3751022996212296e-05,1.3751022996212296e-05,0.16177674113190935
4570,0.015201430483255585,0.00039075681784655087,0.13134682952825238,0.07811075020566552,0.0015961724650368637,0.10730571193525133,0.09668708009247237,0.0014131963842796964,0.0791706657859774,1.3781178748396971e-05,1.3781178748396971e-05,0.16213151468702316
4580,0.015196726831843903,0.0003915564385865369,0.13161560960891996,0.07809124006912897,0.001599489188248077,0.10752868492424045,0.09666953316950196,0.0014161793611846656,0.0793377793380765,1.3811334500581648e-05,1.3811334500581648e-05,0.162486288242137
4590,0.015192024513056313,0.0003923558327804273,0.13188431353963942,0.07807173427567989,0.0016028051731344214,0.10775160827794429,0.09665198900781173,0.001419161868672004,0.07950486659226913,1.3841490252766323e-05,1.3841490252766323e-05,0.16284106179725086
4600,0.015187323526643634,0.0003931550004705825,0.13215294133464958,0.0780522328247246,0.0016061204197968218,0.10797448200314767,0.09663444760716738,0.0014221439067815423,0.07967192755078668,1.3871646004951e-05,1.3871646004951e-05,0.16319583535236468
4610,0.01518262387235669,0.0003939539416993631,0.13242149300818926,0.0780327357156694,0.0016094349283362038,0.10819730610663553,0.09661690896733464,0.00142512547555311,0.07983896221586051,1.3901801757135676e-05,1.3901801757135676e-05,0.16355060890747852
4620,0.015177925549946299,0.0003947526565091295,0.1326899685744973,0.07801324294792064,0.0016127486988534924,0.10842008059519276,0.09659937308807919,0.0014281065750265378,0.08000597058972202,1.3931957509320353e-05,1.3931957509320353e-05,0.16390538246259237
4630,0.015173228559163284,0.0003955511449422422,0.1329583680478125,0.07799375452088464,0.0016160617314496134,0.10864280547560425,0.09658183996916672,0.001431087205241655,0.08017295267460253,1.3962113261505028e-05,1.3962113261505028e-05,0.1642601560177062
4640,0.015168532899758462,0.00039634940704106166,0.13322669144237365,0.07797427043396771,0.0016193740262254914,0.10886548075465488,0.09656430961036298,0.0014340673662382923,0.08033990847273347,1.3992269013689704e-05,1.3992269013689704e-05,0.16461492957282003
4650,0.015163838571482659,0.0003971474428479484,0.1334949387724196,0.07795479068657617,0.0016226855832820522,0.10908810643912954,0.09654678201143364,0.0014370470580562793,0.08050683798634618,1.402242476587438e-05,1.402242476587438e-05,0.16496970312793388
4660,0.01515914557408669,0.00039794525240526295,0.13376311005218922,0.07793531527811635,0.001625996402720221,0.10931068253581316,0.09652925717214443,0.0014400262807354462,0.08067374121767207,1.4052580518059056e-05,1.4052580518059056e-05,0.1653244766830477
4670,0.01515445390732138,0.00039874283575536574,0.13403120529592125,0.07791584420799458,0.0016293064846409234,0.10953320905149062,0.09651173509226103,0.001443005034315623,0.08084061816894247,1.4082736270243732e-05,1.4082736270243732e-05,0.16567925023816155
4680,0.015149763570937547,0.00039954019294061725,0.13429922451785453,0.07789637747561716,0.0016326158291450842,0.10975568599294683,0.09649421577154917,0.0014459833188366401,0.0810074688423888,1.4112892022428409e-05,1.4112892022428409e-05,0.1660340237932754
4690,0.015145074564686015,0.00040033732400337796,0.13456716773222788,0.07787691508039042,0.001635924436333629,0.10997811336696663,0.09647669920977454,0.001448961134338327,0.0811742932402424,1.4143047774613084e-05,1.4143047774613084e-05,0.1663887973483892
4700,0.015140386888317599,0.00040113422898600847,0.13483503495328014,0.0778574570217207,0.001639232306307483,0.11020049118033498,0.09645918540670285,0.0014519384808605142,0.08134109136473469,1.417320352679776e-05,1.417320352679776e-05,0.16674357090350306
4710,0.015135700541583126,0.0004019309079308691,0.1351028261952501,0.07783800329901429,0.0016425394391675716,0.11042281943983673,0.09644167436209981,0.0014549153584430315,0.081507863218097,1.4203359278982437e-05,1.4203359278982437e-05,0.1670983444586169
4720,0.015131015524233411,0.0004027273608803205,0.13537054147237662,0.07781855391167754,0.00164584583501482,0.11064509815225679,0.09642416607573112,0.001457891767125709,0.08167460880256074,1.4233515031167112e-05,1.4233515031167112e-05,0.16745311801373072
4730,0.015126331836019278,0.00040352358787672303,0.13563818079889847,0.07779910885911676,0.0016491514939501537,0.11086732732438007,0.09640666054736248,0.0014608677069483768,0.08184132812035724,1.4263670783351789e-05,1.4263670783351789e-05,0.16780789156884457
4740,0.015121649476691548,0.00040431958896243724,0.13590574418905452,0.07777966814073826,0.0016524564160744978,0.11108950696299144,0.0963891577767596,0.001463843177950865,0.08200802117371793,1.4293826535536465e-05,1.4293826535536465e-05,0.16816266512395842
4750,0.01511696844600104,0.0004051153641798236,0.13617323165708356,0.07776023175594837,0.0016557606014887777,0.11131163707487579,0.09637165776368821,0.0014668181801730036,0.08217468796487415,1.4323982287721142e-05,1.4323982287721142e-05,0.16851743867907223
4760,0.015112288743698575,0.00040591091357124263,0.1364406432172244,0.07774079970415343,0.0016590640502939188,0.11153371766681806,0.09635416050791398,0.0014697927136546225,0.08234132849605728,1.4354138039905817e-05,1.4354138039905817e-05,0.16887221223418608
4770,0.015107610369534974,0.0004067062371790548,0.13670797888371589,0.07772137198475974,0.0016623667625908463,0.11175574874560311,0.09633666600920263,0.0014727667784355523,0.08250794276949873,1.4384293792090494e-05,1.4384293792090494e-05,0.1692269857892999
4780,0.015102933323261057,0.0004075013350456205,0.13697523867079678,0.07770194859717362,0.0016656687384804857,0.11197773031801582,0.09631917426731987,0.001475740374555622,0.08267453078742981,1.4414449544275169e-05,1.4414449544275169e-05,0.16958175934441375
4790,0.015098257604627647,0.00040829620721330033,0.13724242259270597,0.07768252954080142,0.0016689699780637617,0.1121996623908411,0.09630168528203138,0.0014787135020546628,0.08284109255208195,1.4444605296459845e-05,1.4444605296459845e-05,0.16993653289952756
4800,0.015093583213385562,0.0004090908537244548,0.1375095306636823,0.07766311481504942,0.0016722704814416006,0.11242154497086389,0.09628419905310291,0.0014816861609725043,0.08300762806568651,1.4474761048644522e-05,1.4474761048644522e-05,0.1702913064546414
4810,0.015088910149285624,0.0004098852746214443,0.13777656289796447,0.07764370441932397,0.0016755702487149268,0.11264337806486902,0.09626671558030013,0.0014846583513489762,0.08317413733047486,1.4504916800829198e-05,1.4504916800829198e-05,0.17064608000975526
4820,0.015084238412078652,0.0004106794699466294,0.1380435193097914,0.07762429835303139,0.001678869279984666,0.11286516167964139,0.09624923486338877,0.0014876300732239091,0.08334062034867838,1.4535072553013873e-05,1.4535072553013873e-05,0.17100085356486908
4830,0.01507956800151547,0.0004114734397423706,0.13831039991340185,0.07760489661557798,0.0016821675753517435,0.11308689582196593,0.09623175690213451,0.0014906013266371327,0.08350707712252844,1.456522830519855e-05,1.456522830519855e-05,0.17135562711998292
4840,0.015074898917346894,0.0004122671840510283,0.13857720472303472,0.0775854992063701,0.0016854651349170846,0.11330858049862752,0.09621428169630307,0.0014935721116284772,0.08367350765425642,1.4595384057383225e-05,1.4595384057383225e-05,0.17171040067509674
4850,0.015070231159323749,0.00041306070291496303,0.13884393375292875,0.07756610612481404,0.0016887619587816149,0.11353021571641106,0.09619680924566015,0.0014965424282377727,0.0838399119460937,1.4625539809567902e-05,1.4625539809567902e-05,0.1720651742302106
4860,0.015065564727196853,0.00041385399637653526,0.13911058701732276,0.07754671737031614,0.001692058047046259,0.11375180148210143,0.09617933954997147,0.0014995122765048491,0.08400629000027166,1.4655695561752578e-05,1.4655695561752578e-05,0.17241994778532443
4870,0.015060899620717029,0.0004146470644781055,0.13937716453045562,0.0775273329422827,0.0016953533998119428,0.11397333780248353,0.09616187260900272,0.0015024816564695365,0.08417264181902166,1.4685851313937255e-05,1.4685851313937255e-05,0.17277472134043828
4880,0.015056235839635095,0.00041543990726203425,0.1396436663065661,0.07750795284012006,0.0016986480171795916,0.11419482468434228,0.0961444084225196,0.001505450568171665,0.08433896740457507,1.471600706612193e-05,1.471600706612193e-05,0.1731294948955521
4890,0.015051573383701873,0.000416232524770682,0.1399100923598931,0.07748857706323453,0.0017019418992501303,0.11441626213446253,0.09612694699028784,0.0015084190116510647,0.08450526675916328,1.4746162818306606e-05,1.4746162818306606e-05,0.17348426845066595
4900,0.015046912252668184,0.0004170249170464092,0.14017644270467536,0.07746920561103246,0.0017052350461244845,0.11463765015962919,0.09610948831207314,0.0015113869869475655,0.08467153988501769,1.4776318570491281e-05,1.4776318570491281e-05,0.17383904200577976
4910,0.015042252446284847,0.00041781708413157634,0.14044271735515168,0.07744983848292013,0.0017085274579035795,0.11485898876662719,0.09609203238764118,0.0015143544941009976,0.08483778678436961,1.4806474322675958e-05,1.4806474322675958e-05,0.1741938155608936
4920,0.015037593964302685,0.00041860902606854393,0.14070891632556098,0.07743047567830388,0.0017118191346883406,0.11508027796224138,0.09607457921675769,0.001517321533151191,0.08500400745945048,1.4836630074860635e-05,1.4836630074860635e-05,0.17454858911600746
4930,0.015032936806472517,0.00041940074289967245,0.140975039630142,0.07741111719659005,0.0017151100765796933,0.11530151775325667,0.09605712879918837,0.0015202881041379759,0.08517020191249164,1.4866785827045311e-05,1.4866785827045311e-05,0.1749033626711213
4940,0.015028280972545164,0.00042019223466732236,0.14124108728313356,0.07739176303718494,0.0017184002836785623,0.11552270814645796,0.09603968113469892,0.0015232542071011818,0.08533637014572447,1.4896941579229988e-05,1.4896941579229988e-05,0.17525813622623515
4950,0.015023626462271449,0.0004209835014138542,0.1415070592987745,0.07737241319949487,0.0017216897560858736,0.11574384914863013,0.09602223622305506,0.0015262198420806395,0.08550251216138037,1.4927097331414663e-05,1.4927097331414663e-05,0.17561290978134897
4960,0.015018973275402187,0.00042177454318162845,0.14177295569130366,0.07735306768292617,0.0017249784939025522,0.11596494076655811,0.09600479406402247,0.0015291850091161785,0.08566862796169067,1.495725308359934e-05,1.495725308359934e-05,0.17596768333646282
4970,0.015014321411688205,0.0004225653600130056,0.14203877647495985,0.07733372648688516,0.0017282664972295232,0.11618598300702675,0.09598735465736688,0.0015321497082476292,0.08583471754888679,1.4987408835784014e-05,1.4987408835784014e-05,0.17632245689157663
4980,0.01500967087088032,0.00042335595195034607,0.14230452166398186,0.07731438961077818,0.0017315537661677124,0.11640697587682099,0.09596991800285398,0.0015351139395148215,0.08600078092520008,1.5017564587968691e-05,1.5017564587968691e-05,0.17667723044669048
4990,0.015005021652729352,0.0004241463190360104,0.14257019127260853,0.07729505705401152,0.0017348403008180448,0.1166279193827257,0.0959524841002495,0.0015380777029575855,0.08616681809286193,1.5047720340153368e-05,1.5047720340153368e-05,0.1770320040018043
5000,0.015000373756986126,0.00042493646131235913,0.14283578531507868,0.07727572881599151,0.001738126101281446,0.11684881353152576,0.0959350529493191,0.001541040998615751,0.0863328290541037,1.5077876092338044e-05,1.5077876092338044e-05,0.17738677755691815
5010,0.014995727183401458,0.0004257263788217527,0.14310130380563113,0.07725640489612448,0.0017414111676588406,0.11706965833000607,0.09591762454982854,0.0015440038265291485,0.08649881381115677,1.510803184452272e-05,1.510803184452272e-05,0.17774155111203196
5020,0.01499108193172617,0.00042651607160655147,0.1433667467585047,0.07723708529381675,0.0017446955000511547,0.11729045378495155,0.09590019890154347,0.001546966186737608,0.08666477236625254,1.5138187596707396e-05,1.5138187596707396e-05,0.1780963246671458
5030,0.014986438001711084,0.00042730553970911616,0.1436321141879382,0.07721777000847464,0.001747979098559313,0.11751119990314708,0.09588277600422965,0.0015499280792809589,0.08683070472162234,1.516834334889207e-05,1.516834334889207e-05,0.17845109822225963
5040,0.01498179539310702,0.0004280947831718071,0.14389740610817042,0.07719845903950448,0.0017512619632842415,0.11773189669137755,0.09586535585765274,0.001552889504199032,0.08699661087949759,1.5198499101076747e-05,1.5198499101076747e-05,0.17880587177737348
5050,0.014977154105664798,0.0004288838020369848,0.14416262253344025,0.07717915238631257,0.001754544094326865,0.11795254415642788,0.09584793846157848,0.0015558504615316572,0.08716249084210964,1.5228654853261424e-05,1.5228654853261424e-05,0.17916064533248732
5060,0.014972514139135239,0.00042967259634700983,0.1444277634779865,0.07715985004830525,0.0017578254917881087,0.11817314230508291,0.09583052381577256,0.0015588109513186641,0.08732834461168987,1.52588106054461e-05,1.52588106054461e-05,0.17951541888760117
5070,0.014967875493269164,0.0004304611661442426,0.14469282895604793,0.07714055202488884,0.0017611061557688983,0.1183936911441276,0.09581311192000068,0.0015617709735998833,0.08749417219046966,1.5288966357630777e-05,1.5288966357630777e-05,0.17987019244271502
5080,0.014963238167817392,0.00043124951147104356,0.14495781898186336,0.07712125831546966,0.001764386086370159,0.1186141906803468,0.09579570277402856,0.0015647305284151446,0.08765997358068037,1.531912210981545e-05,1.531912210981545e-05,0.1802249659978288
5090,0.014958602162530747,0.0004320376323697733,0.1452227335696717,0.07710196891945403,0.0017676652836928158,0.11883464092052543,0.09577829637762189,0.0015676896158042782,0.0878257487845534,1.5349277862000127e-05,1.5349277862000127e-05,0.18057973955294265
5100,0.014953967477160048,0.00043282552888279223,0.14548757273371168,0.07708268383624828,0.0017709437478377946,0.11905504187144836,0.09576089273054639,0.0015706482358071139,0.08799149780432011,1.5379433614184804e-05,1.5379433614184804e-05,0.1809345131080565
5110,0.014949334111456115,0.0004336132010524609,0.14575233648822214,0.07706340306525872,0.0017742214789060202,0.11927539353990049,0.09574349183256775,0.001573606388463482,0.08815722064221189,1.540958936636948e-05,1.540958936636948e-05,0.18128928666317035
5120,0.014944702065169768,0.00043440064892113974,0.14601702484744192,0.07704412660589167,0.0017774984769984182,0.11949569593266675,0.09572609368345168,0.0015765640738132124,0.08832291730046009,1.5439745118554157e-05,1.5439745118554157e-05,0.1816440602182842
5130,0.01494007133805183,0.0004351878725311893,0.14628163782560985,0.07702485445755346,0.0017807747422159137,0.119715949056532,0.0957086982829639,0.0015795212918961353,0.0884885877812961,1.5469900870738834e-05,1.5469900870738834e-05,0.18199883377339804
5140,0.01493544192985312,0.00043597487192497,0.1465461754369647,0.07700558661965042,0.001784050274659432,0.11993615291828114,0.09569130563087011,0.0015824780427520805,0.08865423208695129,1.550005662292351e-05,1.550005662292351e-05,0.18235360732851189
5150,0.014930813840324459,0.00043676164714484235,0.14681063769574532,0.07698632309158884,0.0017873250744298989,0.12015630752469905,0.095673915726936,0.0015854343264208783,0.08881985021965705,1.5530212375108184e-05,1.5530212375108184e-05,0.18270838088362568
5160,0.014926187069216668,0.0004375481982331668,0.14707502461619051,0.07696706387277508,0.001790599141628239,0.12037641288257067,0.0956565285709273,0.0015883901429423588,0.08898544218164475,1.556036812729286e-05,1.556036812729286e-05,0.18306315443873952
5170,0.014921561616280566,0.00043833452523230396,0.14733933621253914,0.07694780896261544,0.001793872476355378,0.12059646899868087,0.09563914416260968,0.0015913454923563517,0.08915100797514576,1.5590523879477537e-05,1.5590523879477537e-05,0.18341792799385337
5180,0.014916937481266978,0.00043912062818461423,0.14760357249902997,0.07692855836051624,0.0017971450787122411,0.1208164758798145,0.09562176250174889,0.0015943003747026874,0.08931654760239145,1.5620679631662213e-05,1.5620679631662213e-05,0.18377270154896722
5190,0.014912314663926719,0.0004399065071324581,0.14786773348990187,0.0769093120658838,0.001800416948799754,0.12103643353275656,0.0956043835881106,0.0015972547900211958,0.08948206106561321,1.565083538384689e-05,1.565083538384689e-05,0.18412747510408103
5200,0.014907693164010614,0.00044069216211819605,0.1481318191993936,0.07689007007812447,0.0018036880867188414,0.12125634196429184,0.09558700742146053,0.0016002087383517071,0.08964754836704242,1.5680991136031563e-05,1.5680991136031563e-05,0.18448224865919485
5210,0.01490307298126948,0.00044147759318418863,0.14839582964174408,0.07687083239664455,0.0018069584925704289,0.12147620118120528,0.0955696340015644,0.001603162219734051,0.08981300950891043,1.571114688821624e-05,1.571114688821624e-05,0.1848370222143087
5220,0.014898454115454143,0.0004422628003727962,0.148659764831192,0.07685159902085036,0.0018102281664554418,0.12169601119028178,0.09555226332818789,0.0016061152342080579,0.08997844449344862,1.5741302640400917e-05,1.5741302640400917e-05,0.18519179576942255
5230,0.014893836566315417,0.0004430477837263794,0.14892362478197624,0.07683236995014821,0.0018134971084748054,0.12191577199830622,0.0955348954010967,0.0016090677818135577,0.09014385332288838,1.5771458392585593e-05,1.5771458392585593e-05,0.18554656932453636
5240,0.014889220333604129,0.00044383254328729863,0.14918740950833567,0.07681314518394446,0.001816765318729445,0.12213548361206353,0.09551753022005657,0.0016120198625903805,0.0903092359994611,1.580161414477027e-05,1.580161414477027e-05,0.1859013428796502
5250,0.014884605417071095,0.0004446170790979143,0.149451119024509,0.07679392472164538,0.001820032797320286,0.12235514603833854,0.0955001677848332,0.0016149714765783564,0.09047459252539812,1.5831769896954946e-05,1.5831769896954946e-05,0.18625611643476406
5260,0.014879991816467137,0.0004454013912005871,0.14971475334473514,0.07677470856265735,0.0018232995443482536,0.12257475928391619,0.09548280809519226,0.0016179226238173154,0.09063992290293084,1.5861925649139623e-05,1.5861925649139623e-05,0.1866108899898779
5270,0.014875379531543076,0.0004461854796376774,0.14997831248325288,0.07675549670638664,0.0018265655599142732,0.12279432335558138,0.09546545115089948,0.0016208733043470876,0.09080522713429062,1.5892081401324296e-05,1.5892081401324296e-05,0.1869656635449917
5280,0.014870768562049734,0.0004469693444515457,0.15024179645430108,0.0767362891522396,0.0018298308441192699,0.12301383826011897,0.09544809695172056,0.0016238235182075029,0.09097050522170885,1.5922237153508973e-05,1.5922237153508973e-05,0.18732043710010554
5290,0.014866158907737929,0.0004477529856845524,0.15050520527211844,0.07671708589962255,0.0018330953970641694,0.1232333040043139,0.09543074549742121,0.0016267732654383915,0.0911357571674169,1.595239290569365e-05,1.595239290569365e-05,0.1876752106552194
5300,0.014861550568358483,0.00044853640337905816,0.1507685389509439,0.0766978869479418,0.0018363592188498966,0.12345272059495102,0.09541339678776715,0.0016297225460795834,0.09130098297364614,1.5982548657878326e-05,1.5982548657878326e-05,0.18802998421033323
5310,0.014856943543662219,0.0004493195975774233,0.15103179750501622,0.07667869229660368,0.001839622309577377,0.12367208803881523,0.09539605082252406,0.0016326713601709088,0.09146618264262794,1.6012704410063003e-05,1.6012704410063003e-05,0.18838475776544708
5320,0.014852337833399952,0.00045010256832200845,0.15129498094857424,0.0766595019450145,0.001842884669347536,0.12389140634269148,0.09537870760145765,0.0016356197077521974,0.0916313561765937,1.604286016224768e-05,1.604286016224768e-05,0.18873953132056093
5330,0.014847733437322508,0.000450885315655174,0.1515580892958568,0.07664031589258061,0.0018461462982612988,0.1241106755133646,0.09536136712433364,0.0016385675888632794,0.09179650357777476,1.6073015914432356e-05,1.6073015914432356e-05,0.18909430487567477
5340,0.014843130355180706,0.0004516678396192805,0.15182112256110267,0.0766211341387083,0.0018494071964195906,0.12432989555761952,0.09534402939091773,0.001641515003543985,0.09196162484840252,1.610317166661703e-05,1.610317166661703e-05,0.18944907843078856
5350,0.014838528586725365,0.0004524501402566884,0.1520840807585507,0.07660195668280391,0.001852667363923337,0.12454906648224112,0.09532669440097562,0.0016444619518341443,0.09212671999070836,1.6133327418801706e-05,1.6133327418801706e-05,0.1898038519859024
5360,0.014833928131707306,0.0004532322176097582,0.1523469639024397,0.07658278352427376,0.001855926800873463,0.1247681882940143,0.095309362154273,0.001647408433773587,0.09229178900692364,1.6163483170986383e-05,1.6163483170986383e-05,0.19015862554101626
5370,0.014829328989877353,0.0004540140717208504,0.1526097720070085,0.07656361466252416,0.001859185507370894,0.12498726099972396,0.09529203265057562,0.0016503544494021437,0.09245683189927975,1.619363892317106e-05,1.619363892317106e-05,0.1905133990961301
5380,0.014824731160986324,0.00045479570263232545,0.15287250508649594,0.07654445009696145,0.0018624434835165554,0.12520628460615496,0.09527470588964915,0.001653299998759644,0.09262184867000807,1.6223794675355736e-05,1.6223794675355736e-05,0.19086817265124395
5390,0.014820134644785038,0.00045557711038654385,0.15313516315514078,0.07652528982699193,0.0018657007294113725,0.12542525912009225,0.0952573818712593,0.001656245081885918,0.09278683932133994,1.625395042754041e-05,1.625395042754041e-05,0.19122294620635774
5400,0.014815539441024319,0.00045635829502586607,0.15339774622718186,0.07650613385202194,0.0018689572451562706,0.1256441845483207,0.09524006059517177,0.001659189698820796,0.09295180385550679,1.6284106179725086e-05,1.6284106179725086e-05,0.1915777197614716
5410,0.014810945549454987,0.0004571392565926527,0.15366025431685804,0.0764869821714578,0.0018722130308521752,0.1258630608976252,0.0952227420611523,0.0016621338496041077,0.09311674227473993,1.6314261931909762e-05,1.6314261931909762e-05,0.19193249331658543
5420,0.01480635296982786,0.0004579199951292641,0.1539226874384081,0.07646783478470583,0.001875468086600011,0.12608188817479063,0.09520542626896657,0.0016650775342756834,0.09328165458127077,1.634441768409444e-05,1.634441768409444e-05,0.19228726687169928
5430,0.014801761701893762,0.0004587005106780608,0.15418504560607085,0.07644869169117234,0.001878722412500704,0.12630066638660192,0.09518811321838026,0.0016680207528753533,0.09344654077733072,1.6374573436279116e-05,1.6374573436279116e-05,0.1926420404268131
5440,0.014797171745403513,0.0004594808032814033,0.15444732883408513,0.07642955289026367,0.001881976008655179,0.12651939553984395,0.09517080290915912,0.001670963505442947,0.09361140086515109,1.6404729188463792e-05,1.6404729188463792e-05,0.19299681398192695
5450,0.01479258310010793,0.0004602608729816521,0.15470953713668978,0.07641041838138611,0.0018852288751643618,0.12673807564130163,0.09515349534106884,0.001673905792018295,0.0937762348469633,1.643488494064847e-05,1.643488494064847e-05,0.1933515875370408
5460,0.014787995765757839,0.0004610407198211677,0.15497167052812358,0.07639128816394603,0.0018884810121291775,0.12695670669775982,0.09513619051387513,0.001676847612641227,0.09394104272499872,1.6465040692833142e-05,1.6465040692833142e-05,0.1937063610921546
5470,0.014783409742104058,0.0004618203438423105,0.1552337290226254,0.07637216223734972,0.001891732419650551,0.1271752887160034,0.09511888842734367,0.0016797889673515732,0.09410582450148869,1.649519644501782e-05,1.649519644501782e-05,0.19406113464726843
5480,0.014778825028897408,0.0004625997450874411,0.15549571263443396,0.0763530406010035,0.001894983097829408,0.12739382170281732,0.09510158908124021,0.0016827298561891638,0.09427058017866465,1.6525352197202495e-05,1.6525352197202495e-05,0.19441590820238228
5490,0.01477424162588871,0.00046337892359891986,0.15575762137778817,0.0763339232543137,0.0018982330467666741,0.1276123056649865,0.09508429247533041,0.0016856702791938284,0.0944353097587579,1.6555507949387172e-05,1.6555507949387172e-05,0.19477068175749612
5500,0.014769659532828782,0.00046415787941910745,0.15601945526692684,0.07631481019668664,0.0019014822665632742,0.12783074060929572,0.09506699860938,0.0016886102364053978,0.09460001324399989,1.658566370157185e-05,1.658566370157185e-05,0.19512545531260997
5510,0.014765078749468448,0.00046493661259036417,0.1562812143160888,0.07629570142752863,0.0019047307573201336,0.12804912654252998,0.0950497074831547,0.0016915497278637013,0.09476469063662192,1.6615819453756522e-05,1.6615819453756522e-05,0.19548022886772376
5520,0.014760499275558527,0.0004657151231550506,0.15654289853951278,0.07627659694624603,0.0019079785191381776,0.1282674634714741,0.09503241909642017,0.0016944887536085695,0.09492934193885542,1.6645975205941202e-05,1.6645975205941202e-05,0.19583500242283766
5530,0.014755921110849841,0.0004664934111555273,0.15680450795143772,0.07625749675224512,0.0019112255521183319,0.12848575140291305,0.09501513344894216,0.0016974273136798322,0.09509396715293177,1.6676130958125875e-05,1.6676130958125875e-05,0.19618977597795145
5540,0.01475134425509321,0.00046727147663415457,0.15706604256610238,0.07623840084493223,0.0019144718563615212,0.12870399034363167,0.09499785054048634,0.0017003654081173194,0.09525856628108231,1.6706286710310552e-05,1.6706286710310552e-05,0.1965445495330653
5550,0.014746768708039456,0.00046804931963329304,0.15732750239774554,0.07621930922371371,0.0019177174319686713,0.12892218030041486,0.09498057037081846,0.0017033030369608612,0.09542313932553845,1.673644246249523e-05,1.673644246249523e-05,0.19689932308817915
5560,0.014742194469439395,0.0004688269401953031,0.15758888746060606,0.07620022188799586,0.0019209622790407072,0.12914032128004752,0.09496329293970418,0.0017062402002502876,0.09558768628853152,1.6766598214679905e-05,1.6766598214679905e-05,0.197254096643293
5570,0.014737621539043852,0.0004696043383625453,0.15785019776892278,0.07618113883718498,0.0019242063976785547,0.12935841328931458,0.09494601824690924,0.0017091768980254292,0.09575220717229295,1.6796753966864582e-05,1.6796753966864582e-05,0.19760887019840684
5580,0.014733049916603649,0.0004703815141773802,0.1581114333369345,0.07616206007068743,0.0019274497879831385,0.1295764563350009,0.09492874629219931,0.0017121131303261153,0.09591670197905408,1.6826909719049255e-05,1.6826909719049255e-05,0.19796364375352063
5590,0.0147284796018696,0.0004711584676821682,0.15837259417888006,0.07614298558790951,0.0019306924500553844,0.12979445042389137,0.09491147707534013,0.0017150488971921763,0.09608117071104628,1.6857065471233935e-05,1.6857065471233935e-05,0.1983184173086345
5600,0.014723910594592533,0.00047193519891926977,0.15863368030899824,0.07612391538825755,0.0019339343839962172,0.1300123955627709,0.09489421059609739,0.001717984198663442,0.09624561337050094,1.6887221223418608e-05,1.6887221223418608e-05,0.19867319086374832
5610,0.014719342894523264,0.00047271170793104544,0.15889469174152787,0.07610484947113788,0.0019371755899065626,0.13023029175842435,0.0948769468542368,0.0017209190347797427,0.09641002995964945,1.6917376975603285e-05,1.6917376975603285e-05,0.19902796441886217
5620,0.014714776501412617,0.0004734879947598557,0.15915562849070777,0.07608578783595679,0.001940416067887346,0.1304481390176367,0.09485968584952406,0.0017238534055809085,0.09657442048072316,1.694753272778796e-05,1.694753272778796e-05,0.19938273797397602
5630,0.014710211415011408,0.00047426405944806096,0.15941649057077678,0.07606673048212065,0.0019436558180394923,0.13066593734719273,0.09484242758172488,0.0017267873111067693,0.09673878493595346,1.6977688479972635e-05,1.6977688479972635e-05,0.1997375115290898
5640,0.014705647635070462,0.00047503990203802177,0.1596772779959737,0.07604767740903573,0.0019468948404639272,0.13088368675387746,0.09482517205060496,0.0017297207513971551,0.09690312332757173,1.7007844232157315e-05,1.7007844232157315e-05,0.20009228508420368
5650,0.014701085161340598,0.00047581552257209864,0.15993799078053733,0.07602862861610839,0.0019501331352615758,0.13110138724447568,0.09480791925593002,0.0017326537264918964,0.09706743565780931,1.7037999984341988e-05,1.7037999984341988e-05,0.2004470586393175
5660,0.014696523993572637,0.00047659092109265206,0.16019862893870657,0.07600958410274493,0.0019533707025333634,0.1313190388257723,0.09479066919746575,0.0017355862364308227,0.09723172192889763,1.7068155736526665e-05,1.7068155736526665e-05,0.20080183219443135
5670,0.0146919641315174,0.00047736609764204246,0.16045919248472015,0.07599054386835169,0.0019566075423802154,0.13153664150455227,0.09477342187497785,0.0017385182812537643,0.09739598214306804,1.709831148871134e-05,1.709831148871134e-05,0.20115660574954516
5680,0.014687405574925707,0.0004781410522626304,0.16071968143281692,0.07597150791233497,0.001959843654903057,0.13175419528760046,0.09475617728823205,0.0017414498610005512,0.09756021630255189,1.7128467240896018e-05,1.7128467240896018e-05,0.201511379304659
5690,0.014682848323548377,0.00047891578499677625,0.1609800957972357,0.0759524762341011,0.0019630790402028137,0.13197170018170173,0.09473893543699403,0.0017443809757110135,0.0977244244095806,1.7158622993080695e-05,1.7158622993080695e-05,0.20186615285977286
5700,0.014678292377136234,0.00047969029588684065,0.16124043559221532,0.07593344883305642,0.0019663136983804107,0.13218915619364102,0.09472169632102952,0.0017473116254249812,0.0978886064663855,1.7188778745265368e-05,1.7188778745265368e-05,0.20222092641488668
5710,0.014673737735440097,0.00048046458497518396,0.1615007008319946,0.07591442570860722,0.0019695476295367733,0.13240656333020323,0.09470445994010421,0.0017502418101822846,0.09805276247519802,1.7218934497450048e-05,1.7218934497450048e-05,0.20257569997000055
5720,0.014669184398210786,0.0004812386523041667,0.16176089153081233,0.07589540686015986,0.0019727808337728268,0.1326239215981732,0.0946872262939838,0.0017531715300227533,0.09821689243824948,1.724909024963472e-05,1.724909024963472e-05,0.20293047352511434
5730,0.014664632365199123,0.0004820124979161495,0.16202100770290737,0.07587639228712062,0.0019760133111894965,0.13284123100433587,0.09466999538243401,0.0017561007849862175,0.09838099635777128,1.7279246001819398e-05,1.7279246001819398e-05,0.2032852470802282
5740,0.014660081636155928,0.0004827861218534926,0.16228104936251853,0.07585738198889586,0.0019792450618877073,0.1330584915554761,0.09465276720522053,0.0017590295751125076,0.09854507423599482,1.7309401754004074e-05,1.7309401754004074e-05,0.20364002063534203
5750,0.014655532210832023,0.0004835595241585566,0.16254101652388458,0.07583837596489186,0.0019824760859683856,0.13327570325837884,0.09463554176210909,0.0017619579004414534,0.09870912607515145,1.733955750618875e-05,1.733955750618875e-05,0.20399479419045588
5760,0.014650984088978225,0.00048433270487370213,0.16280090920124438,0.07581937421451497,0.001985706383532456,0.13349286611982897,0.09461831905286537,0.0017648857610128848,0.09887315187747253,1.7369713258373428e-05,1.7369713258373428e-05,0.20434956774556973
5770,0.014646437270345359,0.0004851056640412894,0.16306072740883676,0.07580037673717152,0.0019889359546808438,0.1337099801466113,0.0946010990772551,0.001767813156866632,0.09903715164518946,1.73998690105581e-05,1.73998690105581e-05,0.20470434130068352
5780,0.014641891754684243,0.00048587840170367914,0.16332047116090054,0.07578138353226781,0.001992164799514474,0.13392704534551084,0.09458388183504396,0.0017707400880425251,0.09920112538053362,1.7430024762742777e-05,1.7430024762742777e-05,0.20505911485579736
5790,0.014637347541745699,0.00048665091790323165,0.1635801404716745,0.07576239459921018,0.0019953929181342725,0.13414406172331242,0.09456666732599768,0.001773666554580394,0.09936507308573635,1.7460180514927454e-05,1.7460180514927454e-05,0.2054138884109112
5800,0.014632804631280546,0.0004874232126823076,0.1638397353553975,0.07574340993740493,0.0019986203106411647,0.13436102928680096,0.09454945554988194,0.001776592556520069,0.09952899476302908,1.749033626711213e-05,1.749033626711213e-05,0.20576866196602506
5810,0.014628263023039606,0.00048819528608326734,0.16409925582630833,0.0757244295462584,0.002001846977136075,0.13457794804276133,0.09453224650646247,0.0017795180939013798,0.09969289041464313,1.7520492019296807e-05,1.7520492019296807e-05,0.2061234355211389
5820,0.0146237227167737,0.0004889671381484715,0.16435870189864588,0.0757054534251769,0.00200507291771993,0.13479481799797846,0.09451504019550495,0.001782443166764157,0.09985676004280993,1.755064777148148e-05,1.755064777148148e-05,0.2064782090762527
5830,0.014619183712233648,0.0004897387689202803,0.16461807358664882,0.07568648157356675,0.002008298132493654,0.13501163915923722,0.0944978366167751,0.0017853677751482303,0.1000206036497608,1.758080352366616e-05,1.758080352366616e-05,0.20683298263136657
5840,0.014614646009170269,0.0004905101784410546,0.16487737090455615,0.0756675139908343,0.0020115226215581725,0.13522841153332252,0.09448063577003864,0.0017882919190934294,0.10018442123772714,1.7610959275850834e-05,1.7610959275850834e-05,0.2071877561864804
5850,0.014610109607334387,0.0004912813667531545,0.16513659386660653,0.07564855067638583,0.0020147463850144114,0.13544513512701922,0.09446343765506125,0.001791215598639585,0.10034821280894034,1.764111502803551e-05,1.764111502803551e-05,0.20754252974159423
5860,0.014605574506476822,0.0004920523338989408,0.16539574248703892,0.07562959162962768,0.002017969422963295,0.13566180994711227,0.09444624227160865,0.0017941388138265268,0.10051197836563176,1.7671270780220187e-05,1.7671270780220187e-05,0.20789730329670808
5870,0.014601040706348392,0.0004928230799207738,0.165654816780092,0.07561063684996619,0.0020211917355057495,0.1358784360003865,0.09442904961944655,0.0017970615646940849,0.10067571791003277,1.7701426532404864e-05,1.7701426532404864e-05,0.2082520768518219
5880,0.01459650820669992,0.000493593604861014,0.1659138167600047,0.07559168633680766,0.0020244133227427,0.13609501329362686,0.09441185969834064,0.0017999838512820893,0.10083943144437475,1.773158228458954e-05,1.773158228458954e-05,0.20860685040693575
5890,0.014591977007282226,0.0004943639087620221,0.16617274244101582,0.07557274008955842,0.0020276341847750715,0.1363115418336182,0.09439467250805664,0.0018029056736303705,0.1010031189708891,1.7761738036774214e-05,1.7761738036774214e-05,0.20896162396204956
5900,0.01458744710784613,0.0004951339916661583,0.1664315938373641,0.07555379810762478,0.00203085432170379,0.13652802162714553,0.09437748804836024,0.0018058270317787579,0.10116678049180716,1.779189378895889e-05,1.779189378895889e-05,0.2093163975171634
5910,0.014582918508142454,0.0004959038536157832,0.16669037096328845,0.07553486039041307,0.0020340737336297793,0.13674445268099353,0.09436030631901716,0.0018087479257670818,0.10133041600936032,1.7822049541143567e-05,1.7822049541143567e-05,0.20967117107227723
5920,0.014578391207922018,0.0004966734946532574,0.16694907383302768,0.07551592693732961,0.0020372924206539665,0.1369608350019473,0.0943431273197931,0.0018116683556351726,0.10149402552577998,1.7852205293328243e-05,1.7852205293328243e-05,0.21002594462739108
5930,0.014573865206935642,0.0004974429148209412,0.16720770246082053,0.07549699774778074,0.0020405103828772756,0.13717716859679163,0.09432595105045376,0.0018145883214228597,0.10165760904329746,1.788236104551292e-05,1.788236104551292e-05,0.21038071818250492
5940,0.014569340504934148,0.0004982121141611952,0.16746625686090594,0.07547807282117276,0.002043727620400633,0.13739345347231147,0.09430877751076486,0.0018175078231699737,0.10182116656414418,1.7912516797697597e-05,1.7912516797697597e-05,0.21073549173761877
5950,0.014564817101668357,0.0004989810927163798,0.1677247370475226,0.07545915215691198,0.0020469441333249632,0.13760968963529163,0.09429160670049208,0.0018204268609163445,0.10198469809055152,1.7942672549882273e-05,1.7942672549882273e-05,0.21109026529273262
5960,0.014560294996889087,0.0004997498505288556,0.16798314303490944,0.07544023575440477,0.002050159921751192,0.1378258770925171,0.09427443861940116,0.001823345434701802,0.10214820362475081,1.7972828302066947e-05,1.7972828302066947e-05,0.2114450388478464
5970,0.01455577419034716,0.0005005183876409831,0.16824147483730525,0.0754213236130574,0.002053374985780244,0.1380420158507727,0.09425727326725777,0.0018262635445661763,0.10231168316897346,1.8002984054251623e-05,1.8002984054251623e-05,0.21179981240296025
5980,0.014551254681793399,0.0005012867040951227,0.16849973246894878,0.07540241573227621,0.0020565893255130455,0.13825810591684337,0.09424011064382766,0.0018291811905492977,0.10247513672545086,1.80331398064363e-05,1.80331398064363e-05,0.2121545859580741
5990,0.01454673647097862,0.0005020547999336349,0.16875791594407896,0.07538351211146753,0.002059802941050521,0.138474147297514,0.09422295074887649,0.001832098372690996,0.10263856429641434,1.8063295558620976e-05,1.8063295558620976e-05,0.21250935951318795
6000,0.01454221955765365,0.0005028226751988802,0.16901602527693452,0.07536461275003768,0.0020630158324935963,0.13869013999956947,0.09420579358216999,0.0018350150910311012,0.10280196588409532,1.8093451310805653e-05,1.8093451310805653e-05,0.2128641330683018
6010,0.014537703941569302,0.000503590329933219,0.1692740604817543,0.07534571764739298,0.0020662279999431963,0.1389060840297947,0.09418863914347385,0.0018379313456094435,0.10296534149072513,1.8123607062990326e-05,1.8123607062990326e-05,0.21321890662341558
6020,0.014533189622476402,0.0005043577641790119,0.1695320215727771,0.07532682680293974,0.0020694394435002467,0.13912197939497456,0.0941714874325538,0.001840847136465853,0.10312869111853518,1.8153762815175006e-05,1.8153762815175006e-05,0.21357368017852948
6030,0.01452867660012577,0.0005051249779786196,0.16978990856424184,0.0753079402160843,0.0020726501632656723,0.13933782610189394,0.09415433844917552,0.0018437624636401596,0.10329201476975684,1.818391856735968e-05,1.818391856735968e-05,0.21392845373364328
6040,0.014524164874268225,0.0005058919713744021,0.17004772147038724,0.07528905788623295,0.002075860159340399,0.13955362415733774,0.09413719219310474,0.0018466773271721935,0.10345531244662148,1.8214074319544356e-05,1.8214074319544356e-05,0.21428322728875712
6050,0.014519654444654589,0.0005066587444087202,0.17030546030545216,0.07527017981279206,0.0020790694318253517,0.13976937356809085,0.09412004866410714,0.0018495917271017846,0.1036185841513605,1.8244230071729033e-05,1.8244230071729033e-05,0.21463800084387097
6060,0.014515145311035683,0.0005074252971239343,0.17056312508367538,0.07525130599516791,0.0020822779808214566,0.13998507434093824,0.09410290786194844,0.0018525056634687634,0.10378182988620524,1.827438582391371e-05,1.827438582391371e-05,0.21499277439898482
6070,0.014510637473162325,0.000508191629562405,0.17082071581929578,0.07523243643276685,0.0020854858064296372,0.14020072648266466,0.09408576978639435,0.0018554191363129588,0.10394504965338705,1.8304541576098386e-05,1.8304541576098386e-05,0.21534754795409863
6080,0.01450613093078534,0.0005089577417664926,0.17107823252655213,0.07521357112499519,0.0020886929087508208,0.14041633000005516,0.09406863443721057,0.0018583321456742024,0.10410824345513739,1.833469732828306e-05,1.833469732828306e-05,0.21570232150921245
6090,0.014501625683655544,0.0005097236337785578,0.17133567521968326,0.07519471007125923,0.0020918992878859316,0.14063188489989453,0.0940515018141628,0.0018612446915923233,0.10427141129368757,1.8364853080467736e-05,1.8364853080467736e-05,0.2160570950643263
6100,0.014497121731523762,0.0005104893056409608,0.17159304391292798,0.07517585327096533,0.0020951049439358947,0.1408473911889677,0.09403437191701675,0.0018641567741071517,0.10443455317126901,1.8395008832652413e-05,1.8395008832652413e-05,0.21641186861944015
6110,0.014492619074140812,0.0005112547573960625,0.1718503386205252,0.0751570007235198,0.002098309877001636,0.14106284887405954,0.09401724474553813,0.0018670683932585177,0.10459766909011303,1.842516458483709e-05,1.842516458483709e-05,0.21676664217455396
6120,0.014488117711257515,0.0005120199890862229,0.17210755935671357,0.07513815242832894,0.0021015140871840808,0.14127825796195498,0.09400012029949263,0.0018699795490862512,0.10476075905245104,1.8455320337021766e-05,1.8455320337021766e-05,0.2171214157296678
6130,0.01448361764262469,0.0005127850007538029,0.17236470613573204,0.0751193083847991,0.002104717574584154,0.14149361845943892,0.09398299857864598,0.0018728902416301828,0.10492382306051444,1.8485476089206443e-05,1.8485476089206443e-05,0.21747618928478166
6140,0.014479118867993163,0.0005135497924411628,0.17262177897181943,0.07510046859233659,0.0021079203393027813,0.14170893037329618,0.09396587958276387,0.0018758004709301416,0.10508686111653455,1.851563184139112e-05,1.851563184139112e-05,0.2178309628398955
6150,0.014474621387113749,0.0005143143641906632,0.17287877787921452,0.07508163305034773,0.0021111223814408876,0.14192419371031176,0.093948763311612,0.0018787102370259588,0.10524987322274279,1.8545787593575792e-05,1.8545787593575792e-05,0.2181857363950093
6160,0.01447012519973727,0.0005150787160446643,0.17313570287215604,0.07506280175823885,0.002114323701099399,0.1421394084772705,0.09393164976495609,0.0018816195399574635,0.1054128593813705,1.857594334576047e-05,1.857594334576047e-05,0.21854050995012314
6170,0.01446563030561455,0.0005158428480455269,0.17339255396488296,0.07504397471541624,0.00211752429837924,0.1423545746809573,0.09391453894256184,0.0018845283797644862,0.1055758195946491,1.8606099097945146e-05,1.8606099097945146e-05,0.218895283505237
6180,0.014461136704496405,0.0005166067602356114,0.17364933117163409,0.07502515192128627,0.0021207241733813362,0.14256969232815703,0.09389743084419495,0.0018874367564868568,0.10573875386480991,1.8636254850129822e-05,1.8636254850129822e-05,0.21925005706035083
6190,0.01445664439613366,0.0005173704526572783,0.17390603450664815,0.07500633337525522,0.0021239233262066127,0.1427847614256546,0.09388032546962113,0.0018903446701644057,0.10590166219408435,1.86664106023145e-05,1.86664106023145e-05,0.21960483061546468
6200,0.014452153380277132,0.0005181339253528879,0.17416266398416397,0.07498751907672944,0.0021271217569559953,0.14299978198023497,0.0938632228186061,0.0018932521208369624,0.10606454458470378,1.8696566354499172e-05,1.8696566354499172e-05,0.21995960417057847
6210,0.014447663656677644,0.0005188971783648009,0.17441921961842047,0.07496870902511525,0.002130319465730409,0.14321475399868294,0.09384612289091554,0.0018961591085443572,0.10622740103889956,1.872672210668385e-05,1.872672210668385e-05,0.22031437772569232
6220,0.014443175225086015,0.0005196602117353778,0.1746757014236564,0.07494990321981895,0.0021335164526307794,0.14342967748778346,0.09382902568631517,0.0018990656333264205,0.1063902315589031,1.8756877858868525e-05,1.8756877858868525e-05,0.22066915128080616
6230,0.014438688085253067,0.000520423025506979,0.17493210941411055,0.07493110166024688,0.0021367127177580308,0.14364455245432137,0.09381193120457068,0.0019019716952229817,0.10655303614694575,1.8787033611053202e-05,1.8787033611053202e-05,0.22102392483592
6240,0.01443420223692962,0.0005211856197219649,0.1751884436040218,0.07491230434580537,0.00213990826121309,0.14385937890508166,0.09379483944544781,0.0019048772942738715,0.10671581480525891,1.881718936323788e-05,1.881718936323788e-05,0.22137869839103386
6250,0.014429717679866495,0.0005219479944226962,0.175444704007629,0.07489351127590071,0.0021431030830968813,0.14407415684684913,0.09377775040871222,0.0019077824305189194,0.1068785675360739,1.8847345115422555e-05,1.8847345115422555e-05,0.2217334719461477
6260,0.014425234413814512,0.0005227101496515333,0.17570089063917083,0.07487472244993924,0.0021462971835103303,0.14428888628640874,0.09376066409412967,0.0019106871039979558,0.10704129434162217,1.8877500867607232e-05,1.8877500867607232e-05,0.22208824550126155
6270,0.014420752438524493,0.0005234720854508366,0.17595700351288623,0.07485593786732729,0.002149490562554362,0.14450356723054533,0.0937435805014658,0.0019135913147508108,0.10720399522413505,1.8907656619791905e-05,1.8907656619791905e-05,0.22244301905637534
6280,0.014416271753747257,0.0005242338018629666,0.17621304264301396,0.07483715752747117,0.0021526832203299026,0.14471819968604385,0.09372649963048638,0.0019164950628173141,0.10736667018584393,1.8937812371976582e-05,1.8937812371976582e-05,0.2227977926114892
6290,0.014411792359233627,0.0005249952989302838,0.17646900804379287,0.0748183814297772,0.0021558751569378766,0.14493278365968915,0.09370942148095708,0.0019193983482372959,0.10752931922898017,1.896796812416126e-05,1.896796812416126e-05,0.22315256616660303
6300,0.01440731425473442,0.0005257565766951489,0.17672489972946182,0.07479960957365173,0.0021590663724792092,0.14514731915826615,0.09369234605264361,0.0019223011710505864,0.10769194235577514,1.8998123876345935e-05,1.8998123876345935e-05,0.22350733972171688
6310,0.01440283744000046,0.0005265176351999222,0.17698071771425955,0.07478084195850103,0.002162256867054826,0.1453618061885597,0.09367527334531167,0.0019252035312970156,0.10785453956846025,1.9028279628530612e-05,1.9028279628530612e-05,0.2238621132768307
6320,0.014398361914782566,0.0005272784744869642,0.1772364620124249,0.07476207858373146,0.002165446640765653,0.14557624475735478,0.09365820335872697,0.0019281054290164134,0.10801711086926685,1.905843538071529e-05,1.905843538071529e-05,0.22421688683194455
6330,0.01439388767883156,0.0005280390945986352,0.17749213263819671,0.07474331944874935,0.0021686356937126137,0.1457906348714362,0.09364113609265523,0.00193100686424861,0.10817965626042635,1.9088591132899965e-05,1.9088591132899965e-05,0.2245716603870584
6340,0.01438941473189826,0.0005287994955772961,0.1777477296058138,0.07472456455296098,0.0021718240259966356,0.1460049765375889,0.09362407154686214,0.0019339078370334355,0.10834217574417006,1.9118746885084638e-05,1.9118746885084638e-05,0.2249264339421722
6350,0.01438494307373349,0.000529559677465307,0.17800325292951494,0.0747058138957727,0.0021750116377186428,0.1462192697625978,0.09360700972111341,0.0019368083474107201,0.10850466932272941,1.9148902637269315e-05,1.9148902637269315e-05,0.22528120749728603
6360,0.01438047270408807,0.0005303196403050286,0.17825870262353902,0.07468706747659083,0.0021781985289795604,0.14643351455324774,0.09358995061517474,0.0019397083954202934,0.10866713699833576,1.917905838945399e-05,1.917905838945399e-05,0.22563598105239988
6370,0.014376003622712817,0.0005310793841388215,0.17851407870212488,0.07466832529482169,0.0021813846998803145,0.14664771091632364,0.09357289422881185,0.0019426079811019855,0.10882957877322048,1.9209214141638668e-05,1.9209214141638668e-05,0.22599075460751372
6380,0.014371535829358555,0.0005318389090090459,0.1787693811795112,0.0746495873498716,0.0021845701505218296,0.14686185885861036,0.09355584056179042,0.001945507104495627,0.10899199464961497,1.9239369893823345e-05,1.9239369893823345e-05,0.22634552816262757
6390,0.014367069323776106,0.0005325982149580624,0.17902461006993692,0.07463085364114688,0.002187754881005032,0.14707595838689289,0.09353878961387618,0.0019484057656410474,0.10915438462975056,1.9269525646008018e-05,1.9269525646008018e-05,0.22670030171774136
6400,0.014362604105716287,0.0005333573020282315,0.17927976538764082,0.07461212416805386,0.0021909388914308457,0.14729000950795598,0.09352174138483484,0.0019513039645780769,0.10931674871585866,1.9299681398192695e-05,1.9299681398192695e-05,0.2270550752728552
6410,0.014358140174929921,0.0005341161702619137,0.17953484714686174,0.07459339892999885,0.0021941221819001978,0.14750401222858472,0.09350469587443208,0.0019542017013465455,0.10947908691017062,1.932983715037737e-05,1.932983715037737e-05,0.22740984882796905
6420,0.014353677531167829,0.0005348748197014694,0.17978985536183845,0.07457467792638818,0.0021973047525140114,0.14771796655556377,0.09348765308243362,0.001957098975986283,0.10964139921491782,1.9359992902562048e-05,1.9359992902562048e-05,0.2277646223830829
6430,0.01434921617418083,0.0005356332503892592,0.1800447900468098,0.07455596115662817,0.0022004866033732136,0.14793187249567818,0.09347061300860517,0.001959995788537121,0.10980368563233171,1.9390148654746725e-05,1.9390148654746725e-05,0.22811939593819675
6440,0.014344756103719745,0.0005363914623676437,0.18029965121601468,0.07453724862012513,0.002203667734578729,0.14814573005571283,0.09345357565271242,0.0019628921390388875,0.10996594616464356,1.94203044069314e-05,1.94203044069314e-05,0.2284741694933106
6450,0.014340297319535397,0.0005371494556789832,0.1805544388836918,0.07451854031628541,0.0022068481462314826,0.1483595392424526,0.09343654101452109,0.0019657880275314133,0.11012818081408478,1.9450460159116078e-05,1.9450460159116078e-05,0.22882894304842444
6460,0.014335839821378602,0.000537907230365638,0.18080915306408,0.0744998362445153,0.0022100278384324006,0.14857330006268238,0.09341950909379688,0.001968683454054529,0.11029038958288677,1.948061591130075e-05,1.948061591130075e-05,0.22918371660353823
6470,0.014331383609000183,0.0005386647864699691,0.18106379377141818,0.07448113640422115,0.0022132068112824073,0.14878701252318702,0.0934024798903055,0.001971578418648064,0.11045257247328091,1.9510771663485428e-05,1.9510771663485428e-05,0.22953849015865208
6480,0.014326928682150963,0.0005394221240343366,0.18131836101994508,0.07446244079480925,0.002216385064882429,0.1490006766307515,0.09338545340381264,0.0019744729213518482,0.11061472948749851,1.9540927415670104e-05,1.9540927415670104e-05,0.22989326371376592
6490,0.014322475040581761,0.0005401792431011011,0.1815728548238995,0.07444374941568595,0.0022195625993333902,0.14921429239216066,0.09336842963408404,0.0019773669622057126,0.11077686062777102,1.957108316785478e-05,1.957108316785478e-05,0.23024803726887977
6500,0.014318022684043396,0.0005409361437126231,0.18182727519752037,0.07442506226625756,0.0022227394147362168,0.14942785981419943,0.09335140858088536,0.0019802605412494864,0.11093896589632977,1.9601238920039458e-05,1.9601238920039458e-05,0.23060281082399361
6510,0.01431357161228669,0.000541692825911263,0.18208162215504636,0.0744063793459304,0.0022259155111918334,0.14964137890365264,0.09333439024398235,0.001983153658523,0.11110104529540617,1.9631394672224134e-05,1.9631394672224134e-05,0.23095758437910743
6520,0.014309121825062466,0.0005424492897393813,0.1823358957107164,0.0743877006541108,0.002229090888801166,0.14985484966730525,0.09331737462314069,0.0019860463140660835,0.11126309882723158,1.966155042440881e-05,1.966155042440881e-05,0.23131235793422128
6530,0.01430467332212154,0.0005432055352393387,0.1825900958787693,0.07436902619020506,0.0022322655476651396,0.15006827211194212,0.09330036171812607,0.0019889385079185666,0.11142512649403735,1.9691706176593484e-05,1.9691706176593484e-05,0.2316671314893351
6540,0.014300226103214735,0.0005439615624534954,0.18284422267344383,0.07435035595361954,0.00223543948788468,0.1502816462443482,0.09328335152870423,0.0019918302401202796,0.11158712829805488,1.972186192877816e-05,1.972186192877816e-05,0.23202190504444895
6550,0.014295780168092872,0.000544717371424212,0.18309827610897883,0.07433168994376053,0.0022386127095607115,0.15049497207130832,0.09326634405464086,0.0019947215107110525,0.11174910424151555,1.9752017680962837e-05,1.9752017680962837e-05,0.23237667859956276
6560,0.014291335516506772,0.0005454729621938492,0.18335225619961315,0.07431302816003436,0.0022417852127941604,0.15070824959960738,0.09324933929570167,0.0019976123197307156,0.11191105432665073,1.9782173433147514e-05,1.9782173433147514e-05,0.2327314521546766
6570,0.014286892148207254,0.0005462283348047672,0.1836061629595856,0.07429437060184736,0.0022449569976859514,0.15092147883603033,0.09323233725165235,0.0020005026672190985,0.11207297855569179,1.981232918533219e-05,1.981232918533219e-05,0.23308622570979046
6580,0.01428245006294514,0.0005469834892993264,0.1838599964031349,0.07427571726860584,0.00224812806433701,0.151134659787362,0.09321533792225863,0.0020033925532160317,0.11223487693087011,1.9842484937516864e-05,1.9842484937516864e-05,0.23344099926490428
6590,0.014278009260471252,0.0005477384257198877,0.18411375654450005,0.07425706815971612,0.0022512984128482613,0.1513477924603873,0.0931983413072862,0.002006281977761345,0.11239674945441708,1.987264068970154e-05,1.987264068970154e-05,0.2337957728200181
6600,0.014273569740536406,0.0005484931441088113,0.18436744339791977,0.07423842327458453,0.002254468043320631,0.15156087686189113,0.09318134740650076,0.0020091709408948683,0.11255859612856406,1.9902796441886217e-05,1.9902796441886217e-05,0.23415054637513194
6610,0.014269131502891427,0.0005492476445084577,0.1846210569776328,0.0742197826126174,0.002257636955855045,0.15177391299865844,0.09316435621966804,0.002012059442656432,0.11272041695554241,1.9932952194070894e-05,1.9932952194070894e-05,0.2345053199302458
6620,0.014264694547287135,0.0005500019269611874,0.18487459729787814,0.07420114617322103,0.0022608051505524267,0.15198690087747405,0.09314736774655372,0.002014947483085866,0.11288221193758353,1.996310794625557e-05,1.996310794625557e-05,0.23486009348535963
6630,0.01426025887347435,0.0005507559915093609,0.18512806437289442,0.07418251395580176,0.0022639726275137033,0.1521998405051229,0.09313038198692351,0.0020178350622230006,0.1130439810769188,1.9993263698440247e-05,1.9993263698440247e-05,0.23521486704047348
6640,0.014255824481203891,0.0005515098381953388,0.18538145821692062,0.0741638859597659,0.002267139386839799,0.15241273188838983,0.09311339894054314,0.0020207221801076653,0.11320572437577958,2.0023419450624924e-05,2.0023419450624924e-05,0.23556964059558733
6650,0.014251391370226582,0.0005522634670614815,0.18563477884419544,0.07414526218451978,0.0022703054286316395,0.15262557503405977,0.09309641860717828,0.0020236088367796903,0.11336744183639721,2.0053575202809597e-05,2.0053575202809597e-05,0.23592441415070112
6660,0.01424695954029324,0.0005530168781501494,0.18588802626895778,0.07412664262946972,0.0022734707529901504,0.15283836994891764,0.09307944098659467,0.0020264950322789062,0.11352913346100314,2.0083730954994273e-05,2.0083730954994273e-05,0.23627918770581496
6670,0.01424252899115469,0.0005537700715037031,0.1861412005054464,0.07410802729402204,0.0022766353600162563,0.15305111663974832,0.09306246607855798,0.0020293807666451427,0.1136907992518287,2.011388670717895e-05,2.011388670717895e-05,0.2366339612609288
6680,0.014238099722561749,0.0005545230471645031,0.18639430156790018,0.07408941617758305,0.0022797992498108832,0.15326381511333667,0.09304549388283394,0.0020322660399182293,0.11385243921110527,2.0144042459363627e-05,2.0144042459363627e-05,0.23698873481604266
6690,0.014233671734265239,0.0005552758051749097,0.1866473294705579,0.07407080927955909,0.0022829624224749564,0.15347646537646764,0.09302852439918824,0.002035150852137997,0.11401405334106428,2.0174198211548303e-05,2.0174198211548303e-05,0.2373435083711565
6700,0.01422924502601598,0.0005560283455772837,0.18690028422765836,0.07405220659935648,0.0022861248781094004,0.15368906743592606,0.09301155762738661,0.0020380352033442756,0.114175641643937,2.020435396373298e-05,2.020435396373298e-05,0.23769828192627035
6710,0.014224819597564794,0.0005567806684139853,0.1871531658534404,0.07403360813638153,0.0022892866168151412,0.15390162129849688,0.09299459356719474,0.002040919093576895,0.1143372041219549,2.0234509715917657e-05,2.0234509715917657e-05,0.23805305548138417
6720,0.014220395448662502,0.0005575327737273752,0.1874059743621429,0.07401501389004057,0.002292447638693104,0.15411412697096497,0.09297763221837832,0.0020438025228756845,0.11449874077734927,2.026466546810233e-05,2.026466546810233e-05,0.238407829036498
6730,0.014215972579059922,0.0005582846615598137,0.18765870976800458,0.07399642385973992,0.0022956079438442144,0.15432658446011524,0.09296067358070308,0.0020466854912804754,0.11466025161235155,2.0294821220287006e-05,2.0294821220287006e-05,0.23876260259161183
6740,0.014211550988507876,0.0005590363319536615,0.18791137208526432,0.0739778380448859,0.002298767532369397,0.15453899377273253,0.09294371765393472,0.0020495679988310977,0.11482173662919315,2.0324976972471683e-05,2.0324976972471683e-05,0.23911737614672568
6750,0.014207130676757185,0.0005597877849512788,0.18816396132816093,0.07395925644488485,0.0023019264043695775,0.15475135491560182,0.09292676443783893,0.00205245004556738,0.11498319583010533,2.0355132724656356e-05,2.0355132724656356e-05,0.23947214970183947
6760,0.014202711643558671,0.0005605390205950264,0.18841647751093324,0.07394067905914306,0.002305084559945681,0.15496366789550794,0.09290981393218144,0.002055331631529154,0.11514462921731956,2.0385288476841036e-05,2.0385288476841036e-05,0.23982692325695334
6770,0.01419829388866315,0.0005612900389272646,0.18866892064782004,0.07392210588706687,0.0023082419991986335,0.15517593271923585,0.09289286613672794,0.002058212756756249,0.11530603679306717,2.041544422902571e-05,2.041544422902571e-05,0.24018169681206716
6780,0.014193877411821449,0.0005620408399903539,0.18892129075306013,0.0739035369280626,0.0023113987222293597,0.15538814939357037,0.09287592105124413,0.0020610934212884954,0.11546741855957958,2.044559998121039e-05,2.044559998121039e-05,0.24053647036718104
6790,0.014189462212784386,0.0005627914238266549,0.18917358784089236,0.07388497218153657,0.002314554729138785,0.15560031792529644,0.09285897867549574,0.0020639736251657223,0.1156287745190881,2.0475755733395063e-05,2.0475755733395063e-05,0.24089124392229483
6800,0.01418504829130278,0.0005635417904785279,0.18942581192555558,0.0738664116468951,0.0023177100200278346,0.15581243832119893,0.09284203900924845,0.002066853368427761,0.11579010467382414,2.050591148557974e-05,2.050591148557974e-05,0.24124601747740868
6810,0.014180635647127453,0.0005642919399883336,0.18967796302128856,0.07384785532354451,0.0023208645949974343,0.1560245105880628,0.09282510205226799,0.002069732651114441,0.11595140902601911,2.0536067237764416e-05,2.0536067237764416e-05,0.24160079103252252
6820,0.014176224280009224,0.0005650418723984322,0.1899300411423301,0.07382930321089114,0.002324018454148509,0.15623653473267285,0.09280816780432004,0.0020726114732655923,0.11611268757790434,2.056622298994909e-05,2.056622298994909e-05,0.24195556458763634
6830,0.014171814189698918,0.0005657915877511846,0.19018204630291918,0.07381075530834129,0.0023271715975819837,0.156448510761814,0.09279123626517032,0.002075489834921045,0.1162739403317112,2.059637874213377e-05,2.059637874213377e-05,0.24231033814275021
6840,0.01416740537594735,0.0005665410860889509,0.1904339785172944,0.07379221161530128,0.002330324025398784,0.15666043868227117,0.09277430743458452,0.002078367736120629,0.1164351672896711,2.0626534494318443e-05,2.0626534494318443e-05,0.242665111697864
6850,0.014162997838505345,0.0005672903674540917,0.19068583779969467,0.07377367213117744,0.002333475737699836,0.1568723185008293,0.09275738131232837,0.0020812451769041747,0.11659636845401539,2.065669024650312e-05,2.065669024650312e-05,0.24301988525297785
6860,0.014158591577123722,0.0005680394318889676,0.19093762416435886,0.0737551368553761,0.0023366267345860635,0.15708415022427313,0.09274045789816757,0.002084122157311512,0.11675754382697545,2.0686845998687796e-05,2.0686845998687796e-05,0.2433746588080917
6870,0.014154186591553302,0.0005687882794359391,0.1911893376255257,0.07373660578730358,0.002339777016158393,0.15729593385938775,0.09272353719186781,0.002086998677382471,0.11691869341078268,2.0717001750872473e-05,2.0717001750872473e-05,0.24372943236320554
6880,0.014149782881544904,0.0005695369101373666,0.19144097819743414,0.07371807892636618,0.0023429265825177497,0.15750766941295793,0.09270661919319481,0.0020898747371568814,0.11707981720766843,2.074715750305715e-05,2.074715750305715e-05,0.2440842059183194
6890,0.014145380446849352,0.0005702853240356105,0.19169254589432283,0.07369955627197025,0.002346075433765058,0.1577193568917686,0.09268970390191426,0.002092750336674574,0.11724091521986409,2.0777313255241822e-05,2.0777313255241822e-05,0.24443897947343318
6900,0.014140979287217465,0.0005710335211730315,0.19194404073043075,0.0736810378235221,0.0023492235700012442,0.15793099630260463,0.09267279131779188,0.002095625475975378,0.11740198744960101,2.0807469007426502e-05,2.0807469007426502e-05,0.24479375302854706
6910,0.014136579402400063,0.0005717815015919898,0.19219546271999657,0.07366252358042805,0.0023523709913272333,0.15814258765225095,0.09265588144059338,0.0020985001550991238,0.11756303389911057,2.0837624759611176e-05,2.0837624759611176e-05,0.24514852658366088
6920,0.014132180792147966,0.0005725292653348461,0.19244681187725918,0.07364401354209442,0.0023555176978439507,0.15835413094749248,0.09263897427008445,0.0021013743740856414,0.11772405457062417,2.0867780511795852e-05,2.0867780511795852e-05,0.24550330013877472
6930,0.014127783456211997,0.0005732768124439609,0.19269808821645742,0.07362550770792753,0.0023586636896523214,0.15856562619511402,0.09262206980603081,0.0021042481329747614,0.1178850494663732,2.089793626398053e-05,2.089793626398053e-05,0.24585807369388857
6940,0.014123387394342974,0.0005740241429616946,0.1929492917518301,0.07360700607733371,0.002361808966853271,0.15877707340190056,0.09260516804819816,0.002107121431806313,0.11804601858858897,2.0928092016165202e-05,2.0928092016165202e-05,0.24621284724900236
6950,0.014118992606291722,0.0005747712569304078,0.19320042249761604,0.07358850864971928,0.0023649535295477246,0.1589884725746369,0.09258826899635218,0.002109994270620127,0.11820696193950292,2.0958247768349882e-05,2.0958247768349882e-05,0.24656762080411623
6960,0.014114599091809055,0.0005755181543924609,0.19345148046805405,0.07357001542449056,0.002368097377836608,0.15919982372010807,0.09257137265025862,0.002112866649456033,0.11836787952134638,2.0988403520534555e-05,2.0988403520534555e-05,0.24692239435923005
6970,0.0141102068506458,0.0005762648353902143,0.19370246567738295,0.07355152640105386,0.0023712405118208454,0.15941112684509884,0.09255447900968317,0.002115738568353861,0.11852877133635077,2.1018559272719235e-05,2.1018559272719235e-05,0.24727716791434393
6980,0.014105815882552775,0.0005770112999660286,0.1939533781398415,0.07353304157881552,0.002374382931601363,0.15962238195639414,0.09253758807439151,0.0021186100273534415,0.11868963738674741,2.104871502490391e-05,2.104871502490391e-05,0.24763194146945774
6990,0.0141014261872808,0.0005777575481622643,0.19420421786966868,0.07351456095718185,0.002377524637279086,0.15983358906077885,0.09252069984414939,0.002121481026494604,0.11885047767476774,2.1078870777088585e-05,2.1078870777088585e-05,0.24798671502457156
7000,0.014097037764580697,0.0005785035800212818,0.1944549848811031,0.07349608453555918,0.00238066562895494,0.16004474816503797,0.09250381431872247,0.0021243515658171787,0.11901129220264306,2.1109026529273262e-05,2.1109026529273262e-05,0.2483414885796854
7010,0.014092650614203285,0.0005792493955854418,0.19470567918838377,0.07347761231335384,0.0023838059067298497,0.16025585927595626,0.09248693149787648,0.0021272216453609963,0.11917208097260483,2.1139182281457935e-05,2.1139182281457935e-05,0.24869626213479923
7020,0.014088264735899388,0.0005799949948971045,0.19495630080574938,0.07345914428997212,0.0023869454707047405,0.16046692240031868,0.09247005138137714,0.002130091265165886,0.11933284398688437,2.1169338033642615e-05,2.1169338033642615e-05,0.2490510356899131
7030,0.014083880129419822,0.0005807403779986305,0.1952068497474388,0.07344068046482037,0.002390084320980538,0.1606779375449101,0.09245317396899012,0.0021329604252716783,0.11949358124771306,2.119949378582729e-05,2.119949378582729e-05,0.2494058092450269
7040,0.014079496794515412,0.0005814855449323803,0.19545732602769084,0.0734222208373049,0.002393222457658168,0.16088890471651546,0.09243629926048115,0.002135829125718203,0.1196542927573223,2.1229649538011965e-05,2.1229649538011965e-05,0.24976058280014074
7050,0.014075114730936976,0.0005822304957407145,0.19570772966074435,0.07340376540683205,0.0023963598808385547,0.16109982392191963,0.09241942725561593,0.0021386973665452904,0.11981497851794344,2.1259805290196642e-05,2.1259805290196642e-05,0.2501153563552546
7060,0.014070733938435335,0.0005829752304659935,0.19595806066083812,0.07338531417280811,0.0023994965906226234,0.16131069516790744,0.09240255795416016,0.00214156514779277,0.11997563853180786,2.128996104238132e-05,2.128996104238132e-05,0.25047012991036843
7070,0.014066354416761311,0.0005837197491505776,0.19620831904221095,0.07336686713463941,0.0024026325871113006,0.1615215184612639,0.09238569135587957,0.0021444324695004727,0.12013627280114694,2.1320116794565995e-05,2.1320116794565995e-05,0.25082490346548225
7080,0.014061976165665723,0.0005844640518368276,0.19645850481910168,0.0733484242917323,0.0024057678704055107,0.1617322938087738,0.09236882746053983,0.002147299331708228,0.12029688132819204,2.1350272546750668e-05,2.1350272546750668e-05,0.25117967702059607
7090,0.014057599184899391,0.0005852081385671038,0.19670861800574915,0.07332998564349308,0.0024089024406061792,0.16194302121722212,0.09235196626790666,0.0021501657344558662,0.12045746411517456,2.1380428298935348e-05,2.1380428298935348e-05,0.25153445057570994
7100,0.01405322347421314,0.0005859520093837668,0.1969586586163922,0.07331155118932806,0.002412036297814232,0.16215370069339372,0.09233510777774577,0.0021530316777832173,0.1206180211643259,2.141058405112002e-05,2.141058405112002e-05,0.25188922413082376
7110,0.014048849033357786,0.0005866956643291769,0.19720862666526953,0.07329312092864358,0.0024151694421305934,0.16236433224407348,0.09231825198982287,0.0021558971617301114,0.1207785524778774,2.1440739803304698e-05,2.1440739803304698e-05,0.2522439976859376
7120,0.014044475862084151,0.0005874391034456948,0.19745852216662008,0.07327469486084595,0.002418301873656189,0.16257491587604628,0.09230139890390365,0.002158762186336378,0.1209390580580604,2.1470895555489375e-05,2.1470895555489375e-05,0.25259877124105146
7130,0.014040103960143057,0.0005881823267756808,0.1977083451346826,0.07325627298534151,0.0024214335924919446,0.16278545159609709,0.09228454851975383,0.002161626751641848,0.12109953790710633,2.1501051307674048e-05,2.1501051307674048e-05,0.2529535447961653
7140,0.014035733327285322,0.0005889253343614955,0.19795809558369595,0.07323785530153656,0.002424564598738785,0.16299593941101073,0.0922677008371391,0.002164490857686351,0.12125999202724656,2.1531207059858728e-05,2.1531207059858728e-05,0.25330831835127915
7150,0.01403136396326177,0.0005896681262454995,0.19820777352789898,0.07321944180883745,0.002427694892497636,0.16320637932757212,0.09225085585582518,0.0021673545045097172,0.12142042042071245,2.15613628120434e-05,2.15613628120434e-05,0.2536630919063929
7160,0.01402699586782322,0.000590410702470053,0.19845737898153043,0.07320103250665047,0.0024308244738694223,0.1634167713525662,0.09223401357557778,0.0021702176921517763,0.12158082308973536,2.159151856422808e-05,2.159151856422808e-05,0.25401786546150684
7170,0.014022629040720491,0.0005911530630775168,0.19870691195882914,0.07318262739438196,0.0024339533429550697,0.16362711549277778,0.09221717399616258,0.0021730804206523584,0.1217412000365467,2.1621674316412755e-05,2.1621674316412755e-05,0.2543726390166206
7180,0.014018263481704409,0.0005918952081102511,0.19895637247403394,0.07316422647143822,0.002437081499855503,0.16383741175499178,0.09220033711734532,0.0021759426900512945,0.12190155126337784,2.165183006859743e-05,2.165183006859743e-05,0.2547274125717345
7190,0.014013899190525788,0.0005926371376106166,0.19920576054138373,0.07314582973722561,0.0024402089446716483,0.16404766014599312,0.09218350293889167,0.0021788045003884133,0.12206187677246012,2.1681985820782108e-05,2.1681985820782108e-05,0.2550821861268483
7200,0.014009536166935451,0.0005933788516209737,0.19945507617511718,0.07312743719115042,0.0024433356775044306,0.16425786067256673,0.09216667146056737,0.002181665851703546,0.12222217656602499,2.171214157296678e-05,2.171214157296678e-05,0.2554369596819621
7210,0.014005174410684221,0.0005941203501836828,0.19970431938947317,0.07310904883261898,0.0024464616984547745,0.1644680133414974,0.0921498426821381,0.0021845267440365216,0.12238245064630372,2.1742297325151458e-05,2.1742297325151458e-05,0.25579173323707594
7220,0.014000813921522916,0.0005948616333411046,0.19995349019869063,0.07309066466103763,0.002449587007623606,0.16467811815957015,0.09213301660336957,0.0021873871774271713,0.1225426990155278,2.1772453077336134e-05,2.1772453077336134e-05,0.2561465067921898
7230,0.01399645469920236,0.0005956027011355994,0.20020258861700818,0.07307228467581266,0.0024527116051118506,0.16488817513356976,0.0921161932240275,0.0021902471519153243,0.12270292167592854,2.180260882952081e-05,2.180260882952081e-05,0.25650128034730363
7240,0.013992096743473369,0.0005963435536095278,0.20045161465866482,0.07305390887635041,0.0024558354910204335,0.1650981842702812,0.09209937254387758,0.0021931066675408106,0.12286311862973728,2.1832764581705488e-05,2.1832764581705488e-05,0.2568560539024175
7250,0.013987740054086765,0.0005970841908052503,0.20070056833789923,0.07303553726205719,0.002458958665450279,0.16530814557648932,0.09208255456268552,0.002195965724343461,0.12302328987918548,2.1862920333890164e-05,2.1862920333890164e-05,0.2572108274575313
7260,0.013983384630793372,0.0005978246127651272,0.20094944966895031,0.07301716983233934,0.002462081128502314,0.16551805905897907,0.09206573928021702,0.0021988243223631044,0.12318343542650444,2.1893076086074837e-05,2.1893076086074837e-05,0.25756560101264514
7270,0.013979030473344006,0.0005985648195315193,0.20119825866605687,0.07299880658660317,0.0024652028802774626,0.16572792472453526,0.0920489266962378,0.002201682461639572,0.1233435552739256,2.1923231838259514e-05,2.1923231838259514e-05,0.25792037456775896
7280,0.013974677581489492,0.0005993048111467867,0.2014469953434577,0.072980447524255,0.0024683239208766507,0.1659377425799429,0.09203211681051356,0.0022045401422126935,0.12350364942368032,2.1953387590444194e-05,2.1953387590444194e-05,0.25827514812287283
7290,0.013970325954980649,0.0006000445876532902,0.20169565971539163,0.07296209264470117,0.002471444250400803,0.16614751263198674,0.09201530962281,0.002207397364122299,0.12366371787799993,2.1983543342628867e-05,2.1983543342628867e-05,0.25862992167798665
7300,0.013965975593568295,0.0006007841490933902,0.20194425179609754,0.07294374194734797,0.002474563868950846,0.16635723488745183,0.09199850513289283,0.002210254127408218,0.12382376063911586,2.2013699094813544e-05,2.2013699094813544e-05,0.2589846952331005
7310,0.013961626497003256,0.0006015234955094471,0.20219277159981414,0.07292539543160176,0.002477682776627704,0.16656690935312293,0.09198170334052776,0.002213110432110281,0.12398377770925943,2.204385484699822e-05,2.204385484699822e-05,0.25933946878821434
7320,0.013957278665036345,0.0006022626269438215,0.2024412191407803,0.07290705309686882,0.0024808009735323025,0.16677653603578502,0.09196490424548047,0.0022159662782683183,0.12414376909066209,2.2074010599182894e-05,2.2074010599182894e-05,0.25969424234332816
7330,0.01395293209741839,0.0006030015434388739,0.2026895944332349,0.0728887149425555,0.002483918459765567,0.16698611494222299,0.0919481078475167,0.0022188216659221596,0.12430373478555516,2.2104166351367574e-05,2.2104166351367574e-05,0.26004901589844204
7340,0.01394858679390021,0.0006037402450369647,0.2029378974914167,0.07287038096806811,0.0024870352354284227,0.16719564607922166,0.09193131414640214,0.002221676595111635,0.12446367479617002,2.2134322103552247e-05,2.2134322103552247e-05,0.26040378945355586
7350,0.013944242754232623,0.0006044787317804545,0.2031861283295645,0.07285205117281299,0.002490151300621795,0.16740512945356603,0.0919145231419025,0.0022245310658765742,0.12462358912473806,2.2164477855736927e-05,2.2164477855736927e-05,0.26075856300866973
7360,0.013939899978166453,0.0006052170037117036,0.20343428696191718,0.07283372555619642,0.0024932666554466085,0.16761456507204087,0.09189773483378347,0.002227385078256808,0.12478347777349065,2.21946336079216e-05,2.21946336079216e-05,0.2611133365637835
7370,0.013935558465452517,0.0006059550608730726,0.20368237340271345,0.07281540411762477,0.00249638130000379,0.16782395294143124,0.09188094922181078,0.0022302386322921664,0.12494334074465918,2.2224789360106277e-05,2.2224789360106277e-05,0.26146811011889737
7380,0.013931218215841638,0.0006066929033069219,0.2039303876661922,0.07279708685650434,0.0024994952343942636,0.16803329306852188,0.09186416630575012,0.0022330917280224787,0.125103178040475,2.2254945112290954e-05,2.2254945112290954e-05,0.2618228836740112
7390,0.013926879229084636,0.0006074305310556123,0.20417832976659234,0.07277877377224146,0.002502608458718955,0.1682425854600978,0.0918473860853672,0.0022359443654875752,0.12526298966316948,2.2285100864475627e-05,2.2285100864475627e-05,0.262177657229125
7400,0.013922541504932332,0.0006081679441615039,0.20442619971815254,0.07276046486424242,0.0025057209730787893,0.1684518301229438,0.09183060856042773,0.002238796544727286,0.12542277561497403,2.2315256616660303e-05,2.2315256616660303e-05,0.2625324307842388
7410,0.013918205043135547,0.0006089051426669573,0.2046739975351117,0.07274216013191359,0.002508832777574692,0.16866102706384484,0.09181383373069739,0.002241648265781442,0.12558253589812,2.234541236884498e-05,2.234541236884498e-05,0.2628872043393527
7420,0.0139138698434451,0.0006096421266143333,0.20492172323170865,0.07272385957466125,0.002511943872307589,0.16887017628958578,0.09179706159594192,0.0022444995286898723,0.12574227051483877,2.2375568121029657e-05,2.2375568121029657e-05,0.2632419778944665
7430,0.013909535905611815,0.0006103788960459918,0.2051693768221821,0.07270556319189175,0.0025150542573784043,0.1690792778069515,0.091780292155927,0.002247350333492407,0.12590197946736173,2.2405723873214333e-05,2.2405723873214333e-05,0.2635967514495804
7440,0.01390520322938651,0.0006111154510042938,0.205416958320771,0.07268727098301139,0.002518163932888064,0.16928833162272697,0.09176352541041836,0.0022502006802288766,0.12606166275792027,2.243587962539901e-05,2.243587962539901e-05,0.2639515250046942
7450,0.013900871814520006,0.0006118517915315994,0.20566446774171407,0.07266898294742652,0.0025212728989374936,0.16949733774369702,0.0917467613591817,0.0022530505689391106,0.1262213203887457,2.2466035377583683e-05,2.2466035377583683e-05,0.26430629855980803
7460,0.013896541660763123,0.0006125879176702696,0.20591190509925028,0.07265069908454344,0.0025243811556276176,0.16970629617664654,0.0917300000019827,0.0022558999996629397,0.12638095236206945,2.249619112976836e-05,2.249619112976836e-05,0.26466107211492185
7470,0.013892212767866683,0.0006133238294626644,0.20615927040761825,0.07263241939376847,0.0025274887030593625,0.16991520692836048,0.09171324133858709,0.0022587489724401936,0.1265405586801229,2.252634688195304e-05,2.252634688195304e-05,0.2650158456700357
7480,0.013887885135581505,0.0006140595269511444,0.20640656368105692,0.07261414387450793,0.0025305955413336524,0.17012407000562366,0.09169648536876057,0.002261597487310702,0.12670013934513735,2.2556502634137713e-05,2.2556502634137713e-05,0.26537061922514954
7490,0.013883558763658413,0.0006147950101780702,0.20665378493380507,0.07259587252616817,0.002533701670551414,0.1703328854152211,0.09167973209226885,0.002264445544314296,0.1268596943593443,2.258665838632239e-05,2.258665838632239e-05,0.2657253927802634
7500,0.013879233651848224,0.0006155302791858023,0.20690093418010158,0.07257760534815548,0.002536807090813571,0.17054165316393752,0.09166298150887761,0.002267293143490804,0.127019223724975,2.2616814138507066e-05,2.2616814138507066e-05,0.26608016633537723
7510,0.01387490979990176,0.000616265334016701,0.20714801143418518,0.0725593423398762,0.0025399118022210497,0.17075037325855794,0.0916462336183526,0.0022701402848800574,0.12717872744426093,2.264696989069174e-05,2.264696989069174e-05,0.26643493989049105
7520,0.013870587207569843,0.000617000174713127,0.20739501671029478,0.07254108350073663,0.0025430158048747754,0.17095904570586723,0.09162948842045948,0.0022729869685218862,0.12733820551943342,2.267712564287642e-05,2.267712564287642e-05,0.2667897134456049
7530,0.013866265874603292,0.0006177348013174408,0.20764195002266916,0.07252282883014312,0.0025461190988756727,0.17116767051265025,0.09161274591496399,0.0022758331944561197,0.1274976579527238,2.2707281395061093e-05,2.2707281395061093e-05,0.26714448700071874
7540,0.013861945800752928,0.0006184692138720025,0.20788881138554705,0.07250457832750197,0.0025492216843246676,0.17137624768569193,0.09159600610163182,0.0022786789627225884,0.1276570847463635,2.273743714724577e-05,2.273743714724577e-05,0.26749926055583256
7550,0.013857626985769571,0.0006192034124191731,0.20813560081316737,0.07248633199221952,0.0025523235613226854,0.17158477723177715,0.09157926898022868,0.002281524273361123,0.1278164859025839,2.2767592899430446e-05,2.2767592899430446e-05,0.2678540341109464
7560,0.013853309429404045,0.0006199373970013128,0.208382318319769,0.07246808982370206,0.0025554247299706513,0.17179325915769084,0.09156253455052027,0.0022843691264115523,0.12797586142361636,2.2797748651615123e-05,2.2797748651615123e-05,0.26820880766606026
7570,0.013848993131407167,0.0006206711676607821,0.2086289639195906,0.07244985182135595,0.00255852519036949,0.1720016934702178,0.0915458028122723,0.0022872135219137073,0.12813521131169228,2.28279044037998e-05,2.28279044037998e-05,0.2685635812211741
7580,0.013844678091529757,0.0006214047244399417,0.20887553762687114,0.0724316179845875,0.002561624942620128,0.17221008017614303,0.09152907376525048,0.0022900574599074176,0.12829453556904302,2.2858060155984476e-05,2.2858060155984476e-05,0.26891835477628795
7590,0.01384036430952264,0.0006221380673811518,0.20912203945584934,0.07241338831280301,0.0025647239868234898,0.17241841928225138,0.09151234740922051,0.0022929009404325127,0.12845383419789988,2.288821590816915e-05,2.288821590816915e-05,0.2692731283314017
7600,0.013836051785136631,0.000622871196526773,0.20936846942076404,0.07239516280540884,0.0025678223230805007,0.17262671079532776,0.09149562374394808,0.002295743963528824,0.12861310720049435,2.2918371660353826e-05,2.2918371660353826e-05,0.2696279018865156
7610,0.013831740518122556,0.0006236041119191658,0.20961482753585403,0.07237694146181127,0.002570919951492086,0.172834954722157,0.09147890276919893,0.0022985865292361805,0.12877235457905772,2.2948527412538506e-05,2.2948527412538506e-05,0.26998267544162946
7620,0.013827430508231233,0.0006243368136006908,0.20986111381535824,0.07235872428141664,0.0025740168721591723,0.17304315106952417,0.09146218448473874,0.0023014286375944125,0.12893157633582145,2.297868316472318e-05,2.297868316472318e-05,0.2703374489967433
7630,0.013823121755213483,0.0006250693016137082,0.21010732827351533,0.0723405112636313,0.0025771130851826828,0.17325129984421395,0.09144546889033323,0.0023042702886433507,0.12909077247301684,2.3008838916907856e-05,2.3008838916907856e-05,0.2706922225518571
7640,0.013818814258820127,0.0006258015760005787,0.21035347092456422,0.07232230240786151,0.0025802085906635438,0.17345940105301133,0.09142875598574808,0.0023071114824228245,0.12924994299287534,2.3038994669092532e-05,2.3038994669092532e-05,0.27104699610697097
7650,0.013814508018801986,0.0006265336368036628,0.2105995417827438,0.07230409771351365,0.002583303388702681,0.17366745470270123,0.09141204577074903,0.002309952218972664,0.12940908789762823,2.3069150421277206e-05,2.3069150421277206e-05,0.27140176966208474
7660,0.013810203034909879,0.0006272654840653209,0.2108455408622927,0.07228589717999402,0.002586397479401019,0.1738754608000685,0.09139533824510176,0.002312792498332699,0.12956820718950696,2.3099306173461882e-05,2.3099306173461882e-05,0.2717565432171986
7670,0.013805899306894628,0.0006279971178279136,0.21109146817744992,0.07226770080670893,0.0025894908628594842,0.17408341935189808,0.091378633408572,0.0023156323205427605,0.12972730087074288,2.312946192564656e-05,2.312946192564656e-05,0.27211131677231243
7680,0.013801596834507053,0.0006287285381338012,0.21133732374245418,0.07224950859306471,0.0025925835391790004,0.1742913303649748,0.09136193126092543,0.002318471685642677,0.12988636894356734,2.3159617677831232e-05,2.3159617677831232e-05,0.27246609032742625
7690,0.013797295617497976,0.0006294597450253444,0.21158310757154433,0.07223132053846769,0.0025956755084604937,0.1744991938460836,0.09134523180192776,0.0023213105936722798,0.13004541141021175,2.3189773430015912e-05,2.3189773430015912e-05,0.2728208638825401
7700,0.013792995655618217,0.0006301907385449036,0.21182881967895917,0.07221313664232419,0.0025987667708048893,0.17470700980200932,0.09132853503134471,0.0023241490446713996,0.13020442827290754,2.3219929182200585e-05,2.3219929182200585e-05,0.27317563743765394
7710,0.013788696948618595,0.0006309215187348392,0.21207446007893752,0.07219495690404051,0.0026018573263131136,0.17491477823953702,0.09131184094894197,0.002326987038679864,0.13036341953388594,2.3250084934385265e-05,2.3250084934385265e-05,0.2735304109927678
7720,0.013784399496249933,0.0006316520856375117,0.21232002878571823,0.072176781323023,0.0026049471750860895,0.17512249916545136,0.09129514955448526,0.0023298245757375057,0.13052238519537845,2.328024068656994e-05,2.328024068656994e-05,0.27388518454788163
7730,0.013780103298263052,0.0006323824392952817,0.21256552581354005,0.07215860989867798,0.002608036317224745,0.17533017258653746,0.09127846084774027,0.0023326616558841527,0.1306813252596164,2.3310396438754615e-05,2.3310396438754615e-05,0.27423995810299545
7740,0.013775808354408768,0.0006331125797505098,0.21281095117664192,0.07214044263041175,0.0026111247528300035,0.17553779850958004,0.09126177482847272,0.0023354982791596365,0.1308402397288312,2.3340552190939292e-05,2.3340552190939292e-05,0.27459473165810927
7750,0.013771514664437908,0.0006338425070455562,0.21305630488926255,0.07212227951763066,0.0026142124820027904,0.17574537694136405,0.0912450914964483,0.0023383344456037866,0.13099912860525414,2.3370707943123965e-05,2.3370707943123965e-05,0.2749495052132231
7760,0.013767222228101287,0.0006345722212227815,0.21330158696564083,0.072104120559741,0.0026172995048440325,0.17595290788867443,0.09122841085143274,0.0023411701552564328,0.13115799189111668,2.3400863695308645e-05,2.3400863695308645e-05,0.27530427876833696
7770,0.01376293104514973,0.0006353017223245462,0.21354679742001553,0.0720859657561491,0.0026203858214546537,0.17616039135829603,0.09121173289319172,0.002344005408157406,0.13131682958865018,2.343101944749332e-05,2.343101944749332e-05,0.2756590523234508
7780,0.013758641115334057,0.0006360310103932108,0.2137919362666255,0.07206781510626131,0.00262347143193558,0.17636782735701373,0.09119505762149097,0.0023468402043465347,0.13147564170008597,2.3461175199677992e-05,2.3461175199677992e-05,0.2760138258785646
7790,0.013754352438405086,0.0006367600854711357,0.21403700351970947,0.07204966860948392,0.0026265563363877358,0.17657521589161246,0.09117838503609617,0.0023496745438636507,0.1316344282276555,2.3491330951862672e-05,2.3491330951862672e-05,0.2763685994336785
7800,0.01375006501411364,0.0006374889476006816,0.2142819991935064,0.07203152626522326,0.0026296405349120477,0.17678255696887715,0.09116171513677304,0.0023525084267485828,0.1317931891735901,2.352148670404735e-05,2.352148670404735e-05,0.2767233729887923
7810,0.01374577884221054,0.0006382175968242087,0.21452692330225503,0.07201338807288565,0.0026327240276094407,0.17698985059559263,0.09114504792328727,0.0023553418530411615,0.13195192454012108,2.3551642456232025e-05,2.3551642456232025e-05,0.27707814654390617
7820,0.013741493922446604,0.0006389460331840778,0.2147717758601942,0.07199525403187743,0.0026358068145808395,0.1771970967785438,0.09112838339540459,0.0023581748227812175,0.13211063432947998,2.35817982084167e-05,2.35817982084167e-05,0.27743292009902
7830,0.013737210254572654,0.0006396742567226491,0.2150165568815627,0.0719771241416049,0.002638888895927169,0.17740429552451553,0.0911117215528907,0.0023610073360085795,0.132269318543898,2.3611953960601375e-05,2.3611953960601375e-05,0.2777876936541338
7840,0.013732927838339513,0.0006404022674822833,0.21526126638059942,0.07195899840147439,0.002641970271749356,0.1776114468402928,0.0910950623955113,0.0023638393927630785,0.13242797718560664,2.364210971278605e-05,2.364210971278605e-05,0.2781424672092476
7850,0.013728646673497998,0.0006411300655053407,0.21550590437154307,0.07194087681089222,0.002645050942148325,0.17781855073266048,0.09107840592303208,0.0023666709930845443,0.1325866102568372,2.367226546497073e-05,2.367226546497073e-05,0.27849724076436155
7860,0.013724366759798932,0.0006418576508341819,0.21575047086863255,0.0719227593692647,0.002648130907225001,0.1780256072084034,0.09106175213521878,0.0023695021370128072,0.13274521775982112,2.3702421217155405e-05,2.3702421217155405e-05,0.2788520143194753
7870,0.013720088096993134,0.0006425850235111675,0.2159949658861067,0.07190464607599818,0.00265121016708031,0.17823261627430653,0.09104510103183708,0.0023723328245876967,0.13290379969678973,2.373257696934008e-05,2.373257696934008e-05,0.2792067878745892
7880,0.013715810684831428,0.0006433121835786578,0.21623938943820425,0.07188653693049897,0.002654288721815177,0.17843957793715473,0.09102845261265267,0.0023751630558490433,0.1330623560699744,2.3762732721524758e-05,2.3762732721524758e-05,0.279561561429703
7890,0.01371153452306463,0.0006440391310790132,0.21648374153916408,0.07186843193217338,0.0026573665715305273,0.1786464922037329,0.09101180687743131,0.002377992830836677,0.13322088688160655,2.379288847370943e-05,2.379288847370943e-05,0.27991633498481683
7900,0.013707259611443564,0.0006447658660545946,0.21672802220322507,0.07185033108042774,0.002660443716327286,0.17885335908082592,0.09099516382593865,0.002380822149590428,0.13337939213391753,2.3823044225894108e-05,2.3823044225894108e-05,0.28027110853993065
7910,0.013702985949719049,0.0006454923885477621,0.2169722314446259,0.07183223437466837,0.0026635201563063784,0.1790601785752187,0.09097852345794043,0.0023836510121501256,0.13353787182913868,2.3853199978078785e-05,2.3853199978078785e-05,0.2806258820950445
7920,0.013698713537641906,0.0006462186986008762,0.21721636927760543,0.0718141418143016,0.00266659589156873,0.1792669506936961,0.09096188577320234,0.0023864794185556003,0.13369632596950143,2.3883355730263458e-05,2.3883355730263458e-05,0.2809806556501583
7930,0.013694442374962958,0.0006469447962562977,0.21746043571640256,0.07179605339873374,0.0026696709222152667,0.17947367544304313,0.0909452507714901,0.002389307368846683,0.13385475455723714,2.3913511482448138e-05,2.3913511482448138e-05,0.2813354292052722
7940,0.01369017246143302,0.0006476706815563868,0.21770443077525606,0.07177796912737111,0.002672745248346913,0.17968035283004455,0.09092861845256939,0.002392134863063203,0.13401315759457721,2.3943667234632814e-05,2.3943667234632814e-05,0.28169020276038603
7950,0.01368590379680292,0.000648396354543504,0.2179483544684047,0.07175988899962005,0.002675818870064594,0.1798869828614853,0.09091198881620594,0.00239496190124499,0.13417153508375293,2.397382298681749e-05,2.397382298681749e-05,0.28204497631549985
7960,0.013681636380823472,0.00064912181526001,0.21819220681008736,0.07174181301488686,0.002678891787469236,0.1800935655441503,0.09089536186216543,0.002397788483431874,0.13432988702699575,2.4003978739002164e-05,2.4003978739002164e-05,0.28239974987061367
7970,0.013677370213245502,0.0006498470637482651,0.21843598781454285,0.07172374117257788,0.002681964000661764,0.18030010088482443,0.0908787375902136,0.002400614609663686,0.13448821342653705,2.403413449118684e-05,2.403413449118684e-05,0.28275452342572754
7980,0.013673105293819827,0.0006505721000506298,0.21867969749601,0.07170567347209941,0.0026850355097431024,0.18050658889029259,0.09086211600011614,0.0024034402799802553,0.13464651428460814,2.4064290243371518e-05,2.4064290243371518e-05,0.28310929698084136
7990,0.013668841622297269,0.0006512969242094647,0.21892333586872764,0.07168760991285779,0.0026881063148141773,0.18071302956733962,0.09084549709163875,0.002406265494421412,0.13480478960344044,2.4094445995556198e-05,2.4094445995556198e-05,0.28346407053595524
8000,0.013664579198428648,0.0006520215362671301,0.21916690294693447,0.07166955049425934,0.0026911764159759143,0.1809194229227505,0.09082888086454713,0.002409090253026987,0.13496303938526538,2.412460174774087e-05,2.412460174774087e-05,0.28381884409106906
8010,0.013660318021964787,0.0006527459362659868,0.21941039874486948,0.07165149521571038,0.002694245813329238,0.1811257689633101,0.090812267318607,0.002411914555836809,0.13512126363231425,2.4154757499925544e-05,2.4154757499925544e-05,0.2841736176461829
8020,0.013656058092656503,0.0006534701242483948,0.21965382327677135,0.07163344407661723,0.002697314506975074,0.18133206769580326,0.09079565645358406,0.002414738402890709,0.13527946234681842,2.4184913252110224e-05,2.4184913252110224e-05,0.28452839120129675
8030,0.01365179941025462,0.0006541941002567151,0.21989717655687901,0.0716153970763862,0.0027003824970143475,0.18153831912701493,0.09077904826924402,0.0024175617942285167,0.13543763553100935,2.4215069004294897e-05,2.4215069004294897e-05,0.2848831647564105
8040,0.013647541974509956,0.0006549178643333079,0.22014045859943124,0.07159735421442363,0.0027034497835479844,0.18174452326373003,0.09076244276535257,0.0024203847298900627,0.13559578318711837,2.4245224756479574e-05,2.4245224756479574e-05,0.2852379383115244
8050,0.013643285785173334,0.0006556414165205338,0.22038366941866677,0.07157931549013584,0.0027065163666769093,0.18195068011273338,0.09074583994167543,0.002423207209915176,0.1357539053173768,2.427538050866425e-05,2.427538050866425e-05,0.2855927118666382
8060,0.013639030841995572,0.0006563647568607531,0.22062680902882456,0.07156128090292914,0.0027095822465020474,0.1821567896808099,0.0907292397979783,0.0024260292343436874,0.13591200192401612,2.4305536260848924e-05,2.4305536260848924e-05,0.285947485421752
8070,0.013634777144727493,0.0006570878853963266,0.22086987744414335,0.07154325045220987,0.002712647423124325,0.18236285197474453,0.0907126423340269,0.0024288508032154267,0.1360700730092676,2.4335692013033604e-05,2.4335692013033604e-05,0.2863022589768659
8080,0.013630524693119917,0.0006578108021696145,0.221112874678862,0.07152522413738432,0.0027157118966446665,0.1825688670013221,0.0906960475495869,0.002431671916570224,0.13622811857536268,2.4365847765218277e-05,2.4365847765218277e-05,0.2866570325319797
8090,0.013626273486923664,0.0006585335072229774,0.22135580074721928,0.07150720195785885,0.0027187756671639973,0.18277483476732753,0.09067945544442406,0.0024344925744479097,0.13638613862453278,2.4396003517402957e-05,2.4396003517402957e-05,0.2870118060870936
8100,0.013622023525889556,0.0006592560005987758,0.22159865566345402,0.07148918391303975,0.002721838734783243,0.18298075527954571,0.09066286601830403,0.0024373127768883137,0.13654413315900918,2.442615926958763e-05,2.442615926958763e-05,0.2873665796422074
8110,0.013617774809768413,0.0006599782823393702,0.2218414394418051,0.07147117000233337,0.0027249010996033287,0.18318662854476156,0.09064627927099254,0.002440132523931266,0.1367021021810233,2.4456315021772307e-05,2.4456315021772307e-05,0.28772135319732123
8120,0.013613527338311055,0.000660700352487121,0.22208415209651125,0.07145316022514601,0.00272796276172518,0.18339245456975997,0.09062969520225532,0.0024429518156165956,0.13686004569280646,2.4486470773956984e-05,2.4486470773956984e-05,0.2880761267524351
8130,0.013609281111268303,0.000661422211084389,0.2223267936418114,0.071435154580884,0.0027310237212497222,0.18359823336132586,0.09061311381185802,0.002445770651984134,0.13701796369659014,2.4516626526141657e-05,2.4516626526141657e-05,0.28843090030754887
8140,0.013605036128390978,0.0006621438581735342,0.22256936409194425,0.07141715306895366,0.0027340839782778806,0.18380396492624404,0.0905965350995664,0.002448589033073711,0.13717585619460565,2.4546782278326337e-05,2.4546782278326337e-05,0.28878567386266274
8150,0.0136007923894299,0.0006628652937969172,0.22281186346114862,0.0713991556887613,0.00273714353291058,0.18400964927129945,0.09057995906514613,0.002451406958925156,0.13733372318908438,2.457693803051101e-05,2.457693803051101e-05,0.28914044741777656
8160,0.013596549894135892,0.0006635865179968989,0.22305429176366348,0.07138116243971326,0.002740202385248746,0.184215286403277,0.09056338570836293,0.0024542244295782997,0.13749156468225768,2.4607093782695683e-05,2.4607093782695683e-05,0.2894952209728904
8170,0.01359230864225977,0.0006643075308158395,0.22329664901372753,0.07136317332121588,0.0027432605353933043,0.1844208763289616,0.09054681502898251,0.002457041445072972,0.13764938067635699,2.4637249534880363e-05,2.4637249534880363e-05,0.28984999452800425
8180,0.01358806863355236,0.0006650283322960993,0.22353893522557955,0.07134518833267543,0.0027463179834451793,0.18462641905513807,0.09053024702677057,0.002459858005449003,0.1378071711736136,2.466740528706504e-05,2.466740528706504e-05,0.29020476808311807
8190,0.013583829867764479,0.000665748922480039,0.22378115041345847,0.07132720747349826,0.002749374729505297,0.18483191458859138,0.0905136817014928,0.0024626741107462223,0.13796493617625896,2.4697561039249717e-05,2.4697561039249717e-05,0.29055954163823194
8200,0.013579592344646948,0.0006664693014100192,0.22402329459160308,0.0713092307430907,0.002752430773674583,0.18503736293610637,0.09049711905291494,0.0024654897610044604,0.1381226756865244,2.472771679143439e-05,2.472771679143439e-05,0.29091431519334576
8210,0.01357535606395059,0.0006671894691284001,0.2242653677742521,0.07129125814085906,0.002755486116053962,0.18524276410446802,0.09048055908080266,0.0024683049562635472,0.1382803897066413,2.4757872543619067e-05,2.4757872543619067e-05,0.2912690887484596
8220,0.013571121025426222,0.0006679094256775424,0.22450736997564452,0.07127328966620966,0.0027585407567443597,0.18544811810046113,0.09046400178492169,0.002471119696563313,0.13843807823884108,2.4788028295803743e-05,2.4788028295803743e-05,0.2916238623035734
8230,0.013566887228824669,0.0006686291710998066,0.22474930121001901,0.07125532531854883,0.0027615946958467015,0.18565342493087067,0.09044744716503772,0.0024739339819435874,0.13859574128535504,2.4818184047988423e-05,2.4818184047988423e-05,0.29197863585868733
8240,0.01356265467389675,0.0006693487054375532,0.22499116149161447,0.07123736509728289,0.002764647933461912,0.18585868460248145,0.09043089522091646,0.002476747812444201,0.13875337884841463,2.4848339800173096e-05,2.4848339800173096e-05,0.2923334094138011
8250,0.013558423360393283,0.0006700680287331424,0.22523295083466968,0.07121940900181815,0.002767700469690917,0.1860638971220784,0.09041434595232362,0.002479561188104983,0.13891099093025117,2.4878495552357773e-05,2.4878495552357773e-05,0.29268818296891497
8260,0.013554193288065092,0.000670787141028935,0.22547466925342352,0.07120145703156094,0.0027707523046346413,0.18626906249644645,0.09039779935902491,0.0024823741089657642,0.13906857753309604,2.490865130454245e-05,2.490865130454245e-05,0.2930429565240288
8270,0.013549964456662995,0.0006715060423672912,0.22571631676211468,0.07118350918591759,0.0027738034383940112,0.1864741807323705,0.09038125544078603,0.0024851865750663746,0.13922613865918065,2.4938807056727123e-05,2.4938807056727123e-05,0.2933977300791426
8280,0.013545736865937815,0.0006722247327905718,0.22595789337498212,0.07116556546429441,0.0027768538710699515,0.18667925183663536,0.09036471419737267,0.002487998586446644,0.13938367431073634,2.49689628089118e-05,2.49689628089118e-05,0.2937525036342564
8290,0.013541510515640372,0.0006729432123411373,0.22619939910626458,0.07114762586609773,0.002779903602763388,0.18688427581602604,0.09034817562855056,0.002490810143146403,0.13954118448999459,2.4999118561096476e-05,2.4999118561096476e-05,0.2941072771893703
8300,0.013537285405521486,0.0006736614810613478,0.2264408339702009,0.07112969039073387,0.0027829526335752443,0.18708925267732734,0.0903316397340854,0.0024936212452054806,0.13969866919918658,2.502927431328115e-05,2.502927431328115e-05,0.2944620507444841
8310,0.013533061535331977,0.0006743795389935641,0.22668219798102993,0.07111175903760913,0.0027860009636064475,0.18729418242732418,0.09031510651374289,0.0024964318926637076,0.13985612844054385,2.505943006546583e-05,2.505943006546583e-05,0.294816824299598
8320,0.01352883890482267,0.0006750973861801466,0.22692349115299043,0.07109383180612988,0.002789048592957923,0.18749906507280154,0.09029857596728873,0.002499242085560914,0.1400135622162977,2.5089585817650506e-05,2.5089585817650506e-05,0.2951715978547118
8330,0.01352461751374438,0.0006758150226634559,0.2271647135003213,0.07107590869570239,0.002792095521730595,0.18770390062054418,0.09028204809448864,0.00250205182393693,0.14017097052867955,2.5119741569835183e-05,2.5119741569835183e-05,0.2955263714098257
8340,0.01352039736184793,0.0006765324484858523,0.22740586503726123,0.07105798970573302,0.0027951417500253883,0.187908689077337,0.09026552289510832,0.0025048611078315854,0.14032835337992075,2.5149897322019856e-05,2.5149897322019856e-05,0.29588114496493945
8350,0.01351617844888414,0.0006772496636896965,0.2276469457780492,0.07104007483562806,0.0027981872779432307,0.18811343044996504,0.09024900036891347,0.0025076699372847096,0.14048571077225264,2.5180053074204533e-05,2.5180053074204533e-05,0.2962359185200533
8360,0.013511960774603832,0.0006779666683173487,0.22788795573692391,0.07102216408479387,0.002801232105585045,0.1883181247452131,0.09023248051566979,0.002510478312336134,0.14064304270790667,2.521020882638921e-05,2.521020882638921e-05,0.29659069207516714
8370,0.013507744338757828,0.0006786834624111697,0.22812889492812424,0.07100425745263673,0.002804276233051758,0.18852277196986605,0.090215963335143,0.002513286233025688,0.1408003491891142,2.5240364578573886e-05,2.5240364578573886e-05,0.296945465630281
8380,0.013503529141096945,0.0006794000460135197,0.228369763365889,0.07098635493856298,0.002807319660444294,0.18872737213070878,0.09019944882709881,0.002516093699393201,0.1409576302181065,2.5270520330758562e-05,2.5270520330758562e-05,0.29730023918539483
8390,0.013499315181372006,0.0006801164191667594,0.22861056106445693,0.07096845654197896,0.002810362387863579,0.1889319252345263,0.0901829369913029,0.0025189007114785043,0.1411148857971151,2.5300676082943236e-05,2.5300676082943236e-05,0.29765501274050865
8400,0.01349510245933383,0.0006808325819132493,0.22885128803806695,0.07095056226229096,0.0028134044154105383,0.1891364312881034,0.090166427827521,0.002521707269321427,0.14127211592837124,2.5330831835127916e-05,2.5330831835127916e-05,0.2980097862956225
8410,0.013490890974733239,0.0006815485342953496,0.22909194430095783,0.07093267209890533,0.0028164457431860968,0.18934089029822496,0.09014992133551882,0.0025245133729618,0.14142932061410643,2.536098758731259e-05,2.536098758731259e-05,0.29836455985073634
8420,0.013486680727321055,0.0006822642763554213,0.2293325298673685,0.07091478605122836,0.0028194863712911805,0.18954530227167596,0.09013341751506204,0.0025273190224394523,0.14158649985655195,2.5391143339497266e-05,2.5391143339497266e-05,0.29871933340585016
8430,0.013482471716848094,0.0006829798081358243,0.22957304475153759,0.0708969041186664,0.0028225262998267135,0.1897496672152412,0.09011691636591637,0.002530124217794215,0.1417436536579392,2.5421299091681942e-05,2.5421299091681942e-05,0.299074106960964
8440,0.013478263943065182,0.0006836951296789195,0.229813488967704,0.07087902630062576,0.002825565528893622,0.18995398513570563,0.09010041788784753,0.0025329289590659172,0.14190078202049958,2.5451454843866615e-05,2.5451454843866615e-05,0.2994288805160778
8450,0.013474057405723137,0.0006844102410270671,0.23005386253010657,0.07086115259651277,0.0028286040585928313,0.19015825603985417,0.09008392208062123,0.0025357332462943895,0.1420578849464644,2.5481610596051295e-05,2.5481610596051295e-05,0.2997836540711917
8460,0.013469852104572778,0.000685125142222628,0.23029416545298417,0.07084328300573374,0.002831641889025267,0.1903624799344717,0.09006742894400316,0.0025385370795194618,0.14221496243806508,2.551176634823597e-05,2.551176634823597e-05,0.3001384276263055
8470,0.01346564803936493,0.0006858398333079623,0.23053439775057552,0.07082541752769499,0.002834679020291854,0.19056665682634308,0.09005093847775902,0.002541340458780964,0.142372014497533,2.554192210042065e-05,2.554192210042065e-05,0.30049320118141937
8480,0.01346144520985041,0.0006865543143254305,0.23077455943711947,0.07080755616180286,0.002837715452493517,0.19077078672225323,0.09003445068165454,0.002544143384118727,0.14252904112709955,2.5572077852605322e-05,2.5572077852605322e-05,0.3008479747365332
8490,0.013457243615780042,0.0006872685853173933,0.23101465052685488,0.07078969890746364,0.0028407511857311816,0.19097486962898697,0.09001796555545541,0.00254694585557258,0.14268604232899607,2.560223360479e-05,2.560223360479e-05,0.301202748291647
8500,0.013453043256904643,0.0006879826463262112,0.23125467103402053,0.07077184576408369,0.002843786220105774,0.1911789055533293,0.09000148309892733,0.002549747873182353,0.14284301810545394,2.5632389356974675e-05,2.5632389356974675e-05,0.3015575218467609
8510,0.013448844132975035,0.0006886964973942444,0.23149462097285525,0.07075399673106932,0.0028468205557182196,0.19138289450206517,0.08998500331183601,0.0025525494369878768,0.14299996845870458,2.566254510915935e-05,2.566254510915935e-05,0.30191229540187464
8520,0.01344464624374204,0.0006894101385638536,0.23173450035759785,0.07073615180782683,0.002849854192669442,0.19158683648197924,0.08996852619394717,0.0025553505470289803,0.14315689339097928,2.569270086134403e-05,2.569270086134403e-05,0.30226706895698857
8530,0.013440449588956477,0.0006901235698773993,0.23197430920248713,0.07071831099376255,0.0028528871310603676,0.1917907314998566,0.08995205174502649,0.002558151203345495,0.14331379290450952,2.5722856613528702e-05,2.5722856613528702e-05,0.30262184251210233
8540,0.013436254168369167,0.000690836791377242,0.23221404752176197,0.07070047428828283,0.002855919370991922,0.19199457956248211,0.0899355799648397,0.0025609514059772493,0.14347066700152658,2.5753012365713375e-05,2.5753012365713375e-05,0.30297661606721615
8550,0.013432059981730932,0.0006915498031057419,0.2324537153296611,0.07068264169079395,0.0028589509125650303,0.1921983806766407,0.08991911085315249,0.002563751154964075,0.1436275156842619,2.5783168117898055e-05,2.5783168117898055e-05,0.30333138962233
8560,0.01342786702879259,0.0006922626051052601,0.23269331264042353,0.07066481320070227,0.002861981755880617,0.19240213484911708,0.08990264440973057,0.0025665504503458005,0.1437843389549468,2.581332387008273e-05,2.581332387008273e-05,0.3036861631774439
8570,0.013423675309304965,0.0006929751974181564,0.23293283946828786,0.07064698881741407,0.002865011901039609,0.19260584208669637,0.08988618063433966,0.0025693492921622573,0.14394113681581275,2.5843479622267408e-05,2.5843479622267408e-05,0.3040409367325577
8580,0.013419484823018874,0.0006936875800867917,0.23317229582749296,0.07062916854033571,0.0028680413481429303,0.19280950239616335,0.08986971952674544,0.0025721476804532743,0.144097909269091,2.587363537445208e-05,2.587363537445208e-05,0.30439571028767154
8590,0.013415295569685142,0.0006943997531535264,0.23341168173227775,0.0706113523688735,0.0028710700972915063,0.19301311578430294,0.08985326108671363,0.0025749456152586825,0.14425465631701304,2.5903791126636758e-05,2.5903791126636758e-05,0.30475048384278536
8600,0.013411107549054585,0.0006951117166607209,0.23365099719688096,0.07059354030243375,0.002874098148586263,0.1932166822579,0.08983680531400992,0.0025777430966183114,0.14441137796181017,2.5933946878821435e-05,2.5933946878821435e-05,0.30510525739789923
8610,0.013406920760878027,0.0006958234706507358,0.23389024223554142,0.0705757323404228,0.0028771255021281254,0.1934202018237395,0.08982035220840004,0.002580540124571991,0.14456807420571377,2.5964102631006115e-05,2.5964102631006115e-05,0.3054600309530131
8620,0.013402735204906287,0.0006965350151659315,0.23412941686249797,0.07055792848224696,0.0028801521580180183,0.19362367448860623,0.0898039017696497,0.0025833366991595517,0.14472474505095528,2.5994258383190788e-05,2.5994258383190788e-05,0.30581480450812687
8630,0.013398550880890188,0.0006972463502486685,0.23436852109198938,0.07054012872731255,0.002883178116356868,0.1938271002592852,0.08978745399752457,0.002586132820420823,0.144881390499766,2.602441413537546e-05,2.602441413537546e-05,0.3061695780632407
8640,0.013394367788580547,0.0006979574759413073,0.23460755493825453,0.0705223330750259,0.002886203377245599,0.19403047914256122,0.08977100889179038,0.0025889284883956355,0.14503801055437734,2.605456988756014e-05,2.605456988756014e-05,0.30652435161835456
8650,0.013390185927728187,0.0006986683922862087,0.2348465184155323,0.07050454152479332,0.0028892279407851367,0.19423381114521926,0.08975456645221282,0.0025917237031238194,0.1451946052170207,2.6084725639744815e-05,2.6084725639744815e-05,0.3068791251734684
8660,0.013386005298083928,0.0006993790993257327,0.23508541153806142,0.07048675407602115,0.0028922518070764068,0.19443709627404412,0.08973812667855761,0.002594518464645204,0.1453511744899274,2.611488139192949e-05,2.611488139192949e-05,0.3072338987285822
8670,0.01338182589939859,0.0007000895971022399,0.23532423432008065,0.0704689707281157,0.002895274976220334,0.19464033453582075,0.08972168957059047,0.0025973127729996192,0.1455077183753288,2.6145037144114168e-05,2.6145037144114168e-05,0.3075886722836961
8680,0.013377647731422996,0.0007007998856580909,0.23556298677582888,0.07045119148048327,0.002898297448317845,0.19484352593733406,0.08970525512807707,0.0026001066282268968,0.1456642368754564,2.617519289629884e-05,2.617519289629884e-05,0.3079434458388099
8690,0.013373470793907966,0.0007015099650356462,0.23580166891954493,0.07043341633253022,0.002901319223469863,0.19504667048536892,0.08968882335078314,0.0026029000303668653,0.14582072999254148,2.620534864848352e-05,2.620534864848352e-05,0.30829821939392377
8700,0.013369295086604319,0.0007022198352772662,0.23604028076546762,0.07041564528366287,0.002904340301777315,0.19524976818671022,0.08967239423847438,0.002605692979459355,0.1459771977288154,2.6235504400668198e-05,2.6235504400668198e-05,0.3086529929490376
8710,0.013365120609262876,0.0007029294964253115,0.23627882232783576,0.0703978783332875,0.002907360683341126,0.1954528190481429,0.08965596779091649,0.002608485475544196,0.14613364008650956,2.6265660152852874e-05,2.6265660152852874e-05,0.30900776650415146
8720,0.013360947361634458,0.0007036389485221425,0.23651729362088822,0.07038011548081048,0.0029103803682622204,0.19565582307645174,0.08963954400787517,0.0026112775186612185,0.1462900570678554,2.6295815905037548e-05,2.6295815905037548e-05,0.3093625400592652
8730,0.013356775343469887,0.0007043481916101196,0.2367556946588637,0.0703623567256381,0.0029133993566415246,0.1958587802784218,0.08962312288911616,0.0026140691088502527,0.1464464486750842,2.6325971657222224e-05,2.6325971657222224e-05,0.3097173136143791
8740,0.01335260455451998,0.0007050572257316036,0.23699402545600118,0.0703446020671767,0.0029164176485799633,0.19606169066083784,0.08960670443440512,0.002616860246151128,0.14660281491042734,2.63561274094069e-05,2.63561274094069e-05,0.3100720871694929
8750,0.013348434994535564,0.0007057660509289547,0.23723228602653937,0.07032685150483259,0.002919435244178462,0.1962645542304848,0.08959028864350778,0.002619650930603675,0.14675915577611626,2.6386283161591574e-05,2.6386283161591574e-05,0.31042686072460673
8760,0.013344266663267454,0.0007064746672445334,0.23747047638471708,0.07030910503801209,0.002922452143537946,0.1964673709941476,0.08957387551618985,0.0026224411622477245,0.14691547127438234,2.6416438913776254e-05,2.6416438913776254e-05,0.3107816342797206
8770,0.013340099560466471,0.0007071830747207001,0.2377085965447731,0.07029136266612154,0.002925468346759341,0.19667014095861113,0.08955746505221703,0.0026252309411231045,0.14707176140745684,2.6446594665960927e-05,2.6446594665960927e-05,0.3111364078348344
8780,0.013335933685883438,0.0007078912733998157,0.2379466465209464,0.07027362438856724,0.002928483853943571,0.1968728641306602,0.08954105725135501,0.0026280202672696465,0.14722802617757125,2.6476750418145607e-05,2.6476750418145607e-05,0.3114911813899483
8790,0.013331769039269177,0.0007085992633242403,0.23818462632747572,0.07025589020475552,0.0029314986651915627,0.19707554051707982,0.08952465211336952,0.002630809140727181,0.14738426558695691,2.650690617033028e-05,2.650690617033028e-05,0.3118459549450621
8800,0.013327605620374505,0.0007093070445363347,0.2384225359785999,0.07023816011409272,0.002934512780604241,0.19727817012465484,0.08950824963802624,0.002633597561535537,0.14754047963784522,2.6537061922514957e-05,2.6537061922514957e-05,0.31220072850017594
8810,0.013323443428950244,0.000710014617078459,0.23866037548855762,0.07022043411598512,0.002937526200282531,0.19748075296017015,0.08949184982509091,0.002636385529734544,0.14769666833246747,2.6567217674699634e-05,2.6567217674699634e-05,0.3125555020552898
8820,0.013319282464747215,0.000710721980992974,0.23889814487158786,0.07020271220983908,0.002940538924327358,0.1976832890304106,0.0894754526743292,0.0026391730453640344,0.14785283167305516,2.6597373426884307e-05,2.6597373426884307e-05,0.3129102756104036
8830,0.013315122727516237,0.0007114291363222401,0.23913584414192943,0.0701849943950609,0.0029435509528396484,0.19788577834216123,0.08945905818550684,0.0026419601084638365,0.14800896966183957,2.6627529179068987e-05,2.6627529179068987e-05,0.31326504916551745
8840,0.013310964217008133,0.0007121360831086176,0.23937347331382103,0.07016728067105692,0.0029465622859203254,0.19808822090220674,0.08944266635838952,0.00264474671907378,0.1481650823010521,2.665768493125366e-05,2.665768493125366e-05,0.31361982272063127
8850,0.013306806932973723,0.0007128428213944674,0.23961103240150164,0.07014957103723345,0.002949572923670316,0.19829061671733214,0.08942627719274296,0.002647532877233696,0.14832116959292416,2.668784068343834e-05,2.668784068343834e-05,0.31397459627574514
8860,0.01330265087516383,0.0007135493512221496,0.23984852141920993,0.0701318654929968,0.002952582866190545,0.19849296579432235,0.08940989068833285,0.0026503185829834146,0.1484772315396871,2.6717996435623014e-05,2.6717996435623014e-05,0.31432936983085896
8870,0.013298496043329267,0.0007142556726340249,0.24008594038118483,0.07011416403775332,0.0029555921135819376,0.19869526813996216,0.0893935068449249,0.002653103836362765,0.14863326814357228,2.674815218780769e-05,2.674815218780769e-05,0.3146841433859728
8880,0.013294342437220864,0.0007149617856724536,0.24032328930166508,0.07009646667090931,0.0029586006659454195,0.1988975237610366,0.08937712566228483,0.0026558886374115774,0.14878927940681105,2.6778307939992367e-05,2.6778307939992367e-05,0.31503891694108666
8890,0.013290190056589435,0.0007156676903797964,0.24056056819488952,0.0700787733918711,0.002961608523381915,0.1990997326643304,0.08936074714017833,0.0026586729861696823,0.14894526533163488,2.680846369217704e-05,2.680846369217704e-05,0.3153936904962005
8900,0.013286038901185803,0.0007163733867984138,0.24079777707509706,0.070061084200045,0.0029646156859923513,0.1993018948566286,0.08934437127837111,0.0026614568826769103,0.1491012259202751,2.683861944436172e-05,2.683861944436172e-05,0.31574846405131435
8910,0.01328188897076079,0.0007170788749706659,0.24103491595652632,0.07004339909483735,0.0029676221538776516,0.19950401034471604,0.08932799807662888,0.00266424032697309,0.14925716117496304,2.6868775196546393e-05,2.6868775196546393e-05,0.3161032376064281
8920,0.013277740265065216,0.0007177841549389137,0.2412719848534163,0.07002571807565447,0.0029706279271387425,0.1997060791353776,0.08931162753471733,0.002667023319098053,0.14941307109793014,2.6898930948731067e-05,2.6898930948731067e-05,0.31645801116154193
8930,0.013273592783849899,0.0007184892267455174,0.24150898378000585,0.07000804114190266,0.002973633005876549,0.19990810123539823,0.08929525965240219,0.002669805859091627,0.14956895569140768,2.6929086700915747e-05,2.6929086700915747e-05,0.3168127847166558
8940,0.013269446526865663,0.0007191940904328375,0.2417459127505336,0.06999036829298827,0.0029766373901919958,0.20011007665156272,0.08927889442944914,0.002672587946993645,0.14972481495762718,2.6959242453100423e-05,2.6959242453100423e-05,0.3171675582717697
8950,0.013265301493863329,0.0007198987460432346,0.24198277177923852,0.0699726995283176,0.0029796410801860096,0.2003120053906561,0.08926253186562391,0.002675369582843935,0.14988064889881988,2.69893982052851e-05,2.69893982052851e-05,0.3175223318268835
8960,0.013261157684593714,0.0007206031936190691,0.24221956088035934,0.06995503484729698,0.0029826440759595143,0.2005138874594631,0.08924617196069218,0.0026781507666823277,0.15003645751721725,2.7019553957469773e-05,2.7019553957469773e-05,0.3178771053819973
8970,0.013257015098807641,0.0007213074332027015,0.24245628006813494,0.06993737424933275,0.002985646377613437,0.20071572286476883,0.08922981471441968,0.002680931498548654,0.15019224081505064,2.704970970965445e-05,2.704970970965445e-05,0.31823187893711113
8980,0.01325287373625593,0.0007220114648364923,0.2426929293568041,0.06991971773383118,0.0029886479852487004,0.200917511613358,0.0892134601265721,0.002683711778482742,0.15034799879455135,2.7079865461839126e-05,2.7079865461839126e-05,0.318586652492225
8990,0.013248733596689403,0.000722715288562802,0.24292950876060568,0.06990206530019864,0.0029916488989662317,0.20111925371201553,0.08919710819691515,0.0026864916065244236,0.1505037314579509,2.7110021214023806e-05,2.7110021214023806e-05,0.3189414260473389
9000,0.01324459467985888,0.000723418904423991,0.24316601829377846,0.06988441694784145,0.0029946491188669556,0.2013209491675264,0.08918075892521454,0.0026892709827135274,0.15065943880748053,2.714017696620848e-05,2.714017696620848e-05,0.3192961996024527
9010,0.01324045698551518,0.0007241223124624199,0.2434024579705613,0.06986677267616591,0.002997648645051798,0.20152259798667546,0.08916441231123597,0.002692049907089885,0.15081512084537171,2.7170332718393153e-05,2.7170332718393153e-05,0.31965097315756646
9020,0.013236320513409125,0.0007248255127204491,0.24363882780519294,0.06984913248457834,0.003000647477621683,0.20172420017624756,0.08914806835474513,0.002694828379693325,0.15097077757385577,2.7200488470577833e-05,2.7200488470577833e-05,0.32000574671268034
9030,0.013232185263291537,0.0007255285052404392,0.2438751278119123,0.06983149637248509,0.0030036456166775373,0.20192575574302768,0.08913172705550776,0.0026976064005636785,0.15112640899516405,2.7230644222762506e-05,2.7230644222762506e-05,0.32036052026779416
9040,0.013228051234913234,0.0007262312900647506,0.24411135800495817,0.06981386433929244,0.003006643062320286,0.2021272646938007,0.08911538841328955,0.0027003839697407753,0.15128201511152803,2.7260799974947183e-05,2.7260799974947183e-05,0.32071529382290803
9050,0.013223918428025038,0.0007269338672357439,0.24434751839856936,0.06979623638440675,0.0030096398146508526,0.2023287270353514,0.0890990524278562,0.0027031610872644447,0.15143759592517897,2.729095572713186e-05,2.729095572713186e-05,0.32107006737802185
9060,0.01321978684237777,0.0007276362367957794,0.24458360900698467,0.06977861250723433,0.003012635873770165,0.20253014277446485,0.08908271909897342,0.002705937753174518,0.15159315143834834,2.7321111479316533e-05,2.7321111479316533e-05,0.32142484093313567
9070,0.013215656477722252,0.0007283383987872177,0.24481962984444292,0.0697609927071815,0.003015631239779147,0.20273151191792582,0.0890663884264069,0.002708713967510824,0.15174868165326744,2.7351267231501213e-05,2.7351267231501213e-05,0.32177961448824954
9080,0.0132115273338093,0.0007290403532524193,0.24505558092518293,0.06974337698365457,0.0030186259127787237,0.2029328344725192,0.08905006040992239,0.0027114897303131933,0.1519041865721677,2.738142298368589e-05,2.738142298368589e-05,0.32213438804336336
9090,0.013207399410389741,0.0007297421002337445,0.2452914622634435,0.06972576533605988,0.003021619892869822,0.20313411044503002,0.08903373504928555,0.0027142650416214563,0.15205966619728048,2.7411578735870566e-05,2.7411578735870566e-05,0.32248916159847724
9100,0.01320327270721439,0.0007304436397735541,0.24552727387346354,0.06970815776380375,0.003024613180153365,0.203335339842243,0.0890174123442621,0.002717039901475442,0.1522151205308371,2.744173448805524e-05,2.744173448805524e-05,0.322843935153591
9110,0.01319914722403407,0.0007311449719142084,0.2457630157694818,0.06969055426629248,0.0030276057747302804,0.2035365226709432,0.08900109229461774,0.0027198143099149827,0.15237054957506907,2.7471890240239916e-05,2.7471890240239916e-05,0.3231987087087049
9120,0.013195022960599604,0.0007318460966980679,0.2459986879657371,0.06967295484293241,0.003030597676701491,0.20373765893791534,0.08898477490011819,0.0027225882669799062,0.15252595333220761,2.7502045992424592e-05,2.7502045992424592e-05,0.3235534822638187
9130,0.013190899916661808,0.0007325470141674931,0.24623429047646825,0.06965535949312987,0.003033588886167924,0.20393874864994443,0.08896846016052914,0.002725361772710043,0.1526813318044842,2.7532201744609266e-05,2.7532201744609266e-05,0.3239082558189325
9140,0.013186778091971505,0.0007332477243648446,0.24646982331591413,0.06963776821629117,0.0030365794032305043,0.2041397918138154,0.08895214807561633,0.002728134827145224,0.1528366849941302,2.7562357496793946e-05,2.7562357496793946e-05,0.3242630293740464
9150,0.013182657486279517,0.0007339482273324826,0.24670528649831344,0.06962018101182262,0.0030395692279901565,0.204340788436313,0.08893583864514541,0.0027309074303252783,0.15299201290337694,2.759251324897862e-05,2.759251324897862e-05,0.3246178029291602
9160,0.013178538099336662,0.0007346485231127678,0.24694068003790512,0.06960259787913056,0.0030425583605478068,0.20454173852422228,0.08891953186888213,0.0027336795822900366,0.15314731553445585,2.76226690011633e-05,2.76226690011633e-05,0.3249725764842741
9170,0.013174419930893763,0.0007353486117480609,0.247176003948928,0.0695850188176213,0.0030455468010043797,0.20474264208432802,0.08890322774659218,0.002736451283079328,0.15330259288959822,2.7652824753347972e-05,2.7652824753347972e-05,0.3253273500393879
9180,0.013170302980701638,0.0007360484932807218,0.24741125824562074,0.06956744382670117,0.003048534549460801,0.20494349912341517,0.08888692627804126,0.0027392225327329844,0.15345784497103554,2.768298050553265e-05,2.768298050553265e-05,0.3256821235945017
9190,0.01316618724851111,0.0007367481677531116,0.24764644294222235,0.06954987290577651,0.0030515216060179964,0.20514430964826866,0.0888706274629951,0.002741993331290834,0.15361307178099912,2.7713136257717325e-05,2.7713136257717325e-05,0.3260368971496156
9200,0.013162072734073,0.0007374476352075904,0.24788155805297155,0.06953230605425359,0.0030545079707768904,0.20534507366567328,0.08885433130121936,0.002744763678792708,0.15376827332172036,2.7743292009902e-05,2.7743292009902e-05,0.32639167070472935
9210,0.013157959437138126,0.000738146895686519,0.2481166035921072,0.06951474327153878,0.003057493643838409,0.20554579118241403,0.08883803779247978,0.002747533575278436,0.15392344959543058,2.777344776208668e-05,2.777344776208668e-05,0.3267464442598433
9220,0.013153847357457312,0.0007388459492322574,0.24835157957386803,0.06949718455703838,0.0030604786253034767,0.2057464622052757,0.08882174693654206,0.002750303020787848,0.15407860060436124,2.7803603514271352e-05,2.7803603514271352e-05,0.32710121781495705
9230,0.013149736494781374,0.0007395447958871666,0.24858648601249295,0.06947962991015871,0.0030634629152730196,0.2059470867410433,0.08880545873317192,0.002753072015360774,0.15423372635074364,2.7833759266456032e-05,2.7833759266456032e-05,0.3274559913700709
9240,0.013145626848861138,0.0007402434356936066,0.2488213229222207,0.06946207933030611,0.003066446513847963,0.20614766479650168,0.08878917318213503,0.002755840559037044,0.15438882683680918,2.7863915018640705e-05,2.7863915018640705e-05,0.32781076492518474
9250,0.013141518419447423,0.0007409418686939386,0.24905609031729023,0.0694445328168869,0.0030694294211292307,0.20634819637843563,0.08877289028319713,0.0027586086518564886,0.15454390206478927,2.7894070770825382e-05,2.7894070770825382e-05,0.3281655384802986
9260,0.013137411206291048,0.0007416400949305223,0.24929078821194026,0.06942699036930736,0.0030724116372177505,0.20654868149363026,0.0887566100361239,0.0027613762938589375,0.15469895203691525,2.792422652301006e-05,2.792422652301006e-05,0.32852031203541243
9270,0.013133305209142833,0.0007423381144457187,0.24952541662040964,0.06940945198697386,0.003075393162214446,0.20674912014887029,0.08874033244068105,0.0027641434850842203,0.1548539767554185,2.7954382275194732e-05,2.7954382275194732e-05,0.32887508559052625
9280,0.013129200427753602,0.000743035927281888,0.24975997555693713,0.0693919176692927,0.0030783739962202423,0.2069495123509406,0.0887240574966343,0.002766910225572168,0.15500897622253043,2.798453802737941e-05,2.798453802737941e-05,0.32922985914564007
9290,0.013125096861874174,0.0007437335334813909,0.24999446503576161,0.06937438741567022,0.003081354139336066,0.20714985810662626,0.08870778520374935,0.0027696765153626102,0.15516395044048237,2.8014693779564085e-05,2.8014693779564085e-05,0.32958463270075394
9300,0.013120994511255368,0.0007444309330865877,0.2502288850711219,0.06935686122551271,0.003084333591662842,0.20735015742271204,0.08869151556179189,0.0027724423544953766,0.1553188994115057,2.804484953174876e-05,2.804484953174876e-05,0.32993940625586776
9310,0.013116893375648007,0.0007451281261398391,0.2504632356772568,0.06933933909822651,0.0030873123533014944,0.20755041030598279,0.08867524857052765,0.002775207743010298,0.1554738231378318,2.8075005283933438e-05,2.8075005283933438e-05,0.3302941798109816
9320,0.013112793454802912,0.0007458251126835055,0.2506975168684052,0.06932182103321795,0.0030902904243529502,0.20775061676322354,0.08865898422972232,0.0027779726809472032,0.15562872162169206,2.8105161036118115e-05,2.8105161036118115e-05,0.33064895336609545
9330,0.0131086947484709,0.0007465218927599472,0.25093172865880575,0.06930430702989335,0.003093267804918134,0.2079507768012191,0.08864272253914161,0.0027807371683459237,0.15578359486531784,2.8135316788302788e-05,2.8135316788302788e-05,0.3310037269212093
9340,0.013104597256402797,0.000747218466411525,0.25116587106269744,0.069286797087659,0.0030962444950979706,0.2081508904267543,0.08862646349855123,0.002783501205246289,0.15593844287094055,2.8165472540487465e-05,2.8165472540487465e-05,0.3313585004763231
9350,0.01310050097834942,0.0007479148336805992,0.25139994409431904,0.06926929120592126,0.0030992204949933863,0.20835095764661415,0.08861020710771689,0.002786264791688129,0.15609326564079154,2.819562829267214e-05,2.819562829267214e-05,0.3317132740314369
9360,0.013096405914061589,0.0007486109946095303,0.2516339477679093,0.06925178938408645,0.003102195804705306,0.20855097846758358,0.08859395336640427,0.0027890279277112736,0.15624806317710216,2.8225784044856818e-05,2.8225784044856818e-05,0.3320680475865508
9370,0.013092312063290127,0.0007493069492406788,0.25186788209770716,0.06923429162156086,0.0031051704243346546,0.20875095289644735,0.0885777022743791,0.002791790613355553,0.15640283548210382,2.8255939797041495e-05,2.8255939797041495e-05,0.3324228211416646
9380,0.013088219425785854,0.0007500026976164052,0.2521017470979513,0.06921679791775084,0.003108144353982358,0.20895088093999042,0.08856145383140707,0.0027945528486607975,0.15655758255802787,2.8286095549226168e-05,2.8286095549226168e-05,0.3327775946967784
9390,0.013084128001299591,0.00075069823977907,0.2523355427828807,0.0691993082720627,0.0031111175937493405,0.20915076260499765,0.0885452080372539,0.0027973146336668373,0.15671230440710573,2.8316251301410845e-05,2.8316251301410845e-05,0.33313236825189224
9400,0.013080037789582158,0.0007513935757710337,0.252569269166734,0.06918182268390279,0.0031140901437365295,0.20935059789825408,0.08852896489168528,0.002800075968413502,0.15686700103156875,2.8346407053595525e-05,2.8346407053595525e-05,0.33348714180700617
9410,0.013075948790384375,0.0007520887056346565,0.25280292626375006,0.06916434115267737,0.003117062004044848,0.2095503868265444,0.08851272439446692,0.0028028368529406213,0.15702167243364826,2.8376562805780198e-05,2.8376562805780198e-05,0.33384191536211993
9420,0.013071861003457063,0.0007527836294122995,0.2530365140881679,0.06914686367779282,0.0031200331747752224,0.20975012939665358,0.08849648654536454,0.002805597287288026,0.15717631861557568,2.8406718557964874e-05,2.8406718557964874e-05,0.3341966889172338
9430,0.013067774428551046,0.0007534783471463227,0.2532700326542261,0.06912939025865544,0.003123003656028578,0.20994982561536654,0.08848025134414383,0.0028083572714955457,0.15733093957958239,2.843687431014955e-05,2.843687431014955e-05,0.3345514624723476
9440,0.01306368906541714,0.0007541728588790867,0.25350348197616357,0.06911192089467154,0.00312597344790584,0.21014947548946822,0.08846401879057052,0.002811116805603011,0.15748553532789977,2.8467030062334228e-05,2.8467030062334228e-05,0.3349062360274615
9450,0.013059604913806167,0.0007548671646529521,0.25373686206821916,0.06909445558524746,0.0031289425505079335,0.2103490790257434,0.08844778888441028,0.002813875889650252,0.1576401058627592,2.84971858145189e-05,2.84971858145189e-05,0.33526100958257526
9460,0.013055521973468948,0.0007555612645102792,0.25397017294463164,0.06907699432978952,0.0031319109639357844,0.21054863623097705,0.08843156162542883,0.002816634523677098,0.15779465118639205,2.852734156670358e-05,2.852734156670358e-05,0.33561578313768914
9470,0.013051440244156304,0.0007562551584934286,0.25420341461963986,0.06905953712770403,0.003134878688290317,0.21074814711195403,0.08841533701339188,0.002819392707723379,0.15794917130102964,2.8557497318888254e-05,2.8557497318888254e-05,0.33597055669280296
9480,0.013047359725619056,0.0007569488466447608,0.25443658710748257,0.06904208397839731,0.0031378457236724577,0.2109476116754593,0.08839911504806514,0.0028221504418289257,0.1581036662089034,2.858765307107293e-05,2.858765307107293e-05,0.33632533024791683
9490,0.013043280417608025,0.0007576423290066362,0.2546696904223987,0.0690246348812757,0.0031408120701831316,0.21114702992827772,0.0883828957292143,0.002824907726033568,0.15825813591224472,2.8617808823257607e-05,2.8617808823257607e-05,0.33668010380303065
9500,0.01303920231987403,0.0007583356056214154,0.254902724578627,0.06900718983574552,0.0031437777279232637,0.21134640187719417,0.08836667905660507,0.002827664560377136,0.15841258041328493,2.8647964575442284e-05,2.8647964575442284e-05,0.33703487735814447
9510,0.013035125432167892,0.0007590286765314589,0.25513568959040633,0.06898974884121307,0.0031467426969937788,0.2115457275289935,0.08835046503000317,0.002830420944899459,0.15856699971425542,2.867812032762696e-05,2.867812032762696e-05,0.33738965091325834
9520,0.013031049754240432,0.0007597215417791271,0.25536858547197544,0.06897231189708469,0.003149706977495603,0.2117450068904607,0.0883342536491743,0.002833176879640369,0.15872139381738762,2.8708276079811634e-05,2.8708276079811634e-05,0.33774442446837216
9530,0.013026975285842471,0.0007604142014067804,0.2556014122375732,0.0689548790027667,0.003152670569529662,0.2119442399683806,0.08831804491388415,0.0028359323646396936,0.1588757627249128,2.873843183199631e-05,2.873843183199631e-05,0.338099198023486
9540,0.013022902026724828,0.0007611066554567795,0.2558341699014384,0.06893745015766542,0.0031556334731968794,0.21214342676953807,0.08830183882389844,0.002838687399937264,0.1590301064390624,2.8768587584180987e-05,2.8768587584180987e-05,0.3384539715785998
9550,0.013018829976638327,0.0007617989039714849,0.25606685847781,0.06892002536118717,0.003158595688598183,0.21234256730071815,0.08828563537898287,0.0028414419855729107,0.15918442496206783,2.8798743336365664e-05,2.8798743336365664e-05,0.3388087451337137
9560,0.013014759135333787,0.0007624909469932568,0.25629947798092667,0.06890260461273827,0.0031615572158344954,0.21254166156870555,0.08826943457890316,0.0028441961215864633,0.1593387182961604,2.882889908855034e-05,2.882889908855034e-05,0.3391635186888275
9570,0.013010689502562027,0.0007631827845644558,0.2565320284250271,0.06888518791172504,0.003164518055006744,0.21274070958028526,0.08825323642342499,0.0028469498080177518,0.15949298644357152,2.8859054840735017e-05,2.8859054840735017e-05,0.33951829224394137
9580,0.01300662107807387,0.0007638744167274426,0.25676450982435045,0.06886777525755382,0.003167478206215853,0.21293971134224218,0.08823704091231407,0.002849703044906606,0.15964722940653256,2.8889210592919694e-05,2.8889210592919694e-05,0.3398730657990552
9590,0.013002553861620135,0.0007645658435245775,0.25699692219313525,0.0688503666496309,0.0031704376695627485,0.2131386668613612,0.08822084804533613,0.0028524558322928564,0.15980144718727488,2.8919366345104367e-05,2.8919366345104367e-05,0.340227839354169
9600,0.012998487852951643,0.000765257064998221,0.2572292655456205,0.06883296208736263,0.003173396445148355,0.2133375761444272,0.08820465782225687,0.0028552081702163325,0.15995563978802985,2.8949522097289044e-05,2.8949522097289044e-05,0.3405826129092828
9610,0.012994423051819217,0.0007659480811907336,0.2574615398960449,0.06881556157015531,0.003176354533073598,0.21353643919822504,0.08818847024284196,0.0028579600587168652,0.16010980721102885,2.897967784947372e-05,2.897967784947372e-05,0.3409373864643967
9620,0.012990359457973675,0.0007666388921444757,0.2576937452586473,0.06879816509741529,0.0031793119334394032,0.2137352560295397,0.08817228530685714,0.0028607114978342844,0.16026394945850334,2.9009833601658397e-05,2.9009833601658397e-05,0.3412921600195105
9630,0.012986297071165838,0.0007673294979018081,0.25792588164766656,0.06878077266854886,0.0031822686463466956,0.21393402664515598,0.08815610301406812,0.0028634624876084196,0.1604180665326846,2.9039989353843074e-05,2.9039989353843074e-05,0.3416469335746244
9640,0.012982235891146526,0.0007680198985050911,0.2581579490773415,0.06876338428296236,0.003185224671896401,0.21413275105185883,0.08813992336424058,0.002866213028079101,0.16057215843580397,2.907014510602775e-05,2.907014510602775e-05,0.3420017071297382
9650,0.012978175917666562,0.0007687100939966849,0.25838994756191086,0.0687459999400621,0.0031881800101894444,0.2143314292564332,0.08812374635714024,0.0028689631192861586,0.16072622517009294,2.9100300858212423e-05,2.9100300858212423e-05,0.342356480684852
9660,0.012974117150476765,0.0007694000844189504,0.2586218771156136,0.06872861963925442,0.0031911346613267503,0.21453006126566385,0.0881075719925328,0.0028717127612694227,0.1608802667377828,2.91304566103971e-05,2.91304566103971e-05,0.34271125423996585
9670,0.012970059589327955,0.0007700898698142479,0.25885373775268833,0.06871124337994562,0.003194088625409245,0.21472864708633577,0.08809140027018397,0.0028744619540687234,0.16103428314110496,2.9160612362581777e-05,2.9160612362581777e-05,0.3430660277950797
9680,0.012966003233970956,0.0007707794502249379,0.25908552948737407,0.06869387116154205,0.0031970419025378538,0.21492718672523384,0.08807523118985947,0.0028772106977238907,0.1611882743822908,2.9190768114766453e-05,2.9190768114766453e-05,0.34342080135019354
9690,0.012961948084156585,0.000771468825693381,0.25931725233390956,0.06867650298345,0.0031999944928135017,0.21512568018914294,0.08805906475132497,0.0028799589922747547,0.1613422404635717,2.9220923866951127e-05,2.9220923866951127e-05,0.34377557490530736
9700,0.012957894139635663,0.0007721579962619376,0.2595489063065336,0.06865913884507581,0.0032029463963371132,0.21532412748484792,0.08804290095434619,0.002882706837761145,0.16149618138717897,2.9251079619135803e-05,2.9251079619135803e-05,0.3441303484604212
9710,0.012953841400159014,0.0007728469619729682,0.2597804914194851,0.0686417787458258,0.003205897613209616,0.21552252861913382,0.08802673979868886,0.002885454234222892,0.1616500971553441,2.928123537132048e-05,2.928123537132048e-05,0.34448512201553505
9720,0.012949789865477453,0.0007735357228688333,0.2600120076870028,0.06862442268510628,0.003208848143531933,0.21572088359878538,0.08801058128411866,0.0028882011816998257,0.16180398777029836,2.9311391123505156e-05,2.9311391123505156e-05,0.34483989557064887
9730,0.012945739535341807,0.0007742242789918932,0.2602434551233254,0.0686070706623236,0.003211797987404991,0.2159191924305876,0.08799442541040131,0.0028909476802317768,0.16195785323427322,2.934154687568983e-05,2.934154687568983e-05,0.3451946691257627
9740,0.012941690409502892,0.0007749126303845087,0.260474833742692,0.06858972267688404,0.0032147471449297145,0.21611745512132532,0.0879782721773025,0.002893693729858574,0.16211169354949995,2.9371702627874506e-05,2.9371702627874506e-05,0.3455494426808765
9750,0.012937642487711532,0.00077560077708904,0.26070614355934113,0.06857237872819397,0.003217695616207028,0.21631567167778337,0.08796212158458794,0.002896439330620048,0.16226550871820997,2.9401858380059183e-05,2.9401858380059183e-05,0.3459042162359904
9760,0.012933595769718545,0.0007762887191478478,0.26093738458751187,0.06855503881565966,0.0032206434013378592,0.21651384210674682,0.08794597363202335,0.00289918448255603,0.16241929874263475,2.943201413224386e-05,2.943201413224386e-05,0.3462589897911042
9770,0.012929550255274752,0.0007769764566032925,0.26116855684144286,0.06853770293868748,0.003223590500423131,0.21671196641500037,0.08792982831937442,0.002901929185706348,0.16257306362500548,2.9462169884428533e-05,2.9462169884428533e-05,0.346613763346218
9780,0.012925505944130975,0.0007776639894977347,0.261399660335373,0.06852037109668371,0.0032265369135637705,0.21691004460932908,0.08791368564640686,0.002904673440110833,0.16272680336755369,2.949232563661321e-05,2.949232563661321e-05,0.34696853690133184
9790,0.012921462836038034,0.0007783513178735346,0.26163069508354103,0.06850304328905471,0.0032294826408607023,0.21710807669651777,0.08789754561288637,0.0029074172458093154,0.16288051797251066,2.952248138879789e-05,2.952248138879789e-05,0.3473233104564457
9800,0.01291742093074675,0.0007790384417730529,0.2618616611001858,0.06848571951520677,0.0032324276824148507,0.2173060626833513,0.08788140821857866,0.0029101606028416258,0.16303420744210786,2.9552637140982563e-05,2.9552637140982563e-05,0.34767808401155953
9810,0.012913380228007943,0.0007797253612386503,0.26209255839954626,0.06846839977454623,0.003235372038327143,0.21750400257661462,0.08786527346324945,0.0029129035112475925,0.1631878717785766,2.9582792893167243e-05,2.9582792893167243e-05,0.3480328575666734
9820,0.012909340727572433,0.0007804120763126869,0.2623233869958611,0.0684510840664794,0.003238315708698503,0.2177018963830926,0.08784914134666442,0.002915645971067046,0.16334151098414823,2.9612948645351916e-05,2.9612948645351916e-05,0.3483876311217872
9830,0.01290530242919104,0.0007810985870375232,0.26255414690336915,0.06843377239041262,0.003241258693629857,0.2178997441095702,0.0878330118685893,0.0029183879823398177,0.1634951250610542,2.9643104397536593e-05,2.9643104397536593e-05,0.34874240467690104
9840,0.01290126533261459,0.0007817848934555201,0.2627848381363092,0.06841646474575219,0.0032442009932221296,0.21809754576283222,0.08781688502878977,0.0029211295451057368,0.1636487140115259,2.967326014972127e-05,2.967326014972127e-05,0.3490971782320149
9850,0.012897229437593898,0.0007824709956090375,0.2630154607089202,0.06839916113190445,0.003247142607576246,0.21829530134966357,0.08780076082703156,0.0029238706594046327,0.16380227783779455,2.9703415901905942e-05,2.9703415901905942e-05,0.34945195178712873
9860,0.012893194743879788,0.0007831568935404365,0.26324601463544084,0.0683818615482757,0.0032500835367931325,0.2184930108768492,0.08778463926308036,0.002926611325276337,0.1639558165420917,2.9733571654090622e-05,2.9733571654090622e-05,0.3498067253422426
9870,0.012889161251223078,0.0007838425872920771,0.26347649993010996,0.06836456599427229,0.003253023780973713,0.21869067435117395,0.08776852033670189,0.0029293515427606777,0.16410933012664863,2.9763727406275296e-05,2.9763727406275296e-05,0.35016149889735637
9880,0.01288512895937459,0.0007845280769063201,0.2637069166071664,0.06834727446930051,0.0032559633402189135,0.21888829177942273,0.08775240404766184,0.0029320913118974865,0.16426281859369674,2.979388315845997e-05,2.979388315845997e-05,0.3505162724524702
9890,0.012881097868085145,0.0007852133624255259,0.26393726468084905,0.06832998697276672,0.0032589022146296606,0.2190858631683805,0.08773629039572592,0.002934830632726593,0.16441628194546742,2.982403891064465e-05,2.982403891064465e-05,0.35087104600758406
9900,0.012877067977105562,0.0007858984438920547,0.2641675441653965,0.0683127035040772,0.003261840404306877,0.21928338852483203,0.08772017938065983,0.0029375695052878273,0.16456972018419203,2.9854194662829326e-05,2.9854194662829326e-05,0.35122581956269794
9910,0.012873039286186664,0.0007865833213482675,0.26439775507504787,0.0682954240626383,0.00326477790935149,0.21948086785556234,0.0877040710022293,0.0029403079296210196,0.16472313331210192,2.9884350415014002e-05,2.9884350415014002e-05,0.35158059311781176
9920,0.012869011795079271,0.0007872679948365243,0.26462789742404175,0.06827814864785633,0.003267714729864424,0.21967830116735618,0.0876879652602,0.0029430459057659987,0.1648765213314285,2.9914506167198675e-05,2.9914506167198675e-05,0.3519353666729256
9930,0.012864985503534203,0.000787952464399186,0.2648579712266171,0.06826087725913763,0.0032706508659466047,0.21987568846699862,0.08767186215433766,0.0029457834337625966,0.16502988424440318,2.9944661919383352e-05,2.9944661919383352e-05,0.3522901402280394
9940,0.01286096041130228,0.0007886367300786129,0.2650879764970127,0.0682436098958885,0.0032735863176989576,0.22007302976127444,0.08765576168440797,0.0029485205136506416,0.16518322205325722,2.997481767156803e-05,2.997481767156803e-05,0.35264491378315327
9950,0.012856936518134323,0.0007893207919171653,0.26531791324946735,0.06822634655751526,0.0032765210852224074,0.22027032505696853,0.08763966385017667,0.0029512571454699656,0.16533653476022217,3.0004973423752705e-05,3.0004973423752705e-05,0.3529996873382671
9960,0.012852913823781155,0.0007900046499572041,0.26554778149821984,0.06820908724342424,0.0032794551686178798,0.22046757436086584,0.08762356865140943,0.002953993329260397,0.16548982236752924,3.0035129175937382e-05,3.0035129175937382e-05,0.35335446089338096
9970,0.012848892327993595,0.0007906883042410895,0.265777581257509,0.06819183195302177,0.0032823885679863006,0.22066477767975126,0.08760747608787195,0.0029567290650617667,0.1656430848774099,3.006528492812206e-05,3.006528492812206e-05,0.3537092344484948
9980,0.012844872030522462,0.0007913717548111819,0.2660073125415737,0.06817458068571416,0.003285321283428594,0.22086193502040963,0.08759138615932997,0.002959464352913904,0.16579632229209545,3.0095440680306732e-05,3.0095440680306732e-05,0.3540640080036086
9990,0.012840852931118578,0.0007920550017098421,0.2662369753646528,0.06815733344090774,0.003288253315045686,0.22105904638962592,0.08757529886554917,0.00296219919285664,0.16594953461381737,3.0125596432491412e-05,3.0125596432491412e-05,0.3544187815587225
10000,0.012836835029532765,0.0007927380449794304,0.266466569740985,0.06814009021800882,0.003291184662938502,0.22125611179418497,0.08755921420629527,0.0029649335849298033,0.1661027218448069,3.0155752184676085e-05,3.0155752184676085e-05,0.3547735551138363
10010,0.012832818325515843,0.0007934208846623071,0.2666960956848091,0.06812285101642374,0.003294115327207966,0.22145313124087163,0.08754313218133396,0.0029676675291732254,0.16625588398729554,3.0185907936860762e-05,3.0185907936860762e-05,0.3551283286689501
10020,0.012828802818818631,0.0007941035208008332,0.2669255532103641,0.0681056158355588,0.0032970453079550054,0.22165010473647093,0.08752705279043095,0.002970401025626736,0.16640902104351463,3.021606368904544e-05,3.021606368904544e-05,0.35548310222406393
10030,0.012824788509191951,0.0007947859534373689,0.2671549423318887,0.06808838467482034,0.0032999746052805442,0.22184703228776764,0.08751097603335196,0.002973134074330165,0.16656213301569553,3.024621944123011e-05,3.024621944123011e-05,0.35583787577917775
10040,0.012820775396386623,0.0007954681826142745,0.2673842630636217,0.06807115753361466,0.003302903219285509,0.2220439139015468,0.08749490190986269,0.002975866675323343,0.16671521990606963,3.027637519341479e-05,3.027637519341479e-05,0.3561926493342916
10050,0.012816763480153467,0.0007961502083739106,0.2676135154198019,0.0680539344113481,0.0033058311500708234,0.2222407495845931,0.08747883041972883,0.0029785988286460986,0.16686828171686827,3.0306530945599465e-05,3.0306530945599465e-05,0.35654742288940544
10060,0.012812752760243308,0.000796832030758638,0.2678426994146682,0.068036715307427,0.0033087583977374126,0.22243753934369156,0.0874627615627161,0.002981330534338263,0.16702131845032284,3.0336686697784138e-05,3.0336686697784138e-05,0.35690219644451926
10070,0.012808743236406963,0.0007975136498108168,0.2680718150624594,0.06801950022125763,0.003311684962386204,0.2226342831856271,0.08744669533859019,0.0029840617924396665,0.1671743301086648,3.0366842449968818e-05,3.0366842449968818e-05,0.35725696999963313
10080,0.012804734908395251,0.0007981950655728076,0.2683008623774143,0.06800228915224635,0.0033146108441181217,0.2228309811171846,0.08743063174711684,0.0029867926029901377,0.16732731669412537,3.0396998202153495e-05,3.0396998202153495e-05,0.35761174355474695
10090,0.012800727775958996,0.000798876278086971,0.2685298413737717,0.06798508209979948,0.0033175360430340904,0.2230276331451489,0.08741457078806171,0.0029895229660295082,0.16748027820893602,3.042715395433817e-05,3.042715395433817e-05,0.3579665171098608
10100,0.012796721838849019,0.0007995572873956674,0.26875875206577055,0.06796787906332333,0.003320460559235036,0.22322423927630491,0.08739851246119054,0.0029922528815976073,0.16763321465532813,3.0457309706522848e-05,3.0457309706522848e-05,0.35832129066497465
10110,0.012792717096816137,0.0008002380935412571,0.2689875944676494,0.06795068004222422,0.0033233843928218835,0.2234207995174375,0.08738245676626902,0.002994982349734265,0.16778612603553306,3.048746545870752e-05,3.048746545870752e-05,0.35867606422008846
10120,0.012788713549611173,0.0008009186965661011,0.2692163685936474,0.06793348503590849,0.0033263075438955594,0.2236173138753317,0.08736640370306287,0.0029977113704793123,0.1679390123517822,3.0517621210892195e-05,3.0517621210892195e-05,0.3590308377752023
10130,0.012784711196984946,0.0008015990965125593,0.2694450744580031,0.06791629404378244,0.0033292300125569874,0.22381378235677224,0.08735035327133778,0.003000439943872577,0.16809187360630684,3.0547776963076875e-05,3.0547776963076875e-05,0.35938561133031616
10140,0.01278071003868828,0.0008022792934229926,0.2696737120749555,0.0678991070652524,0.003332151798907094,0.2240102049685441,0.08733430547085945,0.003003168069953892,0.1682447098013385,3.0577932715261555e-05,3.0577932715261555e-05,0.35974038488543003
10150,0.012776710074471995,0.0008029592873397613,0.2699022814587433,0.0678819240997247,0.0033350729030468037,0.22420658171743216,0.08731826030139361,0.003005895748763086,0.16839752093910848,3.060808846744622e-05,3.060808846744622e-05,0.36009515844054374
10160,0.012772711304086908,0.0008036390783052259,0.2701307826236053,0.06786474514660565,0.003337993325077042,0.2244029126102213,0.08730221776270594,0.0030086229803399887,0.1685503070218481,3.06382442196309e-05,3.06382442196309e-05,0.3604499319956576
10170,0.012768713727283844,0.000804318666361747,0.27035921558378045,0.06784757020530158,0.003340913065098735,0.22459919765369646,0.08728617785456216,0.00301134976472443,0.16870306805178878,3.066839997181558e-05,3.066839997181558e-05,0.36080470555077154
10180,0.012764717343813622,0.0008049980515516848,0.27058758035350744,0.0678303992752188,0.003343832123212806,0.2247954368546424,0.08727014057672798,0.0030140761019562413,0.168855804031162,3.0698555724000254e-05,3.0698555724000254e-05,0.3611594791058853
10190,0.01276072215342706,0.0008056772339174003,0.2708158769470253,0.06781323235576364,0.0033467504995201834,0.22499163021984422,0.0872541059289691,0.0030168019920752518,0.16900851496219899,3.0728711476184934e-05,3.0728711476184934e-05,0.3615142526609992
10200,0.012756728155874981,0.0008063562135012534,0.27104410537857254,0.06779606944634242,0.00334966819412179,0.2251877777560867,0.08723807391105122,0.003019527435121291,0.16916120084713115,3.075886722836961e-05,3.075886722836961e-05,0.361869026216113
10210,0.012752735350908208,0.000807034990345605,0.2712722656623882,0.06777891054636147,0.0033525852071185514,0.2253838794701547,0.08722204452274006,0.0030222524311341896,0.1693138616881899,3.078902298055429e-05,3.078902298055429e-05,0.3622237997712269
10220,0.012748743738277559,0.0008077135644928154,0.27150035781271104,0.0677617556552271,0.0033555015386113945,0.2255799353688332,0.0872060177638013,0.003024976980153779,0.16946649748760667,3.081917873273896e-05,3.081917873273896e-05,0.3625785733263407
10230,0.012744753317733854,0.0008083919359852451,0.27172838184377984,0.06774460477234565,0.003358417188701243,0.22577594545890706,0.08718999363400066,0.003027701082219886,0.16961910824761267,3.0849334484923634e-05,3.0849334484923634e-05,0.3629333468814545
10240,0.012740764089027915,0.0008090701048652548,0.2719563377698335,0.06772745789712341,0.0033613321574890226,0.22597190974716114,0.08717397213310385,0.003030424737372343,0.1697716939704394,3.0879490237108314e-05,3.0879490237108314e-05,0.3632881204365684
10250,0.012736776051910563,0.0008097480711752047,0.27218422560511085,0.06771031502896672,0.003364246445075659,0.22616782824038043,0.08715795326087658,0.00303314794565098,0.16992425465831823,3.090964598929299e-05,3.090964598929299e-05,0.3636428939916822
10260,0.012732789206132617,0.0008104258349574554,0.27241204536385055,0.06769317616728192,0.0033671600515620768,0.22636370094534966,0.08714193701708454,0.0030358707070956264,0.17007679031348047,3.093980174147766e-05,3.093980174147766e-05,0.36399766754679597
10270,0.0127288035514449,0.0008111033962543675,0.27263979706029157,0.0676760413114753,0.0033700729770492024,0.2265595278688539,0.08712592340149344,0.0030385930217461123,0.17022930093815755,3.096995749366234e-05,3.096995749366234e-05,0.36435244110190984
10280,0.01272481908759823,0.0008117807551083012,0.2728674807086726,0.06765891046095318,0.00337298522163796,0.22675530901767796,0.087109912413869,0.0030413148896422677,0.17038178653458083,3.100011324584702e-05,3.100011324584702e-05,0.36470721465702377
10290,0.01272083581434343,0.0008124579115616172,0.2730950963232327,0.06764178361512192,0.003375896785429276,0.22695104439860675,0.0870939040539769,0.0030440363108239234,0.17053424710498172,3.1030268998031694e-05,3.1030268998031694e-05,0.36506198821213753
10300,0.012716853731431318,0.000813134865656676,0.2733226439182104,0.06762466077338782,0.003378807668524074,0.2271467340184251,0.08707789832158289,0.003046757285330909,0.17068668265159154,3.106042475021637e-05,3.106042475021637e-05,0.36541676176725135
10310,0.01271287283861272,0.0008138116174358381,0.27355012350784474,0.06760754193515718,0.003381717871023281,0.227342377883918,0.08706189521645262,0.0030494778132030536,0.17083909317664167,3.109058050240105e-05,3.109058050240105e-05,0.3657715353223652
10320,0.012708893135638449,0.0008144881669414638,0.27377753510637437,0.06759042709983636,0.0033846273930278224,0.22753797600187037,0.08704589473835182,0.003052197894480189,0.17099147868236356,3.112073625458572e-05,3.112073625458572e-05,0.36612630887747905
10330,0.012704914622259332,0.0008151645142159138,0.27400487872803825,0.06757331626683165,0.003387536234638622,0.227733528379067,0.08702989688704621,0.003054917529202144,0.17114383917098844,3.1150892006770394e-05,3.1150892006770394e-05,0.36648108243259286
10340,0.012700937298226187,0.0008158406593015485,0.2742321543870751,0.0675562094355494,0.0033904443959566054,0.22792903502229278,0.08701390166230147,0.0030576367174087486,0.17129617464474783,3.1181047758955074e-05,3.1181047758955074e-05,0.36683585598770674
10350,0.012696961163289834,0.0008165166022407284,0.2744593620977238,0.06753910660539589,0.003393351877082699,0.2281244959383327,0.08699790906388333,0.0030603554591398336,0.17144848510587302,3.1211203511139754e-05,3.1211203511139754e-05,0.3671906295428206
10360,0.012692986217201097,0.0008171923430758141,0.27468650187422317,0.06752200777577749,0.0033962586781178285,0.22831991113397163,0.08698191909155747,0.003063073754435229,0.17160077055659545,3.124135926332442e-05,3.124135926332442e-05,0.3675454030979343
10370,0.012689012459710792,0.0008178678818491659,0.27491357373081204,0.06750491294610049,0.003399164799162918,0.22851528061599444,0.08696593174508961,0.003065791603334765,0.1717530309991465,3.12715150155091e-05,3.12715150155091e-05,0.3679001766530482
10380,0.012685039890569743,0.0008185432186031442,0.2751405776817291,0.06748782211577123,0.0034020702403188916,0.22871060439118596,0.08694994702424547,0.0030685090058782697,0.1719052664357574,3.130167076769378e-05,3.130167076769378e-05,0.36825495020816207
10390,0.01268106850952877,0.0008192183533801097,0.2753675137412133,0.06747073528419603,0.003404975001686677,0.2289058824663312,0.08693396492879073,0.003071225962105576,0.17205747686865971,3.1331826519878453e-05,3.1331826519878453e-05,0.3686097237632759
10400,0.012677098316338693,0.0008198932862224229,0.27559438192350344,0.06745365245078119,0.0034078790833671994,0.22910111484821505,0.0869179854584911,0.0030739424720565124,0.17220966230008475,3.136198227206313e-05,3.136198227206313e-05,0.3689644973183897
10410,0.012673129310750332,0.0008205680171724441,0.2758211822428383,0.06743657361493305,0.0034107824854613823,0.2292963015436223,0.0869020086131123,0.003076658535770909,0.1723618227322638,3.139213802424781e-05,3.139213802424781e-05,0.3693192708735036
10420,0.012669161492514508,0.000821242546272534,0.27604791471345674,0.06741949877605793,0.0034136852080701528,0.22949144255933795,0.08688603439242001,0.0030793741532885964,0.17251395816742837,3.142229377643249e-05,3.142229377643249e-05,0.36967404442861745
10430,0.012665194861382043,0.000821916873565053,0.2762745793495976,0.06740242793356216,0.0034165872512944345,0.22968653790214683,0.08687006279617997,0.003082089324649404,0.17266606860780975,3.145244952861715e-05,3.145244952861715e-05,0.37002881798373116
10440,0.012661229417103757,0.0008225909990923615,0.27650117616549963,0.06738536108685204,0.0034194886152351537,0.2298815875788338,0.08685409382415786,0.0030848040498931617,0.1728181540556393,3.148260528080183e-05,3.148260528080183e-05,0.3703835915388451
10450,0.012657265159430473,0.0008232649228968201,0.27672770517540174,0.06736829823533391,0.0034223892999932365,0.23007659159618393,0.08683812747611941,0.0030875183290597005,0.17297021451314848,3.151276103298651e-05,3.151276103298651e-05,0.37073836509395897
10460,0.012653302088113006,0.0008239386450207892,0.2769541663935426,0.06735123937841409,0.0034252893056696066,0.23027154996098192,0.08682216375183029,0.00309023216218885,0.17312224998256864,3.1542916785171186e-05,3.1542916785171186e-05,0.37109313864907273
10470,0.012649340202902181,0.0008246121655066296,0.2771805598341612,0.06733418451549888,0.003428188632365191,0.2304664626800128,0.08680620265105622,0.0030929455493204404,0.17327426046613112,3.157307253735586e-05,3.157307253735586e-05,0.37144791220418655
10480,0.012645379503548819,0.0008252854843967013,0.2774068855114962,0.06731713364599465,0.0034310872801809134,0.23066132976006137,0.08679024417356293,0.003095658490494301,0.17342624596606726,3.160322828954054e-05,3.160322828954054e-05,0.3718026857593004
10490,0.012641419989803738,0.000825958601733365,0.2776331434397865,0.06730008676930765,0.003433985249217699,0.2308561512079125,0.0867742883191161,0.003098370985750263,0.1735782064846086,3.163338404172521e-05,3.163338404172521e-05,0.37215745931441424
10500,0.01263746166141776,0.0008266315175589813,0.277859333633271,0.06728304388484427,0.003436882539576475,0.23105092703035124,0.08675833508748143,0.0031010830351281557,0.17373014202398632,3.1663539793909886e-05,3.1663539793909886e-05,0.37251223286952806
10510,0.012633504518141705,0.0008273042319159106,0.2780854561061884,0.0672660049920108,0.003439779151358166,0.2312456572341624,0.08674238447842465,0.0031037946386678087,0.17388205258643186,3.1693695546094566e-05,3.1693695546094566e-05,0.37286700642464193
10520,0.012629548559726395,0.0008279767448465134,0.27831151087277756,0.06724897009021356,0.0034426750846636963,0.23144034182613082,0.08672643649171144,0.003106505796409053,0.17403393817417664,3.1723851298279246e-05,3.1723851298279246e-05,0.3732217799797558
10530,0.012625593785922649,0.00082864905639315,0.2785374979472773,0.06723193917885889,0.003445570339593992,0.23163498081304146,0.08671049112710752,0.003109216508391719,0.17418579878945206,3.175400705046391e-05,3.175400705046391e-05,0.3735765535348695
10540,0.01262164019648129,0.0008293211665981812,0.2787634173439264,0.06721491225735308,0.003448464916249978,0.23182957420167916,0.08669454838437861,0.0031119267746556357,0.1743376344344894,3.178416280264859e-05,3.178416280264859e-05,0.3739313270899834
10550,0.012617687791153135,0.0008299930755039673,0.27898926907696375,0.06719788932510248,0.00345135881473258,0.23202412199882885,0.08667860826329038,0.0031146365952406333,0.17448944511152006,3.181431855483327e-05,3.181431855483327e-05,0.3742861006450973
10560,0.01261373656968901,0.0008306647831528688,0.2792150531606281,0.06718087038151341,0.0034542520351427226,0.23221862421127545,0.08666267076360856,0.0031173459701865423,0.1746412308227755,3.1844474307017946e-05,3.1844474307017946e-05,0.3746408742002111
10570,0.01260978653183973,0.0008313362895872463,0.2794407696091584,0.06716385542599218,0.0034571445775813323,0.2324130808458038,0.08664673588509886,0.0031200548995331924,0.17479299157048697,3.187463005920262e-05,3.187463005920262e-05,0.3749956477553249
10580,0.012605837677356119,0.0008320075948494602,0.27966641843679335,0.06714684445794511,0.003460036442149334,0.2326074919091989,0.08663080362752697,0.0031227633833204142,0.17494472735688596,3.19047858113873e-05,3.19047858113873e-05,0.3753504213104388
10590,0.012601890005988997,0.000832678698981871,0.27989199965777173,0.06712983747677853,0.003462927628947652,0.2328018574082455,0.08661487399065859,0.0031254714215880365,0.17509643818420373,3.193494156357197e-05,3.193494156357197e-05,0.3757051948655526
10600,0.012597943517489184,0.000833349602026839,0.28011751328633244,0.06711283448189875,0.0034658181380772127,0.23299617734972855,0.08659894697425946,0.003128179014375891,0.17524812405467177,3.196509731575665e-05,3.196509731575665e-05,0.37605996842066647
10610,0.012593998211607503,0.0008340203040267251,0.28034295933671427,0.06709583547271211,0.0034687079696389417,0.23319045174043304,0.08658302257809525,0.0031308861617238065,0.1753997849705214,3.1995253067941326e-05,3.1995253067941326e-05,0.3764147419757803
10620,0.01259005408809477,0.0008346908050238895,0.2805683378231561,0.06707884044862493,0.0034715971237337636,0.23338468058714373,0.08656710080193167,0.003133592863671614,0.175551420933984,3.2025408820126006e-05,3.2025408820126006e-05,0.37676951553089416
10630,0.01258611114670181,0.0008353611050606926,0.28079364875989665,0.06706184940904353,0.0034744856004626035,0.23357886389664556,0.08655118164553445,0.0031362991202591424,0.1757030319472909,3.205556457231068e-05,3.205556457231068e-05,0.377124289086008
10640,0.012582169387179442,0.0008360312041794951,0.2810188921611748,0.0670448623533742,0.003477373399926387,0.23377300167572346,0.08653526510866927,0.003139004931526223,0.17585461801267355,3.208572032449535e-05,3.208572032449535e-05,0.37747906264112174
10650,0.012578228809278488,0.0008367011024226576,0.2812440680412294,0.0670278792810233,0.00348026052222604,0.23396709393116233,0.08651935119110185,0.0031417102975126853,0.17600617913236333,3.211587607668003e-05,3.211587607668003e-05,0.3778338361962357
10660,0.012574289412749766,0.0008373707998325402,0.2814691764142992,0.06701090019139715,0.0034831469674624863,0.23416114066974694,0.08650343989259789,0.0031444152182583587,0.17615771530859153,3.214603182886471e-05,3.214603182886471e-05,0.37818860975134955
10670,0.012570351197344098,0.0008380402964515037,0.2816942172946231,0.06699392508390206,0.003486032735736653,0.23435514189826237,0.08648753121292309,0.0031471196938030743,0.1763092265435896,3.217618758104938e-05,3.217618758104938e-05,0.37854338330646325
10680,0.012566414162812305,0.0008387095923219083,0.2819191906964397,0.06697695395794434,0.0034889178271494646,0.23454909762349338,0.08647162515184316,0.0031498237241866615,0.1764607128395889,3.220634333323406e-05,3.220634333323406e-05,0.37889815686157713
10690,0.012562478308905209,0.0008393786874861149,0.28214409663398815,0.06695998681293033,0.0034918022418018455,0.23474300785222488,0.08645572170912381,0.0031525273094489504,0.17661217419882075,3.223649908541874e-05,3.223649908541874e-05,0.379252930416691
10700,0.012558543635373627,0.0008400475819864837,0.2823689351215071,0.06694302364826635,0.0034946859797947228,0.23493687259124185,0.08643982088453074,0.003155230449629772,0.17676361062351664,3.226665483760341e-05,3.226665483760341e-05,0.3796077039718048
10710,0.012554610141968384,0.0008407162758653752,0.2825937061732353,0.06692606446335872,0.003497569041229021,0.2351306918473291,0.08642392267782967,0.0031579331447689546,0.17691502211590782,3.2296810589788085e-05,3.2296810589788085e-05,0.37996247752691864
10720,0.012550677828440297,0.0008413847691651499,0.2828184098034117,0.06690910925761374,0.0035004514262056644,0.23532446562727152,0.08640802708878628,0.00316063539490633,0.17706640867822576,3.2326966341972765e-05,3.2326966341972765e-05,0.3803172510820325
10730,0.012546746694540188,0.0008420530619281684,0.28304304602627506,0.06689215803043777,0.0035033331348255804,0.2355181939378541,0.0863921341171663,0.0031633372000817277,0.17721777031270183,3.2357122094157445e-05,3.2357122094157445e-05,0.3806720246371464
10740,0.012542816740018878,0.000842721154196791,0.28326761485606416,0.06687521078123711,0.0035062141671896923,0.23571187678586164,0.08637624376273542,0.0031660385603349767,0.17736910702156733,3.238727784634211e-05,3.238727784634211e-05,0.3810267981922601
10750,0.01253888796462719,0.0008433890460133784,0.2834921163070179,0.06685826750941809,0.0035090945233989274,0.23590551417807915,0.08636035602525935,0.0031687394757059085,0.17752041880705371,3.241743359852679e-05,3.241743359852679e-05,0.38138157174737397
10760,0.012534960368115938,0.0008440567374202909,0.28371655039337507,0.06684132821438701,0.0035119742035542084,0.23609910612129129,0.0863444709045038,0.003171439946234352,0.17767170567139226,3.244758935071147e-05,3.244758935071147e-05,0.3817363453024879
10770,0.01253103395023595,0.0008447242284598891,0.28394091712937447,0.06682439289555023,0.003514853207756463,0.23629265262228322,0.08632858840023447,0.0031741399719601385,0.1778229676168145,3.2477745102896145e-05,3.2477745102896145e-05,0.38209111885760166
10780,0.01252710871073804,0.0008453915191745335,0.2841652165292549,0.06680746155231404,0.0035177315361066153,0.23648615368783965,0.08631270851221708,0.003176839552923097,0.17797420464555166,3.250790085508082e-05,3.250790085508082e-05,0.3824458924127155
10790,0.012523184649373034,0.0008460586096065845,0.2843894486072553,0.06679053418408477,0.003520609188705591,0.2366796093247456,0.0862968312402173,0.0031795386891630578,0.17812541675983518,3.25380566072655e-05,3.25380566072655e-05,0.38280066596782936
10800,0.012519261765891751,0.0008467254997984027,0.2846136133776143,0.06677361079026875,0.003523486165654315,0.23687301953978585,0.08628095658400087,0.0031822373807198516,0.17827660396189646,3.256821235945018e-05,3.256821235945018e-05,0.38315543952294323
10810,0.01251534006004501,0.0008473921897923485,0.2848377108545709,0.06675669137027229,0.0035263624670537133,0.23706638433974542,0.08626508454333348,0.003184935627633307,0.1784277662539668,3.2598368111634845e-05,3.2598368111634845e-05,0.383510213078057
10820,0.012511419531583636,0.0008480586796307823,0.28506174105236376,0.0667397759235017,0.0035292380930047112,0.23725970373140912,0.08624921511798085,0.003187633429943255,0.1785789036382776,3.2628523863819525e-05,3.2628523863819525e-05,0.38386498663317087
10830,0.012507500180258445,0.0008487249693560648,0.28528570398523184,0.06672286444936334,0.0035321130436082324,0.2374529777215618,0.08623334830770867,0.0031903307876895272,0.17873001611706035,3.2658679616004205e-05,3.2658679616004205e-05,0.38421976018828474
10840,0.01250358200582026,0.0008493910590105563,0.28550959966741385,0.06670595694726351,0.003534987318965205,0.23764620631698855,0.08621748411228264,0.00319302770091195,0.17888110369254623,3.268883536818888e-05,3.268883536818888e-05,0.38457453374339856
10850,0.0124996650080199,0.0008500569486366175,0.2857334281131487,0.06668905341660852,0.003537860919176552,0.23783938952447403,0.08620162253146849,0.0031957241696503567,0.17903216636696676,3.271899112037355e-05,3.271899112037355e-05,0.3849293072985123
10860,0.012495749186608188,0.0008507226382766087,0.28595718933667513,0.06667215385680472,0.0035407338443431994,0.23803252735080327,0.0861857635650319,0.003198420193944576,0.1791832041425533,3.274914687255823e-05,3.274914687255823e-05,0.3852840808536262
10870,0.012491834541335942,0.0008513881279728903,0.286180883352232,0.0666552582672584,0.0035436060945660723,0.2382256198027611,0.0861699072127386,0.0032011157738344384,0.17933421702153718,3.2779302624742905e-05,3.2779302624742905e-05,0.38563885440874
10880,0.012487921071953983,0.0008520534177678231,0.28640451017405816,0.06663836664737591,0.003546477669946097,0.23841866688713254,0.08615405347435427,0.0032038109093597733,0.17948520500614976,3.280945837692758e-05,3.280945837692758e-05,0.38599362796385384
10890,0.012484008778213136,0.0008527185077037674,0.2866280698163924,0.06662147899656355,0.003549348570584198,0.23861166861070235,0.08613820234964463,0.003206505600560411,0.17963616809862246,3.283961412911226e-05,3.283961412911226e-05,0.3863484015189677
10900,0.012480097659864216,0.0008533833978230837,0.28685156229347347,0.06660459531422766,0.0035522187965813003,0.23880462498025545,0.0861223538383754,0.0032091998474761824,0.1797871063011867,3.286976988129694e-05,3.286976988129694e-05,0.3867031750740816
10910,0.012476187716658047,0.0008540480881681323,0.28707498761954026,0.06658771559977454,0.0035550883480383304,0.2389975360025768,0.08610650794031226,0.003211893650146916,0.17993801961607372,3.2899925633481604e-05,3.2899925633481604e-05,0.3870579486291953
10920,0.012472278948345449,0.0008547125787812742,0.2872983458088316,0.06657083985261053,0.003557957225056212,0.2391904016844512,0.08609066465522092,0.003214587008612443,0.180088908045515,3.2930081385666284e-05,3.2930081385666284e-05,0.3874127221843092
10930,0.012468371354677241,0.0008553768697048695,0.28752163687558635,0.06655396807214195,0.003560825427735872,0.23938322203266363,0.08607482398286709,0.003217279922912593,0.18023977159174193,3.2960237137850964e-05,3.2960237137850964e-05,0.3877674957394231
10940,0.012464464935404245,0.0008560409609812786,0.2877448608340432,0.06653710025777511,0.003563692956178234,0.2395759970539989,0.08605898592301649,0.0032199723930871962,0.18039061025698577,3.299039289003564e-05,3.299039289003564e-05,0.38812226929453686
10950,0.012460559690277283,0.0008567048526528623,0.2879680176984411,0.06652023640891634,0.0035665598104842244,0.23976872675524194,0.0860431504754348,0.003222664419176083,0.18054142404347803,3.302054864222031e-05,3.302054864222031e-05,0.3884770428496507
10960,0.012456655619047175,0.0008573685447619808,0.28819110748301874,0.06650337652497196,0.0035694259907547692,0.23996141114317773,0.08602731763988775,0.0032253560012190834,0.18069221295345006,3.305070439440499e-05,3.305070439440499e-05,0.38883181640476455
10970,0.01245275272146474,0.0008580320373509948,0.28841413020201506,0.06648652060534829,0.003572291497090792,0.24015405022459105,0.08601148741614102,0.003228047139256026,0.18084297698913313,3.3080860146589664e-05,3.3080860146589664e-05,0.38918658995987837
10980,0.012448850997280799,0.0008586953304622647,0.28863708586966874,0.06646966864945165,0.0035751563295932202,0.24034664400626687,0.08599565980396033,0.0032307378333267436,0.18099371615275875,3.3111015898774344e-05,3.3111015898774344e-05,0.38954136351499224
10990,0.012444950446246173,0.0008593584241381509,0.2888599745002188,0.06645282065668838,0.003578020488362977,0.24053919249499,0.08597983480311139,0.0032334280834710634,0.18114443044655817,3.3141171650959024e-05,3.3141171650959024e-05,0.3898961370701061
11000,0.012441051068111685,0.000860021318421014,0.2890827961079039,0.06643597662646478,0.003580883973500989,0.24073169569754546,0.0859640124133599,0.003236117889728817,0.18129511987276287,3.31713274031437e-05,3.31713274031437e-05,0.39025091062521994
11010,0.012437152862628151,0.0008606840133532146,0.2893055507069629,0.06641913655818718,0.0035837467851081812,0.24092415362071803,0.08594819263447155,0.0032388072521398344,0.18144578443360418,3.320148315532838e-05,3.320148315532838e-05,0.3906056841803338
11020,0.012433255829546396,0.0008613465089771131,0.28952823831163466,0.0664023004512619,0.0035866089232854783,0.24111656627129263,0.08593237546621207,0.0032414961707439454,0.18159642413131347,3.3231638907513044e-05,3.3231638907513044e-05,0.3909604577354475
11030,0.01242935996861724,0.0008620088053350698,0.28975085893615793,0.06638546830509527,0.0035894703881338063,0.2413089336560542,0.08591656090834718,0.00324418464558098,0.18174703896812214,3.3261794659697724e-05,3.3261794659697724e-05,0.39131523129056145
11040,0.0124254652795915,0.0008626709024694454,0.28997341259477155,0.06636864011909359,0.0035923311797540908,0.2415012557817876,0.08590074896064254,0.003246872676690768,0.18189762894626152,3.3291950411882404e-05,3.3291950411882404e-05,0.3916700048456753
11050,0.01242157176222,0.0008633328004226002,0.29019589930171436,0.06635181589266322,0.003595191298247256,0.24169353265527768,0.08588493962286388,0.00324956026411314,0.18204819406796302,3.332210616406708e-05,3.332210616406708e-05,0.39202477840078914
11060,0.01241767941625356,0.0008639944992368951,0.2904183190712252,0.06633499562521043,0.0035980507437142293,0.2418857642833095,0.08586913289477689,0.0032522474078879263,0.18219873433545808,3.335226191625175e-05,3.335226191625175e-05,0.3923795519559029
11070,0.012413788241443003,0.00086465599895469,0.29064067191754284,0.06631817931614159,0.003600909516255933,0.24207795067266777,0.0858533287761473,0.0032549341080549557,0.1823492497509779,3.338241766843643e-05,3.338241766843643e-05,0.3927343255110168
11080,0.012409898237539144,0.0008653172996183459,0.2908629578549061,0.06630136696486298,0.003603767615973295,0.24227009183013745,0.08583752726674082,0.00325762036465406,0.1824997403167541,3.341257342062111e-05,3.341257342062111e-05,0.3930890990661307
11090,0.012406009404292808,0.0008659784012702229,0.2910851768975539,0.06628455857078096,0.0036066250429672387,0.2424621877625034,0.08582172836632312,0.0032603061777250674,0.1826502060350178,3.344272917280578e-05,3.344272917280578e-05,0.3934438726212444
11100,0.012402121741454816,0.0008666393039526818,0.29130732905972495,0.06626775413330183,0.003609481797338691,0.24265423847655063,0.08580593207465995,0.0032629915473078096,0.18280064690800052,3.347288492499046e-05,3.347288492499046e-05,0.3937986461763583
11110,0.012398235248775986,0.0008673000077080829,0.2915294143556581,0.06625095365183191,0.003612337879188577,0.24284624397906396,0.08579013839151696,0.0032656764734421157,0.18295106293793365,3.350304067717514e-05,3.350304067717514e-05,0.39415341973147217
11120,0.01239434992600714,0.0008679605125787867,0.29175143279959215,0.06623415712577754,0.0036151932886178207,0.24303820427682823,0.08577434731665991,0.0032683609561678156,0.18310145412704848,3.353319642935981e-05,3.353319642935981e-05,0.394508193286586
11130,0.012390465772899099,0.0008686208186071537,0.2919733844057659,0.06621736455454502,0.0036180480257273486,0.24323011937662845,0.08575855884985446,0.0032710449955247398,0.18325182047757646,3.3563352181544483e-05,3.3563352181544483e-05,0.3948629668416998
11140,0.012386582789202683,0.0008692809258355445,0.29219526918841826,0.06620057593754068,0.0036209020906180856,0.2434219892852494,0.08574277299086636,0.0032737285915527183,0.1834021619917489,3.3593507933729163e-05,3.3593507933729163e-05,0.3952177403968137
11150,0.012382700974668714,0.0008699408343063194,0.292417087161788,0.06618379127417084,0.003623755483390957,0.24361381400947604,0.08572698973946127,0.0032764117442915814,0.18355247867179728,3.362366368591384e-05,3.362366368591384e-05,0.39557251395192744
11160,0.012378820329048008,0.000870600544061839,0.29263883834011395,0.06616701056384185,0.0036266082041468885,0.2438055935560933,0.08571120909540494,0.0032790944537811587,0.18370277051995287,3.365381943809851e-05,3.365381943809851e-05,0.39592728750704126
11170,0.012374940852091391,0.0008712600551444638,0.29286052273763485,0.06615023380595998,0.0036294602529868044,0.24399732793188597,0.08569543105846306,0.0032817767200612803,0.18385303753844706,3.368397519028319e-05,3.368397519028319e-05,0.39628206106215513
11180,0.012371062543549683,0.0008719193675965543,0.29308214036858965,0.06613346099993159,0.0036323116300116315,0.24418901714363905,0.08567965562840131,0.0032844585431717767,0.1840032797295113,3.371413094246787e-05,3.371413094246787e-05,0.396636834617269
11190,0.012367185403173704,0.0008725784814604708,0.29330369124721706,0.06611669214516298,0.003635162335322294,0.2443806611981374,0.08566388280498542,0.0032871399231524773,0.18415349709537687,3.374428669465254e-05,3.374428669465254e-05,0.3969916081723828
11200,0.012363309430714273,0.0008732373967785741,0.29352517538775597,0.0660999272410605,0.003638012369019718,0.24457226010216587,0.08564811258798109,0.003289820860043212,0.1843036896382752,3.3774442446837216e-05,3.3774442446837216e-05,0.39734638172749664
11210,0.012359434625922212,0.0008738961135932244,0.29374659280444515,0.06608316628703044,0.003640861731204828,0.24476381386250942,0.08563234497715404,0.0032925013538838126,0.18445385736043768,3.3804598199021896e-05,3.3804598199021896e-05,0.3977011552826105
11220,0.012355560988548342,0.0008745546319467824,0.2939679435115235,0.06606640928247913,0.003643710421978549,0.24495532248595284,0.08561657997226996,0.0032951814047141067,0.18460400026409562,3.383475395120657e-05,3.383475395120657e-05,0.39805592883772434
11230,0.012351688518343482,0.0008752129518816084,0.2941892275232297,0.0660496562268129,0.0036465584414418087,0.24514678597928122,0.08560081757309454,0.0032978610125739263,0.18475411835148048,3.386490970339125e-05,3.386490970339125e-05,0.3984107023928382
11240,0.012347817215058454,0.000875871073440063,0.29441044485380263,0.06603290711943807,0.0036494057896955283,0.24533820434927917,0.08558505777939351,0.0033005401775031,0.18490421162482354,3.389506545557592e-05,3.389506545557592e-05,0.39876547594795203
11250,0.012343947078444079,0.0008765289966645068,0.29463159551748125,0.06601616195976097,0.0036522524668406373,0.2455295776027319,0.08556930059093258,0.0033032188995414592,0.18505428008635627,3.3925221207760596e-05,3.3925221207760596e-05,0.3991202495030658
11260,0.01234007810825118,0.0008771867215973001,0.29485267952850425,0.0659994207471879,0.0036550984729780585,0.24572090574642408,0.08555354600747744,0.0033058971787288333,0.18520432373831,3.3955376959945276e-05,3.3955376959945276e-05,0.39947502305817967
11270,0.012336210304230572,0.0008778442482808034,0.29507369690111035,0.0659826834811252,0.003657943808208718,0.24591218878714066,0.0855377940287938,0.003308575015105052,0.18535434258291608,3.398553271212995e-05,3.398553271212995e-05,0.3998297966132935
11280,0.012332343666133078,0.0008785015767573773,0.29529464764953856,0.06596595016097918,0.0036607884726335407,0.24610342673166657,0.08552204465464737,0.0033112524087099454,0.1855043366224059,3.401568846431463e-05,3.401568846431463e-05,0.40018457016840736
11290,0.01232847819370952,0.0008791587070693822,0.29551553178802764,0.06594922078615617,0.0036636324663534533,0.24629461958678675,0.08550629788480385,0.0033139293595833446,0.1856543058590109,3.404584421649931e-05,3.404584421649931e-05,0.40053934372352124
11300,0.012324613886710717,0.0008798156392591785,0.2957363493308163,0.06593249535606249,0.0036664757894693785,0.24648576735928593,0.08549055371902894,0.003316605867765079,0.18580425029496242,3.4075999968683976e-05,3.4075999968683976e-05,0.400894117278635
11310,0.01232075074488749,0.000880472373369127,0.2959571002921435,0.06591577387010444,0.0036693184420822445,0.24667687005594918,0.08547481215708835,0.0033192819332949776,0.18595416993249175,3.4106155720868656e-05,3.4106155720868656e-05,0.4012488908337489
11320,0.012316888767990662,0.0008811289094415878,0.29617778468624795,0.06589905632768839,0.0036721604242929747,0.2468679276835613,0.0854590731987478,0.0033219575562128726,0.1861040647738304,3.413631147305333e-05,3.413631147305333e-05,0.4016036643888627
11330,0.012313027955771052,0.0008817852475189216,0.2963984025273686,0.06588234272822063,0.0036750017362024946,0.24705894024890715,0.08544333684377298,0.003324632736558592,0.18625393482120964,3.4166467225238e-05,3.4166467225238e-05,0.40195843794397645
11340,0.012309168307979478,0.0008824413876434891,0.29661895382974424,0.06586563307110747,0.003677842377911731,0.2472499077587718,0.0854276030919296,0.003327307474371967,0.1864037800768609,3.419662297742268e-05,3.419662297742268e-05,0.40231321149909033
11350,0.012305309824366766,0.0008830973298576502,0.29683943860761347,0.06584892735575526,0.003680682349521607,0.24744083021993993,0.08541187194298336,0.003329981769692827,0.1865536005430155,3.422677872960736e-05,3.422677872960736e-05,0.40266798505420426
11360,0.012301452504683731,0.0008837530742037661,0.29705985687521547,0.0658322255815703,0.0036835216511330498,0.24763170763919656,0.08539614339669997,0.003332655622561003,0.18670339622190493,3.425693448179204e-05,3.425693448179204e-05,0.40302275860931813
11370,0.0122975963486812,0.0008844086207241966,0.2972802086467888,0.06581552774795893,0.0036863602828469833,0.24782254002332657,0.08538041745284514,0.003335329033016324,0.18685316711576047,3.428709023397671e-05,3.428709023397671e-05,0.40337753216443184
11380,0.012293741356109987,0.0008850639694613026,0.2975004939365723,0.06579883385432746,0.0036891982447643332,0.24801332737911483,0.08536469411118458,0.003338002001098621,0.1870029132268135,3.431724598616139e-05,3.431724598616139e-05,0.4037323057195457
11390,0.012289887526720916,0.0008857191204574447,0.2977207127588049,0.06578214390008222,0.0036920355369860257,0.24820406971334621,0.08534897337148398,0.0033406745268477235,0.18715263455729542,3.434740173834606e-05,3.434740173834606e-05,0.40408707927465953
11400,0.012286034860264809,0.0008863740737549829,0.29794086512772533,0.06576545788462951,0.0036948721596129852,0.2483947670328057,0.08533325523350904,0.0033433466103034615,0.18730233110943761,3.437755749053074e-05,3.437755749053074e-05,0.4044418528297734
11410,0.012282183356492483,0.0008870288293962781,0.29816095105757245,0.06574877580737568,0.003697708112746137,0.2485854193442781,0.08531753969702549,0.003346018251505665,0.18745200288547142,3.4407713242715416e-05,3.4407713242715416e-05,0.4047966263848872
11420,0.012278333015154764,0.0008876833874236906,0.29838097056258506,0.06573209766772703,0.0037005433964864077,0.24877602665454837,0.08530182676179902,0.0033486894504941647,0.18760164988762829,3.4437868994900096e-05,3.4437868994900096e-05,0.4051513999400011
11430,0.012274483836002468,0.0008883377478795811,0.298600923657002,0.06571542346508989,0.0037033780109347204,0.24896658897040133,0.08528611642759534,0.0033513602073087898,0.18775127211813947,3.446802474708476e-05,3.446802474708476e-05,0.4055061734951148
11440,0.012270635818786416,0.0008889919108063098,0.2988208103550621,0.06569875319887059,0.0037062119561920015,0.24915710629862192,0.08527040869418016,0.003354030521989371,0.18790086957923646,3.449818049926944e-05,3.449818049926944e-05,0.4058609470502287
11450,0.01226678896325743,0.0008896458762462374,0.2990406306710041,0.06568208686847543,0.0037090452323591773,0.24934757864599508,0.08525470356131919,0.003356700394575738,0.1880504422731506,3.452833625145412e-05,3.452833625145412e-05,0.40621572060534256
11460,0.01226294326916633,0.0008902996442417242,0.2992603846190669,0.06566542447331077,0.003711877839537172,0.24953800601930567,0.0852390010287781,0.0033593698251077214,0.18819999020211325,3.4558492003638795e-05,3.4558492003638795e-05,0.4065704941604564
11470,0.012259098736263938,0.0008909532148351309,0.2994800722134893,0.06564876601278288,0.0037147097778269115,0.24972838842533857,0.08522330109632265,0.00336203881362515,0.18834951336835573,3.4588647755823475e-05,3.4588647755823475e-05,0.40692526771557025
11480,0.012255255364301075,0.0008916065880688178,0.29969969346851016,0.06563211148629813,0.003717541047329319,0.24991872587087854,0.0852076037637185,0.003364707360167855,0.18849901177410952,3.461880350800815e-05,3.461880350800815e-05,0.40728004127068407
11490,0.012251413153028558,0.0008922597639851456,0.29991924839836825,0.06561546089326281,0.003720371648145323,0.25010901836271077,0.08519190903073137,0.0033673754647756664,0.18864848542160598,3.464895926019283e-05,3.464895926019283e-05,0.40763481482579794
11500,0.01224757210219721,0.0008929127426264746,0.30013873701730237,0.06559881423308327,0.003723201580375847,0.2502992659076199,0.08517621689712697,0.0033700431274884136,0.1887979343130764,3.4679115012377495e-05,3.4679115012377495e-05,0.40798958838091165
11510,0.012243732211557853,0.0008935655240351653,0.30035815933955134,0.06558217150516579,0.0037260308441218167,0.250489468512391,0.08516052736267102,0.0033727103483459273,0.18894735845075225,3.4709270764562175e-05,3.4709270764562175e-05,0.4083443619360256
11520,0.012239893480861306,0.0008942181082535783,0.30057751537935407,0.06556553270891673,0.0037288594394841576,0.2506796261838089,0.08514484042712919,0.003375377127388037,0.1890967578368648,3.4739426516746855e-05,3.4739426516746855e-05,0.40869913549113945
11530,0.012236055909858391,0.000894870495324074,0.30079680515094925,0.0655488978437424,0.003731687366563794,0.2508697389286584,0.08512915609026721,0.0033780434646545733,0.18924613247364555,3.476958226893153e-05,3.476958226893153e-05,0.4090539090462533
11540,0.012232219498299926,0.000895522685289013,0.30101602866857574,0.0655322669090491,0.0037345146254616534,0.2510598067537245,0.08511347435185078,0.003380709360185366,0.18939548236332582,3.479973802111621e-05,3.479973802111621e-05,0.40940868260136715
11550,0.012228384245936735,0.0008961746781907555,0.3012351859464724,0.0655156399042432,0.003737341216278658,0.2512498296657921,0.08509779521164561,0.0033833748140202446,0.18954480750813693,3.482989377330088e-05,3.482989377330088e-05,0.4097634561564809
11560,0.012224550152519635,0.0008968264740716624,0.3014542769988781,0.06549901682873098,0.0037401671391157363,0.2514398076716461,0.08508211866941741,0.0033860398261990406,0.18969410791031038,3.486004952548556e-05,3.486004952548556e-05,0.41011822971159484
11570,0.012220717217799451,0.0008974780729740938,0.30167330184003155,0.06548239768191877,0.0037429923940738115,0.2516297407780713,0.08506644472493186,0.003388704396761582,0.18984338357207745,3.489020527767023e-05,3.489020527767023e-05,0.41047300326670855
11580,0.012216885441527,0.0008981294749404104,0.3018922604841715,0.0654657824632129,0.003745816981253809,0.2518196289918527,0.08505077337795469,0.003391368525747701,0.18999263449566953,3.492036102985491e-05,3.492036102985491e-05,0.4108277768218224
11590,0.012213054823453104,0.0008987806800129729,0.3021111529455371,0.06544917117201968,0.003748640900756655,0.2520094723197751,0.0850351046282516,0.0033940322131972263,0.190141860683318,3.495051678203959e-05,3.495051678203959e-05,0.4111825503769363
11600,0.012209225363328583,0.0008994316882341412,0.3023299792383668,0.06543256380774545,0.0037514641526832752,0.25219927076862353,0.0850194384755883,0.0033966954591499884,0.19029106213725425,3.498067253422426e-05,3.498067253422426e-05,0.4115373239320501
11610,0.012205397060904259,0.0009000824996462762,0.3025487393768996,0.06541596036979652,0.0037542867371345937,0.25238902434518273,0.08500377491973048,0.003399358263645817,0.19044023885970962,3.5010828286408935e-05,3.5010828286408935e-05,0.41189209748716393
11620,0.012201569915930952,0.0009007331142917384,0.3027674333753742,0.06539936085757922,0.003757108654211536,0.2525787330562377,0.08498811396044387,0.0034020206267245424,0.19058939085291554,3.5040984038593615e-05,3.5040984038593615e-05,0.4122468710422778
11630,0.012197743928159484,0.0009013835322128882,0.3029860612480296,0.06538276527049985,0.0037599299040150273,0.2527683969085732,0.08497245559749414,0.003404682548425995,0.1907385181191034,3.507113979077829e-05,3.507113979077829e-05,0.41260164459739157
11640,0.012193919097340671,0.0009020337534520861,0.30320462300910456,0.06536617360796475,0.003762750486645995,0.2529580159089744,0.08495679983064702,0.0034073440287900043,0.19088762066050444,3.5101295542962975e-05,3.5101295542962975e-05,0.41295641815250556
11650,0.012190095423225342,0.0009026837780516925,0.3034231186728378,0.06534958586938025,0.0037655704022053604,0.2531475900642259,0.08494114665966823,0.0034100050678564004,0.19103669847935018,3.513145129514764e-05,3.513145129514764e-05,0.41331119170761926
11660,0.012186272905564309,0.0009033336060540679,0.3036415482534682,0.06533300205415264,0.003768389650794052,0.2533371193811127,0.08492549608432344,0.0034126656656650136,0.19118575157787193,3.516160704733232e-05,3.516160704733232e-05,0.41366596526273314
11670,0.012182451544108396,0.0009039832375015731,0.30385991176523464,0.06531642216168827,0.003771208232512995,0.2535266038664198,0.08490984810437838,0.003415325822255674,0.19133477995830106,3.5191762799516994e-05,3.5191762799516994e-05,0.41402073881784696
11680,0.012178631338608425,0.0009046326724365681,0.30407820922237583,0.06529984619139347,0.0037740261474631135,0.25371604352693194,0.08489420271959874,0.0034179855376682113,0.19148378362286897,3.522191855170167e-05,3.522191855170167e-05,0.4143755123729608
11690,0.012174812288815215,0.0009052819109014137,0.30429644063913064,0.06528327414267453,0.0037768433957453334,0.25390543836943413,0.08487855992975026,0.003420644811942456,0.19163276257380707,3.525207430388635e-05,3.525207430388635e-05,0.41473028592807465
11700,0.012170994394479589,0.0009059309529384703,0.3045146060297379,0.06526670601493778,0.003779659977460579,0.25409478840071115,0.08486291973459859,0.0034233036451182383,0.1917817168133467,3.528223005607103e-05,3.528223005607103e-05,0.4150850594831885
11710,0.012167177655352364,0.0009065797985900985,0.30473270540843644,0.06525014180758956,0.003782475892709777,0.254284093627548,0.08484728213390948,0.0034259620372353874,0.1919306463437192,3.5312385808255694e-05,3.5312385808255694e-05,0.41543983303830223
11720,0.012163362071184364,0.0009072284478986586,0.30495073878946505,0.06523358152003617,0.0037852911415938526,0.25447335405672955,0.08483164712744862,0.003428619988333734,0.19207955116715594,3.5342541560440374e-05,3.5342541560440374e-05,0.41579460659341616
11730,0.012159547641726408,0.0009078769009065111,0.30516870618706254,0.06521702515168395,0.0037881057242137306,0.2546625696950407,0.08481601471498171,0.0034312774984531077,0.1922284312858884,3.5372697312625054e-05,3.5372697312625054e-05,0.41614938014853003
11740,0.012155734366729315,0.0009085251576560167,0.30538660761546776,0.06520047270193921,0.0037909196406703356,0.25485174054926624,0.08480038489627446,0.0034339345676333392,0.19237728670214785,3.540285306480973e-05,3.540285306480973e-05,0.4165041537036438
11750,0.01215192224594391,0.0009091732181895357,0.3056044430889195,0.06518392417020828,0.0037937328910645947,0.2550408666261912,0.0847847576710926,0.003436591195914258,0.19252611741816572,3.54330088169944e-05,3.54330088169944e-05,0.4168589272587576
11760,0.01214811127912101,0.0009098210825494287,0.30582221262165665,0.06516737955589746,0.0037965454754974315,0.2552299479326004,0.08476913303920179,0.0034392473833356942,0.19267492343617335,3.546316456917908e-05,3.546316456917908e-05,0.4172137008138715
11770,0.012144301466011437,0.0009104687507780559,0.30603991622791793,0.06515083885841311,0.003799357394069772,0.2554189844752788,0.08475351100036776,0.0034419031299374784,0.19282370475840216,3.549332032136376e-05,3.549332032136376e-05,0.41756847436898537
11780,0.012140492806366013,0.0009111162229177782,0.3062575539219422,0.06513430207716153,0.003802168646882542,0.2556079762610112,0.08473789155435622,0.00344455843575944,0.1929724613870835,3.552347607354843e-05,3.552347607354843e-05,0.41792324792409913
11790,0.012136685299935555,0.000911763499010956,0.3064751257179684,0.06511776921154903,0.0038049792340366668,0.2557969232965826,0.08472227470093288,0.0034472133008414093,0.1931211933244487,3.555363182573311e-05,3.555363182573311e-05,0.418278021479213
11800,0.012132878946470887,0.0009124105790999495,0.30669263163023514,0.06510124026098195,0.0038077891556330705,0.2559858255887778,0.08470666043986343,0.0034498677252232167,0.19326990057272922,3.558378757791779e-05,3.558378757791779e-05,0.4186327950343269
11810,0.012129073745722828,0.0009130574632271194,0.3069100716729813,0.06508471522486661,0.0038105984117726786,0.2561746831443817,0.08469104877091357,0.0034525217089446916,0.19341858313415639,3.561394333010246e-05,3.561394333010246e-05,0.4189875685894407
11820,0.0121252696974422,0.0009137041514348264,0.3071274458604458,0.06506819410260932,0.003813407002556418,0.2563634959701794,0.08467543969384903,0.003455175252045664,0.19356724101096157,3.5644099082287134e-05,3.5644099082287134e-05,0.41934234214455446
11830,0.012121466801379823,0.0009143506437654304,0.30734475420686735,0.0650516768936164,0.003816214928085213,0.25655226407295545,0.0846598332084355,0.0034578283545659647,0.19371587420537617,3.5674254834471814e-05,3.5674254834471814e-05,0.4196971156996684
11840,0.012117665057286517,0.0009149969402612925,0.3075619967264849,0.0650351635972942,0.003819022188459989,0.256740987459495,0.08464422931443868,0.003460481016545424,0.19386448271963158,3.5704410586656494e-05,3.5704410586656494e-05,0.42005188925478226
11850,0.012113864464913103,0.0009156430409647728,0.30777917343353706,0.065018654213049,0.003821828783781671,0.2569296661365829,0.08462862801162428,0.0034631332380238703,0.19401306655595912,3.573456633884116e-05,3.573456633884116e-05,0.42040666280989597
11860,0.012110065024010403,0.0009162889459182319,0.3079962843422628,0.06500214874028716,0.003824634714151184,0.2571183001110039,0.08461302929975803,0.0034657850190411353,0.1941616257165902,3.576472209102584e-05,3.576472209102584e-05,0.42076143636500984
11870,0.012106266734329236,0.0009169346551640303,0.30821332946690094,0.06498564717841498,0.0038274399796694534,0.25730688938954305,0.08459743317860559,0.0034684363596370485,0.19431016020375624,3.579487784321052e-05,3.579487784321052e-05,0.4211162099201237
11880,0.012102469595620424,0.0009175801687445286,0.30843030882169026,0.0649691495268388,0.0038302445804374065,0.2574954339789853,0.0845818396479327,0.0034710872598514393,0.19445867001968847,3.5825033595395193e-05,3.5825033595395193e-05,0.42147098347523754
11890,0.012098673607634784,0.0009182254867020871,0.3086472224208696,0.06495265578496491,0.003833048516555966,0.2576839338861153,0.08456624870750507,0.003473737719724139,0.19460715516661845,3.585518934757987e-05,3.585518934757987e-05,0.42182575703035136
11900,0.012094878770123142,0.0009188706090790664,0.30886407027867774,0.06493616595219967,0.0038358517881260587,0.2578723891177182,0.08455066035708837,0.0034763877392949764,0.1947556156467774,3.588534509976455e-05,3.588534509976455e-05,0.42218053058546523
11910,0.012091085082836316,0.0009195155359178268,0.3090808524093535,0.06491968002794937,0.0038386543952486094,0.2580607996805787,0.08453507459644834,0.003479037318603782,0.19490405146239675,3.591550085194922e-05,3.591550085194922e-05,0.42253530414057905
11920,0.012087292545525125,0.0009201602672607292,0.3092975688271358,0.06490319801162034,0.0038414563380245433,0.25824916558148187,0.08451949142535066,0.003481686457690387,0.19505246261570794,3.594565660413389e-05,3.594565660413389e-05,0.4228900776956928
11930,0.012083501157940393,0.0009208048031501336,0.30951421954626335,0.06488671990261892,0.0038442576165547858,0.25843748682721246,0.08450391084356106,0.0034843351565946195,0.19520084910894228,3.597581235631857e-05,3.597581235631857e-05,0.4232448512508067
11940,0.01207971091983294,0.0009214491436284008,0.30973080458097507,0.06487024570035141,0.003847058230940263,0.25862576342455545,0.08448833285084523,0.003486983415356311,0.19534921094433116,3.6005968108503246e-05,3.6005968108503246e-05,0.4235996248059205
11950,0.012075921830953584,0.0009220932887378913,0.30994732394550967,0.06485377540422413,0.0038498581812818986,0.25881399538029565,0.08447275744696887,0.0034896312340152906,0.1954975481241059,3.6036123860687926e-05,3.6036123860687926e-05,0.4239543983610344
11960,0.012072133891053147,0.0009227372385209653,0.31016377765410597,0.06483730901364343,0.003852657467680619,0.25900218270121805,0.0844571846316977,0.003492278612611389,0.19564586065049797,3.60662796128726e-05,3.60662796128726e-05,0.4243091719161482
11970,0.012068347099882451,0.0009233809930199836,0.31038016572100285,0.06482084652801559,0.00385545609023735,0.2591903253941075,0.08444161440479743,0.0034949255511844365,0.19579414852573873,3.609643536505727e-05,3.609643536505727e-05,0.424663945471262
11980,0.012064561457192317,0.0009240245522773065,0.3105964881604391,0.06480438794674698,0.003858254049053016,0.25937842346574896,0.08442604676603374,0.0034975720497742624,0.19594241175205954,3.6126591117241946e-05,3.6126591117241946e-05,0.4250187190263758
11990,0.012060776962733563,0.0009246679163352946,0.3108127449866536,0.06478793326924388,0.0038610513442285423,0.25956647692292717,0.08441048171517236,0.0035002181084206967,0.19609065033169168,3.6156746869426626e-05,3.6156746869426626e-05,0.4253734925814897
12000,0.012056993616257013,0.0009253110852363084,0.31102893621388517,0.06477148249491263,0.003863847975864855,0.2597544857724272,0.08439491925197899,0.0035028637271635704,0.19623886426686668,3.6186902621611306e-05,3.6186902621611306e-05,0.4257282661366036
12010,0.012053211417513483,0.0009259540590227083,0.3112450618563725,0.06475503562315955,0.0038666439440628777,0.2599424500210337,0.08437935937621933,0.0035055089060427127,0.19638705355981584,3.621705837379597e-05,3.621705837379597e-05,0.4260830396917173
12020,0.012049430366253798,0.0009265968377368547,0.3114611219283545,0.06473859265339096,0.0038694392489235377,0.2601303696755319,0.08436380208765909,0.003508153645097954,0.19653521821277053,3.624721412598065e-05,3.624721412598065e-05,0.42643781324683117
12030,0.012045650462228778,0.0009272394214211082,0.31167711644407,0.06472215358501318,0.0038722338905477606,0.2603182447427066,0.08434824738606397,0.0035107979443691245,0.19668335822796218,3.627736987816533e-05,3.627736987816533e-05,0.42679258680194504
12040,0.012041871705189241,0.0009278818101178295,0.3118930454177578,0.06470571841743254,0.0038750278690364683,0.2605060752293424,0.08433269527119967,0.0035134418038960534,0.19683147360762204,3.6307525630350006e-05,3.6307525630350006e-05,0.42714736035705886
12050,0.01203809409488601,0.0009285240038693787,0.31210890886365666,0.06468928715005537,0.0038778211844905904,0.26069386114222454,0.08431714574283192,0.003516085223718572,0.19697956435398162,3.633768138253468e-05,3.633768138253468e-05,0.4275021339121727
12060,0.012034317631069906,0.0009291660027181165,0.3123247067960055,0.06467285978228796,0.003880613837011049,0.2608816024881377,0.08430159880072641,0.0035187282038765095,0.19712763046927223,3.636783713471936e-05,3.636783713471936e-05,0.42785690746728655
12070,0.012030542313491746,0.0009298078067064034,0.3125404392290432,0.06465643631353665,0.0038834058266987714,0.26106929927386696,0.08428605444464883,0.0035213707444096964,0.1972756719557253,3.639799288690404e-05,3.639799288690404e-05,0.4282116810224004
12080,0.012026768141902356,0.0009304494158765997,0.3127561061770083,0.06464001674320777,0.003886197153654681,0.26125695150619704,0.08427051267436492,0.0035240128453579624,0.19742368881557212,3.6428148639088706e-05,3.6428148639088706e-05,0.42856645457751413
12090,0.012022995116052555,0.0009310908302710662,0.31297170765413984,0.06462360107070762,0.0038889878179797057,0.26144455919191295,0.08425497348964037,0.0035266545067611376,0.1975716810510441,3.6458304391273386e-05,3.6458304391273386e-05,0.42892122813262806
12100,0.01201922323569316,0.0009317320499321631,0.31318724367467665,0.06460718929544255,0.003891777819774769,0.26163212233779953,0.08423943689024085,0.003529295728659052,0.19771964866437267,3.6488460143458066e-05,3.6488460143458066e-05,0.42927600168774194
12110,0.012015452500574996,0.0009323730749022512,0.31340271425285754,0.06459078141681886,0.003894567159140796,0.26181964095064175,0.08422390287593214,0.003531936511091536,0.19786759165778914,3.651861589564274e-05,3.651861589564274e-05,0.4296307752428557
12120,0.012011682910448882,0.0009330139052236906,0.31361811940292117,0.06457437743424288,0.003897355836178714,0.26200711503722446,0.08420837144647987,0.00353457685409842,0.1980155100335249,3.654877164782741e-05,3.654877164782741e-05,0.4299855487979695
12130,0.012007914465065637,0.0009336545409388419,0.3138334591391065,0.06455797734712092,0.0039001438509894456,0.26219454460433245,0.0841928426016498,0.0035372167577195327,0.19816340379381137,3.657892740001209e-05,3.657892740001209e-05,0.4303403223530834
12140,0.012004147164176086,0.0009342949820900659,0.3140487334756524,0.06454158115485932,0.0039029312036739173,0.2623819296587507,0.0841773163412076,0.003539856221994705,0.19831127294087983,3.6609083152196765e-05,3.6609083152196765e-05,0.4306950959081972
12150,0.012000381007531046,0.0009349352287197228,0.31426394242679756,0.0645251888568644,0.003905717894333055,0.26256927020726417,0.08416179266491901,0.0035424952469637677,0.1984591174769618,3.663923890438144e-05,3.663923890438144e-05,0.43104986946331103
12160,0.011996615994881337,0.0009355752808701729,0.31447908600678076,0.06450880045254247,0.0039085039230677835,0.26275656625665766,0.0841462715725497,0.0035451338326665492,0.19860693740428847,3.666939465656612e-05,3.666939465656612e-05,0.4314046430184249
12170,0.011992852125977784,0.0009362151385837772,0.31469416422984103,0.06449241594129984,0.003911289289979028,0.2629438178137162,0.0841307530638654,0.003547771979142881,0.19875473272509137,3.66995504087508e-05,3.66995504087508e-05,0.4317594165735388
12180,0.011989089400571203,0.0009368548019028959,0.31490917711021704,0.06447603532254287,0.0039140739951677135,0.2631310248852244,0.08411523713863181,0.0035504096864325922,0.1989025034416018,3.672970616093547e-05,3.672970616093547e-05,0.4321141901286526
12190,0.011985327818412418,0.0009374942708698893,0.3151241246621477,0.06445965859567786,0.003916858038734767,0.2633181874779675,0.08409972379661462,0.003553046954575513,0.19905024955605116,3.6759861913120145e-05,3.6759861913120145e-05,0.43246896368376636
12200,0.011981567379252248,0.0009381335455271183,0.31533900689987165,0.06444328576011112,0.003919641420781111,0.26350530559873014,0.08408421303757956,0.0035556837836114743,0.19919797107067083,3.6790017665304825e-05,3.6790017665304825e-05,0.4328237372388803
12210,0.011977808082841514,0.0009387726259169431,0.3155538238376279,0.06442691681524898,0.003922424141407674,0.26369237925429734,0.08406870486129231,0.003558320173580305,0.19934566798769215,3.68201734174895e-05,3.68201734174895e-05,0.43317851079399405
12220,0.011974049928931037,0.0009394115120817243,0.3157685754896552,0.06441055176049779,0.003925206200715379,0.263879408451454,0.0840531992675186,0.003560956124521836,0.19949334030934657,3.685032916967417e-05,3.685032916967417e-05,0.4335332843491079
12230,0.011970292917271636,0.0009400502040638223,0.3159832618701923,0.06439419059526383,0.003927987598805152,0.26406639319698494,0.08403769625602413,0.0035635916364758972,0.1996409880378654,3.688048492185885e-05,3.688048492185885e-05,0.43388805790422175
12240,0.011966537047614134,0.0009406887019055976,0.3161978829934782,0.06437783331895343,0.003930768335777918,0.2642533334976751,0.0840221958265746,0.0035662267094823184,0.19978861117548002,3.6910640674043525e-05,3.6910640674043525e-05,0.43424283145933557
12250,0.011962782319709351,0.0009413270056494109,0.31641243887375153,0.06436147993097294,0.003933548411734603,0.2644402293603094,0.0840066979789357,0.0035688613435809298,0.19993620972442183,3.6940796426228205e-05,3.6940796426228205e-05,0.43459760501444944
12260,0.011959028733308107,0.0009419651153376223,0.3166269295252512,0.06434513043072865,0.003936327826776132,0.2646270807916727,0.08399120271287316,0.003571495538811561,0.20008378368692217,3.697095217841288e-05,3.697095217841288e-05,0.43495237856956326
12270,0.011955276288161221,0.0009426030310125926,0.316841354962216,0.0643287848176269,0.003939106581003431,0.2648138877985499,0.08397571002815268,0.003574129295214042,0.20023133306521243,3.700110793059755e-05,3.700110793059755e-05,0.435307152124677
12280,0.011951524984019518,0.0009432407527166823,0.3170557151988848,0.06431244309107399,0.0039418846745174225,0.26500065038772586,0.08396021992453996,0.0035767626128282047,0.20037885786152407,3.7031263682782225e-05,3.7031263682782225e-05,0.43566192567979084
12290,0.011947774820633816,0.0009438782804922516,0.3172700102494963,0.06429610525047627,0.003944662107419036,0.26518736856598557,0.08394473240180073,0.003579395491693877,0.20052635807808833,3.7061419434966905e-05,3.7061419434966905e-05,0.4360166992349047
12300,0.011944025797754936,0.0009445156143816614,0.3174842401282895,0.06427977129524005,0.0039474388798091935,0.2653740423401138,0.08392924745970064,0.0035820279318508896,0.20067383371713668,3.7091575187151585e-05,3.7091575187151585e-05,0.4363714727900186
12310,0.011940277915133699,0.0009451527544272717,0.31769840484950307,0.06426344122477165,0.003950214991788822,0.26556067171689557,0.08391376509800544,0.0035846599333390727,0.20082128478090044,3.712173093933626e-05,3.712173093933626e-05,0.4367262463451324
12320,0.011936531172520925,0.0009457897006714433,0.3179125044273759,0.06424711503847738,0.003952990443458846,0.26574725670311566,0.08389828531648083,0.003587291496198257,0.20096871127161103,3.715188669152093e-05,3.715188669152093e-05,0.4370810199002462
12330,0.011932785569667433,0.0009464264531565367,0.3181265388761468,0.0642307927357636,0.003955765234920191,0.26593379730555905,0.08388280811489252,0.003589922620468271,0.20111611319149977,3.718204244370561e-05,3.718204244370561e-05,0.4374357934553601
12340,0.011929041106324048,0.0009470630119249124,0.31834050821005455,0.06421447431603658,0.003958539366273783,0.2661202935310105,0.0838673334930062,0.003592553306188946,0.20126349054279807,3.721219819589029e-05,3.721219819589029e-05,0.437790567010474
12350,0.011925297782241587,0.0009476993770189307,0.31855441244333804,0.06419815977870268,0.0039613128376205465,0.2663067453862552,0.08385186145058757,0.003595183553400112,0.20141084332773737,3.724235394807497e-05,3.724235394807497e-05,0.43814534056558785
12360,0.011921555597170872,0.0009483355484809522,0.318768251590236,0.06418184912316821,0.003964085649061406,0.2664931528780777,0.08383639198740236,0.003597813362141598,0.2015581715485489,3.727250970025964e-05,3.727250970025964e-05,0.4385001141207016
12370,0.011917814550862724,0.0009489715263533373,0.3189820256649873,0.06416554234883949,0.00396685780069729,0.2666795160132631,0.08382092510321626,0.003600442732453235,0.20170547520746415,3.730266545244432e-05,3.730266545244432e-05,0.4388548876758155
12380,0.011914074643067964,0.0009496073106784467,0.3191957346818308,0.06414923945512284,0.003969629292629119,0.2668658347985962,0.08380546079779498,0.003603071664374853,0.20185275430671445,3.733282120462899e-05,3.733282120462899e-05,0.43920966123092925
12390,0.01191033587353741,0.0009502429014986406,0.31940937865500524,0.06413294044142458,0.003972400124957823,0.267052109240862,0.08378999907090422,0.003605700157946282,0.2020000088485312,3.7362976956813664e-05,3.7362976956813664e-05,0.43956443478604307
12400,0.011906598242021886,0.0009508782988562798,0.3196229575987495,0.06411664530715104,0.003975170297784325,0.2672383393468453,0.08377453992230968,0.003608328213207352,0.20214723883514576,3.7393132708998344e-05,3.7393132708998344e-05,0.43991920834115694
12410,0.01190286174827221,0.0009515135027937246,0.3198364715273023,0.06410035405170854,0.00397793981120955,0.26742452512333104,0.08375908335177709,0.0036109558301978925,0.2022944442687895,3.7423288461183024e-05,3.7423288461183024e-05,0.4402739818962708
12420,0.011899126392039206,0.0009521485133533354,0.3200499204549026,0.06408406667450339,0.003980708665334424,0.2676106665771041,0.08374362935907215,0.003613583008957734,0.20244162515169378,3.745344421336769e-05,3.745344421336769e-05,0.4406287554513846
12430,0.011895392173073692,0.0009527833305774731,0.32026330439578926,0.06406778317494194,0.003983476860259873,0.26779676371494937,0.08372817794396054,0.003616209749526707,0.20258878148609005,3.748359996555237e-05,3.748359996555237e-05,0.44098352900649845
12440,0.011891659091126487,0.0009534179545084975,0.32047662336420085,0.06405150355243047,0.003986244396086821,0.2679828165436518,0.08371272910620799,0.003618836051944641,0.2027359132742096,3.751375571773705e-05,3.751375571773705e-05,0.44133830256161233
12450,0.011887927145948416,0.0009540523851887696,0.3206898773743763,0.06403522780637534,0.003989011272916194,0.2681688250699962,0.08369728284558019,0.0036214619162513667,0.20288302051828386,3.7543911469921724e-05,3.7543911469921724e-05,0.44169307611672615
12460,0.011884196337290296,0.00095468662266065,0.3209030664405546,0.06401895593618286,0.003991777490848916,0.26835478930076745,0.08368183916184285,0.0036240873424867133,0.20303010322054416,3.7574067222106404e-05,3.7574067222106404e-05,0.44204784967184
12470,0.011880466664902951,0.0009553206669664987,0.3211161905769743,0.06400268794125934,0.003994543049985914,0.26854070924275053,0.0836663980547617,0.003626712330690511,0.2031771613832219,3.760422297429108e-05,3.760422297429108e-05,0.44240262322695384
12480,0.0118767381285372,0.0009559545181486765,0.3213292497978744,0.0639864238210111,0.003997307950428114,0.2687265849027303,0.0836509595241024,0.0036293368809025904,0.20332419500854848,3.763437872647576e-05,3.763437872647576e-05,0.4427573967820677
12490,0.011873010727943861,0.0009565881762495439,0.3215422441174937,0.06397016357484449,0.004000072192276439,0.2689124162874917,0.0836355235696307,0.0036319609931627812,0.20347120409875527,3.7664534478660424e-05,3.7664534478660424e-05,0.4431121703371814
12500,0.01186928446287376,0.0009572216413114613,0.32175517355007094,0.0639539072021658,0.004002835775631816,0.2690982034038195,0.08362009019111227,0.0036345846675109135,0.2036181886560736,3.7694690230845104e-05,3.7694690230845104e-05,0.4434669438922953
12510,0.011865559333077712,0.0009578549133767892,0.3219680381098451,0.06393765470238137,0.004005598700595169,0.2692839462584987,0.08360465938831284,0.0036372079039868168,0.20376514868273482,3.7724845983029784e-05,3.7724845983029784e-05,0.44382171744740917
12520,0.011861835338306544,0.000958487992487888,0.3221808378110548,0.06392140607489752,0.004008360967267424,0.2694696448583142,0.0835892311609981,0.0036398307026303217,0.2039120841809704,3.775500173521446e-05,3.775500173521446e-05,0.444176491002523
12530,0.01185811247831107,0.0009591208786871183,0.32239357266793894,0.06390516131912055,0.004011122575749508,0.26965529921005094,0.08357380550893376,0.0036424530634812592,0.20405899515301174,3.778515748739914e-05,3.778515748739914e-05,0.44453126455763686
12540,0.011854390752842114,0.0009597535720168407,0.32260624269473637,0.06388892043445682,0.004013883526142343,0.2698409093204936,0.08355838243188554,0.0036450749865794573,0.20420588160109004,3.781531323958381e-05,3.781531323958381e-05,0.4448860381127507
12550,0.0118506701616505,0.0009603860725194155,0.3228188479056858,0.06387268342031263,0.004016643818546856,0.27002647519642725,0.08354296192961913,0.0036476964719647474,0.20435274352743682,3.7845468991768484e-05,3.7845468991768484e-05,0.4452408116678645
12560,0.011846950704487042,0.0009610183802372032,0.32303138831502626,0.0638564502760943,0.004019403453063973,0.27021199684463676,0.08352754400190023,0.00365031751967696,0.2044995809342835,3.787562474395316e-05,3.787562474395316e-05,0.44559558522297826
12570,0.011843232381102565,0.0009616504952125644,0.3232438639369964,0.06384022100120815,0.0040221624297946176,0.270397474271907,0.08351212864849455,0.0036529381297559236,0.20464639382386127,3.790578049613784e-05,3.790578049613784e-05,0.4459503587780922
12580,0.011839515191247887,0.0009622824174878595,0.3234562747858351,0.0638239955950605,0.004024920748839716,0.27058290748502295,0.08349671586916782,0.0036555583022414694,0.20479318219840165,3.793593624832252e-05,3.793593624832252e-05,0.44630513233320607
12590,0.011835799134673832,0.000962914147105449,0.32366862087578113,0.06380777405705769,0.004027678410300195,0.2707682964907694,0.08348130566368572,0.003658178037173427,0.20493994606013596,3.796609200050719e-05,3.796609200050719e-05,0.44665990588831983
12600,0.011832084211131218,0.0009635456841076934,0.32388090222107335,0.06379155638660602,0.004030435414276977,0.2709536412959312,0.08346589803181395,0.003660797334591627,0.20508668541129563,3.7996247752691863e-05,3.7996247752691863e-05,0.44701467944343365
12610,0.011828370420370868,0.0009641770285369531,0.3240931188359506,0.06377534258311184,0.0040331917608709906,0.27113894190729343,0.08345049297331823,0.0036634161945358987,0.20523340025411196,3.8026403504876543e-05,3.8026403504876543e-05,0.4473694529985475
12620,0.011824657762143597,0.0009648081804355886,0.32430527073465165,0.06375913264598143,0.004035947450183157,0.2713241983316408,0.08343509048796427,0.0036660346170460725,0.20538009059081638,3.805655925706122e-05,3.805655925706122e-05,0.44772422655366134
12630,0.011820946236200234,0.0009654391398459607,0.32451735793141534,0.06374292657462115,0.004038702482314405,0.2715094105757583,0.08341969057551776,0.003668652602161979,0.20552675642364027,3.808671500924589e-05,3.808671500924589e-05,0.44807900010877516
12640,0.011817235842291593,0.0009660699068104295,0.3247293804404805,0.0637267243684373,0.004041456857365659,0.2716945786464308,0.08340429323574443,0.003671270149923447,0.20567339775481497,3.811687076143057e-05,3.811687076143057e-05,0.44843377366388903
12650,0.011813526580168498,0.0009667004813713557,0.3249413382760859,0.06371052602683622,0.004044210575437844,0.27187970255044325,0.08338889846840995,0.0036738872603703076,0.20582001458657184,3.814702651361525e-05,3.814702651361525e-05,0.4487885472190029
12660,0.011809818449581769,0.0009673308635710997,0.3251532314524705,0.06369433154922421,0.004046963636631885,0.2720647822945805,0.08337350627328005,0.0036765039335423903,0.20596660692114233,3.817718226579992e-05,3.817718226579992e-05,0.4491433207741167
12670,0.011806111450282226,0.0009679610534520219,0.32536505998387294,0.06367814093500761,0.004049716041048708,0.2722498178856274,0.08335811665012043,0.0036791201694795256,0.20611317476075772,3.8207338017984596e-05,3.8207338017984596e-05,0.4494980943292305
12680,0.01180240558202069,0.0009685910510564831,0.3255768238845321,0.06366195418359273,0.004052467788789238,0.27243480933036884,0.08334272959869679,0.0036817359682215435,0.20625971810764948,3.8237493770169276e-05,3.8237493770169276e-05,0.4498528678843444
12690,0.011798700844547982,0.0009692208564268434,0.32578852316868684,0.0636457712943859,0.0040552188799543995,0.27261975663558985,0.08332734511877485,0.0036843513298082733,0.20640623696404892,3.8267649522353956e-05,3.8267649522353956e-05,0.4502076414394583
12700,0.011794997237614922,0.0009698504696054635,0.32600015785057596,0.06362959226679342,0.00405796931464512,0.2728046598080752,0.08331196321012031,0.0036869662542795465,0.2065527313321875,3.829780527453862e-05,3.829780527453862e-05,0.450562414994572
12710,0.011791294760972331,0.000970479890634704,0.32621172794443826,0.06361341710022164,0.004060719092962323,0.27298951885460987,0.08329658387249887,0.0036895807416751918,0.20669920121429644,3.83279610267233e-05,3.83279610267233e-05,0.4509171885496859
12720,0.011787593414371031,0.0009711091195569251,0.3264232334645126,0.06359724579407687,0.004063468215006933,0.2731743337819787,0.08328120710567623,0.0036921947920350393,0.20684564661260724,3.835811677890798e-05,3.835811677890798e-05,0.45127196210479975
12730,0.01178389319756184,0.0009717381564144876,0.3266346744250378,0.06358107834776544,0.004066216680879878,0.27335910459696655,0.08326583290941811,0.0036948084053989205,0.20699206752935131,3.8388272531092656e-05,3.8388272531092656e-05,0.45162673565991357
12740,0.01178019411029558,0.0009723670012497515,0.3268460508402526,0.06356491476069365,0.004068964490682081,0.2735438313063584,0.08325046128349022,0.0036974215818066634,0.20713846396675986,3.841842828327733e-05,3.841842828327733e-05,0.4519815092150274
12750,0.011776496152323073,0.0009729956541050779,0.32705736272439595,0.06354875503226784,0.004071711644514468,0.273728513916939,0.08323509222765824,0.0037000343212980993,0.2072848359270644,3.844858403546201e-05,3.844858403546201e-05,0.45233628277014126
12760,0.011772799323395138,0.000973624115022827,0.3272686100917065,0.06353259916189433,0.004074458142477965,0.2739131524354934,0.08321972574168789,0.0037026466239130588,0.2074311834124963,3.847873978764669e-05,3.847873978764669e-05,0.45269105632525514
12770,0.011769103623262596,0.0009742523840453591,0.32747979295642315,0.06351644714897944,0.004077203984673497,0.27409774686880645,0.08320436182534488,0.0037052584896913703,0.20757750642528686,3.8508895539831356e-05,3.8508895539831356e-05,0.45304582988036884
12780,0.011765409051676267,0.0009748804612150349,0.32769091133278483,0.06350029899292949,0.004079949171201989,0.2742822972236631,0.0831890004783949,0.003707869918672865,0.2077238049676675,3.8539051292016036e-05,3.8539051292016036e-05,0.4534006034354827
12790,0.011761715608386973,0.000975508346574215,0.32790196523503023,0.0634841546931508,0.004082693702164366,0.2744668035068481,0.08317364170060368,0.003710480910897373,0.20787007904186966,3.8569207044200716e-05,3.8569207044200716e-05,0.45375537699059665
12800,0.011758023293145535,0.0009761360401652595,0.3281129546773981,0.0634680142490497,0.004085437577661553,0.27465126572514637,0.08315828549173691,0.003713091466404724,0.2080163286501246,3.859936279638538e-05,3.859936279638538e-05,0.45411015054571036
12810,0.01175433210570277,0.0009767635420305293,0.3283238796741274,0.0634518776600325,0.0040881807977944775,0.274835683885343,0.0831429318515603,0.003715701585234748,0.20816255379466375,3.862951854857006e-05,3.862951854857006e-05,0.45446492410082423
12820,0.011750642045809504,0.0009773908522123847,0.32853474023945706,0.06343574492550552,0.004090923362664063,0.27502005799422263,0.08312758077983955,0.003718311267427275,0.2083087544777185,3.865967430075474e-05,3.865967430075474e-05,0.4548196976559381
12830,0.011746953113216553,0.0009780179707531865,0.3287455363876257,0.0634196160448751,0.004093665272371234,0.2752043880585703,0.08311223227634038,0.003720920513022136,0.2084549307015202,3.868983005293942e-05,3.868983005293942e-05,0.455174471211052
12840,0.01174326530767474,0.0009786448976952943,0.32895626813287204,0.06340349101754755,0.0040964065270169174,0.27538867408517087,0.08309688634082847,0.0037235293220591595,0.20860108246830025,3.871998580512409e-05,3.871998580512409e-05,0.45552924476616574
12850,0.011739578628934887,0.0009792716330810696,0.32916693548943515,0.0633873698429292,0.004099147126702039,0.2755729160808093,0.08308154297306955,0.0037261376945781763,0.20874720978029,3.875014155730877e-05,3.875014155730877e-05,0.4558840183212796
12860,0.011735893076747812,0.0009798981769528724,0.3293775384715537,0.06337125252042634,0.004101887071527522,0.2757571140522703,0.08306620217282931,0.0037287456306190165,0.2088933126397208,3.878029730949345e-05,3.878029730949345e-05,0.4562387918763935
12870,0.011732208650864337,0.000980524529353063,0.32958807709346655,0.06335513904944534,0.004104626361594294,0.275941268006339,0.08305086393987346,0.0037313531302215104,0.20903939104882413,3.881045306167812e-05,3.881045306167812e-05,0.4565935654315073
12880,0.01172852535103528,0.0009811506903240025,0.32979855136941255,0.06333902942939248,0.004107364997003278,0.2761253779498002,0.08303552827396771,0.0037339601934254876,0.20918544500983124,3.8840608813862796e-05,3.8840608813862796e-05,0.45694833898662107
12890,0.011724843177011467,0.0009817766599080511,0.33000896131363056,0.06332292365967412,0.004110102977855402,0.27630944388943873,0.08302019517487777,0.0037365668202707786,0.20933147452497358,3.8870764566047476e-05,3.8870764566047476e-05,0.45730311254173495
12900,0.011721162128543714,0.0009824024381475688,0.3302193069403592,0.06330682173969655,0.004112840304251588,0.2764934658320395,0.08300486464236934,0.003739173010797213,0.20947747959648252,3.890092031823215e-05,3.890092031823215e-05,0.45765788609684876
12910,0.011717482205382846,0.0009830280250849167,0.33042958826383756,0.0632907236688661,0.004115576976292765,0.27667744378438747,0.0829895366762081,0.0037417787650446213,0.20962346022658945,3.893107607041682e-05,3.893107607041682e-05,0.4580126596519626
12920,0.011713803407279677,0.0009836534207624554,0.33063980529830433,0.0632746294465891,0.004118312994079856,0.2768613777532676,0.0829742112761598,0.0037443840830528327,0.20976941641752564,3.89612318226015e-05,3.89612318226015e-05,0.45836743320707646
12930,0.011710125733985034,0.0009842786252225446,0.33084995805799816,0.06325853907227186,0.004121048357713785,0.2770452677454645,0.08295888844199012,0.003746988964861678,0.20991534817152258,3.899138757478618e-05,3.899138757478618e-05,0.45872220676219033
12940,0.011706449185249735,0.0009849036385075455,0.3310600465571581,0.06324245254532071,0.004123783067295481,0.2772291137677634,0.08294356817346477,0.003749593410510988,0.21006125549081164,3.902154332697086e-05,3.902154332697086e-05,0.4590769803173042
12950,0.011702773760824601,0.0009855284606598183,0.33127007081002297,0.06322636986514198,0.004126517122925866,0.277412915826949,0.08292825047034946,0.003752197420040591,0.21020713837762414,3.905169907915553e-05,3.905169907915553e-05,0.45943175387241797
12960,0.011699099460460452,0.0009861530917217236,0.3314800308308314,0.06321029103114197,0.004129250524705867,0.2775966739298062,0.08291293533240988,0.0037548009934903186,0.21035299683419154,3.908185483134021e-05,3.908185483134021e-05,0.45978652742753184
12970,0.011695426283908109,0.000986777531735622,0.33168992663382246,0.06319421604272701,0.0041319832727364095,0.27778038808311994,0.08289762275941176,0.0037574041308999994,0.21049883086274507,3.911201058352489e-05,3.911201058352489e-05,0.4601413009826457
12980,0.011691754230918394,0.0009874017807438734,0.3318997582332347,0.06317814489930343,0.004134715367118418,0.2779640582936751,0.08288231275112079,0.003760006832309464,0.2106446404655162,3.914216633570956e-05,3.914216633570956e-05,0.46049607453775954
12990,0.011688083301242127,0.0009880258387888392,0.33210952564330726,0.06316207760027755,0.004137446807952818,0.2781476845682566,0.08286700530730268,0.0037626090977585435,0.21079042564473632,3.917232208789424e-05,3.917232208789424e-05,0.4608508480928734
13000,0.011684413494630126,0.000988649705912879,0.33231922887827864,0.06314601414505569,0.004140177595340536,0.27833126691364946,0.08285170042772314,0.0037652109272870667,0.2109361864026368,3.9202477840078915e-05,3.9202477840078915e-05,0.46120562164798723
13010,0.011680744810833215,0.000989273382158354,0.33252886795238784,0.06312995453304415,0.004142907729382496,0.2785148053366383,0.08283639811214785,0.003767812320934864,0.21108192274144896,3.9232633592263595e-05,3.9232633592263595e-05,0.4615603952031011
13020,0.011677077249602215,0.0009898968675676242,0.3327384428798736,0.0631138987636493,0.004145637210179623,0.2786982998440082,0.08282109836034254,0.0037704132787417656,0.21122763466340425,3.926278934444826e-05,3.926278934444826e-05,0.4619151687582148
13030,0.011673410810687943,0.00099052016218305,0.3329479536749747,0.06309784683627742,0.004148366037832841,0.2788817504425438,0.08280580117207292,0.003773013800747602,0.211373322170734,3.929294509663294e-05,3.929294509663294e-05,0.4622699423133287
13040,0.011669745493841222,0.0009911432660469925,0.3331574003519302,0.06308179875033484,0.00415109421244308,0.2790651571390306,0.08279050654710468,0.003775613886992202,0.2115189852656696,3.932310084881762e-05,3.932310084881762e-05,0.46262471586844256
13050,0.011666081298812876,0.0009917661792018116,0.3333667829249787,0.06306575450522789,0.004153821734111261,0.27924851994025274,0.08277521448520354,0.0037782135375153967,0.2116646239504424,3.9353256601002295e-05,3.9353256601002295e-05,0.4629794894235564
13060,0.011662418225353717,0.0009923889016898683,0.333576101408359,0.06304971410036289,0.004156548602938311,0.27943183885299566,0.08275992498613519,0.003780812752357016,0.2118102382272838,3.9383412353186975e-05,3.9383412353186975e-05,0.46333426297867025
13070,0.011658756273214575,0.0009930114335535228,0.33378535581631014,0.06303367753514616,0.004159274819025155,0.27961511388404403,0.08274463804966535,0.003783411531556889,0.21195582809842517,3.941356810537165e-05,3.941356810537165e-05,0.46368903653378407
13080,0.011655095442146265,0.0009936337748351353,0.33399454616307067,0.06301764480898402,0.004162000382472718,0.2797983450401827,0.08272935367555971,0.003786009875154847,0.21210139356609786,3.944372385755632e-05,3.944372385755632e-05,0.4640438100888979
13090,0.011651435731899609,0.0009942559255770667,0.3342036724628795,0.06300161592128278,0.0041647252933819275,0.2799815323281968,0.082714071863584,0.00378860778319072,0.21224693463253333,3.9473879609740995e-05,3.9473879609740995e-05,0.46439858364401165
13100,0.01164777714222543,0.0009948778858216776,0.3344127347299756,0.06298559087144881,0.004167449551853705,0.28016467575487086,0.0826987926135039,0.0037912052557043377,0.2123924512999629,3.9504035361925675e-05,3.9504035361925675e-05,0.4647533571991255
13110,0.011644119672874542,0.000995499655611328,0.3346217329785976,0.06296956965888836,0.00417017315798898,0.2803477753269902,0.0826835159250851,0.00379380229273553,0.21253794357061795,3.9534191114110355e-05,3.9534191114110355e-05,0.46510813075423946
13120,0.011640463323597776,0.0009961212349883786,0.3348306672229844,0.06295355228300781,0.004172896111888673,0.28053083105133936,0.08266824179809337,0.0037963988943241268,0.21268341144672978,3.956434686629503e-05,3.956434686629503e-05,0.4654629043093532
13130,0.011636808094145943,0.0009967426239951903,0.33503953747737486,0.06293753874321345,0.0041756184136537144,0.2807138429347035,0.08265297023229436,0.003798995060509958,0.21282885493052986,3.95945026184797e-05,3.95945026184797e-05,0.46581767786446704
13140,0.011633153984269867,0.0009973638226741229,0.33524834375600765,0.06292152903891163,0.0041783400633850255,0.2808968109838672,0.08263770122745379,0.0038015907913328552,0.2129742740242496,3.962465837066438e-05,3.962465837066438e-05,0.4661724514195809
13150,0.01162950099372037,0.0009979848310675372,0.33545708607312175,0.06290552316950863,0.004181061061183533,0.28107973520561563,0.08262243478333736,0.0038041860868326463,0.21311966873012025,3.9654814122849054e-05,3.9654814122849054e-05,0.46652722497469473
13160,0.011625849122248273,0.0009986056492177937,0.3356657644429558,0.06288952113441082,0.0041837814071501635,0.2812626156067336,0.0826071708997108,0.0038067809470491635,0.2132650390503733,3.968496987503373e-05,3.968496987503373e-05,0.46688199852980855
13170,0.011622198369604396,0.000999226277167253,0.33587437887974886,0.06287352293302448,0.00418650110138584,0.281445452194006,0.08259190957633979,0.0038093753720222345,0.21341038498724002,3.971512562721841e-05,3.971512562721841e-05,0.4672367720849224
13180,0.011618548735539557,0.0009998467149582757,0.3360829293977397,0.06285752856475596,0.00418922014399149,0.2816282449742178,0.08257665081299005,0.0038119693617916905,0.21355570654295186,3.974528137940309e-05,3.974528137940309e-05,0.4675915456400363
13190,0.01161490021980458,0.0010004669626332218,0.336291416011167,0.06284153802901155,0.004191938535068038,0.28181099395415377,0.08256139460942727,0.003814562916397362,0.21370100371974018,3.977543713158776e-05,3.977543713158776e-05,0.4679463191951501
13200,0.011611252822150284,0.001001087020234452,0.3364998387342696,0.06282555132519761,0.004194656274716408,0.2819936991405988,0.08254614096541718,0.0038171560358790796,0.2138462765198364,3.9805592883772434e-05,3.9805592883772434e-05,0.4683010927502639
13210,0.011607606542327491,0.001001706887804327,0.33670819758128634,0.06280956845272044,0.004197373363037527,0.2821763605403379,0.08253088988072546,0.003819748720276671,0.21399152494547177,3.983574863595711e-05,3.983574863595711e-05,0.4686558663053777
13220,0.01160396138008702,0.001002326565385207,0.33691649256645606,0.06279358941098637,0.0042000898001323195,0.28235897816015587,0.08251564135511782,0.0038223409696299684,0.2141367489988778,3.9865904388141794e-05,3.9865904388141794e-05,0.4690106398604917
13230,0.011600317335179694,0.0010029460530194525,0.33712472370401764,0.0627776141994017,0.004202805586101712,0.2825415520068377,0.08250039538835999,0.0038249327839788012,0.21428194868228578,3.989606014032646e-05,3.989606014032646e-05,0.4693654134156054
13240,0.01159667440735633,0.0010035653507494244,0.33733289100820985,0.06276164281737279,0.004205520721046628,0.28272408208716826,0.08248515198021764,0.003827524163362999,0.21442712399792713,3.992621589251114e-05,3.992621589251114e-05,0.46972018697071927
13250,0.01159303259636775,0.0010041844586174825,0.3375409944932714,0.06274567526430594,0.004208235205067994,0.2829065684079323,0.08246991113045651,0.0038301151078223923,0.2145722749480332,3.995637164469582e-05,3.995637164469582e-05,0.47007496052583314
13260,0.011589391901964778,0.0010048033766659882,0.3377490341734414,0.06272971153960746,0.004210949038266735,0.2830890109759149,0.08245467283884228,0.0038327056173968112,0.21471740153483537,3.998652739688049e-05,3.998652739688049e-05,0.47042973408094685
13270,0.01158575232389823,0.0010054221049373012,0.3379570100629584,0.06271375164268368,0.004213662220743776,0.2832714097979009,0.08243943710514066,0.0038352956921260863,0.21486250376056507,4.001668314906517e-05,4.001668314906517e-05,0.4707845076360608
13280,0.011582113861918932,0.001006040643473782,0.33816492217606114,0.06269779557294095,0.004216374752600042,0.2834537648806751,0.08242420392911737,0.0038378853320500464,0.2150075816274536,4.004683890124985e-05,4.004683890124985e-05,0.47113928119117465
13290,0.011578476515777699,0.0010066589923177916,0.3383727705269888,0.06268184332978553,0.00421908663393646,0.2836360762310225,0.08240897331053809,0.0038404745372085224,0.21515263513773236,4.007699465343453e-05,4.007699465343453e-05,0.4714940547462885
13300,0.011574840285225355,0.0010072771515116903,0.3385805551299799,0.06266589491262381,0.004221797864853954,0.283818343855728,0.08239374524916855,0.003843063307641344,0.21529766429363273,4.0107150405619194e-05,4.0107150405619194e-05,0.47184882830140223
13310,0.01157120517001272,0.0010078951210978383,0.33878827599927336,0.06264995032086207,0.004224508445453449,0.2840005677615764,0.08237851974477446,0.003845651643388341,0.21544266909738605,4.0137306157803874e-05,4.0137306157803874e-05,0.4722036018565161
13320,0.011567571169890612,0.0010085129011185962,0.338995933149108,0.06263400955390665,0.0042272183758358724,0.28418274795535275,0.0823632967971215,0.0038482395444893445,0.21558764955122378,4.0167461909988554e-05,4.0167461909988554e-05,0.47255837541163
13330,0.011563938284609856,0.001009130491616325,0.3392035265937226,0.06261807261116385,0.004229927656102146,0.2843648844438417,0.08234807640597538,0.0038508270109841834,0.21573260565737723,4.019761766217322e-05,4.019761766217322e-05,0.47291314896674375
13340,0.011560306513921271,0.0010097478926333844,0.3394110563473561,0.06260213949204002,0.004232636286353199,0.28454697723382844,0.08233285857110183,0.003853414042912689,0.21587753741807783,4.02277734143579e-05,4.02277734143579e-05,0.4732679225218576
13350,0.011556675857575676,0.0010103651042121355,0.3396185224242472,0.06258621019594146,0.0042353442666899525,0.2847290263320976,0.08231764329226653,0.0038560006403146898,0.21602244483555683,4.025792916654258e-05,4.025792916654258e-05,0.4736226960769715
13360,0.011553046315323895,0.0010109821263949382,0.3398259248386347,0.06257028472227451,0.004238051597213336,0.2849110317454343,0.0823024305692352,0.0038585868032300166,0.21616732791204574,4.0288084918727253e-05,4.0288084918727253e-05,0.4739774696320853
13370,0.011549417886916744,0.001011598959224154,0.3400332636047576,0.06255436307044547,0.004240758278024272,0.2850929934806233,0.08228722040177353,0.0038611725316985,0.2163121866497759,4.031824067091193e-05,4.031824067091193e-05,0.4743322431871991
13380,0.01154579057210505,0.0010122156027421421,0.3402405387368545,0.06253844523986067,0.004243464309223687,0.2852749115444495,0.08227201278964724,0.003863757825759969,0.21645702105097864,4.034839642309661e-05,4.034839642309661e-05,0.474687016742313
13390,0.011542164370639627,0.0010128320569912637,0.34044775024916424,0.06252253122992645,0.004246169690912506,0.28545678594369783,0.08225680773262203,0.0038663426854542537,0.21660183111788536,4.037855217528129e-05,4.037855217528129e-05,0.4750417902974269
13400,0.0115385392822713,0.0010134483220138792,0.3406548981559258,0.0625066210400491,0.004248874423191654,0.28563861668515317,0.08224160523046362,0.0038689271108211854,0.21674661685272748,4.040870792746596e-05,4.040870792746596e-05,0.4753965638525407
13410,0.011534915306750888,0.0010140643978523494,0.34086198247137794,0.06249071466963497,0.004251578506162057,0.2858204037756005,0.08222640528293768,0.0038715111019005932,0.2168913782577363,4.043886367965063e-05,4.043886367965063e-05,0.47575133740765446
13420,0.011531292443829212,0.0010146802845490343,0.3410690032097594,0.06247481211809036,0.00425428193992464,0.28600214722182454,0.08221120788980994,0.0038740946587323077,0.2170361153351433,4.046901943183531e-05,4.046901943183531e-05,0.47610611096276834
13430,0.011527670693257094,0.0010152959821462947,0.3412759603853091,0.06245891338482161,0.004256984724580328,0.28618384703061023,0.08219601305084612,0.003876677781356158,0.21718082808717973,4.0499175184019986e-05,4.0499175184019986e-05,0.47646088451788216
13440,0.011524050054785353,0.0010159114906864908,0.3414828540122658,0.06244301846923503,0.004259686860230047,0.28636550320874266,0.0821808207658119,0.003879260469811975,0.21732551651607704,4.052933093620466e-05,4.052933093620466e-05,0.476815658072996
13450,0.011520430528164809,0.0010165268102119828,0.34168968410486816,0.06242712737073694,0.004262388346974721,0.28654711576300645,0.082165631034473,0.003881842724139589,0.2174701806240666,4.055948668838934e-05,4.055948668838934e-05,0.47717043162810985
13460,0.011516812113146284,0.0010171419407651323,0.34189645067735536,0.06241124008873367,0.004265089184915277,0.28672868470018664,0.08215044385659512,0.0038844245443788285,0.21761482041337973,4.058964244057401e-05,4.058964244057401e-05,0.47752520518322367
13470,0.011513194809480598,0.001017756882388299,0.34210315374396605,0.06239535662263154,0.0042677893741526396,0.2869102100270681,0.08213525923194397,0.0038870059305695258,0.21775943588624794,4.061979819275869e-05,4.061979819275869e-05,0.47787997873833754
13480,0.011509578616918573,0.001018371635123843,0.3423097933189388,0.06237947697183687,0.004270488914787734,0.28709169175043586,0.08212007716028523,0.003889586882751509,0.21790402704490247,4.0649953944943366e-05,4.0649953944943366e-05,0.47823475229345136
13490,0.011505963535211026,0.0010189861990141259,0.34251636941651287,0.06236360113575598,0.004273187806921485,0.28727312987707454,0.08210489764138465,0.00389216740096461,0.21804859389157477,4.0680109697128046e-05,4.0680109697128046e-05,0.47858952584856523
13500,0.011502349564108783,0.0010196005741015073,0.34272288205092677,0.06234772911379519,0.0042758860506548185,0.28745452441376923,0.0820897206750079,0.0038947474852486564,0.21819313642849614,4.071026544931271e-05,4.071026544931271e-05,0.47894429940367894
13510,0.011498736703362662,0.001020214760428348,0.3429293312364195,0.06233186090536083,0.00427858364608866,0.28763587536730484,0.0820745462609207,0.00389732713564348,0.21833765465789803,4.074042120149739e-05,4.074042120149739e-05,0.4792990729587928
13520,0.011495124952723482,0.0010208287580370083,0.34313571698722967,0.06231599650985922,0.004281280593323934,0.2878171827444661,0.08205937439888875,0.003899906352188911,0.21848214858201181,4.077057695368207e-05,4.077057695368207e-05,0.4796538465139067
13530,0.011491514311942067,0.0010214425669698491,0.3433420393175963,0.06230013592669668,0.004283976892461567,0.2879984465520381,0.08204420508867777,0.0039024851349247786,0.21862661820306883,4.0800732705866746e-05,4.0800732705866746e-05,0.4800086200690205
13540,0.011487904780769234,0.0010220561872692304,0.3435482982417581,0.06228427915527952,0.004286672543602483,0.28817966679680557,0.08202903833005346,0.003905063483890913,0.21877106352330047,4.083088845805142e-05,4.083088845805142e-05,0.4803633936241343
13550,0.011484296358955808,0.001022669618977513,0.34375449377395395,0.062268426195014076,0.004289367546847609,0.2883608434855535,0.0820138741227815,0.003907641399127144,0.21891548454493806,4.08610442102361e-05,4.08610442102361e-05,0.4807181671792482
13560,0.011480689046252606,0.0010232828621370574,0.34396062592842264,0.062252577045306665,0.004292061902297868,0.28854197662506675,0.08199871246662763,0.003910218880673303,0.21905988127021306,4.089119996242077e-05,4.089119996242077e-05,0.481072940734362
13570,0.01147708284241045,0.001023895916790224,0.344166694719403,0.06223673170556361,0.0042947556100541885,0.2887230662221303,0.08198355336135753,0.003912795928569218,0.21920425370135677,4.0921355714605446e-05,4.0921355714605446e-05,0.4814277142894758
13580,0.01147347774718016,0.001024508782979373,0.3443727001611338,0.06222089017519123,0.004297448670217492,0.28890411228352886,0.08196839680673693,0.003915372542854722,0.2193486018406007,4.0951511466790126e-05,4.0951511466790126e-05,0.48178248784458966
13590,0.011469873760312558,0.0010251214607468655,0.3445786422678539,0.06220505245359585,0.004300141082888707,0.28908511481604743,0.08195324280253151,0.003917948723569643,0.21949292569017603,4.0981667218974806e-05,4.0981667218974806e-05,0.4821372613997036
13600,0.011466270881558466,0.0010257339501350614,0.34478452105380214,0.06218921854018379,0.004302832848168758,0.28926607382647107,0.08193809134850699,0.003920524470753809,0.21963722525231424,4.101182297115948e-05,4.101182297115948e-05,0.48249203495481735
13610,0.011462669110668698,0.0010263462511863218,0.34499033653321737,0.062173388434361376,0.004305523966158568,0.28944698932158436,0.08192294244442909,0.003923099784447054,0.21978150052924675,4.104197872334415e-05,4.104197872334415e-05,0.48284680850993117
13620,0.011459068447394083,0.0010269583639430065,0.3451960887203383,0.062157562135534916,0.004308214436959066,0.2896278613081724,0.08190779609006349,0.003925674664689207,0.21992575152320487,4.107213447552883e-05,4.107213447552883e-05,0.48320158206504504
13630,0.011455468891485437,0.0010275702884474762,0.3454017776294037,0.06214173964311075,0.004310904260671174,0.28980868979302005,0.0818926522851759,0.003928249111520097,0.22006997823642,4.110229022771351e-05,4.110229022771351e-05,0.4835563556201589
13640,0.011451870442693583,0.0010281820247420917,0.3456074032746526,0.06212592095649519,0.00431359343739582,0.28998947478291226,0.08187751102953203,0.003930823124979554,0.22021418067112347,4.113244597989818e-05,4.113244597989818e-05,0.4839111291752727
13650,0.011448273100769336,0.001028793572869213,0.3458129656703237,0.062110106075094554,0.0043162819672339274,0.29017021628463374,0.08186237232289759,0.003933396705107409,0.22035835882954669,4.116260173208286e-05,4.116260173208286e-05,0.48426590273038655
13660,0.011444676865463525,0.0010294049328712016,0.3460184648306559,0.062094294998315175,0.004318969850286422,0.2903509143049695,0.08184723616503828,0.003935969851943491,0.22050251271392105,4.119275748426754e-05,4.119275748426754e-05,0.48462067628550043
13670,0.011441081736526963,0.0010300161047904165,0.34622390076988785,0.06207848772556336,0.004321657086654229,0.29053156885070447,0.08183210255571981,0.003938542565527631,0.22064664232647796,4.122291323645221e-05,4.122291323645221e-05,0.48497544984061425
13680,0.011437487713710478,0.0010306270886692192,0.34642927350225855,0.06206268425624545,0.004324343676438275,0.29071217992862347,0.08181697149470787,0.00394111484589966,0.22079074766944878,4.1253068988636885e-05,4.1253068988636885e-05,0.485330223395728
13690,0.011433894796764885,0.0010312378845499701,0.3466345830420067,0.06204688458976776,0.004327029619739484,0.29089274754551153,0.0818018429817682,0.003943686693099404,0.22093482874506468,4.1283224740821565e-05,4.1283224740821565e-05,0.4856849969508419
13700,0.011430302985441006,0.0010318484924750292,0.3468398294033711,0.06203108872553659,0.004329714916658782,0.2910732717081534,0.08178671701666647,0.0039462581071666985,0.22107888555555733,4.1313380493006245e-05,4.1313380493006245e-05,0.4860397705059558
13710,0.011426712279489663,0.0010324589124867578,0.3470450126005908,0.06201529666295828,0.004332399567297093,0.2912537524233339,0.08177159359916841,0.00394882908814137,0.221222918103158,4.134353624519091e-05,4.134353624519091e-05,0.4863945440610695
13720,0.011423122678661676,0.0010330691446275154,0.34725013264790433,0.06199950840143917,0.0043350835717553445,0.29143418969783824,0.0817564727290397,0.00395139963606325,0.22136692639009806,4.137369199737559e-05,4.137369199737559e-05,0.4867493176161834
13730,0.011419534182707865,0.0010336791889396632,0.3474551895595506,0.061983723940385545,0.00433776693013446,0.29161458353845104,0.08174135440604607,0.003953969750972166,0.22151091041860876,4.140384774956027e-05,4.140384774956027e-05,0.48710409117129727
13740,0.011415946791379052,0.0010342890454655617,0.3476601833497686,0.06196794327920375,0.004340449642535365,0.29179493395195727,0.08172623862995322,0.003956539432907951,0.22165487019092162,4.1434003501744945e-05,4.1434003501744945e-05,0.4874588647264111
13750,0.011412360504426056,0.0010348987142475708,0.34786511403279685,0.0619521664173001,0.004343131709058985,0.2919752409451418,0.08171112540052684,0.0039591086819104355,0.22179880570926808,4.1464159253929625e-05,4.1464159253929625e-05,0.48781363828152496
13760,0.0114087753215997,0.0010355081953280516,0.3480699816228745,0.06193639335408092,0.004345813129806246,0.2921555045247896,0.08169601471753266,0.003961677498019447,0.2219427169758794,4.14943150061143e-05,4.14943150061143e-05,0.4881684118366388
13770,0.0114051912426508,0.0010361174887493644,0.34827478613424007,0.06192062408895252,0.004348493904878074,0.2923357246976856,0.08168090658073637,0.003964245881274817,0.22208660399298696,4.152447075829898e-05,4.152447075829898e-05,0.48852318539175266
13780,0.011401608267330183,0.0010367265945538692,0.3484795275811325,0.06190485862132124,0.004351174034375391,0.29251590147061446,0.08166580098990367,0.003966813831716374,0.2222304667628221,4.1554626510483645e-05,4.1554626510483645e-05,0.48887795894686636
13790,0.011398026395388665,0.0010373355127839272,0.3486842059777906,0.06188909695059339,0.004353853518399124,0.2926960348503613,0.08165069794480029,0.003969381349383952,0.22237430528761637,4.1584782262668325e-05,4.1584782262668325e-05,0.48923273250198024
13800,0.011394445626577068,0.001037944243481899,0.3488888213384534,0.0618733390761753,0.004356532357050202,0.292876124843711,0.0816355974451919,0.003971948434317376,0.22251811956960088,4.1614938014853005e-05,4.1614938014853005e-05,0.4895875060570941
13810,0.011390865960646214,0.001038552786690144,0.34909337367735926,0.06185758499747328,0.0043592105504295445,0.29305617145744833,0.08162049949084424,0.003974515086556479,0.22266190961100718,4.164509376703768e-05,4.164509376703768e-05,0.48994227961220793
13820,0.011387287397346922,0.0010391611424510237,0.34929786300874743,0.06184183471389365,0.00436188809863808,0.2932361746983582,0.08160540408152299,0.00397708130614109,0.22280567541406668,4.167524951922236e-05,4.167524951922236e-05,0.4902970531673218
13830,0.011383709936430012,0.0010397693108068983,0.3495022893468565,0.06182608822484276,0.004364565001776733,0.29341613457322574,0.08159031121699387,0.003979647093111041,0.22294941698101067,4.170540527140703e-05,4.170540527140703e-05,0.4906518267224356
13840,0.011380133577646306,0.001040377291800128,0.3497066527059253,0.0618103455297269,0.004367241259946429,0.2935960510888355,0.08157522089702259,0.0039822124475061595,0.22309313431407055,4.1735561023591705e-05,4.1735561023591705e-05,0.49100660027754944
13850,0.011376558320746626,0.0010409850854730738,0.3499109531001929,0.0617946066279524,0.004369916873248093,0.29377592425197263,0.08156013312137483,0.003984777369366277,0.2232368274154777,4.176571677577638e-05,4.176571677577638e-05,0.4913613738326632
13860,0.01137298416548179,0.0010415926918680958,0.3501151905438977,0.06177887151892559,0.004372591841782652,0.2939557540694219,0.08154504788981633,0.0039873418587312226,0.22338049628746343,4.179587252796106e-05,4.179587252796106e-05,0.49171614738777714
13870,0.011369411111602622,0.0010422001110275546,0.35031936505127886,0.061763140202052785,0.004375266165651029,0.29413554054796837,0.08152996520211278,0.003989905915640827,0.22352414093225922,4.182602828014574e-05,4.182602828014574e-05,0.492070920942891
13880,0.011365839158859938,0.001042807342993811,0.35052347663657507,0.061747412676740304,0.00437793984495415,0.2943152836943966,0.08151488505802987,0.003992469540134921,0.22366776135209646,4.185618403233041e-05,4.185618403233041e-05,0.49242569449800483
13890,0.011362268307004562,0.0010434143878092247,0.3507275253140251,0.061731688942394475,0.004380612879792941,0.29449498351549175,0.08149980745733333,0.003995032732253333,0.22381135754920636,4.1886339784515084e-05,4.1886339784515084e-05,0.4927804680531186
13900,0.011358698555787312,0.0010440212455161571,0.3509315110978679,0.06171596899842162,0.004383285270268327,0.2946746400180387,0.08148473239978885,0.003997595492035894,0.2239549295258204,4.1916495536699764e-05,4.1916495536699764e-05,0.49313524160823247
13910,0.011355129904959013,0.001044627916156968,0.35113543400234215,0.06170025284422805,0.004385957016481232,0.2948542532088223,0.08146965988516214,0.004000157819522435,0.22409847728417004,4.194665128888444e-05,4.194665128888444e-05,0.4934900151633463
13920,0.011351562354270484,0.001045234399774018,0.3513392940416867,0.061684540479220104,0.004388628118532583,0.2950338230946274,0.08145458991321891,0.004002719714752783,0.22424200082648646,4.197680704106911e-05,4.197680704106911e-05,0.4938447887184601
13930,0.011347995903472543,0.0010458406964096684,0.3515430912301406,0.06166883190280409,0.004391298576523307,0.29521334968223906,0.08143952248372487,0.004005281177766773,0.2243855001550013,4.200696279325379e-05,4.200696279325379e-05,0.494199562273574
13940,0.011344430552316011,0.0010464468061062784,0.3517468255819423,0.061653127114386336,0.004393968390554325,0.295392832978442,0.0814244575964457,0.004007842208604229,0.2245289752719456,4.203711854543847e-05,4.203711854543847e-05,0.49455433582868785
13950,0.011340866300551712,0.0010470527289062096,0.3519504971113309,0.06163742611337317,0.004396637560726563,0.295572272990021,0.08140939525114713,0.004010402807304985,0.22467242617955097,4.2067274297623144e-05,4.2067274297623144e-05,0.49490910938380167
13960,0.011337303147930463,0.0010476584648518215,0.352154105832545,0.06162172889917089,0.00439930608714095,0.2957516697237613,0.08139433544759486,0.004012962973908872,0.22481585288004885,4.209743004980782e-05,4.209743004980782e-05,0.4952638829389155
13970,0.011333741094203088,0.0010482640139854752,0.35235765175982353,0.061606035471185844,0.004401973969898408,0.2959310231864476,0.0813792781855546,0.0040155227084557165,0.2249592553756704,4.212758580199249e-05,4.212758580199249e-05,0.49561865649402925
13980,0.011330180139120407,0.0010488693763495314,0.3525611349074055,0.06159034582882434,0.004404641209099865,0.29611033338486487,0.08136422346479205,0.004018082010985351,0.22510263366864713,4.215774155417718e-05,4.215774155417718e-05,0.49597343004914324
13990,0.011326620282433237,0.0010494745519863502,0.35276455528952944,0.0615746599714927,0.004407307804846242,0.2962896003257977,0.08134917128507291,0.004020640881537604,0.2252459877612103,4.2187897306361844e-05,4.2187897306361844e-05,0.49632820360425695
14000,0.011323061523892404,0.0010500795409382922,0.35296791292043433,0.06155897789859725,0.004409973757238469,0.2964688240160315,0.08133412164616288,0.004023199320152307,0.22538931765559145,4.2218053058546524e-05,4.2218053058546524e-05,0.4966829771593708
14010,0.011319503863248724,0.0010506843432477172,0.35317120781435873,0.061543299609544314,0.004412639066377469,0.29664800446235084,0.08131907454782769,0.00402575732686929,0.22553262335402183,4.2248208810731204e-05,4.2248208810731204e-05,0.4970377507144847
14020,0.01131594730025302,0.0010512889589569868,0.3533744399855418,0.06152762510374021,0.0044153037323641665,0.29682714167154056,0.08130402998983303,0.004028314901728381,0.22567590485873285,4.227836456291587e-05,4.227836456291587e-05,0.49739252426959846
14030,0.011312391834656113,0.001051893388108461,0.3535776094482222,0.061511954380591254,0.004417967755299488,0.2970062356503857,0.08128898797194462,0.0040308720447694135,0.22581916217195597,4.230852031510055e-05,4.230852031510055e-05,0.49774729782471233
14040,0.011308837466208824,0.0010524976307445004,0.35378071621663876,0.06149628743950378,0.0044206311352843605,0.29718528640567127,0.08127394849392813,0.004033428756032215,0.2259623952959224,4.233867606728523e-05,4.233867606728523e-05,0.4981020713798262
14050,0.011305284194661971,0.0010531016869074655,0.35398376030503037,0.06148062427988409,0.004423293872419705,0.2973642939441818,0.08125891155554932,0.004035985035556617,0.22610560423286372,4.236883181946991e-05,4.236883181946991e-05,0.4984568449349401
14060,0.011301732019766378,0.0010537055566397164,0.3541867417276357,0.06146496490113853,0.004425955966806451,0.2975432582727026,0.08124387715657383,0.004038540883382447,0.22624878898501102,4.239898757165458e-05,4.239898757165458e-05,0.4988116184900538
14070,0.011298180941272863,0.001054309239983614,0.35438966049869375,0.06144930930267341,0.004428617418545522,0.29772217939801826,0.08122884529676742,0.004041096299549537,0.22639194955459593,4.242914332383926e-05,4.242914332383926e-05,0.4991663920451677
14080,0.011294630958932246,0.0010549127369815186,0.3545925166324432,0.06143365748389505,0.004431278227737844,0.2979010573269138,0.08121381597589578,0.004043651284097718,0.22653508594384975,4.245929907602394e-05,4.245929907602394e-05,0.4995211656002816
14090,0.011291082072495351,0.0010555160476757907,0.3547953101431229,0.061418009444209776,0.004433938394484339,0.298079892066174,0.08119878919372459,0.0040462058370668175,0.22667819815500378,4.2489454828208603e-05,4.2489454828208603e-05,0.4998759391553953
14100,0.011287534281712999,0.0010561191721087909,0.3549980410449717,0.0614023651830239,0.004436597918885938,0.29825868362258406,0.08118376495001958,0.004048759958496668,0.22682128619028957,4.2519610580393283e-05,4.2519610580393283e-05,0.5002307127105092
14110,0.011283987586336006,0.0010567221103228797,0.35520070935222847,0.06138672469974376,0.004439256801043562,0.2984374320029285,0.08116874324454647,0.004051313648427099,0.22696435005193835,4.2549766332577963e-05,4.2549766332577963e-05,0.500585486265623
14120,0.011280441986115195,0.0010573248623604171,0.3554033150791318,0.06137108799377567,0.004441915041058138,0.29861613721399244,0.08115372407707094,0.004053866906897939,0.22710738974218145,4.257992208476264e-05,4.257992208476264e-05,0.5009402598207369
14130,0.01127689748080139,0.0010579274282637645,0.35560585823992075,0.06135545506452594,0.004444572639030591,0.29879479926256075,0.08113870744735871,0.00405641973394902,0.2272504052632504,4.261007783694731e-05,4.261007783694731e-05,0.5012950333758507
14140,0.011273354070145406,0.0010585298080752815,0.3558083388488341,0.061339825911400914,0.004447229595061847,0.29897341815541817,0.08112369335517547,0.00405897212962017,0.22739339661737648,4.264023358913199e-05,4.264023358913199e-05,0.5016498069309645
14150,0.011269811753898067,0.0010591320018373293,0.35601075692011064,0.0613242005338069,0.004449885909252829,0.2991519938993498,0.08110868180028694,0.0040615240939512205,0.22753636380679107,4.267038934131666e-05,4.267038934131666e-05,0.5020045804860783
14160,0.011266270531810191,0.0010597340095922678,0.35621311246798915,0.061308578931150215,0.004452541581704465,0.29933052650114045,0.08109367278245881,0.004064075626982001,0.2276793068337256,4.270054509350134e-05,4.270054509350134e-05,0.5023593540411923
14170,0.011262730403632605,0.001060335831382458,0.3564154055067086,0.06129296110283719,0.00445519661251768,0.29950901596757507,0.0810786663014568,0.004066626728752343,0.22782222570041136,4.2730700845686016e-05,4.2730700845686016e-05,0.5027141275963061
14180,0.011259191369116121,0.0010609374672502598,0.35661763605050745,0.061277347048274144,0.0044578510017933975,0.29968746230543847,0.08106366235704661,0.004069177399302074,0.22796512040907982,4.2760856597870697e-05,4.2760856597870697e-05,0.5030689011514199
14190,0.011255653428011566,0.0010615389172380341,0.3568198041136249,0.0612617367668674,0.004460504749632543,0.29986586552151545,0.08104866094899395,0.0040717276386710265,0.22810799096196224,4.279101235005537e-05,4.279101235005537e-05,0.5034236747065337
14200,0.011252116580069759,0.0010621401813881415,0.3570219097102996,0.06124613025802328,0.004463157856136044,0.30004422562259114,0.08103366207706453,0.0040742774468990285,0.22825083736129012,4.282116810224004e-05,4.282116810224004e-05,0.5037784482616475
14210,0.011248580825041519,0.001062741259742942,0.35722395285477043,0.061230527521148104,0.004465810321404824,0.30022254261545034,0.08101866574102404,0.004076826824025913,0.22839365960929484,4.285132385442472e-05,4.285132385442472e-05,0.5041332218167615
14220,0.01124504616267767,0.0010633421523447966,0.35742593356127617,0.06121492855564819,0.00446846214553981,0.30040081650687794,0.08100367194063819,0.004079375770091506,0.22853645770820763,4.2881479606609396e-05,4.2881479606609396e-05,0.5044879953718752
14230,0.011241512592729028,0.0010639428592360656,0.3576278518440556,0.061199333360929864,0.004471113328641925,0.3005790473036588,0.08098868067567269,0.0040819242851356415,0.22867923166026005,4.2911635358794076e-05,4.2911635358794076e-05,0.5048427689269891
14240,0.011237980114946419,0.0010645433804591094,0.3578297077173477,0.06118374193639945,0.004473763870812095,0.30075723501257773,0.08097369194589325,0.004084472369198146,0.22882198146768326,4.294179111097875e-05,4.294179111097875e-05,0.5051975424821029
14250,0.011234448729080658,0.0010651437160562884,0.35803150119539107,0.06116815428146327,0.004476413772151246,0.30093537964041983,0.08095870575106558,0.004087020022318852,0.2289647071327088,4.297194686316342e-05,4.297194686316342e-05,0.5055523160372167
14260,0.01123091843488257,0.0010657438660699632,0.3582332322924246,0.06115257039552764,0.004479063032760303,0.3011134811939699,0.08094372209095535,0.004089567244537589,0.229107408657568,4.3002102615348096e-05,4.3002102615348096e-05,0.5059070895923305
14270,0.011227389232102977,0.0010663438305424946,0.3584349010226872,0.06113699027799889,0.004481711652740192,0.3012915396800128,0.08092874096532832,0.004092114035894186,0.2292500860444922,4.3032258367532776e-05,4.3032258367532776e-05,0.5062618631474444
14280,0.011223861120492692,0.0010669436095162427,0.3586365074004177,0.061121413928283325,0.004484359632191837,0.3014695551053336,0.08091376237395015,0.004094660396428475,0.22939273929571288,4.3062414119717456e-05,4.3062414119717456e-05,0.5066166367025583
14290,0.011220334099802543,0.001067543203033568,0.35883805143985475,0.06110584134578728,0.004487006971216165,0.3016475274767169,0.08089878631658656,0.004097206326180284,0.22953536841346128,4.309256987190213e-05,4.309256987190213e-05,0.5069714102576721
14300,0.011216808169783349,0.001068142611136831,0.3590395331552373,0.06109027252991708,0.004489653669914098,0.3018254568009477,0.08088381279300326,0.004099751825189443,0.22967797339996882,4.31227256240868e-05,4.31227256240868e-05,0.5073261838127858
14310,0.011213283330185928,0.0010687418338683925,0.3592409525608042,0.06107470748007904,0.004492299728386565,0.3020033430848111,0.08086884180296597,0.004102296893495786,0.22982055425746703,4.315288137627148e-05,4.315288137627148e-05,0.5076809573678998
14320,0.011209759580761106,0.0010693408712706127,0.3594423096707942,0.06105914619567948,0.00449494514673449,0.3021811863350917,0.08085387334624036,0.0041048415311391384,0.22996311098818703,4.318303712845615e-05,4.318303712845615e-05,0.5080357309230135
14330,0.011206236921259695,0.001069939723385852,0.3596436044994461,0.06104358867612472,0.004497589925058798,0.3023589865585746,0.08083890742259216,0.004107385738159332,0.23010564359436037,4.321319288064083e-05,4.321319288064083e-05,0.5083905044781274
14340,0.011202715351432524,0.001070538390256471,0.3598448370609986,0.061028034920821095,0.0045002340634604145,0.3025367437620446,0.08082394403178707,0.004109929514596197,0.23024815207821833,4.324334863282551e-05,4.324334863282551e-05,0.5087452780332412
14350,0.01119919487103041,0.0010711368719248304,0.36004600736969083,0.06101248492917492,0.004502877562040266,0.30271445795228674,0.0808089831735908,0.004112472860489563,0.23039063644199234,4.327350438501019e-05,4.327350438501019e-05,0.5091000515883551
14360,0.011195675479804174,0.0010717351684332906,0.36024711543976157,0.060996938700592515,0.0045055204208992745,0.30289212913608565,0.08079402484776904,0.00411501577587926,0.23053309668791372,4.330366013719487e-05,4.330366013719487e-05,0.509454825143469
14370,0.011192157177504639,0.001072333279824212,0.3604481612854494,0.06098139623448019,0.004508162640138369,0.30306975732022645,0.08077906905408752,0.004117558260805119,0.23067553281821396,4.3333815889379536e-05,4.3333815889379536e-05,0.5098095986985828
14380,0.01118863996388262,0.0010729312061399548,0.3606491449209932,0.06096585753024429,0.004510804219858474,0.303247342511494,0.08076411579231194,0.0041201003153069704,0.2308179448351244,4.3363971641564216e-05,4.3363971641564216e-05,0.5101643722536966
14390,0.011185123838688943,0.00107352894742288,0.3608500663606319,0.06095032258729112,0.004513445160160512,0.303424884716673,0.08074916506220799,0.004122641939424642,0.2309603327408763,4.3394127393748896e-05,4.3394127393748896e-05,0.5105191458088105
14400,0.011181608801674427,0.0010741265037153475,0.3610509256186042,0.060934791405027,0.0045160854611454105,0.30360238394254857,0.08073421686354137,0.004125183133197966,0.23110269653770116,4.342428314593356e-05,4.342428314593356e-05,0.5108739193639242
14410,0.011178094852589892,0.0010747238750597183,0.36125172270914896,0.06091926398285827,0.004518725122914096,0.30377984019590554,0.08071927119607782,0.00412772389666677,0.23124503622783027,4.345443889811824e-05,4.345443889811824e-05,0.511228692919038
14420,0.01117458199118616,0.001075321061498353,0.3614524576465052,0.06090374032019123,0.004521364145567491,0.30395725348352876,0.08070432805958301,0.004130264229870886,0.231387351813495,4.348459465030292e-05,4.348459465030292e-05,0.511583466474152
14430,0.01117107021721405,0.0010759180630736118,0.3616531304449115,0.06088822041643223,0.004524002529206524,0.30413462381220324,0.08068938745382268,0.004132804132850145,0.23152964329692693,4.35147504024876e-05,4.35147504024876e-05,0.5119382400292659
14440,0.011167559530424385,0.0010765148798278549,0.36185374111860663,0.06087270427098755,0.004526640273932118,0.3043119511887138,0.0806744493785625,0.004135343605644375,0.23167191068035714,4.354490615467227e-05,4.354490615467227e-05,0.5122930135843796
14450,0.011164049930567983,0.0010771115118034433,0.3620542896818297,0.06085719188326355,0.004529277379845199,0.3044892356198452,0.08065951383356819,0.0041378826482934075,0.23181415396601723,4.357506190685695e-05,4.357506190685695e-05,0.5126477871394934
14460,0.011160541417395666,0.0010777079590427374,0.36225477614881924,0.060841683252666534,0.004531913847046691,0.30466647711238254,0.08064458081860545,0.004140421260837072,0.23195637315613846,4.360521765904163e-05,4.360521765904163e-05,0.5130025606946074
14470,0.011157033990658254,0.0010783042215880972,0.36245520053381414,0.060826178378602824,0.004534549675637521,0.3048436756731106,0.08062965033344001,0.004142959443315197,0.23209856825295222,4.3635373411226295e-05,4.3635373411226295e-05,0.5133573342497211
14480,0.01115352765010657,0.001078900299481884,0.36265556285105344,0.06081067726047874,0.0045371848657186145,0.30502083130881436,0.08061472237783755,0.004145497195767614,0.23224073925868985,4.3665529163410975e-05,4.3665529163410975e-05,0.513712107804835
14490,0.01115002239549143,0.0010794961927664574,0.3628558631147756,0.06079517989770061,0.0045398194173908975,0.3051979440262788,0.08059979695156379,0.0041480345182341545,0.2323828861755829,4.3695684915595655e-05,4.3695684915595655e-05,0.5140668813599488
14500,0.011146518226563658,0.0010800919014841786,0.3630561013392197,0.06077968628967476,0.004542453330755291,0.3053750138322885,0.08058487405438443,0.004150571410754646,0.23252500900586254,4.372584066778032e-05,4.372584066778032e-05,0.5144216549150625
14510,0.011143015143074074,0.0010806874256774077,0.3632562775386244,0.06076419643580751,0.004545086605912726,0.30555204073362857,0.08056995368606518,0.00415310787336892,0.23266710775176025,4.3755996419965e-05,4.3755996419965e-05,0.5147764284701765
14520,0.0111395131447735,0.0010812827653885054,0.36345639172722866,0.06074871033550516,0.004547719242964124,0.3057290247370839,0.08055503584637172,0.004155643906116805,0.2328091824155073,4.378615217214968e-05,4.378615217214968e-05,0.5151312020252903
14530,0.011136012231412754,0.001081877920659832,0.3636564439192712,0.060733227988174064,0.004550351242010411,0.30590596584943935,0.08054012053506979,0.004158179509038134,0.23295123299933526,4.381630792433435e-05,4.381630792433435e-05,0.5154859755804041
14540,0.01113251240274266,0.001082472891533748,0.36385643412899094,0.06071774939322052,0.004552982603152513,0.3060828640774798,0.08052520775192509,0.004160714682172734,0.2330932595054753,4.384646367651903e-05,4.384646367651903e-05,0.5158407491355179
14550,0.011129013658514035,0.0010830676780526141,0.3640563623706266,0.060702274550050866,0.004555613326491355,0.3062597194279902,0.0805102974967033,0.0041632494255604375,0.23323526193615898,4.387661942870371e-05,4.387661942870371e-05,0.5161955226906318
14560,0.011125515998477702,0.001083662280258791,0.3642562286584171,0.06068680345807141,0.004558243412127863,0.30643653190775544,0.08049538976917016,0.004165783739241073,0.2333772402936175,4.390677518088839e-05,4.390677518088839e-05,0.5165502962457457
14570,0.011122019422384484,0.0010842566981946384,0.3644560330066011,0.06067133611668848,0.0045608728601629605,0.3066133015235603,0.08048048456909135,0.00416831762325447,0.23351919458008236,4.393693093307307e-05,4.393693093307307e-05,0.5169050698008596
14580,0.011118523929985195,0.001084850931902517,0.3646557754294174,0.060655872525308394,0.004563501670697575,0.3067900282821899,0.08046558189623258,0.004170851077640461,0.23366112479778492,4.3967086685257735e-05,4.3967086685257735e-05,0.5172598433559733
14590,0.011115029521030662,0.001085444981424788,0.3648554559411052,0.06064041268333748,0.00456612984383263,0.30696671219042887,0.08045068175035956,0.004173384102438874,0.23380303094895652,4.3997242437442415e-05,4.3997242437442415e-05,0.5176146169110872
14600,0.0111115361952717,0.0010860388468038112,0.36505507455590286,0.060624956590182064,0.004568757379669052,0.30714335325506226,0.080435784131238,0.004175916697689538,0.23394491303582846,4.402739818962708e-05,4.402739818962708e-05,0.5179693904662009
14610,0.011108043952459134,0.0010866325280819477,0.3652546312880496,0.06060950424524845,0.004571384278307765,0.3073199514828749,0.0804208890386336,0.004178448863432287,0.23408677106063233,4.405755394181176e-05,4.405755394181176e-05,0.5183241640213148
14620,0.011104552792343785,0.001087226025301557,0.36545412615178385,0.06059405564794297,0.004574010539849697,0.30749650688065183,0.08040599647231206,0.004180980599706947,0.23422860502559928,4.408770969399644e-05,4.408770969399644e-05,0.5186789375764287
14630,0.01110106271467647,0.0010878193385050004,0.3656535591613447,0.06057861079767195,0.00457663616439577,0.3076730194551778,0.0803911064320391,0.004183511906553351,0.23437041493296085,4.411786544618112e-05,4.411786544618112e-05,0.5190337111315426
14640,0.011097573719208012,0.0010884124677346383,0.3658529303309708,0.060563169693841706,0.004579261152046911,0.3078494892132377,0.08037621891758043,0.004186042784011327,0.23451220078494828,4.41480211983658e-05,4.41480211983658e-05,0.5193884846866564
14650,0.011094085805689232,0.001089005413032831,0.3660522396749011,0.06054773233585856,0.0045818855029040465,0.30802591616161656,0.08036133392870172,0.004188573232120706,0.23465396258379304,4.417817695055047e-05,4.417817695055047e-05,0.5197432582417701
14660,0.01109059897387095,0.001089598174441939,0.36625148720737444,0.06053229872312884,0.004584509217068099,0.30820230030709905,0.08034645146516871,0.004191103250921319,0.2347957003317266,4.420833270273515e-05,4.420833270273515e-05,0.5200980317968841
14670,0.011087113223503989,0.0010901907520043225,0.36645067294262934,0.06051686885505886,0.004587132294639995,0.3083786416564702,0.08033157152674708,0.004193632840452995,0.2349374140309801,4.4238488454919814e-05,4.4238488454919814e-05,0.5204528053519978
14680,0.011083628554339163,0.0010907831457623426,0.36664979689490507,0.06050144273105494,0.004589754735720661,0.308554940216515,0.08031669411320258,0.004196162000755562,0.23507910368378498,4.4268644207104494e-05,4.4268644207104494e-05,0.5208075789071117
14690,0.0110801449661273,0.0010913753557583595,0.3668488590784401,0.06048602035052341,0.004592376540411022,0.30873119599401827,0.08030181922430085,0.004198690731868853,0.23522076929237276,4.4298799959289174e-05,4.4298799959289174e-05,0.5211623524622255
14700,0.011076662458619217,0.0010919673820347338,0.3670478595074735,0.060470601712870595,0.004594997708812002,0.3089074089957648,0.08028694685980765,0.004201219033832698,0.2353624108589747,4.4328955711473854e-05,4.4328955711473854e-05,0.5215171260173395
14710,0.011073181031565734,0.0010925592246338258,0.3672467981962439,0.060455186817502796,0.004597618241024526,0.3090835792285395,0.08027207701948867,0.004203746906686925,0.23550402838582213,4.4359111463658534e-05,4.4359111463658534e-05,0.5218718995724533
14720,0.011069700684717673,0.0010931508835979958,0.3674456751589901,0.060439775663826356,0.004600238137149521,0.30925970669912745,0.08025720970310961,0.004206274350471366,0.23564562187514654,4.43892672158432e-05,4.43892672158432e-05,0.522226673127567
14730,0.011066221417825858,0.0010937423589696047,0.3676444904099511,0.060424368251247584,0.004602857397287912,0.3094357914143134,0.08024234491043616,0.004208801365225849,0.23578719132917925,4.441942296802788e-05,4.441942296802788e-05,0.5225814466826809
14740,0.011062743230641103,0.001094333650791013,0.36784324396336565,0.06040896457917281,0.004605476021540624,0.3096118333808823,0.08022748264123407,0.004211327950990207,0.23592873675015164,4.444957872021255e-05,4.444957872021255e-05,0.5229362202377946
14750,0.011059266122914232,0.0010949247591045806,0.36804193583347244,0.06039356464700835,0.004608094010008582,0.30978783260561893,0.08021262289526901,0.004213854107804268,0.23607025814029511,4.447973447239723e-05,4.447973447239723e-05,0.5232909937929086
14760,0.011055790094396067,0.0010955156839526688,0.36824056603451055,0.06037816845416053,0.004610711362792711,0.30996378909530825,0.08019776567230669,0.004216379835707862,0.23621175550184104,4.450989022458191e-05,4.450989022458191e-05,0.5236457673480224
14770,0.011052315144837427,0.0010961064253776377,0.3684391345807186,0.06036277600003567,0.0046133280799939376,0.31013970285673526,0.08018291097211282,0.004218905134740819,0.23635322883702073,4.454004597676659e-05,4.454004597676659e-05,0.5240005409031363
14780,0.011048841273989134,0.0010966969834218475,0.36863764148633527,0.06034738728404009,0.004615944161713186,0.3103155738966847,0.0801680587944531,0.0042214300049429705,0.23649467814806557,4.4570201728951254e-05,4.4570201728951254e-05,0.52435531445825
14790,0.011045368481602008,0.0010972873581276594,0.36883608676559976,0.06033200230558011,0.004618559608051382,0.3104914022219416,0.08015320913909325,0.004223954446354146,0.23663610343720706,4.4600357481135934e-05,4.4600357481135934e-05,0.5247100880133639
14800,0.011041896767426868,0.001097877549537433,0.3690344704327506,0.06031662106406206,0.004621174419109451,0.31066718783929076,0.08013836200579896,0.004226478459014174,0.23677750470667644,4.4630513233320614e-05,4.4630513233320614e-05,0.5250648615684778
14810,0.011038426131214536,0.0010984675576935295,0.3692327925020267,0.060301243558892256,0.0046237885949883175,0.3108429307555171,0.08012351739433596,0.004229002042962886,0.23691888195870509,4.466066898550528e-05,4.466066898550528e-05,0.5254196351235915
14820,0.011034956572715832,0.0010990573826383091,0.36943105298766693,0.06028586978947702,0.004626402135788908,0.3110186309774055,0.08010867530446991,0.0042315251982401126,0.23706023519552452,4.469082473768996e-05,4.469082473768996e-05,0.5257744086787054
14830,0.011031488091681578,0.0010996470244141322,0.36962925190391,0.060270499755222674,0.004629015041612147,0.3111942885117409,0.08009383573596657,0.004234047924885682,0.23720156441936596,4.472098048987464e-05,4.472098048987464e-05,0.5261291822338192
14840,0.011028020687862593,0.0011002364830633596,0.3698273892649948,0.060255133455535535,0.00463162731255896,0.3113699033653082,0.0800789986885916,0.004236570222939426,0.23734286963246082,4.475113624205932e-05,4.475113624205932e-05,0.5264839557889331
14850,0.0110245543610097,0.0011008257586283515,0.3700254650851601,0.060239770889821936,0.004634238948730273,0.31154547554489226,0.08006416416211073,0.004239092092441174,0.23748415083704055,4.478129199424399e-05,4.478129199424399e-05,0.5268387293440469
14860,0.011021089110873718,0.0011014148511514685,0.3702234793786448,0.06022441205748819,0.00463684995022701,0.31172100505727796,0.08004933215628966,0.004241613533430756,0.23762540803533647,4.481144774642867e-05,4.481144774642867e-05,0.5271935028991608
14870,0.011017624937205466,0.001102003760675071,0.37042143215968765,0.06020905695794061,0.004639460317150098,0.31189649190925023,0.0800345026708941,0.004244134545948002,0.23776664122957997,4.484160349861335e-05,4.484160349861335e-05,0.5275482764542746
14880,0.01101416183975577,0.0011025924872415196,0.37061932344252757,0.06019370559058554,0.004642070049600458,0.31207193610759376,0.08001967570568976,0.004246655130032741,0.2379078504220023,4.487175925079801e-05,4.487175925079801e-05,0.5279030500093883
14890,0.011010699818275446,0.0011031810308931747,0.37081715324140324,0.060178357954829294,0.004644679147679022,0.3122473376590939,0.08000485126044232,0.004249175285724806,0.23804903561483506,4.490191500298269e-05,4.490191500298269e-05,0.5282578235645022
14900,0.011007238872515316,0.0011037693916723969,0.37101492157055355,0.06016301405007818,0.004647287611486711,0.3124226965705352,0.0799900293349175,0.004251695013064024,0.23819019681030945,4.493207075516737e-05,4.493207075516737e-05,0.5286125971196162
14910,0.011003779002226198,0.0011043575696215468,0.3712126284442174,0.060147673875738536,0.004649895441124451,0.3125980128487025,0.07997520992888102,0.004254214312090225,0.23833133401065687,4.496222650735204e-05,4.496222650735204e-05,0.5289673706747299
14920,0.011000320207158918,0.0011049455647829842,0.37141027387663333,0.060132337431216674,0.004652502636693167,0.31277328650038094,0.07996039304209857,0.004256733182843242,0.2384724472181088,4.499238225953672e-05,4.499238225953672e-05,0.5293221442298437
14930,0.010996862487064295,0.0011055333771990703,0.37160785788204037,0.06011700471591892,0.004655109198293786,0.3129485175323553,0.07994557867433585,0.0042592516253629024,0.23861353643489647,4.50225380117214e-05,4.50225380117214e-05,0.5296769177849576
14940,0.010993405841693143,0.001106121006912166,0.3718053804746776,0.06010167572925159,0.004657715126027231,0.3131237059514104,0.07993076682535859,0.004261769639689038,0.23875460166325146,4.505269376390608e-05,4.505269376390608e-05,0.5300316913400714
14950,0.010989950270796293,0.0011067084539646307,0.3720028416687834,0.06008635047062101,0.004660320419994429,0.3132988517643313,0.07991595749493247,0.004264287225861477,0.23889564290540488,4.5082849516090746e-05,4.5082849516090746e-05,0.5303864648951853
14960,0.01098649577412456,0.0011072957183988251,0.37220024147859665,0.060071028939433516,0.004662925080296304,0.31347395497790276,0.07990115068282322,0.004266804383920053,0.2390366601635884,4.5113005268275426e-05,4.5113005268275426e-05,0.5307412384502991
14970,0.010983042351428766,0.0011078828002571103,0.37239757991835637,0.060055711135095405,0.004665529107033784,0.31364901559890973,0.07988634638879652,0.004269321113904592,0.23917765344003317,4.5143161020460106e-05,4.5143161020460106e-05,0.531096012005413
14980,0.010979590002459731,0.0011084696995818462,0.37259485700230116,0.060040397057013,0.00466813250030779,0.31382403363413713,0.07987154461261808,0.004271837415854924,0.23931862273697055,4.5173316772644786e-05,4.5173316772644786e-05,0.5314507855605268
14990,0.010976138726968274,0.0011090564164153937,0.3727920727446701,0.060025086704592646,0.004670735260219252,0.3139990090903699,0.07985674535405363,0.0042743532898108835,0.23945956805663213,4.520347252482945e-05,4.520347252482945e-05,0.5318055591156405
15000,0.01097268852470522,0.001109642950800113,0.3729892271597018,0.06000978007724064,0.004673337386869092,0.3141739419743927,0.07984194861286883,0.004276868735812296,0.2396004894012491,4.523362827701413e-05,4.523362827701413e-05,0.5321603326707545
15010,0.010969239395421385,0.0011102293027783648,0.3731863202616352,0.05999447717436333,0.004675938880358236,0.31434883229299065,0.07982715438882944,0.004279383753898994,0.23974138677305287,4.526378402919881e-05,4.526378402919881e-05,0.5325151062258684
15020,0.010965791338867593,0.0011108154723925095,0.3733833520647091,0.05997917799536701,0.004678539740787609,0.31452368005294845,0.07981236268170114,0.004281898344110807,0.23988226017427489,4.529393978138348e-05,4.529393978138348e-05,0.5328698797809821
15030,0.010962344354794665,0.0011114014596849075,0.3735803225831621,0.05996388253965802,0.0046811399682581386,0.31469848526105126,0.07979757349124962,0.004284412506487564,0.24002310960714646,4.532409553356816e-05,4.532409553356816e-05,0.5332246533360959
15040,0.010958898442953419,0.0011119872646979194,0.3737772318312334,0.059948590806642665,0.004683739562870747,0.3148732479240837,0.0797827868172406,0.004286926241069097,0.240163935073899,4.535425128575284e-05,4.535425128575284e-05,0.5335794268912099
15050,0.010955453603094675,0.0011125728874739056,0.3739740798231615,0.05993330279572729,0.004686338524726362,0.315047968048831,0.0797680026594398,0.0042894395478952334,0.2403047365767638,4.538440703793752e-05,4.538440703793752e-05,0.5339342004463237
15060,0.010952009834969257,0.0011131583280552266,0.3741708665731854,0.059918018506318206,0.004688936853925907,0.3152226456420777,0.0797532210176129,0.004291952427005806,0.2404455141179723,4.5414562790122186e-05,4.5414562790122186e-05,0.5342889740014375
15070,0.010948567138327984,0.001113743586484243,0.3743675920955439,0.05990273793782172,0.00469153455057031,0.315397280710609,0.07973844189152562,0.004294464878440644,0.24058626769975594,4.5444718542306866e-05,4.5444718542306866e-05,0.5346437475565513
15080,0.010945125512921677,0.0011143286628033152,0.3745642564044757,0.05988746108964418,0.004694131614760492,0.31557187326120956,0.07972366528094366,0.004296976902239576,0.24072699732434596,4.547487429449153e-05,4.547487429449153e-05,0.534998521111665
15090,0.010941684958501157,0.0011149135570548037,0.3747608595142197,0.05987218796119188,0.004696728046597382,0.3157464233006643,0.07970889118563274,0.004299488498442434,0.24086770299397386,4.550503004667621e-05,4.550503004667621e-05,0.535353294666779
15100,0.010938245474817244,0.001115498269281069,0.37495740143901474,0.05985691855187117,0.004699323846181903,0.3159209308357582,0.07969411960535855,0.004301999667089048,0.24100838471087102,4.553518579886089e-05,4.553518579886089e-05,0.5357080682218928
15110,0.010934807061620758,0.0011160827995244714,0.3751538821930996,0.05984165286108835,0.004701919013614983,0.3160953958732761,0.07967935053988678,0.004304510408219245,0.24114904247726862,4.556534155104557e-05,4.556534155104557e-05,0.5360628417770067
15120,0.010931369718662522,0.0011166671478273719,0.37535030179071316,0.059826390888249745,0.004704513548997546,0.316269818420003,0.07966458398898317,0.004307020721872858,0.24128967629539824,4.559549730323025e-05,4.559549730323025e-05,0.5364176153321206
15130,0.010927933445693353,0.0011172513142321304,0.37554666024609423,0.05981113263276168,0.004707107452430514,0.3164441984827236,0.07964981995241341,0.004309530608089717,0.24143028616749115,4.562565305541492e-05,4.562565305541492e-05,0.5367723888872343
15140,0.010924498242464074,0.0011178352987811077,0.3757429575734816,0.05979587809403049,0.004709700724014818,0.31661853606822304,0.07963505842994321,0.004312040066909653,0.24157087209577888,4.56558088075996e-05,4.56558088075996e-05,0.5371271624423481
15150,0.010921064108725507,0.0011184191015166643,0.37593919378711405,0.05978062727146248,0.004712293363851381,0.31679283118328605,0.07962029942133828,0.0043145490983724916,0.24171143408249254,4.5685964559784265e-05,4.5685964559784265e-05,0.5374819359974619
15160,0.010917631044228472,0.0011190027224811604,0.37613536890123034,0.05976538016446397,0.0047148853720411265,0.3169670838346975,0.07960554292636429,0.004317057702518068,0.24185197212986376,4.5716120311968945e-05,4.5716120311968945e-05,0.5378367095525758
15170,0.010914199048723785,0.0011195861617169568,0.37633148293006946,0.05975013677244129,0.004717476748684982,0.31714129402924246,0.079590788944787,0.004319565879386209,0.24199248624012373,4.5746276064153625e-05,4.5746276064153625e-05,0.5381914831076897
15180,0.010910768121962273,0.0011201694192664138,0.3765275358878701,0.05973489709480076,0.004720067493883873,0.3173154617737057,0.07957603747637207,0.004322073629016747,0.24213297641550405,4.5776431816338305e-05,4.5776431816338305e-05,0.5385462566628035
15190,0.010907338263694756,0.0011207524951718922,0.3767235277888713,0.059719661130948704,0.004722657607738722,0.31748958707487207,0.07956128852088523,0.004324580951449509,0.24227344265823583,4.580658756852297e-05,4.580658756852297e-05,0.5389010302179172
15200,0.010903909435452504,0.001121335395973075,0.37691946083128575,0.05970442882494894,0.004725247099758682,0.3176636705720122,0.07954654207798699,0.004327087846742209,0.24241388497155233,4.583674332070765e-05,4.583674332070765e-05,0.5392558037730312
15210,0.010900481569269023,0.0011219181332242666,0.37711533889891313,0.05968920007808731,0.00472783598672516,0.31783771339328803,0.0795317981472014,0.00432959431497576,0.24255430335998657,4.5866899072892325e-05,4.5866899072892325e-05,0.539610577328145
15220,0.01089705466368571,0.0011225007071734299,0.37731116207510246,0.05967397488790509,0.004730424269056137,0.3180117155667991,0.07951705672819365,0.004332100356207077,0.242694697826727,4.5897054825077005e-05,4.5897054825077005e-05,0.5399653508832588
15230,0.01089362871854916,0.0011230831178466432,0.37750693036861954,0.05965875325383305,0.004733011946848385,0.31818567709905105,0.07950231782063215,0.004334605970492532,0.24283506837493177,4.592721057726168e-05,4.592721057726168e-05,0.5403201244383726
15240,0.010890203733705965,0.0011236653652699864,0.3777026437882307,0.05964353517530193,0.004735599020198674,0.3183595979965495,0.0794875814241853,0.004337111157888497,0.24297541500775893,4.595736632944636e-05,4.595736632944636e-05,0.5406748979934866
15250,0.01088677970900272,0.001124247449469538,0.37789830234270183,0.05962832065174251,0.004738185489203775,0.3185334782658,0.0794728475385215,0.004339615918451343,0.2431157377283666,4.598752208163103e-05,4.598752208163103e-05,0.5410296715486004
15260,0.010883356644286015,0.001124829370471378,0.37809390604079923,0.05961310968258555,0.0047407713539604586,0.3187073179133081,0.07945811616330914,0.004342120252237443,0.2432560365399128,4.6017677833815705e-05,4.6017677833815705e-05,0.5413844451037141
15270,0.010879934539402447,0.0011254111283015844,0.37828945489128885,0.059597902267261804,0.004743356614565496,0.3188811169455796,0.07944338729821664,0.00434462415930317,0.24339631144555574,4.6047833586000385e-05,4.6047833586000385e-05,0.541739218658828
15280,0.010876513394198607,0.0011259927229862372,0.3784849489029369,0.05958269840520203,0.004745941271115658,0.3190548753691198,0.07942866094291239,0.004347127639704893,0.24353656244845343,4.607798933818506e-05,4.607798933818506e-05,0.5420939922139418
15290,0.01087309320852109,0.0011265741545514155,0.3786803880845094,0.059567498095836995,0.004748525323707714,0.31922859319043456,0.07941393709706478,0.004349630693498986,0.2436767895517639,4.610814509036974e-05,4.610814509036974e-05,0.5424487657690557
15300,0.010869673982216485,0.001127155423023198,0.37887577244477244,0.05955230133859745,0.004751108772438436,0.3194022704160292,0.07939921576034221,0.0043521333207418205,0.2438169927586454,4.613830084255441e-05,4.613830084255441e-05,0.5428035393241695
15310,0.010866255715131392,0.001127736528427664,0.3790711019924921,0.059537108132914164,0.0047536916174045945,0.3195759070524097,0.07938449693241312,0.004354635521489768,0.24395717207225592,4.616845659473909e-05,4.616845659473909e-05,0.5431583128792834
15320,0.010862838407112397,0.0011283174707908928,0.3792663767364345,0.059521918478217896,0.00475627385870296,0.31974950310608136,0.07936978061294586,0.004357137295799201,0.24409732749575352,4.6198612346923765e-05,4.6198612346923765e-05,0.5435130864343972
15330,0.0108594220580061,0.0011288982501389635,0.37946159668536583,0.05950673237393941,0.004758855496430303,0.31992305858354975,0.07935506680160886,0.004359638643726491,0.2442374590322964,4.622876809910844e-05,4.622876809910844e-05,0.543867859989511
15340,0.01085600666765909,0.0011294788664979552,0.37965676184805214,0.05949154981950945,0.004761436530683396,0.32009657349132065,0.07934035549807052,0.00436213956532801,0.2443775666850426,4.625892385129312e-05,4.625892385129312e-05,0.5442226335446249
15350,0.010852592235917962,0.001130059319893947,0.37985187223325945,0.059476370814358796,0.004764016961559007,0.32027004783589963,0.07932564670199922,0.00436464006066013,0.24451765045715013,4.628907960347779e-05,4.628907960347779e-05,0.5445774070997387
15360,0.01084917876262931,0.001130639610353018,0.3800469278497539,0.059461195357918196,0.0047665967891539094,0.3204434816237922,0.07931094041306339,0.004367140129779223,0.2446577103517772,4.631923535566247e-05,4.631923535566247e-05,0.5449321806548526
15370,0.010845766247639724,0.0011312197379012474,0.38024192870630164,0.05944602344961841,0.004769176013564871,0.32061687486150386,0.0792962366309314,0.00436963977274166,0.24479774637208182,4.6349391107847144e-05,4.6349391107847144e-05,0.5452869542099663
15380,0.010842354690795801,0.0011317997025647143,0.3804368748116686,0.05943085508889021,0.004771754634888666,0.32079022755554054,0.07928153535527166,0.004372138989603815,0.24493775852122213,4.637954686003182e-05,4.637954686003182e-05,0.5456417277650801
15390,0.010838944091944133,0.001132379504369498,0.38063176617462113,0.05941569027516435,0.004774332653222062,0.3209635397124075,0.07926683658575259,0.004374637780422058,0.24507774680235622,4.64097026122165e-05,4.64097026122165e-05,0.5459965013201941
15400,0.010835534450931312,0.0011329591433416775,0.38082660280392516,0.059400529007871586,0.004776910068661832,0.3211368113386105,0.07925214032204257,0.004377136145252761,0.2452177112186421,4.643985836440117e-05,4.643985836440117e-05,0.5463512748753079
15410,0.010832125767603933,0.001133538619507332,0.3810213847083469,0.05938537128644269,0.004779486881304746,0.3213100424406551,0.07923744656381,0.004379634084152297,0.24535765177323793,4.647001411658585e-05,4.647001411658585e-05,0.5467060484304217
15420,0.010828718041808587,0.0011341179328925406,0.3812161118966522,0.059370217110308404,0.004782063091247574,0.321483233025047,0.07922275531072329,0.004382131597177038,0.24549756846930182,4.6500169868770524e-05,4.6500169868770524e-05,0.5470608219855355
15430,0.01082531127339187,0.0011346970835233825,0.38141078437760756,0.0593550664788995,0.004784638698587087,0.32165638309829153,0.07920806656245084,0.0043846286843833545,0.24563746130999184,4.6530325620955204e-05,4.6530325620955204e-05,0.5474155955406494
15440,0.010821905462200377,0.0011352760714259365,0.3816054021599786,0.05933991939164674,0.004787213703420057,0.32182949266689453,0.07919338031866105,0.0043871253458276195,0.24577733029846607,4.656048137313988e-05,4.656048137313988e-05,0.5477703690957633
15450,0.010818500608080695,0.0011358548966262823,0.3817999652525318,0.059324775847980876,0.004789788105843253,0.3220025617373615,0.07917869657902231,0.004389621581566205,0.2459171754378826,4.659063712532455e-05,4.659063712532455e-05,0.548125142650877
15460,0.010815096710879423,0.0011364335591504988,0.38199447366403316,0.05930963584733268,0.004792361905953447,0.322175590316198,0.07916401534320304,0.0043921173916554816,0.24605699673139952,4.662079287750923e-05,4.662079287750923e-05,0.5484799162059909
15470,0.010811693770443151,0.001137012059024665,0.38218892740324867,0.0592944993891329,0.004794935103847409,0.3223485784099098,0.07914933661087162,0.0043946127761518225,0.2461967941821749,4.6650948629693904e-05,4.6650948629693904e-05,0.5488346897611047
15480,0.010808291786618473,0.00113759039627486,0.3823833264789445,0.05927936647281231,0.00479750769962191,0.32252152602500234,0.07913466038169646,0.0043971077351116,0.24633656779336696,4.6681104381878584e-05,4.6681104381878584e-05,0.5491894633162185
15490,0.010804890759251983,0.0011381685709271634,0.3825776708998868,0.05926423709780165,0.004800079693373721,0.3226944331679812,0.07911998665534596,0.004399602268591184,0.24647631756813354,4.671126013406326e-05,4.671126013406326e-05,0.5495442368713324
15500,0.010801490688190274,0.0011387465830076538,0.3827719606748416,0.05924911126353171,0.004802651085199612,0.322867299845352,0.07910531543148852,0.004402096376646948,0.24661604350963298,4.674141588624794e-05,4.674141588624794e-05,0.5498990104264463
15510,0.01079809157327994,0.0011393244325424107,0.38296619581257496,0.05923398896943322,0.004805221875196355,0.3230401260636204,0.07909064670979254,0.004404590059335264,0.24675574562102318,4.677157163843261e-05,4.677157163843261e-05,0.5502537839815601
15520,0.010794693414367574,0.001139902119557513,0.383160376321853,0.05921887021493696,0.004807792063460719,0.323212911829292,0.07907598048992644,0.004407083316712504,0.24689542390546243,4.6801727390617284e-05,4.6801727390617284e-05,0.5506085575366739
15530,0.010791296211299768,0.00114047964407904,0.38335450221144196,0.05920375499947368,0.004810361650089477,0.32338565714887235,0.07906131677155859,0.004409576148835039,0.24703507836610863,4.6831883142801964e-05,4.6831883142801964e-05,0.5509633310917877
15540,0.010787899963923117,0.0011410570061330706,0.38354857349010774,0.059188643322474144,0.004812930635179398,0.323558362028867,0.07904665555435739,0.0044120685557592415,0.24717470900611996,4.686203889498664e-05,4.686203889498664e-05,0.5513181046469016
15550,0.010784504672084213,0.0011416342057456845,0.3837425901666166,0.05917353518336912,0.004815499018827252,0.3237310264757816,0.07903199683799127,0.004414560537541482,0.24731431582865446,4.689219464717132e-05,4.689219464717132e-05,0.5516728782020155
15560,0.010781110335629649,0.0011422112429429602,0.3839365522497345,0.05915843058158935,0.004818066801129812,0.32390365049612174,0.0790173406221286,0.004417052094238135,0.24745389883687033,4.692235039935599e-05,4.692235039935599e-05,0.5520276517571293
15570,0.01077771695440602,0.0011427881177509772,0.38413045974822757,0.05914332951656562,0.004820633982183848,0.3240762340963931,0.0790026869064378,0.004419543225905571,0.24759345803392552,4.6952506151540663e-05,4.6952506151540663e-05,0.552382425312243
15580,0.010774324528259919,0.0011433648301958145,0.384324312670862,0.05912823198772866,0.00482320056208613,0.3242487772831011,0.07898803569058727,0.004422033932600162,0.24773299342297825,4.6982661903725343e-05,4.6982661903725343e-05,0.552737198867357
15590,0.010770933057037937,0.0011439413803035511,0.3845181110264037,0.059113137994509256,0.004825766540933429,0.32442128006275145,0.0789733869742454,0.00442452421437828,0.24787250500718658,4.701281765591002e-05,4.701281765591002e-05,0.5530919724224708
15600,0.01076754254058667,0.0011445177681002666,0.38471185482361897,0.059098047536338155,0.004828331918822516,0.3245937424418498,0.07895874075708059,0.004427014071296297,0.24801199278970854,4.70429734080947e-05,4.70429734080947e-05,0.5534467459775846
15610,0.01076415297875271,0.0011450939936120399,0.38490554407127386,0.05908296061264612,0.004830896695850162,0.3247661644269016,0.07894409703876126,0.004429503503410584,0.24815145677370215,4.707312916027937e-05,4.707312916027937e-05,0.5538015195326984
15620,0.010760764371382651,0.00114567005686495,0.3850991787781344,0.05906787722286391,0.004833460872113137,0.3249385460244125,0.07892945581895579,0.004431992510777514,0.2482908969623257,4.710328491246405e-05,4.710328491246405e-05,0.5541562930878123
15630,0.010757376718323086,0.0011462459578850761,0.3852927589529667,0.05905279736642229,0.004836024447708212,0.32511088724088816,0.07891481709733258,0.004434481093453459,0.24843031335873722,4.713344066464872e-05,4.713344066464872e-05,0.5545110666429262
15640,0.010753990019420607,0.0011468216966984974,0.3854862846045369,0.059037721042752025,0.004838587422732158,0.32528318808283413,0.07890018087356004,0.00443696925149479,0.2485697059660947,4.7163596416833396e-05,4.7163596416833396e-05,0.55486584019804
15650,0.010750604274521808,0.001147397273331293,0.38567975574161106,0.05902264825128386,0.004841149797281746,0.325455448556756,0.07888554714730658,0.00443945698495788,0.24870907478755627,4.7193752169018076e-05,4.7193752169018076e-05,0.5552206137531538
15660,0.010747219483473285,0.001147972687809542,0.3858731723729553,0.05900757899144857,0.004843711571453746,0.3256276686691593,0.07887091591824058,0.004441944293899099,0.2488484198262801,4.722390792120275e-05,4.722390792120275e-05,0.5555753873082676
15670,0.010743835646121627,0.0011485479401593239,0.3860665345073357,0.0589925132626769,0.004846272745344929,0.32579984842654985,0.07885628718603045,0.004444431178374821,0.24898774108542418,4.725406367338743e-05,4.725406367338743e-05,0.5559301608633815
15680,0.01074045276231343,0.0011491230304067174,0.38625984215351844,0.058977451064399625,0.004848833319052066,0.325971987835433,0.07884166095034459,0.0044469176384414185,0.24912703856814672,4.72842194255721e-05,4.72842194255721e-05,0.5562849344184952
15690,0.010737070831895287,0.0011496979585778016,0.3864530953202694,0.058962392396047496,0.004851393292671928,0.32614408690231445,0.0788270372108514,0.0044494036741552605,0.24926631227760565,4.731437517775678e-05,4.731437517775678e-05,0.5566397079736092
15700,0.01073368985471379,0.001150272724698656,0.3866462940163549,0.05894733725705128,0.004853952666301285,0.32631614563369976,0.07881241596721927,0.004451889285572721,0.2494055622169592,4.7344530929941456e-05,4.7344530929941456e-05,0.556994481528723
15710,0.010730309830615535,0.0011508473287953596,0.386839438250541,0.058932285646841734,0.004856511440036908,0.3264881640360946,0.07879779721911663,0.004454374472750172,0.24954478838936536,4.737468668212613e-05,4.737468668212613e-05,0.5573492550838368
15720,0.010726930759447112,0.0011514217708939916,0.3870325280315937,0.058917237564849616,0.004859069613975567,0.32666014211600447,0.07878318096621184,0.004456859235743984,0.24968399079798229,4.740484243431081e-05,4.740484243431081e-05,0.5577040286389506
15730,0.010723552641055116,0.0011519960510206308,0.38722556336827924,0.05890219301050569,0.004861627188214035,0.32683207987993507,0.07876856720817334,0.00445934357461053,0.24982316944596808,4.743499818649548e-05,4.743499818649548e-05,0.5580588021940645
15740,0.01072017547528614,0.0011525701692013566,0.3874185442693635,0.05888715198324072,0.00486418416284908,0.3270039773343919,0.07875395594466951,0.004461827489406182,0.2499623243364808,4.746515393868016e-05,4.746515393868016e-05,0.5584135757491784
15750,0.010716799261986779,0.0011531441254622483,0.3876114707436128,0.05887211448248546,0.004866740537977475,0.3271758344858806,0.07873934717536875,0.004464310980187311,0.2501014554726785,4.7495309690864836e-05,4.7495309690864836e-05,0.5587683493042922
15760,0.010713424001003622,0.0011537179198293848,0.38780434279979314,0.05885708050767066,0.00486929631369599,0.3273476513409068,0.07872474089993946,0.004466794047010289,0.2502405628577193,4.752546544304951e-05,4.752546544304951e-05,0.5591231228594059
15770,0.010710049692183267,0.0011542915523288452,0.38799716044667065,0.05884205005822711,0.004871851490101394,0.32751942790597605,0.07871013711805004,0.00446927668993149,0.25037964649476135,4.755562119523419e-05,4.755562119523419e-05,0.5594778964145198
15780,0.010706676335372305,0.0011548650229867088,0.3881899236930113,0.058827023133585545,0.00487440606729046,0.32769116418759386,0.0786955358293689,0.004471758909007284,0.25051870638696266,4.758577694741886e-05,4.758577694741886e-05,0.5598326699696337
15790,0.010703303930417327,0.0011554383318290549,0.38838263254758143,0.05881199973317673,0.0048769600453599585,0.32786286019226607,0.07868093703356445,0.004474240704294042,0.25065774253748135,4.761593269960354e-05,4.761593269960354e-05,0.5601874435247475
15800,0.010699932477164931,0.001156011478881962,0.38857528701914684,0.05879697985643143,0.004879513424406659,0.32803451592649807,0.07866634073030505,0.004476722075848138,0.25079675494947556,4.7646088451788216e-05,4.7646088451788216e-05,0.5605422170798613
15810,0.010696561975461708,0.00115658446417151,0.3887678871164739,0.05878196350278041,0.0048820662045273334,0.3282061313967955,0.07865174691925915,0.004479203023725943,0.25093574362610327,4.7676244203972896e-05,4.7676244203972896e-05,0.5608969906349752
15820,0.010693192425154253,0.0011571572877237775,0.3889604328483286,0.05876695067165442,0.004884618385818751,0.3283777066096639,0.07863715560009511,0.0044816835479838295,0.25107470857052266,4.770639995615757e-05,4.770639995615757e-05,0.561251764190089
15830,0.010689823826089156,0.001157729949564844,0.3891529242234769,0.05875194136248422,0.004887169968377686,0.3285492415716091,0.07862256677248135,0.004484163648678169,0.25121364978589183,4.773655570834224e-05,4.773655570834224e-05,0.5616065377452029
15840,0.010686456178113013,0.0011583024497207885,0.38934536125068514,0.058736935574700576,0.004889720952300904,0.32872073628913634,0.07860798043608627,0.004486643325865332,0.25135256727536875,4.776671146052692e-05,4.776671146052692e-05,0.5619613113003167
15850,0.010683089481072414,0.00115887478821769,0.3895377439387193,0.05872193330773425,0.004892271337685179,0.32889219076875154,0.07859339659057826,0.004489122579601693,0.2514914610421117,4.7796867212711596e-05,4.7796867212711596e-05,0.5623160848554305
15860,0.010679723734813957,0.0011594469650816279,0.38973007229634543,0.058706934561016,0.004894821124627282,0.3290636050169601,0.07857881523562574,0.004491601409943622,0.25163033108927857,4.7827022964896276e-05,4.7827022964896276e-05,0.5626708584105444
15870,0.010676358939184232,0.0011600189803386812,0.38992234633232975,0.05869193933397659,0.004897370313223983,0.3292349790402678,0.0785642363708971,0.004494079816947491,0.2517691774200275,4.785717871708095e-05,4.785717871708095e-05,0.5630256319656581
15880,0.010672995094029834,0.001160590834014929,0.39011456605543826,0.05867694762604676,0.004899918903572052,0.3294063128451799,0.07854965999606073,0.004496557800669674,0.25190800003751673,4.788733446926562e-05,4.788733446926562e-05,0.563380405520772
15890,0.010669632199197353,0.0011611625261364503,0.390306731474437,0.05866195943665731,0.004902466895768261,0.3295776064382024,0.07853508611078504,0.0044990353611665404,0.2520467989449042,4.79174902214503e-05,4.79174902214503e-05,0.5637351790758859
15900,0.010666270254533388,0.0011617340567293246,0.3904988425980922,0.05864697476523896,0.0049050142899093796,0.3297488598258406,0.07852051471473843,0.004501512498494464,0.2521855741453481,4.7947645973634975e-05,4.7947645973634975e-05,0.5640899526309997
15910,0.010662909259884527,0.0011623054258196308,0.39069089943517005,0.05863199361122249,0.004907561086092179,0.32992007301460025,0.07850594580758931,0.004503989212709815,0.25232432564200646,4.7977801725819655e-05,4.7977801725819655e-05,0.5644447261861135
15920,0.010659549215097366,0.0011628766334334482,0.39088290199443637,0.05861701597403866,0.004910107284413431,0.3300912460109869,0.07849137938900606,0.004506465503868966,0.2524630534380373,4.800795747800433e-05,4.800795747800433e-05,0.5647994997412273
15930,0.010656190120018498,0.001163447679596856,0.39107485028465744,0.05860204185311823,0.004912652884969904,0.33026237882150605,0.0784768154586571,0.004508941372028289,0.2526017575365988,4.803811323018901e-05,4.803811323018901e-05,0.5651542732963413
15940,0.010652831974494516,0.0011640185643359328,0.39126674431459924,0.058587071247891954,0.004915197887858371,0.33043347145266355,0.07846225401621083,0.004511416817244157,0.2527404379408491,4.806826898237368e-05,4.806826898237368e-05,0.5655090468514551
15950,0.010649474778372013,0.0011645892876767584,0.391458584093028,0.0585721041577906,0.004917742293175601,0.33060452391096473,0.07844769506133563,0.00451389183957294,0.2528790946539462,4.8098424734558355e-05,4.8098424734558355e-05,0.5658638204065688
15960,0.010646118531497582,0.0011651598496454116,0.39165036962870975,0.05855714058224492,0.004920286101018366,0.3307755362029153,0.07843313859369992,0.004516366439071011,0.25301772767904823,4.8128580486743035e-05,4.8128580486743035e-05,0.5662185939616827
15970,0.010642763233717817,0.0011657302502679715,0.39184210093041055,0.05854218052068568,0.004922829311483436,0.3309465083350209,0.07841858461297209,0.004518840615794742,0.2531563370193133,4.815873623892771e-05,4.815873623892771e-05,0.5665733675167965
15980,0.010639408884879312,0.0011663004895705175,0.3920337780068966,0.058527223972543646,0.0049253719246675825,0.33111744031378704,0.07840403311882055,0.004521314369800505,0.25329492267789944,4.818889199111239e-05,4.818889199111239e-05,0.5669281410719104
15990,0.010636055484828658,0.0011668705675791284,0.39222540086693386,0.05851227093724957,0.004927913940667576,0.33128833214571934,0.07838948411091369,0.004523787701144671,0.2534334846579647,4.821904774329706e-05,4.821904774329706e-05,0.5672829146270242
16000,0.010632703033412452,0.0011674404843198837,0.3924169695192886,0.05849732141423421,0.004930455359580187,0.3314591838373234,0.07837493758891992,0.004526260609883612,0.25357202296266734,4.824920349548174e-05,4.824920349548174e-05,0.5676376881821381
16010,0.010629351530477284,0.0011680102398188624,0.3926084839727268,0.05848237540292833,0.004932996181502186,0.3316299953951049,0.07836039355250762,0.004528733096073701,0.2537105375951653,4.8279359247666415e-05,4.8279359247666415e-05,0.5679924617372519
16020,0.010626000975869748,0.0011685798341021434,0.3927999442360145,0.0584674329027627,0.004935536406530344,0.3318007668255693,0.07834585200134522,0.004531205159771309,0.25384902855861674,4.830951499985109e-05,4.830951499985109e-05,0.5683472352923657
16030,0.010622651369436437,0.0011691492671958062,0.39299135031791804,0.05845249391316806,0.004938076034761431,0.3319714981352222,0.07833131293510111,0.004533676801032808,0.25398749585617975,4.833967075203577e-05,4.833967075203577e-05,0.5687020088474796
16040,0.010619302711023945,0.0011697185391259298,0.3931827022272033,0.05843755843357519,0.00494061506629222,0.3321421893305693,0.07831677635344368,0.004536148019914571,0.2541259394910124,4.836982650422044e-05,4.836982650422044e-05,0.5690567824025934
16050,0.010615955000478867,0.0011702876499185932,0.39337399997263633,0.05842262646341484,0.00494315350121948,0.33231284041811626,0.07830224225604135,0.004538618816472969,0.25426435946627274,4.839998225640512e-05,4.839998225640512e-05,0.5694115559577073
16060,0.010612608237647793,0.0011708565995998757,0.39356524356298334,0.05840769800211777,0.0049456913396399805,0.3324834514043684,0.0782877106425625,0.004541089190764373,0.25440275578511895,4.8430138008589795e-05,4.8430138008589795e-05,0.569766329512821
16070,0.010609262422377318,0.0011714253881958563,0.3937564330070105,0.05839277304911475,0.004948228581650495,0.3326540222958315,0.07827318151267554,0.004543559142845157,0.2545411284507091,4.846029376077447e-05,4.846029376077447e-05,0.5701211030679348
16080,0.010605917554514035,0.0011719940157326144,0.3939475683134838,0.05837785160383653,0.004950765227347793,0.3328245530990112,0.07825865486604887,0.004546028672771691,0.2546794774662012,4.849044951295915e-05,4.849044951295915e-05,0.5704758766230488
16090,0.010602573633904539,0.001172562482236229,0.3941386494911694,0.05836293366571387,0.0049533012768286444,0.332995043820413,0.07824413070235088,0.004548497780600348,0.25481780283475336,4.852060526514382e-05,4.852060526514382e-05,0.5708306501781626
16100,0.01059923066039542,0.0011731307877327793,0.39432967654883333,0.05834801923417753,0.004955836730189822,0.3331654944665426,0.07822960902125,0.0045509664663875,0.25495610455952383,4.85507610173285e-05,4.85507610173285e-05,0.5711854237332764
16110,0.010595888633833272,0.0011736989322483442,0.3945206494952417,0.05833310830865829,0.0049583715875280935,0.3333359050439054,0.07821508982241458,0.004553434730189518,0.25509438264367046,4.8580916769513174e-05,4.8580916769513174e-05,0.5715401972883902
16120,0.01059254755406469,0.001174266915809003,0.39471156833916066,0.05831820088858688,0.004960905848940233,0.3335062755590072,0.07820057310551308,0.0045559025720627744,0.25523263709035154,4.8611072521697854e-05,4.8611072521697854e-05,0.5718949708435042
16130,0.010589207420936268,0.001174834738440835,0.3949024330893563,0.05830329697339408,0.004963439514523009,0.3336766060183535,0.07818605887021386,0.004558369992063642,0.255370867902725,4.864122827388253e-05,4.864122827388253e-05,0.572249744398618
16140,0.010585868234294598,0.001175402400169919,0.3950932437545946,0.05828839656251064,0.004965972584373193,0.33384689642844995,0.07817154711618533,0.004560836990248491,0.2555090750839491,4.86713840260672e-05,4.86713840260672e-05,0.5726045179537317
16150,0.01058252999398627,0.0011759699010223345,0.39528400034364175,0.058273499655367336,0.004968505058587556,0.334017146795802,0.0781570378430959,0.004563303566673694,0.2556472586371818,4.870153977825188e-05,4.870153977825188e-05,0.5729592915088456
16160,0.010579192699857883,0.0011765372410241603,0.3954747028652639,0.05825860625139491,0.004971036937262868,0.33418735712691544,0.07814253105061396,0.004565769721395624,0.2557854185655812,4.8731695530436554e-05,4.8731695530436554e-05,0.5733140650639594
16170,0.010575856351756029,0.0011771044202014758,0.3956653513282271,0.058243716350024136,0.0049735682204959,0.3343575274282957,0.07812802673840792,0.004568235454470652,0.25592355487230545,4.8761851282621234e-05,4.8761851282621234e-05,0.5736688386190733
16180,0.010572520949527297,0.0011776714385803599,0.39585594574129745,0.05822882995068576,0.004976098908383423,0.3345276577064486,0.07811352490614616,0.00457070076595515,0.2560616675605126,4.879200703480591e-05,4.879200703480591e-05,0.5740236121741871
16190,0.010569186493018285,0.0011782382961868921,0.396046486113241,0.05821394705281056,0.0049786290010222075,0.33469774796787943,0.07809902555349711,0.0045731656559054885,0.2561997566333607,4.882216278699058e-05,4.882216278699058e-05,0.5743783857293009
16200,0.010565852982075585,0.0011788049930471511,0.3962369724528239,0.05819906765582928,0.004981158498509024,0.334867798219094,0.07808452868012915,0.004575630124378042,0.25633782209400796,4.885231853917526e-05,4.885231853917526e-05,0.5747331592844148
16210,0.010562520416545788,0.0011793715291872164,0.39642740476881216,0.05818419175917269,0.004983687400940644,0.33503780846659786,0.07807003428571069,0.004578094171429181,0.2564758639456124,4.8882474291359934e-05,4.8882474291359934e-05,0.5750879328395286
16220,0.01055918879627549,0.001179937904633167,0.3966177830699721,0.05816931936227156,0.0049862157084138384,0.33520777871689666,0.07805554236991012,0.004580557797115278,0.25661388219133213,4.8912630043544614e-05,4.8912630043544614e-05,0.5754427063946425
16230,0.010555858121111284,0.0011805041194110821,0.3968081073650696,0.05815445046455662,0.004988743421025376,0.3353777089764958,0.07804105293239584,0.004583021001492704,0.25675187683432515,4.894278579572929e-05,4.894278579572929e-05,0.5757974799497563
16240,0.010552528390899762,0.0011810701735470407,0.39699837766287077,0.05813958506545866,0.00499127053887203,0.33554759925190114,0.07802656597283628,0.004585483784617831,0.25688984787774966,4.897294154791397e-05,4.897294154791397e-05,0.5761522535048702
16250,0.01054919960548752,0.001181636067067122,0.3971885939721418,0.05812472316440842,0.00499379706205057,0.3357174495496181,0.07801208149089979,0.004587946146547032,0.2570277953247637,4.900309730009864e-05,4.900309730009864e-05,0.5765070270599839
16260,0.010545871764721148,0.0011822017999974053,0.3973787563016488,0.05810986476083668,0.004996322990657767,0.33588725987615237,0.07799759948625481,0.0045904080873366785,0.25716571917852543,4.9033253052283314e-05,4.9033253052283314e-05,0.5768618006150977
16270,0.01054254486844724,0.0011827673723639695,0.3975688646601578,0.058095009854174186,0.004998848324790391,0.3360570302380094,0.07798311995856974,0.004592869607043143,0.2573036194421929,4.9063408804467994e-05,4.9063408804467994e-05,0.5772165741702117
16280,0.010539218916512392,0.0011833327841928938,0.39775891905643485,0.0580801584438517,0.005001373064545214,0.336226760641695,0.07796864290751296,0.004595330705722794,0.25744149611892403,4.909356455665267e-05,4.909356455665267e-05,0.5775713477253255
16290,0.010535893908763194,0.0011838980355102576,0.39794891949924616,0.05806531052929999,0.005003897210019005,0.3363964510937146,0.07795416833275289,0.004597791383432009,0.25757934921187725,4.912372030883735e-05,4.912372030883735e-05,0.5779261212804393
16300,0.01053256984504624,0.0011844631263421396,0.3981388659973578,0.0580504661099498,0.005006420761308536,0.3365661016005738,0.0779396962339579,0.004600251640227155,0.25771717872421035,4.915387606102202e-05,4.915387606102202e-05,0.5782808948355531
16310,0.010529246725208125,0.0011850280567146192,0.39832875855953587,0.05803562518523191,0.0050089437185105775,0.3367357121687783,0.07792522661079641,0.004602711476164607,0.25785498465908163,4.91840318132067e-05,4.91840318132067e-05,0.578635668390667
16320,0.01052592454909544,0.0011855928266537757,0.3985185971945464,0.05802078775457707,0.005011466081721901,0.3369052828048336,0.07791075946293684,0.004605170891300734,0.25799276701964896,4.9214187565391373e-05,4.9214187565391373e-05,0.5789904419457809
16330,0.01052260331655478,0.0011861574361856878,0.3987083819111555,0.05800595381741604,0.005013987851039276,0.3370748135152454,0.07789629479004757,0.0046076298856919115,0.2581305258090707,4.924434331757605e-05,4.924434331757605e-05,0.5793452155008946
16340,0.01051928302743274,0.001186721885336435,0.39889811271812936,0.05799112337317958,0.005016509026559473,0.33724430430651914,0.077881832591797,0.004610088459394509,0.2582682610305047,4.927449906976073e-05,4.927449906976073e-05,0.5796999890560085
16350,0.010515963681575908,0.0011872861741320962,0.39908778962423397,0.05797629642129846,0.005019029608379264,0.3374137551851606,0.07786737286785353,0.004612546612464899,0.2584059726871092,4.93046548219454e-05,4.93046548219454e-05,0.5800547626111223
16360,0.010512645278830881,0.0011878503025987508,0.3992774126382356,0.05796147296120343,0.005021549596595419,0.3375831661576752,0.07785291561788556,0.004615004344959453,0.2585436607820422,4.933481057413008e-05,4.933481057413008e-05,0.5804095361662361
16370,0.010509327819044251,0.0011884142707624778,0.3994669817689001,0.05794665299232525,0.00502406899130471,0.33775253723056864,0.0778384608415615,0.004617461656934544,0.2586813253184619,4.936496632631475e-05,4.936496632631475e-05,0.58076430972135
16380,0.010506011302062614,0.0011889780786493562,0.3996564970249937,0.057931836514094684,0.005026587792603905,0.3379218684103465,0.07782400853854973,0.004619918548446543,0.2588189662995262,4.939512207849943e-05,4.939512207849943e-05,0.5811190832764639
16390,0.01050269572773256,0.0011895417262854655,0.3998459584152825,0.057917023525942496,0.0050291060005897776,0.3380911597035144,0.07780955870851868,0.004622375019551823,0.2589565837283934,4.9425277830684107e-05,4.9425277830684107e-05,0.5814738568315777
16400,0.010499381095900684,0.0011901052136968843,0.4000353659485325,0.05790221402729944,0.005031623615359098,0.33826041111657795,0.07779511135113673,0.004624831070306754,0.25909417760822145,4.945543358286878e-05,4.945543358286878e-05,0.5818286303866915
16410,0.010496067406413578,0.0011906685409096924,0.40022471963351003,0.05788740801759628,0.0050341406370086345,0.3384296226560426,0.07778066646607229,0.004627286700767709,0.2592317479421686,4.948558933505346e-05,4.948558933505346e-05,0.5821834039418053
16420,0.010492754659117835,0.0011912317079499685,0.400414019478981,0.057872605496263774,0.0050366570656351604,0.3385987943284141,0.07776622405299374,0.00462974191099106,0.25936929473339276,4.951574508723813e-05,4.951574508723813e-05,0.5825381774969192
16430,0.010489442853860052,0.0011917947148437917,0.4006032654937115,0.05785780646273268,0.005039172901335446,0.338767926140198,0.07775178411156952,0.004632196701033179,0.25950681798505204,4.954590083942281e-05,4.954590083942281e-05,0.5828929510520331
16440,0.010486131990486819,0.0011923575616172414,0.4007924576864677,0.05784301091643377,0.005041688144206261,0.3389370180978999,0.077737346641468,0.004634651070950438,0.25964431770030466,4.9576056591607486e-05,4.9576056591607486e-05,0.5832477246071468
16450,0.010482822068844728,0.0011929202482963968,0.4009815960660157,0.05782821885679779,0.005044202794344378,0.33910607020802536,0.07772291164235758,0.004637105020799209,0.2597817938823086,4.960621234379216e-05,4.960621234379216e-05,0.5836024981622606
16460,0.010479513088780376,0.0011934827749073365,0.40117068064112144,0.05781343028325551,0.005046716851846566,0.33927508247708,0.07770847911390667,0.0046395585506358635,0.25991924653422205,4.963636809597684e-05,4.963636809597684e-05,0.5839572717173745
16470,0.010476205050140354,0.0011940451414761402,0.40135971142055127,0.05779864519523768,0.005049230316809596,0.3394440549115694,0.07769404905578367,0.004642011660516773,0.260056675659203,4.966652384816151e-05,4.966652384816151e-05,0.5843120452724884
16480,0.010472897952771256,0.0011946073480288868,0.4015486884130712,0.05778386359217507,0.00505174318933024,0.33961298751799923,0.07767962146765699,0.00464446435049831,0.26019408126040955,4.969667960034619e-05,4.969667960034619e-05,0.5846668188276022
16490,0.010469591796519675,0.0011951693945916556,0.40173761162744726,0.05776908547349845,0.005054255469505267,0.33978188030287504,0.07766519634919501,0.004646916620636846,0.26033146334099977,4.9726835352530866e-05,4.9726835352530866e-05,0.585021592382716
16500,0.010466286581232206,0.0011957312811905255,0.40192648107244555,0.05775431083863855,0.005056767157431449,0.3399507332727024,0.07765077370006614,0.004649368470988754,0.2604688219041319,4.975699110471554e-05,4.975699110471554e-05,0.5853763659378298
16510,0.01046298230675544,0.001196293007851576,0.4021152967568322,0.05773953968702616,0.005059278253205556,0.3401195464339869,0.07763635351993878,0.004651819901610405,0.26060615695296385,4.978714685690022e-05,4.978714685690022e-05,0.5857311394929438
16520,0.01045967897293597,0.0011968545746008858,0.4023040586893733,0.05772477201809202,0.005061788756924359,0.3402883197932342,0.07762193580848134,0.004654270912558171,0.26074346849065383,4.981730260908489e-05,4.981730260908489e-05,0.5860859130480576
16530,0.01045637657962039,0.001197415981464534,0.40249276687883495,0.0577100078312669,0.005064298668684629,0.3404570533569498,0.0776075205653622,0.004656721503888424,0.2608807565203599,4.984745836126957e-05,4.984745836126957e-05,0.5864406866031714
16540,0.010453075126655295,0.0011979772284686004,0.40268142133398327,0.057695247125981564,0.005066807988583137,0.3406257471316394,0.07759310779024978,0.004659171675657535,0.2610180210452401,4.9877614113454246e-05,4.9877614113454246e-05,0.5867954601582852
16550,0.010449774613887276,0.0011985383156391635,0.40287002206358435,0.057680489901666764,0.005069316716716652,0.34079440112380854,0.07757869748281247,0.004661621427921878,0.2611552620684525,4.9907769865638926e-05,4.9907769865638926e-05,0.5871502337133991
16560,0.010446475041162927,0.0011990992430023027,0.4030585690764042,0.057665736157753264,0.005071824853181947,0.34096301533996276,0.07756428964271866,0.004664070760737824,0.2612924795931554,4.99379256178236e-05,4.99379256178236e-05,0.5875050072685128
16570,0.010443176408328843,0.0011996600105840971,0.40324706238120905,0.057650985893671826,0.005074332398075792,0.34113158978660785,0.07754988426963678,0.004666519674161744,0.26142967362250663,4.996808137000827e-05,4.996808137000827e-05,0.5878597808236267
16580,0.010439878715231615,0.001200220618410626,0.403435501986765,0.05763623910885321,0.005076839351494957,0.34130012447024916,0.07753548136323522,0.00466896816825001,0.26156684415966447,4.999823712219295e-05,4.999823712219295e-05,0.5882145543787406
16590,0.010436581961717838,0.0012007810665079681,0.403623887901838,0.05762149580272817,0.005079345713536213,0.34146861939739237,0.07752108092318237,0.004671416243058996,0.2617039912077869,5.0028392874377626e-05,5.0028392874377626e-05,0.5885693279338544
16600,0.010433286147634103,0.001201341354902203,0.40381222013519424,0.057606755974727475,0.005081851484296331,0.34163707457454323,0.07750668294914663,0.004673863898645071,0.26184111477003197,5.0058548626562306e-05,5.0058548626562306e-05,0.5889241014889682
16610,0.010429991272827005,0.0012019014836194097,0.4040004986955999,0.057592019624281884,0.005084356663872082,0.34180549000820715,0.0774922874407964,0.0046763111350646095,0.26197821484955797,5.008870437874698e-05,5.008870437874698e-05,0.589278875044082
16620,0.010426697337143137,0.0012024614526856673,0.4041887235918209,0.05757728675082215,0.005086861252360237,0.34197386570488986,0.07747789439780009,0.004678757952373981,0.2621152914495227,5.011886013093166e-05,5.011886013093166e-05,0.589633648599196
16630,0.010423404340429092,0.0012030212621270547,0.4043768948326234,0.05756255735377904,0.005089365249857565,0.34214220167109677,0.07746350381982611,0.00468120435062956,0.2622523445730846,5.014901588311633e-05,5.014901588311633e-05,0.5899884221543098
16640,0.010420112282531464,0.0012035809119696516,0.4045650124267736,0.05754783143258332,0.005091868656460839,0.3423104979133337,0.07744911570654284,0.004683650329887716,0.2623893742234015,5.0179171635301005e-05,5.0179171635301005e-05,0.5903431957094235
16650,0.010416821163296846,0.0012041404022395366,0.40475307638303754,0.057533108986665735,0.005094371472266828,0.34247875443810605,0.07743473005761868,0.0046860958902048225,0.2625263804036315,5.0209327387485685e-05,5.0209327387485685e-05,0.5906979692645374
16660,0.01041353098257183,0.0012046997329627893,0.40494108671018125,0.057518390015457055,0.005096873697372304,0.34264697125191956,0.07742034687272203,0.004688541031637251,0.26266336311693284,5.023948313967036e-05,5.023948313967036e-05,0.5910527428196513
16670,0.010410241740203012,0.0012052589041654884,0.4051290434169708,0.05750367451838803,0.005099375331874037,0.34281514836127974,0.07740596615152132,0.004690985754241373,0.2628003223664635,5.026963889185504e-05,5.026963889185504e-05,0.5914075163747651
16680,0.010406953436036984,0.0012058179158737133,0.4053169465121725,0.05748896249488944,0.005101876375868797,0.3429832857726922,0.07739158789368493,0.004693430058073561,0.26293725815538155,5.029979464403971e-05,5.029979464403971e-05,0.5917622899298789
16690,0.010403666069920338,0.0012063767681135431,0.40550479600455225,0.05747425394439203,0.005104376829453357,0.3431513834926626,0.07737721209888124,0.004695873943190186,0.26307417048684517,5.0329950396224385e-05,5.0329950396224385e-05,0.5921170634849927
16700,0.010400379641699669,0.0012069354609110568,0.4056925919028762,0.05745954886632657,0.005106876692724485,0.3433194415276964,0.07736283876677869,0.004698317409647622,0.26321105936401246,5.0360106148409065e-05,5.0360106148409065e-05,0.5924718370401066
16710,0.010397094151221569,0.0012074939942923338,0.40588033421591047,0.05744484726012381,0.005109375965778954,0.3434874598842994,0.07734846789704565,0.004700760457502238,0.2633479247900414,5.039026190059374e-05,5.039026190059374e-05,0.5928266105952205
16720,0.010393809598332632,0.001208052368283453,0.40606802295242117,0.05743014912521452,0.005111874648713534,0.343655438568977,0.07733409948935052,0.004703203086810408,0.26348476676809013,5.042041765277842e-05,5.042041765277842e-05,0.5931813841503343
16730,0.01039052598287945,0.001208610582910494,0.40625565812117437,0.057415454461029455,0.005114372741624995,0.3438233775882349,0.07731973354336173,0.004705645297628503,0.2636215853013167,5.045057340496309e-05,5.045057340496309e-05,0.5935361577054481
16740,0.01038724330470862,0.0012091686381995352,0.4064432397309361,0.057400763266999374,0.005116870244610109,0.34399127694857873,0.07730537005874766,0.004708087090012896,0.26375838039287935,5.048072915714777e-05,5.048072915714777e-05,0.593890931260562
16750,0.010383961563666732,0.0012097265341766562,0.40663076779047264,0.05738607554255504,0.005119367157765646,0.34415913665651393,0.0772910090351767,0.004710528464019957,0.263895152045936,5.0510884909332445e-05,5.0510884909332445e-05,0.5942457048156757
16760,0.010380680759600379,0.001210284270867936,0.4068182423085499,0.05737139128712721,0.005121863481188376,0.3443269567185463,0.07727665047231728,0.00471296941970606,0.2640319002636448,5.0541040661517125e-05,5.0541040661517125e-05,0.5946004783707897
16770,0.010377400892356156,0.001210841848299454,0.40700566329393406,0.05735671050014665,0.005124359214975071,0.34449473714118123,0.07726229436983778,0.004715409957127576,0.26416862504916394,5.05711964137018e-05,5.05711964137018e-05,0.5949552519259035
16780,0.010374121961780657,0.001211399266497289,0.40719303075539126,0.057342033181044125,0.005126854359222502,0.34466247793092447,0.0772479407274066,0.004717850076340876,0.26430532640565135,5.060135216588647e-05,5.060135216588647e-05,0.5953100254810173
16790,0.010370843967720473,0.0012119565254875202,0.4073803447016874,0.05732735932925038,0.0051293489140274385,0.3448301790942815,0.07723358954469214,0.004720289777402334,0.26444200433626525,5.063150791807115e-05,5.063150791807115e-05,0.5956647990361311
16800,0.010367566910022198,0.001212513625296227,0.4075676051415889,0.05731268894419618,0.005131842879486651,0.34499784063775807,0.0772192408213628,0.00472272906036832,0.2645786588441636,5.0661663670255825e-05,5.0661663670255825e-05,0.5960195725912449
16810,0.010364290788532425,0.0012130705659494883,0.40775481208386155,0.0572980220253123,0.005134336255696912,0.3451654625678596,0.07720489455708701,0.0047251679252952065,0.2647152899325046,5.06918194224405e-05,5.06918194224405e-05,0.5963743461463588
16820,0.010361015603097748,0.0012136273474733833,0.4079419655372717,0.05728335857202948,0.005136829042754991,0.3453330448910918,0.07719055075153312,0.004727606372239366,0.2648518976044463,5.072197517462518e-05,5.072197517462518e-05,0.5967291197014727
16830,0.010357741353564761,0.001214183969893991,0.4081290655105852,0.05726869858377849,0.005139321240757659,0.34550058761396024,0.07717620940436958,0.00473004440125717,0.2649884818631468,5.075213092680985e-05,5.075213092680985e-05,0.5970838932565864
16840,0.010354468039780056,0.001214740433237391,0.40831611201256834,0.05725404205999009,0.005141812849801687,0.3456680907429705,0.07716187051526475,0.00473248201240499,0.2651250427117641,5.078228667899453e-05,5.078228667899453e-05,0.5974386668117003
16850,0.010351195661590228,0.001215296737529662,0.40850310505198717,0.05723938900009504,0.005144303869983846,0.34583555428462825,0.07714753408388705,0.004734919205739199,0.2652615801534565,5.0812442431179204e-05,5.0812442431179204e-05,0.5977934403668141
16860,0.010347924218841868,0.001215852882796883,0.4086900446376077,0.0572247394035241,0.005146794301400905,0.3460029782454389,0.07713320010990489,0.004737355981316167,0.2653980941913819,5.0842598183363884e-05,5.0842598183363884e-05,0.598148213921928
16870,0.01034465371138157,0.0012164088690651336,0.40887693077819615,0.05721009326970803,0.005149284144149636,0.34617036263190826,0.07711886859298665,0.004739792339192268,0.26553458482869846,5.087275393554856e-05,5.087275393554856e-05,0.5985029874770418
16880,0.010341384139055927,0.0012169646963604928,0.40906376348251855,0.057195450598077596,0.005151773398326811,0.3463377074505419,0.07710453953280073,0.004742228279423873,0.2656710520685643,5.090290968773323e-05,5.090290968773323e-05,0.5988577610321556
16890,0.010338115501711535,0.0012175203647090396,0.409250542759341,0.05718081138806355,0.005154262064029198,0.34650501270784523,0.07709021292901555,0.004744663802067353,0.26580749591413744,5.093306543991791e-05,5.093306543991791e-05,0.5992125345872695
16900,0.010334847799194984,0.0012180758741368533,0.4094372686174297,0.05716617563909666,0.00515675014135357,0.346672278410324,0.0770758887812995,0.004747098907179083,0.26594391636857606,5.0963221192102584e-05,5.0963221192102584e-05,0.5995673081423833
16910,0.010331581031352868,0.001218631224670013,0.40962394106555056,0.057151543350607674,0.005159237630396697,0.3468395045644838,0.07706156708932098,0.004749533594815431,0.26608031343503813,5.0993376944287264e-05,5.0993376944287264e-05,0.5999220816974972
16920,0.010328315198031781,0.0012191864163345976,0.40981056011246975,0.05713691452202737,0.00516172453125535,0.3470066911768302,0.0770472478527484,0.004751967865032771,0.26621668711668184,5.102353269647194e-05,5.102353269647194e-05,0.600276855252611
16930,0.010325050299078316,0.0012197414491566866,0.4099971257669534,0.05712228915278649,0.005164210844026298,0.3471738382538687,0.07703293107125013,0.004754401717887475,0.2663530374166653,5.105368844865662e-05,5.105368844865662e-05,0.6006316288077249
16940,0.010321786334339068,0.001220296323162359,0.4101836380377677,0.05710766724231581,0.005166696568806315,0.3473409458021051,0.0770186167444946,0.004756835153435914,0.26648936433814646,5.108384420084129e-05,5.108384420084129e-05,0.6009864023628386
16950,0.010318523303660627,0.0012208510383776938,0.41037009693367854,0.05709304879004608,0.005169181705692169,0.3475080138280449,0.07700430487215022,0.004759268171734461,0.26662566788428355,5.1113999953025964e-05,5.1113999953025964e-05,0.6013411759179524
16960,0.01031526120688959,0.0012214055948287703,0.41055650246345216,0.057078433795408064,0.005171666254780632,0.3476750423381937,0.07698999545388535,0.0047617007728394875,0.2667619480582346,5.1144155705210644e-05,5.1144155705210644e-05,0.6016959494730664
16970,0.010312000043872546,0.0012219599925416677,0.41074285463585464,0.05706382225783252,0.0051741502161684735,0.347842031339057,0.07697568848936844,0.004764132956807365,0.2668982048631577,5.117431145739532e-05,5.117431145739532e-05,0.6020507230281802
16980,0.010308739814456092,0.001222514231542465,0.41092915345965203,0.05704921417675021,0.005176633589952465,0.34800898083714044,0.07696138397826784,0.0047665647236944655,0.26703443830221096,5.120446720958e-05,5.120446720958e-05,0.602405496583294
16990,0.010305480518486818,0.0012230683118572413,0.4111153989436105,0.057034609551591904,0.0051791163762293785,0.34817589083894973,0.07694708192025197,0.004768996073557161,0.2671706483785525,5.123462296176467e-05,5.123462296176467e-05,0.6027602701384078
17000,0.010302222155811322,0.001223622233512076,0.4113015910964961,0.05702000838178835,0.005181598575095983,0.3483427613509904,0.07693278231498926,0.004771427006451824,0.26730683509534026,5.126477871394935e-05,5.126477871394935e-05,0.6031150436935218
17010,0.010298964726276193,0.0012241759965330478,0.41148772992707483,0.057005410666770305,0.00518408018664905,0.34850959237976803,0.07691848516214807,0.004773857522434826,0.26744299845573255,5.1294934466134024e-05,5.1294934466134024e-05,0.6034698172486356
17020,0.010295708229728025,0.0012247296009462363,0.411673815444113,0.05699081640596854,0.00518656121098535,0.3486763839317882,0.07690419046139682,0.004776287621562539,0.26757913846288733,5.13250902183187e-05,5.13250902183187e-05,0.6038245908037493
17030,0.010292452666013413,0.0012252830467777203,0.4118598476563765,0.056976225598813816,0.005189041648201654,0.34884313601355654,0.0768898982124039,0.004778717303891334,0.2677152551199627,5.135524597050338e-05,5.135524597050338e-05,0.6041793643588632
17040,0.01028919803497895,0.0012258363340535792,0.4120458265726316,0.05696163824473688,0.005191521498394733,0.34900984863157863,0.07687560841483773,0.004781146569477584,0.26785134843011676,5.138540172268805e-05,5.138540172268805e-05,0.604534137913977
17050,0.010285944336471226,0.001226389462799892,0.4122317522016444,0.056947054343168504,0.005194000761661356,0.34917652179236003,0.07686132106836668,0.0047835754183776615,0.26798741839650764,5.141555747487273e-05,5.141555747487273e-05,0.6048889114690909
17060,0.010282691570336839,0.001226942433042738,0.4124176245521808,0.05693247389353945,0.005196479438098296,0.3493431555024064,0.07684703617265919,0.004786003850647936,0.26812346502229334,5.1445713227057403e-05,5.1445713227057403e-05,0.6052436850242047
17070,0.010279439736422381,0.001227495244808196,0.41260344363300705,0.05691789689528047,0.005198957527802322,0.3495097497682233,0.07683275372738362,0.0047884318663447825,0.26825948831063207,5.1475868979242084e-05,5.1475868979242084e-05,0.6055984585793186
17080,0.010276188834574443,0.0012280478981223453,0.4127892094528891,0.056903323347822325,0.0052014350308702065,0.3496763045963163,0.0768184737322084,0.00479085946552457,0.2683954882646818,5.150602473142676e-05,5.150602473142676e-05,0.6059532321344324
17090,0.01027293886463962,0.001228600393011265,0.41297492202059327,0.05688875325059579,0.005203911947398719,0.34984281999319117,0.07680419618680191,0.004793286648243673,0.2685314648876007,5.153618048361143e-05,5.153618048361143e-05,0.6063080056895462
17100,0.010269689826464505,0.0012291527295010345,0.41316058134488554,0.056874186603031604,0.00520638827748463,0.35000929596535324,0.07678992109083257,0.004795713414558461,0.26866741818254686,5.156633623579611e-05,5.156633623579611e-05,0.60666277924466
17110,0.010266441719895691,0.001229704907617733,0.41334618743453205,0.056859623404560536,0.005208864021224711,0.3501757325193083,0.07677564844396877,0.0047981397645253075,0.2688033481526783,5.159649198798078e-05,5.159649198798078e-05,0.6070175527997739
17120,0.010263194544779773,0.001230256927387439,0.4135317402982988,0.05684506365461335,0.005211339178715733,0.3503421296615618,0.0767613782458789,0.004800565698200585,0.2689392548011532,5.162664774016546e-05,5.162664774016546e-05,0.6073723263548878
17130,0.010259948300963342,0.0012308087888362323,0.4137172399449521,0.0568305073526208,0.005213813750054466,0.3505084873986195,0.07674711049623138,0.004802991215640663,0.2690751381311296,5.1656803492350137e-05,5.1656803492350137e-05,0.6077270999100015
17140,0.010256702988292994,0.0012313604919901916,0.4139026863832576,0.05681595449801366,0.0052162877353376805,0.35067480573698684,0.0767328451946946,0.004805416316901916,0.26921099814576566,5.168695924453481e-05,5.168695924453481e-05,0.6080818734651153
17150,0.010253458606615319,0.0012319120368753963,0.4140880796219819,0.056801405090222676,0.005218761134662148,0.3508410846831696,0.07671858234093697,0.004807841002040714,0.2693468348482193,5.171711499671949e-05,5.171711499671949e-05,0.6084366470202293
17160,0.010250215155776912,0.0012324634235179254,0.4142734196698909,0.05678685912867861,0.005221233948124639,0.35100732424367315,0.07670432193462687,0.00481026527111343,0.26948264824164875,5.174727074890416e-05,5.174727074890416e-05,0.6087914205753431
17170,0.010246972635624366,0.0012330146519438582,0.4144587065357507,0.05677231661281223,0.0052237061758219246,0.35117352442500327,0.07669006397543272,0.004812689124176436,0.26961843832921206,5.177742650108884e-05,5.177742650108884e-05,0.6091461941304569
17180,0.010243731046004276,0.0012335657221792737,0.4146439402283273,0.056757777542054286,0.005226177817850774,0.3513396852336655,0.07667580846302291,0.0048151125612861025,0.26975420511406734,5.1807582253273516e-05,5.1807582253273516e-05,0.6095009676855707
17190,0.010240490386763232,0.0012341166342502512,0.4148291207563869,0.056743241915835546,0.00522864887430796,0.3515058066761653,0.07666155539706584,0.004817535582498803,0.2698899485993727,5.183773800545819e-05,5.183773800545819e-05,0.6098557412406845
17200,0.010237250657747828,0.0012346673881828696,0.41501424812869564,0.05672870973358676,0.005231119345290252,0.3516718887590085,0.07664730477722993,0.004819958187870909,0.2700256687882862,5.186789375764287e-05,5.186789375764287e-05,0.6102105147957985
17210,0.01023401185880466,0.0012352179840032082,0.4151993223540195,0.05671418099473871,0.005233589230894421,0.3518379314887005,0.07663305660318356,0.004822380377458792,0.2701613656839659,5.189804950982754e-05,5.189804950982754e-05,0.6105652883509122
17220,0.01023077398978032,0.001235768421737346,0.4153843434411247,0.05669965569872214,0.005236058531217239,0.3520039348717471,0.07661881087459514,0.004824802151318824,0.27029703928957,5.192820526201222e-05,5.192820526201222e-05,0.6109200619060261
17230,0.010227537050521401,0.0012363187014113623,0.4155693113987772,0.05668513384496781,0.005238527246355475,0.3521698989146537,0.07660456759113306,0.0048272235095073775,0.27043268960825645,5.1958361014196896e-05,5.1958361014196896e-05,0.6112748354611399
17240,0.010224301040874496,0.0012368688230513362,0.4157542262357432,0.05667061543290649,0.0052409953764058995,0.35233582362392596,0.07659032675246573,0.004829644452080824,0.2705683166431834,5.1988516766381576e-05,5.1988516766381576e-05,0.6116296090162537
17250,0.010221065960686199,0.0012374187866833468,0.41593908796078877,0.05665610046196892,0.005243462921465285,0.35250170900606953,0.07657608835826155,0.004832064979095535,0.27070392039750896,5.201867251856625e-05,5.201867251856625e-05,0.6119843825713676
17260,0.010217831809803101,0.0012379685923334734,0.41612389658268006,0.056641588931585884,0.005245929881630401,0.35266755506758996,0.07656185240818891,0.0048344850906078835,0.27083950087439124,5.204882827075092e-05,5.204882827075092e-05,0.6123391561264814
17270,0.010214598588071798,0.0012385182400277948,0.41630865211018314,0.056627080841188136,0.005248396256998019,0.35283336181499286,0.07654761890191622,0.004836904786674241,0.2709750580769883,5.20789840229356e-05,5.20789840229356e-05,0.6126939296815953
17280,0.010211366295338883,0.0012390677297923905,0.416493354552064,0.05661257619020643,0.00525086204766491,0.3529991292547838,0.07653338783911189,0.004839324067350978,0.27111059200845816,5.2109139775120276e-05,5.2109139775120276e-05,0.6130487032367091
17290,0.010208134931450948,0.0012396170616533393,0.4166780039170888,0.056598074978071525,0.005253327253727843,0.3531648573934684,0.07651915921944429,0.004841742932694468,0.271246102671959,5.2139295527304956e-05,5.2139295527304956e-05,0.6134034767918229
17300,0.010204904496254587,0.0012401662356367207,0.4168626002140237,0.05658357720421419,0.00525579187528359,0.3533305462375522,0.07650493304258185,0.004844161382761083,0.2713815900706489,5.216945127948963e-05,5.216945127948963e-05,0.6137582503469368
17310,0.010201674989596394,0.0012407152517686134,0.4170471434516347,0.05656908286806518,0.005258255912428921,0.3534961957935409,0.07649070930819296,0.004846579417607194,0.2715170542076859,5.219960703167431e-05,5.219960703167431e-05,0.6141130239020507
17320,0.010198446411322962,0.0012412641100750972,0.4172316336386881,0.05655459196905526,0.005260719365260609,0.35366180606794,0.07647648801594603,0.004848997037289173,0.2716524950862282,5.222976278385898e-05,5.222976278385898e-05,0.6144677974571644
17330,0.010195218761280883,0.0012418128105822505,0.41741607078394977,0.05654010450661518,0.0052631822338754216,0.35382737706725514,0.07646226916550944,0.004851414241863393,0.2717879127094338,5.2259918536043656e-05,5.2259918536043656e-05,0.6148225710122782
17340,0.01019199203931675,0.001242361353316153,0.41760045489618586,0.05652562048017572,0.0052656445183701306,0.3539929087979919,0.0764480527565516,0.004853831031386225,0.27192330708046075,5.2290074288228336e-05,5.2290074288228336e-05,0.6151773445673921
17350,0.01018876624527716,0.0012429097383028834,0.41778478598416247,0.05651113988916761,0.005268106218841508,0.354158401266656,0.07643383878874092,0.004856247405914041,0.27205867820246726,5.232023004041301e-05,5.232023004041301e-05,0.615532118122506
17360,0.010185541379008702,0.0012434579655685213,0.41796906405664574,0.05649666273302164,0.005270567335386324,0.3543238544797528,0.0764196272617458,0.004858663365503213,0.2721940260786114,5.235038579259769e-05,5.235038579259769e-05,0.6158868916776198
17370,0.01018231744035797,0.0012440060351391455,0.4181532891224018,0.056482189011168554,0.005273027868101348,0.3544892684437881,0.07640541817523462,0.004861078910210113,0.2723293507120511,5.238054154478236e-05,5.238054154478236e-05,0.6162416652327336
17380,0.01017909442917156,0.001244553947040835,0.4183374611901966,0.056467718723039115,0.005275487817083353,0.35465464316526735,0.07639121152887579,0.004863494040091112,0.27246465210594467,5.2410697296967035e-05,5.2410697296967035e-05,0.6165964387878474
17390,0.010175872345296065,0.0012451017012996696,0.41852158026879643,0.05645325186806409,0.005277947182429107,0.3548199786506962,0.07637700732233772,0.004865908755202584,0.2725999302634501,5.2440853049151715e-05,5.2440853049151715e-05,0.6169512123429614
17400,0.010172651188578075,0.0012456492979417279,0.4187056463669673,0.05643878844567423,0.0052804059642353835,0.3549852749065804,0.07636280555528882,0.004868323055600899,0.27273518518772544,5.247100880133639e-05,5.247100880133639e-05,0.6173059858980751
17410,0.010169430958864186,0.001246196736993089,0.41888965949347523,0.0564243284553003,0.005282864162598952,0.35515053193942525,0.07634860622739746,0.00487073694134243,0.27287041688192887,5.250116455352107e-05,5.250116455352107e-05,0.617660759453189
17420,0.01016621165600099,0.0012467440184798324,0.41907361965708645,0.05640987189637306,0.005285321777616582,0.35531574975573654,0.07633440933833206,0.004873150412483548,0.27300562534921835,5.253132030570574e-05,5.253132030570574e-05,0.6180155330083028
17430,0.01016299327983508,0.0012472911424280368,0.419257526866567,0.05639541876832327,0.005287778809385047,0.3554809283620199,0.07632021488776101,0.004875563469080625,0.27314081059275214,5.2561476057890415e-05,5.2561476057890415e-05,0.6183703065634166
17440,0.010159775830213052,0.0012478381088637817,0.4194413811306829,0.056380969070581696,0.005290235258001114,0.35564606776478075,0.07630602287535272,0.004877976111190034,0.27327597261568815,5.2591631810075095e-05,5.2591631810075095e-05,0.6187250801185304
17450,0.010156559306981497,0.0012483849178131462,0.41962518245820035,0.05636652280257908,0.005292691123561558,0.35581116797052487,0.0762918333007756,0.0048803883388681465,0.2734111114211847,5.262178756225977e-05,5.262178756225977e-05,0.6190798536736443
17460,0.010153343709987007,0.0012489315693022093,0.41980893085788545,0.05635207996374621,0.005295146406163147,0.35597622898575776,0.07627764616369803,0.004882800152171333,0.2735462270123996,5.265194331444445e-05,5.265194331444445e-05,0.6194346272287582
17470,0.010150129039076179,0.0012494780633570501,0.41999262633850426,0.056337640553513826,0.005297601105902653,0.35614125081698506,0.07626346146378842,0.004885211551155968,0.2736813193924912,5.268209906662912e-05,5.268209906662912e-05,0.619789400783872
17480,0.010146915294095603,0.001250024400003748,0.4201762689088228,0.05632320457131269,0.005300055222876845,0.3563062334707122,0.07624927920071516,0.004887622535878421,0.27381638856461743,5.27122548188138e-05,5.27122548188138e-05,0.6201441743389858
17490,0.010143702474891873,0.0012505705792683819,0.42035985857760727,0.05630877201657357,0.005302508757182496,0.35647117695344505,0.07623509937414666,0.004890033106395066,0.27395143453193643,5.2742410570998475e-05,5.2742410570998475e-05,0.6204989478940997
17500,0.010140490581311584,0.0012511166011770312,0.42054339535362384,0.05629434288872722,0.005304961708916374,0.35663608127168894,0.07622092198375133,0.004892443262762273,0.2740864572976063,5.277256632318315e-05,5.277256632318315e-05,0.6208537214492135
17510,0.010137279613201329,0.0012516624657557746,0.42072687924563845,0.05627991718720441,0.005307414078175253,0.3568009464319497,0.07620674702919755,0.004894853005036414,0.2742214568647851,5.280272207536783e-05,5.280272207536783e-05,0.6212084950043274
17520,0.0101340695704077,0.0012522081730306917,0.4209103102624174,0.05626549491143589,0.0053098658650559015,0.3569657724407328,0.07619257451015374,0.004897262333273863,0.27435643323663095,5.28328778275525e-05,5.28328778275525e-05,0.6215632685594411
17530,0.01013086045277729,0.0012527537230278612,0.42109368841272643,0.056251076060852424,0.005312317069655091,0.35713055930454385,0.07617840442628829,0.004899671247530989,0.2744913864163019,5.286303357973718e-05,5.286303357973718e-05,0.621918042114555
17540,0.010127652260156694,0.0012532991157733627,0.42127701370533194,0.05623666063488477,0.0053147676920695915,0.3572953070298885,0.07616423677726959,0.004902079747864167,0.2746263164069561,5.2893189331921855e-05,5.2893189331921855e-05,0.6222728156696689
17550,0.010124444992392503,0.001253844351293275,0.42146028614899994,0.05622224863296369,0.005317217732396175,0.35746001562327223,0.07615007156276607,0.004904487834329767,0.2747612232117516,5.2923345084106535e-05,5.2923345084106535e-05,0.6226275892247827
17560,0.010121238649331312,0.0012543894296136774,0.42164350575249654,0.056207840054519946,0.005319667190731611,0.35762468509120066,0.0761359087824461,0.004906895506984161,0.2748961068338465,5.295350083629121e-05,5.295350083629121e-05,0.6229823627798965
17570,0.010118033230819714,0.001254934350760649,0.42182667252458783,0.0561934348989843,0.005322116067172672,0.35778931544017956,0.0761217484359781,0.004909302765883722,0.275030967276399,5.298365658847588e-05,5.298365658847588e-05,0.6233371363350103
17580,0.010114828736704303,0.0012554791147602689,0.4220097864740399,0.056179033165787505,0.005324564361816126,0.3579539066767143,0.07610759052303046,0.00491170961108482,0.27516580454256695,5.301381234066056e-05,5.301381234066056e-05,0.6236919098901242
17590,0.01011162516683167,0.0012560237216386163,0.4221928476096189,0.05616463485436033,0.005327012074758747,0.3581184588073107,0.07609343504327158,0.004914116042643828,0.2753006186355086,5.304396809284524e-05,5.304396809284524e-05,0.6240466834452381
17600,0.010108422521048412,0.0012565681714217704,0.4223758559400909,0.05615023996413353,0.005329459206097302,0.358282971838474,0.07607928199636987,0.004916522060617119,0.275435409558382,5.3074123845029914e-05,5.3074123845029914e-05,0.6244014570003519
17610,0.01010522079920112,0.0012571124641358102,0.42255881147422186,0.056135848494537864,0.005331905755928566,0.3584474457767103,0.07606513138199374,0.0049189276650610635,0.2755701773143453,5.310427959721459e-05,5.310427959721459e-05,0.6247562305554657
17620,0.010102020001136386,0.001257656599806815,0.4227417142207781,0.056121460445004094,0.005334351724349306,0.3586118806285247,0.07605098319981156,0.004921332856032034,0.27570492190655654,5.313443534939927e-05,5.313443534939927e-05,0.6251110041105796
17630,0.010098820126700806,0.0012582005784608637,0.4229245641885256,0.056107075814962985,0.005336797111456295,0.3587762764004231,0.07603683744949175,0.004923737633586401,0.27583964333817373,5.316459110158394e-05,5.316459110158394e-05,0.6254657776656933
17640,0.01009562117574097,0.0012587444001240355,0.4231073613862304,0.05609269460384529,0.005339241917346303,0.35894063309891105,0.0760226941307027,0.004926141997780539,0.2759743416123551,5.3194746853768614e-05,5.3194746853768614e-05,0.6258205512208072
17650,0.010092423148103475,0.00125928806482241,0.42329010582265875,0.056078316811081774,0.0053416861421161,0.3591049507304941,0.07600855324311281,0.0049285459486708184,0.27610901673225874,5.3224902605953294e-05,5.3224902605953294e-05,0.6261753247759211
17660,0.010089226043634911,0.0012598315725820656,0.4234727975065767,0.0560639424361032,0.005344129785862458,0.3592692293016778,0.07599441478639052,0.004930949486313611,0.27624366870104267,5.325505835813797e-05,5.325505835813797e-05,0.6265300983310349
17670,0.010086029862181874,0.0012603749234290818,0.42365543644675013,0.056049571478340325,0.005346572848682147,0.3594334688189678,0.07598027876020418,0.004933352610765289,0.27637829752186494,5.328521411032265e-05,5.328521411032265e-05,0.6268848718861487
17680,0.010082834603590957,0.001260918117389538,0.4238380226519455,0.0560352039372239,0.005349015330671938,0.3595976692888697,0.0759661451642222,0.004935755322082224,0.2765129031978837,5.331536986250732e-05,5.331536986250732e-05,0.6272396454412625
17690,0.010079640267708752,0.0012614611544895127,0.4240205561309286,0.056020839812184704,0.005351457231928602,0.35976183071788914,0.075952013998113,0.004938157620320788,0.276647485732257,5.3345525614691994e-05,5.3345525614691994e-05,0.6275944189963764
17700,0.010076446854381851,0.0012620040347550857,0.42420303689246575,0.05600647910265349,0.00535389855254891,0.35992595311253167,0.07593788526154496,0.004940559505537354,0.2767820451281431,5.3375681366876674e-05,5.3375681366876674e-05,0.6279491925514903
17710,0.010073254363456852,0.0012625467582123358,0.4243854649453229,0.055992121808061006,0.005356339292629631,0.3600900364793029,0.0759237589541865,0.004942960977788293,0.2769165813886999,5.340583711906135e-05,5.340583711906135e-05,0.628303966106604
17720,0.010070062794780343,0.0012630893248873423,0.4245678402982663,0.055977767927838026,0.005358779452267538,0.36025408082470833,0.075909635075706,0.004945362037129976,0.2770510945170855,5.343599287124603e-05,5.343599287124603e-05,0.6286587396617179
17730,0.01006687214819892,0.001263631734806184,0.42475016296006185,0.05596341746141531,0.0053612190315594,0.3604180861552537,0.07589551362577189,0.004947762683618777,0.2771855845164581,5.34661486234307e-05,5.34661486234307e-05,0.6290135132168317
17740,0.010063682423559176,0.0012641739879949406,0.4249324329394758,0.05594907040822361,0.005363658030601988,0.3605820524774445,0.07588139460405254,0.004950162917311067,0.27732005138997573,5.3496304375615374e-05,5.3496304375615374e-05,0.6293682867719456
17750,0.010060493620707704,0.0012647160844796908,0.4251146502452741,0.0559347267676937,0.005366096449492074,0.36074597979778644,0.07586727801021637,0.004952562738263216,0.27745449514079645,5.3526460127800054e-05,5.3526460127800054e-05,0.6297230603270594
17760,0.0100573057394911,0.0012652580242865138,0.42529681488622306,0.05592038653925632,0.005368534288326427,0.36090986812278497,0.07585316384393176,0.004954962146531599,0.2775889157720784,5.3556615879984734e-05,5.3556615879984734e-05,0.6300778338821733
17770,0.010054118779755952,0.0012657998074414886,0.42547892687108857,0.055906049722342255,0.00537097154720182,0.36107371745894584,0.07583905210486713,0.004957361142172586,0.2777233132869796,5.358677163216941e-05,5.358677163216941e-05,0.6304326074372871
17780,0.010050932741348858,0.0012663414339706947,0.42566098620863685,0.05589171631638224,0.005373408226215021,0.36123752781277446,0.07582494279269088,0.004959759725242549,0.2778576876886582,5.361692738435408e-05,5.361692738435408e-05,0.630787380992401
17790,0.010047747624116407,0.0012668829039002112,0.42584299290763394,0.055877386320807056,0.005375844325462803,0.36140129919077657,0.0758108359070714,0.004962157895797861,0.27799203898027236,5.364708313653876e-05,5.364708313653876e-05,0.6311421545475148
17800,0.010044563427905197,0.0012674242172561172,0.4260249469768461,0.05586305973504745,0.005378279845041935,0.36156503159945774,0.07579673144767708,0.004964555653894894,0.27812636716498,5.3677238888723433e-05,5.3677238888723433e-05,0.6314969281026286
17810,0.010041380152561818,0.0012679653740644914,0.42620684842503914,0.055848736558534194,0.00538071478504919,0.3617287250453236,0.07578262941417635,0.004966952999590019,0.2782606722459394,5.370739464090811e-05,5.370739464090811e-05,0.6318517016577424
17820,0.010038197797932864,0.0012685063743514136,0.4263886972609793,0.05583441679069804,0.005383149145581336,0.3618923795348797,0.07576852980623759,0.004969349932939607,0.2783949542263085,5.373755039309279e-05,5.373755039309279e-05,0.6322064752128562
17830,0.010035016363864929,0.0012690472181429626,0.4265704934934328,0.055820100430969743,0.005385582926735145,0.36205599507463154,0.07575443262352921,0.004971746454000031,0.27852921310924544,5.376770614527747e-05,5.376770614527747e-05,0.6325612487679702
17840,0.010031835850204606,0.0012695879054652175,0.4267522371311655,0.05580578747878008,0.005388016128607389,0.36221957167108493,0.07574033786571961,0.004974142562827664,0.27866344889790834,5.379786189746214e-05,5.379786189746214e-05,0.632916022323084
17850,0.010028656256798489,0.0012701284363442575,0.4269339281829437,0.0557914779335598,0.005390448751294837,0.3623831093307453,0.07572624553247718,0.004976538259478877,0.27879766159545527,5.382801764964681e-05,5.382801764964681e-05,0.6332707958781978
17860,0.010025477583493168,0.0012706688108061618,0.42711556665753336,0.05577717179473966,0.00539288079489426,0.3625466080601183,0.07571215562347033,0.004978933544010041,0.27893185120504427,5.385817340183149e-05,5.385817340183149e-05,0.6336255694333116
17870,0.01002229983013524,0.0012712090288770094,0.4272971525637006,0.05576286906175043,0.005395312259502429,0.36271006786570953,0.07569806813836746,0.004981328416477528,0.2790660177298335,5.3888329154016167e-05,5.3888329154016167e-05,0.6339803429884254
17880,0.0100191229965713,0.0012717490905828797,0.42747868591021165,0.05574856973402287,0.005397743145216115,0.36287348875402453,0.07568398307683698,0.004983722876937712,0.2792001611729811,5.391848490620084e-05,5.391848490620084e-05,0.6343351165435392
17890,0.010015947082647934,0.0012722889959498518,0.4276601667058325,0.05573427381098772,0.005400173452132089,0.363036870731569,0.07566990043854727,0.004986116925446963,0.279334281537645,5.394864065838552e-05,5.394864065838552e-05,0.6346898900986532
17900,0.010012772088211741,0.0012728287450040044,0.42784159495932916,0.055719981292075775,0.005402603180347121,0.3632002138048484,0.07565582022316673,0.004988510562061653,0.2794683788269834,5.39787964105702e-05,5.39787964105702e-05,0.635044663653767
17910,0.010009598013109314,0.0012733683377714172,0.42802297067946793,0.055705692176717767,0.005405032329957982,0.3633635179803685,0.07564174243036378,0.004990903786838155,0.2796024530441543,5.400895216275487e-05,5.400895216275487e-05,0.6353994372088808
17920,0.010006424857187245,0.0012739077742781688,0.4282042938750147,0.05569140646434447,0.005407460901061442,0.36352678326463467,0.07562766705980681,0.00499329659983284,0.279736504192316,5.4039107914939546e-05,5.4039107914939546e-05,0.6357542107639946
17930,0.010003252620292127,0.001274447054550339,0.42838556455473575,0.05567712415438664,0.0054098888937542736,0.36369000966415277,0.07561359411116422,0.0049956890011020804,0.2798705322746264,5.4069263667124226e-05,5.4069263667124226e-05,0.6361089843191085
17940,0.010000081302270553,0.0012749861786140065,0.42856678272739707,0.05566284524627504,0.005412316308133246,0.36385319718542825,0.0755995235841044,0.004998080990702248,0.28000453729424357,5.40994194193089e-05,5.40994194193089e-05,0.6364637578742223
17950,0.009996910902969119,0.0012755251464952504,0.42874794840176483,0.05564856973944043,0.005414743144295129,0.36401634583496667,0.07558545547829579,0.005000472568689714,0.2801385192543257,5.412957517149357e-05,5.412957517149357e-05,0.6368185314293361
17960,0.009993741422234415,0.00127606395822015,0.42892906158660504,0.05563429763331356,0.005417169402336696,0.3641794556192737,0.07557138979340675,0.005002863735120851,0.2802724781580309,5.415973092367825e-05,5.415973092367825e-05,0.63717330498445
17970,0.009990572859913036,0.0012766026138147843,0.42911012229068374,0.055620028927325205,0.005419595082354717,0.3643425265448549,0.07555732652910568,0.005005254490052032,0.2804064140085172,5.4189886675862926e-05,5.4189886675862926e-05,0.6375280785395638
17980,0.009987405215851576,0.0012771411133052327,0.42929113052276724,0.05560576362090612,0.005422020184445962,0.3645055586182158,0.075543265685061,0.0050076448335396265,0.28054032680894264,5.4220042428047606e-05,5.4220042428047606e-05,0.6378828520946777
17990,0.009984238489896626,0.001277679456717574,0.4294720862916215,0.05559150171348706,0.005424444708707201,0.3646685518458622,0.07552920726094112,0.005010034765640008,0.28067421656246544,5.425019818023228e-05,5.425019818023228e-05,0.6382376256497915
18000,0.00998107268189478,0.0012782176440778877,0.42965298960601267,0.0555772432044988,0.005426868655235207,0.36483150623429955,0.0755151512564144,0.0050124242864095486,0.2808080832722436,5.428035393241696e-05,5.428035393241696e-05,0.6385923992049054
18010,0.009977907791692634,0.0012787556754122527,0.4298338404747068,0.05556298809337208,0.005429292024126748,0.36499442179003344,0.07550109767114929,0.005014813395904619,0.2809419269414352,5.431050968460163e-05,5.431050968460163e-05,0.6389471727600191
18020,0.009974743819136779,0.0012792935507467483,0.43001463890647,0.05554873637953768,0.005431714815478597,0.36515729851956946,0.07548704650481415,0.005017202094181592,0.2810757475731984,5.4340665436786306e-05,5.4340665436786306e-05,0.6393019463151329
18030,0.009971580764073807,0.0012798312701074533,0.43019538491006826,0.05553448806242635,0.005434137029387524,0.3653201364294133,0.0754729977570774,0.00501959038129684,0.2812095451706913,5.4370821188970986e-05,5.4370821188970986e-05,0.6396567198702469
18040,0.009968418626350313,0.0012803688335204472,0.4303760784942679,0.05552024314146885,0.005436558665950299,0.3654829355260705,0.07545895142760745,0.005021978257306733,0.2813433197370719,5.440097694115566e-05,5.440097694115566e-05,0.6400114934253607
18050,0.00996525740581289,0.001280906241011809,0.43055671966783493,0.05550600161609593,0.005438979725263694,0.3656456958160466,0.07544490751607266,0.005024365722267645,0.2814770712754983,5.443113269334034e-05,5.443113269334034e-05,0.6403662669804745
18060,0.009962097102308132,0.001281443492607618,0.43073730843953545,0.05549176348573838,0.0054414002074244785,0.36580841730584723,0.07543086602214147,0.005026752776235947,0.2816107997891287,5.446128844552501e-05,5.446128844552501e-05,0.6407210405355883
18070,0.009958937715682632,0.001281980588333953,0.4309178448181354,0.055477528749826935,0.005443820112529424,0.3659711000019781,0.07541682694548227,0.005029139419268011,0.28174450528112105,5.449144419770969e-05,5.449144419770969e-05,0.6410758140907022
18080,0.009955779245782982,0.0012825175282168933,0.4310983288124011,0.05546329740779236,0.005446239440675301,0.3661337439109446,0.07540279028576347,0.005031525651420209,0.2818781877546335,5.4521599949894366e-05,5.4521599949894366e-05,0.6414305876458161
18090,0.009952621692455777,0.0012830543122825185,0.4312787604310986,0.05544906945906542,0.0054486581919588805,0.36629634903925246,0.07538875604265344,0.005033911472748912,0.2820118472128242,5.455175570207904e-05,5.455175570207904e-05,0.6417853612009298
18100,0.00994946505554761,0.001283590940556907,0.4314591396829939,0.055434844903076874,0.005451076366476934,0.36645891539340725,0.07537472421582062,0.005036296883310494,0.2821454836588512,5.458191145426372e-05,5.458191145426372e-05,0.6421401347560437
18110,0.009946309334905073,0.001284127413066138,0.43163946657685315,0.055420623739257484,0.00545349396432623,0.3666214429799146,0.07536069480493336,0.005038681883161325,0.28227909709587257,5.461206720644839e-05,5.461206720644839e-05,0.6424949083111575
18120,0.00994315453037476,0.0012846637298362914,0.4318197411214424,0.05540640596703801,0.005455910985603541,0.36678393180528,0.07534666780966012,0.005041066472357778,0.2824126875270464,5.464222295863307e-05,5.464222295863307e-05,0.6428496818662713
18130,0.009940000641803264,0.0012851998908934455,0.43199996332552787,0.05539219158584921,0.005458327430405637,0.36694638187600914,0.07533264322966926,0.005043450650956224,0.28254625495553076,5.4672378710817745e-05,5.4672378710817745e-05,0.6432044554213852
18140,0.00993684766903718,0.00128573589626368,0.43218013319787557,0.05537798059512184,0.00546074329882929,0.3671087931986077,0.0753186210646292,0.005045834419013036,0.28267979938448384,5.4702534463002425e-05,5.4702534463002425e-05,0.6435592289764991
18150,0.009933695611923098,0.0012862717459730737,0.43236025074725165,0.05536377299428667,0.0054631585909712685,0.367271165779581,0.07530460131420831,0.005048217776584585,0.28281332081706356,5.47326902151871e-05,5.47326902151871e-05,0.6439140025316129
18160,0.009930544470307615,0.0012868074400477058,0.43254031598242204,0.05534956878277445,0.005465573306928345,0.36743349962543487,0.07529058397807503,0.005050600723727244,0.28294681925642823,5.476284596737177e-05,5.476284596737177e-05,0.6442687760867267
18170,0.009927394244037322,0.0012873429785136556,0.4327203289121531,0.05533536796001595,0.005467987446797291,0.36759579474267495,0.07527656905589773,0.005052983260497383,0.28308029470573576,5.479300171955645e-05,5.479300171955645e-05,0.6446235496418405
18180,0.009924244932958813,0.0012878783613970023,0.4329002895452108,0.05532117052544193,0.005470401010674874,0.3677580511378066,0.07526255654734484,0.005055365386951375,0.28321374716814424,5.4823157471741125e-05,5.4823157471741125e-05,0.6449783231969544
18190,0.009921096536918682,0.0012884135887238244,0.4330801978903612,0.05530697647848314,0.005472813998657868,0.36792026881733564,0.07524854645208473,0.005057747103145592,0.2833471766468119,5.48533132239258e-05,5.48533132239258e-05,0.6453330967520682
18200,0.009917949055763521,0.001288948660520202,0.4332600539563704,0.055292785818570354,0.005475226410843042,0.36808244778776744,0.07523453876978584,0.005060128409136407,0.28348058314489677,5.488346897611048e-05,5.488346897611048e-05,0.645687870307182
18210,0.009914802489339923,0.0012894835768122136,0.4334398577520045,0.055278598545134325,0.005477638247327167,0.36824458805560784,0.07522053350011651,0.00506250930498019,0.2836139666655569,5.491362472829515e-05,5.491362472829515e-05,0.6460426438622958
18220,0.009911656837494483,0.0012900183376259385,0.4336196092860297,0.05526441465760581,0.0054800495082070145,0.3684066896273623,0.0752065306427452,0.005064889790733314,0.2837473272119504,5.494378048047983e-05,5.494378048047983e-05,0.6463974174174097
18230,0.009908512100073794,0.0012905529429874556,0.43379930856721194,0.05525023415541557,0.005482460193579355,0.3685687525095364,0.07519253019734028,0.005067269866452151,0.28388066478723534,5.4973936232664505e-05,5.4973936232664505e-05,0.6467521909725236
18240,0.009905368276924446,0.0012910873929228447,0.43397895560431754,0.05523605703799438,0.005484870303540958,0.3687307767086358,0.07517853216357015,0.005069649532193072,0.28401397939456985,5.5004091984849185e-05,5.5004091984849185e-05,0.6471069645276374
18250,0.009902225367893038,0.0012916216874581843,0.43415855040611234,0.05522188330477298,0.005487279838188596,0.36889276223116607,0.07516453654110322,0.00507202878801245,0.284147271037112,5.503424773703386e-05,5.503424773703386e-05,0.6474617380827512
18260,0.009899083372826158,0.0012921558266195537,0.43433809298136256,0.05520771295518214,0.005489688797619038,0.36905470908363275,0.0751505433296079,0.005074407633966656,0.2842805397180199,5.506440348921853e-05,5.506440348921853e-05,0.647816511637865
18270,0.009895942291570403,0.0012926898104330322,0.43451758333883433,0.05519354598865262,0.0054920971819290565,0.36921661727254157,0.07513655252875256,0.005076786070112062,0.28441378544045165,5.509455924140321e-05,5.509455924140321e-05,0.648171285192979
18280,0.009892802123972363,0.0012932236389246988,0.43469702148729367,0.05517938240461518,0.005494504991215421,0.369378486804398,0.07512256413820563,0.005079164096505041,0.2845470082075653,5.5124714993587885e-05,5.5124714993587885e-05,0.6485260587480927
18290,0.009889662869878635,0.0012937573121206327,0.43487640743550676,0.055165222202500586,0.005496912225574903,0.3695403176857077,0.0751085781576355,0.005081541713201963,0.2846802080225189,5.5154870745772565e-05,5.5154870745772565e-05,0.6488808323032066
18300,0.00988652452913581,0.001294290830046913,0.4350557411922396,0.055151065381739584,0.005499318885104273,0.3697021099229763,0.07509459458671057,0.005083918920259202,0.2848133848884707,5.518502649795724e-05,5.518502649795724e-05,0.6492356058583204
18310,0.009883387101590481,0.0012948241927296187,0.4352350227662583,0.05513691194176295,0.005501724969900301,0.3698638635227092,0.07508061342509922,0.005086295717733128,0.2849465388085786,5.521518225014192e-05,5.521518225014192e-05,0.6495903794134342
18320,0.009880250587089242,0.0012953574001948293,0.4354142521663292,0.05512276188200143,0.005504130480059759,0.3700255784914123,0.07506663467246989,0.0050886721056801155,0.28507966978600086,5.524533800232659e-05,5.524533800232659e-05,0.649945152968548
18330,0.009877114985478688,0.0012958904524686236,0.435593429401218,0.0551086152018858,0.005506535415679417,0.370187254835591,0.07505265832849096,0.005091048084156534,0.2852127778238954,5.5275493754511264e-05,5.5275493754511264e-05,0.6502999265236619
18340,0.009873980296605408,0.0012964233495770811,0.4357725544796911,0.055094471900846806,0.005508939776856046,0.3703488925617509,0.07503868439283083,0.0050934236532187566,0.2853458629254205,5.5305649506695944e-05,5.5305649506695944e-05,0.6506547000787758
18350,0.009870846520316,0.0012969560915462805,0.4359516274105144,0.05508033197831522,0.005511343563686415,0.37051049167639766,0.07502471286515791,0.005095798812923154,0.2854789250937341,5.533580525888062e-05,5.533580525888062e-05,0.6510094736338896
18360,0.009867713656457054,0.0012974886784023012,0.4361306482024541,0.055066195433721786,0.005513746776267299,0.3706720521860368,0.07501074374514058,0.005098173563326099,0.2856119643319944,5.53659610110653e-05,5.53659610110653e-05,0.6513642471890034
18370,0.009864581704875166,0.0012980211101712223,0.43630961686427633,0.05505206226649728,0.005516149414695464,0.370833574097174,0.07499677703244725,0.005100547904483964,0.28574498064335935,5.539611676324997e-05,5.539611676324997e-05,0.6517190207441173
18380,0.009861450665416925,0.0012985533868791232,0.43648853340474725,0.055037932476072464,0.005518551479067684,0.37099505741631483,0.07498281272674634,0.00510292183645312,0.28587797403098714,5.542627251543465e-05,5.542627251543465e-05,0.6520737942992312
18390,0.009858320537928929,0.0012990855085520826,0.43666739783263275,0.05502380606187809,0.0055209529694807274,0.3711565021499648,0.07496885082770623,0.00510529535928994,0.2860109444980359,5.5456428267619324e-05,5.5456428267619324e-05,0.652428567854345
18400,0.00985519132225777,0.0012996174752161796,0.436846210156699,0.05500968302334491,0.005523353886031367,0.3713179083046297,0.0749548913349953,0.005107668473050795,0.28614389204766355,5.5486584019804e-05,5.5486584019804e-05,0.6527833414094587
18410,0.00985206301825004,0.0013001492868974938,0.43702497038571214,0.05499556335990371,0.005525754228816372,0.3714792758868149,0.074940934248282,0.005110041177792056,0.28627681668302835,5.551673977198868e-05,5.551673977198868e-05,0.6531381149645726
18420,0.009848935625752332,0.001300680943622104,0.4372036785284383,0.05498144707098522,0.0055281539979325145,0.37164060490302614,0.07492697956723471,0.005112413473570098,0.2864097184072884,5.554689552417335e-05,5.554689552417335e-05,0.6534928885196865
18430,0.009845809144611242,0.0013012124454160894,0.43738233459364345,0.054967334156020224,0.005530553193476564,0.371801895359769,0.07491302729152181,0.00511478536044129,0.28654259722360165,5.5577051276358024e-05,5.5577051276358024e-05,0.6538476620748003
18440,0.00984268357467336,0.0013017437923055293,0.4375609385900938,0.05495322461443947,0.005532951815545292,0.371963147263549,0.07489907742081173,0.005117156838462004,0.28667545313512627,5.5607207028542704e-05,5.5607207028542704e-05,0.6542024356299141
18450,0.009839558915785281,0.0013022749843165026,0.4377394905265555,0.05493911844567373,0.005535349864235469,0.3721243606208718,0.07488512995477284,0.005119527907688614,0.2868082861450204,5.5637362780727384e-05,5.5637362780727384e-05,0.654557209185028
18460,0.0098364351677936,0.0013028060214750887,0.43791799041179447,0.054925015649153745,0.005537747339643866,0.37228553543824305,0.07487118489307357,0.005121898568177491,0.28694109625644204,5.566751853291206e-05,5.566751853291206e-05,0.6549119827401418
18470,0.009833312330544906,0.0013033369038073666,0.43809643825457695,0.05491091622431029,0.005540144241867253,0.3724466717221682,0.0748572422353823,0.005124268819985006,0.28707388347254936,5.569767428509673e-05,5.569767428509673e-05,0.6552667562952557
18480,0.009830190403885795,0.0013038676313394152,0.43827483406366896,0.05489682017057412,0.005542540571002401,0.372607769479153,0.07484330198136746,0.005126638663167531,0.28720664779650035,5.572783003728141e-05,5.572783003728141e-05,0.6556215298503695
18490,0.009827069387662861,0.0013043982040973142,0.43845317784783666,0.05488272748737601,0.005544936327146081,0.3727688287157029,0.0748293641306974,0.005129008097781439,0.2873393892314532,5.5757985789466084e-05,5.5757985789466084e-05,0.6559763034054833
18500,0.009823949281722696,0.0013049286221071422,0.4386314696158461,0.054868638174146694,0.005547331510395065,0.37292984943832364,0.07481542868304057,0.005131377123883101,0.28747210778056587,5.578814154165076e-05,5.578814154165076e-05,0.6563310769605971
18510,0.009820830085911893,0.0013054588853949787,0.4388097093764634,0.05485455223031695,0.005549726120846121,0.3730908316535207,0.07480149563806535,0.00513374574152889,0.2876048034469966,5.581829729383544e-05,5.581829729383544e-05,0.6566858505157109
18520,0.009817711800077048,0.0013059889939869024,0.4389878971384546,0.05484046965531753,0.005552120158596022,0.3732517753677998,0.07478756499544012,0.005136113950775177,0.2877374762339035,5.584845304602012e-05,5.584845304602012e-05,0.6570406240708249
18530,0.00981459442406475,0.001306518947908993,0.43916603291058587,0.054826390448579204,0.005554513623741537,0.3734126805876663,0.07477363675483333,0.005138481751678334,0.28787012614444446,5.587860879820479e-05,5.587860879820479e-05,0.6573953976259387
18540,0.009811477957721595,0.0013070487471873295,0.43934411670162327,0.05481231460953273,0.005556906516379439,0.3735735473196261,0.07475971091591332,0.005140849144294733,0.28800275318177776,5.5908764550389464e-05,5.5908764550389464e-05,0.6577501711810525
18550,0.009808362400894177,0.0013075783918479907,0.439522148520333,0.05479824213760886,0.005559298836606497,0.3737343755701846,0.07474578747834855,0.005143216128680746,0.2881353573490614,5.5938920302574144e-05,5.5938920302574144e-05,0.6581049447361663
18560,0.009805247753429086,0.0013081078819170559,0.4397001283754809,0.054784173032238356,0.005561690584519481,0.37389516534584744,0.07473186644180738,0.005145582704892744,0.28826793864945344,5.596907605475882e-05,5.596907605475882e-05,0.6584597182912801
18570,0.009802134015172917,0.0013086372174206044,0.4398780562758334,0.05477010729285199,0.005564081760215164,0.3740559166531202,0.07471794780595821,0.005147948872987101,0.2884004970861121,5.599923180694349e-05,5.599923180694349e-05,0.658814491846394
18580,0.009799021185972267,0.0013091663983847153,0.4400559322301564,0.05475604491888051,0.005566472363790315,0.37421662949850854,0.07470403157046947,0.005150314633020187,0.2885330326621953,5.602938755912817e-05,5.602938755912817e-05,0.6591692654015079
18590,0.009795909265673723,0.0013096954248354676,0.44023375624721595,0.05474198590975468,0.005568862395341706,0.37437730388851803,0.07469011773500954,0.005152679985048376,0.2886655453808614,5.605954331131285e-05,5.605954331131285e-05,0.6595240389566217
18600,0.009792798254123882,0.0013102242967989405,0.4404115283357783,0.054727930264905265,0.005571251854966107,0.37453793982965417,0.07467620629924683,0.005155044929128037,0.2887980352452682,5.608969906349752e-05,5.608969906349752e-05,0.6598788125117355
18610,0.009789688151169337,0.0013107530143012132,0.44058924850460945,0.054713877983763023,0.0055736407427602885,0.3746985373284227,0.07466229726284973,0.005157409465315543,0.28893050225857386,5.6119854815682197e-05,5.6119854815682197e-05,0.6602335860668493
18620,0.009786578956656682,0.0013112815773683648,0.44076691676247554,0.05469982906575871,0.0055760290588210215,0.37485909639132914,0.07464839062548664,0.0051597735936672676,0.28906294642393654,5.6150010567866877e-05,5.6150010567866877e-05,0.6605883596219632
18630,0.009783470670432507,0.0013118099860264744,0.4409445331181426,0.05468578351032309,0.005578416803245077,0.3750196170248791,0.07463448638682597,0.005162137314239581,0.2891953677445144,5.618016632005155e-05,5.618016632005155e-05,0.660943133177077
18640,0.009780363292343407,0.0013123382403016212,0.4411220975803768,0.05467174131688692,0.005580803976129226,0.37518009923557816,0.07462058454653613,0.005164500627088856,0.28932776622346534,5.621032207223622e-05,5.621032207223622e-05,0.6612979067321908
18650,0.009777256822235977,0.0013128663402198844,0.44129961015794433,0.054657702484880964,0.005583190577570238,0.3753405430299319,0.07460668510428549,0.005166863532271464,0.28946014186394753,5.62404778244209e-05,5.62404778244209e-05,0.6616526802873047
18660,0.00977415125995681,0.001313394285807343,0.4414770708596111,0.05464366701373598,0.0055855766076648855,0.37550094841444603,0.07459278805974248,0.005169226029843777,0.2895924946691191,5.627063357660558e-05,5.627063357660558e-05,0.6620074538424185
18670,0.009771046605352496,0.0013139220770900762,0.44165447969414323,0.05462963490288273,0.0055879620665099375,0.37566131539562597,0.07457889341257548,0.005171588119862167,0.28972482464213817,5.6300789328790256e-05,5.6300789328790256e-05,0.6623622273975324
18680,0.009767942858269632,0.001314449714094163,0.44183183667030684,0.054615606151751976,0.0055903469542021664,0.3758216439799775,0.0745650011624529,0.005173949802383005,0.28985713178616274,5.633094508097493e-05,5.633094508097493e-05,0.6627170009526462
18690,0.00976484001855481,0.0013149771968456827,0.4420091417968681,0.054601580759774476,0.005592731270838341,0.3759819341740061,0.07455111130904314,0.005176311077462665,0.28998941610435097,5.636110083315961e-05,5.636110083315961e-05,0.6630717745077601
18700,0.009761738086054622,0.0013155045253707147,0.4421863950825931,0.05458755872638099,0.005595115016515234,0.3761421859842174,0.0745372238520146,0.005178671945157517,0.2901216775998609,5.639125658534428e-05,5.639125658534428e-05,0.6634265480628738
18710,0.009758637060615664,0.0013160316996953375,0.44236359653624785,0.054573540051002276,0.005597498191329615,0.3763023994171169,0.07452333879103568,0.005181032405523933,0.2902539162758506,5.6421412337528956e-05,5.6421412337528956e-05,0.6637813216179876
18720,0.009755536942084527,0.0013165587198456308,0.44254074616659855,0.054559524733069104,0.005599880795378255,0.3764625744792104,0.07450945612577477,0.005183392458618287,0.29038613213547826,5.6451568089713636e-05,5.6451568089713636e-05,0.6641360951731016
18730,0.009752437730307807,0.0013170855858476735,0.4427178439824112,0.05454551277201222,0.0056022628287579245,0.37662271117700324,0.07449557585590029,0.0051857521044969485,0.2905183251819019,5.648172384189831e-05,5.648172384189831e-05,0.6644908687282154
18740,0.009749339425132092,0.0013176122977275448,0.442894889992452,0.0545315041672624,0.005604644291565395,0.37678280951700127,0.07448169798108063,0.005188111343216291,0.29065049541827964,5.651187959408298e-05,5.651187959408298e-05,0.6648456422833292
18750,0.00974624202640398,0.0013181388555113238,0.443071884205487,0.05451749891825039,0.005607025183897436,0.37694286950570993,0.07446782250098419,0.005190470174832685,0.2907826428477695,5.654203534626766e-05,5.654203534626766e-05,0.665200415838443
18760,0.009743145533970064,0.0013186652592250896,0.4432488266302822,0.05450349702440696,0.005609405505850819,0.37710289114963486,0.07445394941527939,0.005192828599402503,0.2909147674735296,5.6572191098452336e-05,5.6572191098452336e-05,0.6655551893935568
18770,0.009740049947676936,0.0013191915088949216,0.4434257172756038,0.054489498485162866,0.005611785257522315,0.37726287445528167,0.07444007872363459,0.005195186616982117,0.29104686929871804,5.6602346850637016e-05,5.6602346850637016e-05,0.6659099629486708
18780,0.009736955267371188,0.0013197176045468984,0.44360255615021793,0.054475503299948866,0.0056141644390086945,0.3774228194291559,0.07442621042571822,0.0051975442276279,0.29117894832649305,5.663250260282169e-05,5.663250260282169e-05,0.6662647365037845
18790,0.009733861492899416,0.0013202435462070998,0.44377934326289065,0.05446151146819573,0.005616543050406728,0.37758272607776316,0.07441234452119867,0.005199901431396222,0.29131100456001247,5.666265835500637e-05,5.666265835500637e-05,0.6666195100588984
18800,0.009730768624108212,0.0013207693339016046,0.44395607862238806,0.05444752298933421,0.005618921091813187,0.37774259440760916,0.07439848100974436,0.005202258228343457,0.2914430380024346,5.669281410719104e-05,5.669281410719104e-05,0.6669742836140122
18810,0.00972767666084417,0.0013212949676564916,0.4441327622374761,0.05443353786279506,0.005621298563324842,0.3779024244251994,0.07438461989102366,0.005204614618525976,0.2915750486569174,5.672296985937572e-05,5.672296985937572e-05,0.667329057169126
18820,0.009724585602953882,0.0013218204474978407,0.4443093941169212,0.05441955608800906,0.0056236754650384625,0.37806221613703944,0.074370761164705,0.005206970602000149,0.291707036526619,5.6753125611560396e-05,5.6753125611560396e-05,0.6676838307242399
18830,0.009721495450283942,0.0013223457734517303,0.44448597426948916,0.05440557766440696,0.005626051797050819,0.37822196954963483,0.07435690483045675,0.00520932617882235,0.2918390016146975,5.6783281363745076e-05,5.6783281363745076e-05,0.6680386042793538
18840,0.009718406202680944,0.0013228709455442402,0.44466250270394625,0.05439160259141951,0.005628427559458685,0.3783816846694914,0.07434305088794733,0.005211681349048951,0.291970943924311,5.681343711592975e-05,5.681343711592975e-05,0.6683933778344676
18850,0.00971531785999148,0.001323395963801449,0.4448389794290584,0.05437763086847749,0.00563080275235883,0.3785413615031145,0.07432919933684515,0.005214036112736324,0.2921028634586176,5.684359286811442e-05,5.684359286811442e-05,0.6687481513895814
18860,0.009712230422062144,0.0013239208282494362,0.445015404453592,0.05436366249501164,0.005633177375848023,0.3787010000570099,0.07431535017681858,0.005216390469940839,0.29223476022077527,5.68737486202991e-05,5.68737486202991e-05,0.6691029249446953
18870,0.00970914388873953,0.0013244455389142807,0.44519177778631275,0.054349697470452735,0.005635551430023037,0.3788606003376831,0.07430150340753605,0.00521874442071887,0.2923666342139423,5.6903904372483775e-05,5.6903904372483775e-05,0.6694576984998091
18880,0.00970605825987023,0.0013249700958220616,0.44536809943598704,0.05433573579423153,0.0056379249149806415,0.3790201623516397,0.07428765902866594,0.0052210979651267884,0.2924984854412767,5.693406012466845e-05,5.693406012466845e-05,0.6698124720549229
18890,0.009702973535300837,0.0013254944989988583,0.4455443694113809,0.05432177746577879,0.005640297830817608,0.3791796861053853,0.07427381703987666,0.005223451103220965,0.29263031390593647,5.696421587685313e-05,5.696421587685313e-05,0.6701672456100367
18900,0.009699889714877945,0.00132601874847075,0.4457205877212605,0.05430782248452527,0.005642670177630706,0.3793391716054255,0.07425997744083661,0.005225803835057774,0.2927621196110798,5.699437162903781e-05,5.699437162903781e-05,0.6705220191651506
18910,0.009696806798448147,0.0013265428442638153,0.44589675437439164,0.05429387084990173,0.005645041955516708,0.3794986188582661,0.0742461402312142,0.005228156160693585,0.2928939025598647,5.702452738122248e-05,5.702452738122248e-05,0.6708767927202645
18920,0.00969372478585804,0.001327066786404134,0.4460728693795409,0.054279922561338935,0.005647413164572384,0.37965802787041236,0.07423230541067781,0.00523050808018477,0.29302566275544933,5.7054683133407155e-05,5.7054683133407155e-05,0.6712315662753783
18930,0.00969064367695421,0.0013275905749177848,0.44624893274547384,0.05426597761826764,0.005649783804894504,0.37981739864836994,0.07421847297889585,0.005232859593587703,0.29315740020099174,5.7084838885591835e-05,5.7084838885591835e-05,0.6715863398304921
18940,0.009687563471583255,0.0013281142098308472,0.446424944480957,0.05425203602011861,0.005652153876579839,0.3799767311986446,0.07420464293553673,0.005235210700958754,0.2932891148996501,5.711499463777651e-05,5.711499463777651e-05,0.6719411133856059
18950,0.00968448416959177,0.0013286376911693998,0.4466009045947562,0.0542380977663226,0.00565452337972516,0.3801360255277418,0.07419081528026883,0.0052375614023542965,0.29342080685458244,5.714515038996118e-05,5.714515038996118e-05,0.6722958869407197
18960,0.009681405770826343,0.0013291610189595222,0.4467768130956377,0.054224162856310376,0.005656892314427238,0.3802952816421672,0.07417699001276057,0.0052399116978307,0.2935524760689468,5.717530614214586e-05,5.717530614214586e-05,0.6726506604958337
18970,0.009678328275133572,0.0013296841932272934,0.4469526699923675,0.054210231289512696,0.0056592606807828435,0.3804544995484264,0.07416316713268034,0.0052422615874443395,0.29368412254590137,5.720546189433054e-05,5.720546189433054e-05,0.6730054340509475
18980,0.009675251682360048,0.0013302072139987926,0.44712847529371175,0.05419630306536032,0.005661628478888747,0.380613679253025,0.07414934663969655,0.005244611071251584,0.2938157462886042,5.7235617646515215e-05,5.7235617646515215e-05,0.6733602076060613
18990,0.009672175992352363,0.0013307300813000986,0.44730422900843647,0.05418237818328401,0.00566399570884172,0.38077282076246854,0.07413552853347759,0.005246960149308808,0.2939473473002133,5.726577339869989e-05,5.726577339869989e-05,0.6737149811611751
19000,0.009669101204957115,0.0013312527951572911,0.4474799311453079,0.054168456642714524,0.005666362370738533,0.38093192408326265,0.07412171281369187,0.0052493088216723814,0.29407892558388693,5.729592915088456e-05,5.729592915088456e-05,0.6740697547162889
19010,0.009666027320020892,0.0013317753555964489,0.447655581713092,0.05415453844308263,0.005668728464675956,0.381090989221913,0.07410789948000777,0.005251657088398676,0.294210481142783,5.732608490306924e-05,5.732608490306924e-05,0.6744245282714028
19020,0.00966295433739029,0.001332297762643651,0.44783118072055494,0.05414062358381907,0.00567109399075076,0.381250016184925,0.07409408853209372,0.005254004949544066,0.2943420139800597,5.7356240655253915e-05,5.7356240655253915e-05,0.6747793018265166
19030,0.009659882256911903,0.001332820016324977,0.4480067281764628,0.05412671206435462,0.005673458949059716,0.3814090049788044,0.07408027996961809,0.005256352405164921,0.2944735240988752,5.7386396407438595e-05,5.7386396407438595e-05,0.6751340753816305
19040,0.009656811078432323,0.0013333421166665056,0.44818222408958164,0.05411280388412004,0.005675823339699596,0.3815679556100568,0.07406647379224932,0.005258699455317615,0.2946050115023874,5.741655215962327e-05,5.741655215962327e-05,0.6754888489367443
19050,0.009653740801798143,0.0013338640636943162,0.4483576684686777,0.054098899042546084,0.005678187162767168,0.38172686808518774,0.07405266999965576,0.005261046100058518,0.29473647619375454,5.744670791180795e-05,5.744670791180795e-05,0.6758436224918581
19060,0.009650671426855956,0.001334385857434488,0.4485330613225169,0.05408499753906352,0.005680550418359204,0.3818857424107028,0.07403886859150585,0.005263392339444003,0.2948679181761346,5.747686366399262e-05,5.747686366399262e-05,0.676198396046972
19070,0.009647602953452357,0.0013349074979130998,0.4487084026598655,0.054071099373103094,0.005682913106572476,0.38204457859310753,0.07402506956746799,0.005265738173530441,0.29499933745268575,5.75070194161773e-05,5.75070194161773e-05,0.6765531696020859
19080,0.00964453538143394,0.001335428985156231,0.44888369248948934,0.054057204544095586,0.005685275227503753,0.3822033766389077,0.07401127292721055,0.005268083602374204,0.29513073402656603,5.7537175168361974e-05,5.7537175168361974e-05,0.6769079431571996
19090,0.009641468710647293,0.0013359503191899607,0.44905893082015486,0.05404331305147174,0.005687636781249806,0.3823621365546088,0.07399747867040195,0.0052704286260316655,0.2952621079009336,5.756733092054665e-05,5.756733092054665e-05,0.6772627167123134
19100,0.009638402940939015,0.001336471500040368,0.4492341176606278,0.05402942489466232,0.005689997767907407,0.3825208583467164,0.0739836867967106,0.005272773244559196,0.2953934590789466,5.759748667273133e-05,5.759748667273133e-05,0.6776174902674273
19110,0.009635338072155698,0.0013369925277335317,0.4494092530196745,0.0540155400730981,0.005692358187573326,0.38267954202173615,0.07396989730580489,0.0052751174580131675,0.2955247875637629,5.7627642424916e-05,5.7627642424916e-05,0.6779722638225412
19120,0.009632274104143933,0.0013375134022955318,0.44958433690606103,0.05400165858620982,0.005694718040344333,0.3828381875861736,0.07395611019735321,0.005277461266449952,0.2956560933585407,5.7657798177100674e-05,5.7657798177100674e-05,0.678327037377655
19130,0.009629211036750317,0.0013380341237524468,0.44975936932855354,0.05398778043342825,0.0056970773263172,0.3829967950465344,0.07394232547102397,0.005279804669925922,0.2957873764664382,5.7687953929285354e-05,5.7687953929285354e-05,0.6786818109327688
19140,0.009626148869821438,0.001338554692130356,0.44993435029591794,0.05397390561418415,0.0056994360455886964,0.3831553644093241,0.07392854312648559,0.005282147668497449,0.2959186368906134,5.771810968147003e-05,5.771810968147003e-05,0.6790365844878826
19150,0.009623087603203895,0.0013390751074553384,0.45010927981692045,0.053960034127908285,0.005701794198255594,0.38331389568104823,0.07391476316340644,0.005284490262220905,0.2960498746342244,5.774826543365471e-05,5.774826543365471e-05,0.6793913580429966
19160,0.009620027236744278,0.0013395953697534733,0.45028415790032716,0.05394616597403141,0.005704151784414663,0.3834723888682126,0.07390098558145491,0.005286832451152661,0.2961810897004292,5.777842118583938e-05,5.777842118583938e-05,0.6797461315981103
19170,0.00961696777028918,0.0013401154790508398,0.4504589845549041,0.05393230115198428,0.005706508804162675,0.3836308439773226,0.07388721038029945,0.005289174235349091,0.296312282092386,5.780857693802406e-05,5.780857693802406e-05,0.6801009051532242
19180,0.009613909203685198,0.001340635435373517,0.45063375978941744,0.053918439661197665,0.0057088652575963995,0.3837892610148839,0.07387343755960843,0.005291515614866564,0.2964434518132529,5.7838732690208734e-05,5.7838732690208734e-05,0.680455678708338
19190,0.00961085153677892,0.0013411552387475841,0.45080848361263326,0.053904581501102326,0.005711221144812607,0.3839476399874021,0.07385966711905026,0.0052938565897614545,0.2965745988661879,5.7868888442393414e-05,5.7868888442393414e-05,0.6808104522634518
19200,0.009607794769416943,0.0013416748891991203,0.45098315603331773,0.05389072667112901,0.0057135764659080705,0.3841059809013828,0.07384589905829332,0.005296197160090134,0.29670572325434924,5.789904419457809e-05,5.789904419457809e-05,0.6811652258185656
19210,0.009604738901445859,0.0013421943867542045,0.45115777706023674,0.053876875170708494,0.005715931220979558,0.38426428376333155,0.07383213337700603,0.005298537325908972,0.2968368249808948,5.792919994676277e-05,5.792919994676277e-05,0.6815199993736796
19220,0.009601683932712261,0.001342713731438916,0.45133234670215666,0.05386302699927153,0.005718285410123843,0.3844225485797541,0.07381837007485678,0.005300877087274345,0.2969679040489829,5.795935569894744e-05,5.795935569894744e-05,0.6818747729287934
19230,0.009598629863062744,0.0013432329232793343,0.4515068649678434,0.05384918215624888,0.005720639033437693,0.3845807753571558,0.07380460915151399,0.0053032164442426205,0.2970989604617715,5.7989511451132114e-05,5.7989511451132114e-05,0.6822295464839072
19240,0.009595576692343899,0.0013437519623015377,0.4516813318660631,0.053835340641071296,0.005722992091017882,0.38473896410204245,0.07379085060664603,0.005305555396870172,0.29722999422241864,5.8019667203316794e-05,5.8019667203316794e-05,0.682584320039021
19250,0.00959252442040232,0.001344270848531606,0.4518557474055818,0.05382150245316955,0.005725344582961179,0.3848971148209195,0.07377709443992132,0.005307893945213372,0.2973610053340825,5.804982295550147e-05,5.804982295550147e-05,0.6829390935941348
19260,0.009589473047084601,0.0013447895819956182,0.45203011159516576,0.0538076675919744,0.0057276965093643545,0.3850552275202927,0.07376334065100827,0.005310232089328592,0.29749199379992114,5.807997870768614e-05,5.807997870768614e-05,0.6832938671492487
19270,0.009586422572237336,0.0013453081627196534,0.45220442444358094,0.0537938360569166,0.00573004787032418,0.3852133022066675,0.07374958923957527,0.0053125698292722035,0.29762295962309265,5.811013445987082e-05,5.811013445987082e-05,0.6836486407043625
19280,0.009583372995707117,0.0013458265907297907,0.45237868595959346,0.05378000784742692,0.0057323986659374255,0.38537133888654956,0.0737358402052907,0.005314907165100579,0.2977539028067551,5.8140290212055494e-05,5.8140290212055494e-05,0.6840034142594763
19290,0.009580324317340537,0.0013463448660521093,0.4525528961519695,0.053766182962936115,0.005734748896300863,0.38552933756644453,0.07372209354782298,0.0053172440968700906,0.2978848233540667,5.8170445964240174e-05,5.8170445964240174e-05,0.6843581878145902
19300,0.00957727653698419,0.0013468629887126882,0.45272705502947497,0.05375236140287494,0.005737098561511262,0.3856872982528579,0.07370834926684053,0.005319580624637109,0.2980157212681854,5.820060171642485e-05,5.820060171642485e-05,0.684712961369704
19310,0.00957422965448467,0.0013473809587376067,0.45290116260087615,0.05373854316667417,0.005739447661665394,0.3858452209522954,0.07369460736201171,0.005321916748458008,0.2981465965522693,5.823075746860953e-05,5.823075746860953e-05,0.6850677349248179
19320,0.009571183669688567,0.001347898776152944,0.45307521887493907,0.05372472825376455,0.005741796196860029,0.3860031056712624,0.07368086783300494,0.005324252468389158,0.29827744920947663,5.82609132207942e-05,5.82609132207942e-05,0.6854225084799317
19330,0.009568138582442478,0.0013484164409847791,0.45324922386042993,0.053710916663576844,0.005744144167191939,0.38616095241626475,0.07366713067948863,0.005326587784486931,0.2984082792429653,5.829106897297887e-05,5.829106897297887e-05,0.6857772820350455
19340,0.009565094392592996,0.001348933953259191,0.4534231775661146,0.05369710839554182,0.005746491572757893,0.3863187611938078,0.07365339590113117,0.0053289226968077,0.29853908665589357,5.832122472516355e-05,5.832122472516355e-05,0.6861320555901594
19350,0.009562051099986714,0.0013494513130022593,0.4535970800007594,0.05368330344909023,0.005748838413654663,0.38647653201039744,0.07363966349760095,0.0053312572054078355,0.2986698714514194,5.835138047734823e-05,5.835138047734823e-05,0.6864868291452733
19360,0.009559008704470223,0.0013499685202400628,0.45377093117313033,0.05366950182365284,0.0057511846899790196,0.3866342648725391,0.0736259334685664,0.00533359131034371,0.2988006336327009,5.8381536229532907e-05,5.8381536229532907e-05,0.6868416027003871
19370,0.009555967205890118,0.0013504855749986804,0.4539447310919934,0.053655703518660405,0.005753530401827733,0.3867919597867383,0.07361220581369589,0.005335925011671696,0.2989313732028961,5.841169198171758e-05,5.841169198171758e-05,0.6871963762555009
19380,0.009552926604092992,0.0013510024773041918,0.45411847976611486,0.0536419085335437,0.005755875549297575,0.3869496167595008,0.07359848053265784,0.005338258309448164,0.2990620901651633,5.844184773390225e-05,5.844184773390225e-05,0.6875511498106147
19390,0.00954988689892544,0.001351519227182676,0.45429217720426074,0.05362811686773346,0.005758220132485314,0.38710723579733197,0.07358475762512065,0.005340591203729489,0.29919278452266046,5.847200348608693e-05,5.847200348608693e-05,0.6879059233657285
19400,0.009546848090234051,0.0013520358246602118,0.4544658234151972,0.05361432852066046,0.005760564151487724,0.3872648169067377,0.0735710370907527,0.005342923694572039,0.2993234562785456,5.8502159238271606e-05,5.8502159238271606e-05,0.6882606969208424
19410,0.009543810177865424,0.0013525522697628786,0.4546394184076903,0.05360054349175546,0.005762907606401573,0.3874223600942234,0.07355731892922242,0.005345255782032188,0.29945410543597695,5.8532314990456286e-05,5.8532314990456286e-05,0.6886154704759563
19420,0.009540773161666148,0.0013530685625167554,0.454812962190506,0.05358676178044923,0.005765250497323634,0.3875798653662947,0.07354360314019817,0.005347587466166308,0.2995847319981125,5.856247074264096e-05,5.856247074264096e-05,0.6889702440310701
19430,0.009537737041482818,0.0013535847029479216,0.45498645477241056,0.05357298338617251,0.005767592824350676,0.38773733272945715,0.0735298897233484,0.00534991874703077,0.29971533596811034,5.859262649482564e-05,5.859262649482564e-05,0.6893250175861839
19440,0.009534701817162025,0.001354100691082456,0.45515989616217006,0.053559208308356074,0.00576993458757947,0.3878947621902164,0.07351617867834148,0.005352249624681947,0.2998459173491287,5.862278224701031e-05,5.862278224701031e-05,0.6896797911412977
19450,0.009531667488550367,0.0013546165269464382,0.4553332863685506,0.05354543654643067,0.005772275787106787,0.38805215375507807,0.0735024700048458,0.00535458009917621,0.2999764761443255,5.865293799919499e-05,5.865293799919499e-05,0.6900345646964117
19460,0.009528634055494433,0.0013551322105659468,0.4555066254003182,0.05353166809982708,0.005774616423029399,0.3882095074305477,0.0734887637025298,0.005356910170569931,0.3001070123568589,5.8683093751379666e-05,5.8683093751379666e-05,0.6903893382515255
19470,0.009525601517840819,0.0013556477419670613,0.4556799132662391,0.053517902967976046,0.005776956495444074,0.388366823223131,0.07347505977106185,0.005359239838919483,0.300237525989887,5.871324950356434e-05,5.871324950356434e-05,0.6907441118066392
19480,0.009522569875436118,0.0013561631211758607,0.4558531499750792,0.05350414115030833,0.005779296004447585,0.3885241011393334,0.07346135821011036,0.0053615691042812365,0.30036801704656785,5.874340525574902e-05,5.874340525574902e-05,0.6910988853617531
19490,0.00951953912812692,0.0013566783482184242,0.45602633553560473,0.053490382646254706,0.005781634950136703,0.38868134118566067,0.07344765901934372,0.005363897966711564,0.30049848553005964,5.877356100793369e-05,5.877356100793369e-05,0.6914536589168669
19500,0.009516509275759822,0.001357193423120831,0.4561994699565818,0.053476627455245916,0.005783973332608197,0.38883854336861823,0.07343396219843035,0.005366226426266838,0.3006289314435203,5.880371676011837e-05,5.880371676011837e-05,0.6918084324719808
19510,0.009513480318181416,0.0013577083459091598,0.4563725532467764,0.05346287557671273,0.005786311151958838,0.3889957076947117,0.07342026774703864,0.005368554483003429,0.30075935479010807,5.8833872512303046e-05,5.8833872512303046e-05,0.6921632060270946
19520,0.009510452255238295,0.0013582231166094903,0.4565455854149547,0.05344912701008592,0.005788648408285397,0.38915283417044677,0.07340657566483698,0.005370882136977711,0.300889755572981,5.886402826448772e-05,5.886402826448772e-05,0.6925179795822084
19530,0.009507425086777052,0.0013587377352479017,0.4567185664698829,0.053435381754796216,0.005790985101684645,0.389309922802329,0.07339288595149379,0.005373209388246054,0.30102013379529713,5.889418401667239e-05,5.889418401667239e-05,0.6928727531373222
19540,0.009504398812644282,0.0013592522018504726,0.45689149642032684,0.0534216398102744,0.005793321232253354,0.3894669735968641,0.07337919860667746,0.00537553623686483,0.30115048946021455,5.892433976885707e-05,5.892433976885707e-05,0.6932275266924361
19550,0.009501373432686578,0.0013597665164432823,0.45706437527505284,0.05340790117595123,0.005795656800088292,0.3896239865605574,0.07336551363005639,0.005377862682890412,0.30128082257089145,5.895449552104175e-05,5.895449552104175e-05,0.69358230024755
19560,0.00949834894675053,0.0013602806790524104,0.457237203042827,0.05339416585125747,0.005797991805286232,0.3897809616999147,0.07335183102129898,0.005380188726379171,0.3014111331304858,5.8984651273226426e-05,5.8984651273226426e-05,0.6939370738026638
19570,0.009495325354682735,0.0013607946897039355,0.45740997973241526,0.05338043383562387,0.005800326247943945,0.3899378990214416,0.07333815078007364,0.00538251436738748,0.30154142114215576,5.90148070254111e-05,5.90148070254111e-05,0.6942918473577776
19580,0.009492302656329787,0.0013613085484239368,0.4575827053525838,0.0533667051284812,0.005802660128158199,0.3900947985316436,0.07332447290604875,0.005384839605971711,0.30167168660905946,5.904496277759578e-05,5.904496277759578e-05,0.6946466209128914
19590,0.009489280851538275,0.001361822255238494,0.45775537991209875,0.0533529797292602,0.005804993446025767,0.3902516602370263,0.07331079739889274,0.005387164442188234,0.3018019295343548,5.907511852978045e-05,5.907511852978045e-05,0.6950013944680052
19600,0.009486259940154795,0.0013623358101736854,0.45792800341972617,0.05333925763739166,0.00580732620164342,0.3904084841440954,0.07329712425827398,0.005389488876093422,0.30193214992120015,5.910527428196513e-05,5.910527428196513e-05,0.6953561680231192
19610,0.009483239922025941,0.0013628492132555907,0.45810057588423214,0.05332553885230633,0.005809658395107927,0.39056527025935633,0.07328345348386088,0.005391812907743648,0.30206234777275337,5.9135430034149805e-05,5.9135430034149805e-05,0.695710941578233
19620,0.009480220796998303,0.0013633624645102889,0.45827309731438276,0.05331182337343496,0.00581199002651606,0.3907220185893149,0.07326978507532186,0.005394136537195282,0.30219252309217265,5.9165585786334485e-05,5.9165585786334485e-05,0.6960657151333468
19630,0.009477202564918479,0.0013638755639638592,0.45844556771894424,0.05329811120020832,0.005814321095964589,0.3908787291404765,0.0732561190323253,0.005396459764504697,0.3023226758826161,5.919574153851916e-05,5.919574153851916e-05,0.6964204886884606
19640,0.009474185225633059,0.0013643885116423806,0.4586179871066825,0.05328440233205716,0.005816651603550285,0.3910354019193469,0.0732424553545396,0.005398782589728265,0.30245280614724174,5.922589729070384e-05,5.922589729070384e-05,0.6967752622435746
19650,0.009471168778988638,0.001364901307571932,0.4587903554863637,0.05327069676841225,0.005818981549369919,0.3911920369324315,0.07322879404163318,0.005401105012922357,0.3025829138892077,5.925605304288851e-05,5.925605304288851e-05,0.6971300357986884
19660,0.009468153224831808,0.0013654139517785932,0.458962672866754,0.05325699450870435,0.0058213109335202625,0.39134863418623606,0.07321513509327442,0.005403427034143347,0.3027129991116721,5.9286208795073185e-05,5.9286208795073185e-05,0.6974848093538021
19670,0.009465138563009162,0.001365926444288443,0.45913493925661947,0.05324329555236422,0.0058236397560980846,0.39150519368726616,0.07320147850913172,0.0054057486534476035,0.3028430618177929,5.9316364547257865e-05,5.9316364547257865e-05,0.697839582908916
19680,0.009462124793367294,0.0013664387851275606,0.4593071546647262,0.05322959989882262,0.005825968017200157,0.3916617154420273,0.07318782428887351,0.005408069870891502,0.3029731020107284,5.934652029944254e-05,5.934652029944254e-05,0.6981943564640298
19690,0.009459111915752797,0.001366950974322025,0.4594793190998403,0.05321590754751031,0.005828295716923251,0.3918181994570252,0.07317417243216814,0.005410390686531413,0.30310311969363657,5.937667605162722e-05,5.937667605162722e-05,0.6985491300191436
19700,0.009456099930012266,0.0013674630118979153,0.45965143257072777,0.05320221849785804,0.005830622855364135,0.39197464573876534,0.07316052293868407,0.005412711100423706,0.30323311486967547,5.940683180381189e-05,5.940683180381189e-05,0.6989039035742575
19710,0.009453088835992291,0.0013679748978813109,0.45982349508615483,0.053188532749296594,0.005832949432619582,0.39213105429375333,0.07314687580808965,0.0054150311126247574,0.30336308754200325,5.9436987555996565e-05,5.9436987555996565e-05,0.6992586771293713
19720,0.00945007863353947,0.0013684866322982907,0.45999550665488764,0.05317485030125671,0.005835275448786362,0.3922874251284949,0.0731332310400533,0.005417350723190936,0.30349303771377795,5.9467143308181245e-05,5.9467143308181245e-05,0.6996134506844852
19730,0.009447069322500392,0.001368998215174934,0.4601674672856921,0.05316117115316916,0.005837600903961246,0.39244375824949546,0.07311958863424342,0.005419669932178616,0.30362296538815775,5.9497299060365925e-05,5.9497299060365925e-05,0.699968224239599
19740,0.009444060902721652,0.0013695096465373199,0.46033937698733435,0.05314749530446469,0.005839925798241005,0.3926000536632608,0.07310594859032843,0.005421988739644166,0.30375287056830064,5.95274548125506e-05,5.95274548125506e-05,0.7003229977947129
19750,0.009441053374049841,0.0013700209264115274,0.4605112357685806,0.05313382275457408,0.005842250131722408,0.3927563113762963,0.07309231090797669,0.00542430714564396,0.3038827532573647,5.955761056473527e-05,5.955761056473527e-05,0.7006777713498267
19760,0.009438046736331557,0.001370532054823636,0.4606830436381969,0.053120153502928084,0.005844573904502229,0.39291253139510773,0.07307867558685663,0.005426625150234371,0.3040126134585082,5.958776631691995e-05,5.958776631691995e-05,0.7010325449049406
19770,0.00943504098941339,0.0013710430317997243,0.46085480060494927,0.05310648754895746,0.005846897116677235,0.3930687137262006,0.07306504262663664,0.0054289427534717685,0.30414245117488903,5.9617922069104625e-05,5.9617922069104625e-05,0.7013873184600543
19780,0.009432036133141935,0.0013715538573658716,0.46102650667760386,0.05309282489209296,0.005849219768344198,0.3932248583760805,0.07305141202698513,0.005431259955412526,0.3042722664096653,5.96480778212893e-05,5.96480778212893e-05,0.7017420920151681
19790,0.009429032167363783,0.0013720645315481576,0.46119816186492685,0.05307916553176536,0.005851541859599891,0.39338096535125316,0.07303778378757049,0.005433576756113015,0.3044020591659953,5.967823357347398e-05,5.967823357347398e-05,0.7020968655702821
19800,0.009426029091925529,0.001372575054372661,0.4613697661756843,0.05306550946740541,0.005853863390541083,0.39353703465822404,0.07302415790806112,0.005435893155629608,0.30453182944703683,5.970838932565865e-05,5.970838932565865e-05,0.7024516391253959
19810,0.009423026906673765,0.0013730854258654605,0.46154131961864214,0.053051856698443874,0.005856184361264544,0.3936930663034987,0.07301053438812542,0.005438209154018676,0.3046615772559482,5.973854507784333e-05,5.973854507784333e-05,0.7028064126805097
19820,0.009420025611455085,0.001373595646052636,0.4617128222025666,0.05303820722431151,0.005858504771867045,0.39384906029358274,0.0729969132274318,0.005440524751336591,0.30479130259588744,5.9768700830028004e-05,5.9768700830028004e-05,0.7031611862356235
19830,0.009417025206116083,0.0013741057149602664,0.46188427393622394,0.05302456104443908,0.005860824622445358,0.394005016634982,0.07298329442564867,0.005442839947639725,0.3049210054700126,5.9798856582212684e-05,5.9798856582212684e-05,0.7035159597907374
19840,0.009414025690503352,0.0013746156326144307,0.46205567482838006,0.05301091815825735,0.005863143913096253,0.3941609353342018,0.0729696779824444,0.00544515474298445,0.30505068588148176,5.982901233439736e-05,5.982901233439736e-05,0.7038707333458513
19850,0.009411027064463486,0.001375125399041208,0.462227024887801,0.05299727856519707,0.0058654626439165,0.39431681639774785,0.0729560638974874,0.005447469137427138,0.30518034383345316,5.985916808658203e-05,5.985916808658203e-05,0.704225506900965
19860,0.009408029327843076,0.0013756350142666777,0.46239832412325294,0.052983642264689004,0.005867780815002871,0.3944726598321257,0.07294245217044609,0.005449783131024161,0.3053099793290846,5.988932383876671e-05,5.988932383876671e-05,0.7045802804560789
19870,0.009405032480488715,0.0013761444783169188,0.4625695725435021,0.05297000925616392,0.005870098426452136,0.3946284656438411,0.07292884280098887,0.005452096723831891,0.3054395923715345,5.9919479590951384e-05,5.9919479590951384e-05,0.7049350540111927
19880,0.009402036522247002,0.0013766537912180104,0.4627407701573144,0.052956379539052564,0.005872415478361066,0.3947842338393993,0.0729152357887841,0.0054544099159067,0.3055691829639608,5.994963534313606e-05,5.994963534313606e-05,0.7052898275663065
19890,0.009399041452964524,0.0013771629529960316,0.4629119169734559,0.052942753112785707,0.005874731970826432,0.39493996442530627,0.07290163113350023,0.005456722707304958,0.30569875110952144,5.997979109532074e-05,5.997979109532074e-05,0.7056446011214204
19900,0.009396047272487875,0.0013776719636770618,0.463083013000693,0.05292912997679411,0.005877047903945004,0.3950956574080674,0.07288802883480563,0.005459035098083041,0.30582829681137486,6.000994684750541e-05,6.000994684750541e-05,0.7059993746765342
19910,0.009393053980663653,0.0013781808232871796,0.4632540582477915,0.05291551013050853,0.005879363277813553,0.39525131279418835,0.07287442889236871,0.0054613470882973175,0.30595782007267885,6.0040102599690084e-05,6.0040102599690084e-05,0.706354148231648
19920,0.009390061577338446,0.0013786895318524646,0.46342505272351747,0.05290189357335972,0.00588167809252885,0.39540693059017473,0.07286083130585787,0.0054636586780041595,0.3060873208965916,6.0070258351874764e-05,6.0070258351874764e-05,0.7067089217867619
19930,0.00938707006235885,0.0013791980893989961,0.4635959964366373,0.05288828030477845,0.0058839923481876655,0.3955625108025321,0.07284723607494151,0.00546596986725994,0.3062167992862712,6.010041410405944e-05,6.010041410405944e-05,0.7070636953418756
19940,0.009384079435571457,0.0013797064959528529,0.46376688939591687,0.05287467032419548,0.0058863060448867705,0.39571805343776606,0.07283364319928803,0.0054682806561210315,0.30634625524487574,6.013056985624412e-05,6.013056985624412e-05,0.7074184688969896
19950,0.009381089696822862,0.001380214751540114,0.46393773161012236,0.052861063631041566,0.005888619182722935,0.39587355850238215,0.07282005267856584,0.0054705910446438055,0.30647568877556336,6.016072560842879e-05,6.016072560842879e-05,0.7077732424521034
19960,0.009378100845959657,0.0013807228561868588,0.46410852308801975,0.052847460224747476,0.005890931761792931,0.3960290260028861,0.07280646451244333,0.005472901032884633,0.30660509988149204,6.019088136061347e-05,6.019088136061347e-05,0.7081280160072172
19970,0.009375112882828435,0.0013812308099191667,0.4642792638383753,0.05283386010474396,0.005893243782193529,0.3961844559457834,0.0727928787005889,0.005475210620899886,0.3067344885658199,6.0221037112798144e-05,6.0221037112798144e-05,0.708482789562331
19980,0.00937212580727579,0.0013817386127631163,0.464449953869955,0.052820263270461784,0.005895555244021499,0.39633984833757974,0.07277929524267095,0.0054775198087459375,0.3068638548317052,6.025119286498282e-05,6.025119286498282e-05,0.7088375631174448
19990,0.009369139619148315,0.001382246264744787,0.46462059319152504,0.05280666972133171,0.0058978661473736115,0.39649520318478054,0.07276571413835788,0.0054798285964791586,0.3069931986823058,6.02813486171675e-05,6.02813486171675e-05,0.7091923366725588
20000,0.009366154318292604,0.001382753765890258,0.46479118181185136,0.05279307945678449,0.005900176492346638,0.3966505204938916,0.0727521353873181,0.005482136984155921,0.3071225201207799,6.031150436935218e-05,6.031150436935218e-05,0.7095471102276726
20010,0.00936316990455525,0.0013832611162256081,0.4649617197397002,0.0527794924762509,0.00590248627903735,0.3968058002714184,0.07273855898922,0.005484444971832598,0.3072518191502856,6.034166012153685e-05,6.034166012153685e-05,0.7099018837827864
20020,0.009360186377782844,0.0013837683157769168,0.4651322069838375,0.05276590877916168,0.005904795507542517,0.3969610425238666,0.07272498494373199,0.00548675255956556,0.30738109577398093,6.0371815873721524e-05,6.0371815873721524e-05,0.7102566573379002
20030,0.009357203737821984,0.0013842753645702632,0.46530264355302964,0.05275232836494761,0.005907104177958909,0.3971162472577417,0.07271141325052247,0.005489059747411179,0.307510349995024,6.0401971625906204e-05,6.0401971625906204e-05,0.7106114308930142
20040,0.009354221984519259,0.0013847822626317265,0.4654730294560425,0.052738751233039435,0.005909412290383298,0.3972714144795494,0.07269784390925982,0.005491366535425828,0.30763958181657297,6.0432127378090884e-05,6.0432127378090884e-05,0.710966204448128
20050,0.009351241117721265,0.0013852890099873855,0.4656433647016422,0.05272517738286792,0.005911719844912455,0.39742654419579526,0.07268427691961248,0.005493672923665878,0.30776879124178586,6.046228313027555e-05,6.046228313027555e-05,0.7113209780032417
20060,0.009348261137274595,0.0013857956066633196,0.4658136492985948,0.05271160681386383,0.00591402684164315,0.39758163641298483,0.0726707122812488,0.005495978912187701,0.30789797827382076,6.049243888246023e-05,6.049243888246023e-05,0.7116757515583556
20070,0.00934528204302584,0.001386302052685608,0.4659838832556665,0.05269803952545793,0.005916333280672155,0.39773669113762383,0.07265714999383723,0.0054982845010476695,0.3080271429158358,6.05225946346449e-05,6.05225946346449e-05,0.7120305251134694
20080,0.009342303834821594,0.0013868083480803295,0.46615406658162334,0.05268447551708096,0.005918639162096238,0.3978917083762176,0.07264359005704614,0.005500589690302155,0.3081562851709891,6.055275038682958e-05,6.055275038682958e-05,0.7123852986685832
20090,0.00933932651250845,0.0013873144928735637,0.4663241992852315,0.05267091478816371,0.005920944486012172,0.39804668813527205,0.07263003247054393,0.005502894480007529,0.3082854050424386,6.0582906139014257e-05,6.0582906139014257e-05,0.7127400722236971
20100,0.009336350075933007,0.0013878204870913895,0.46649428137525695,0.05265735733813691,0.005923249252516728,0.3982016304212926,0.07261647723399903,0.005505198870220164,0.30841450253334257,6.0613061891198937e-05,6.0613061891198937e-05,0.713094845778811
20110,0.00933337452494185,0.001388326330759886,0.4666643128604658,0.05264380316643133,0.0059255534617066756,0.39835653524078485,0.0726029243470798,0.005507502860996433,0.308543577646859,6.064321764338361e-05,6.064321764338361e-05,0.7134496193339248
20120,0.009330399859381578,0.0013888320239051324,0.46683429374962426,0.052630252272477744,0.005927857113678786,0.39851140260025447,0.07258937380945467,0.005509806452392705,0.30867263038614595,6.067337339556829e-05,6.067337339556829e-05,0.7138043928890386
20130,0.009327426079098781,0.0013893375665532078,0.4670042240514984,0.0526167046557069,0.005930160208529829,0.398666232506207,0.07257582562079203,0.005512109644465355,0.3088016607543616,6.070352914775296e-05,6.070352914775296e-05,0.7141591664441524
20140,0.009324453183940054,0.0013898429587301912,0.4671741037748542,0.05260316031554956,0.005932462746356577,0.398821024965148,0.07256227978076027,0.005514412437270752,0.308930668754664,6.073368489993764e-05,6.073368489993764e-05,0.7145139399992664
20150,0.00932148117375199,0.0013903482004621623,0.4673439329284579,0.05258961925143649,0.005934764727255799,0.39897577998358313,0.0725487362890278,0.005516714830865271,0.30905965439021127,6.0763840652122316e-05,6.0763840652122316e-05,0.7148687135543801
20160,0.009318510048381181,0.0013908532917751995,0.46751371152107546,0.052576081462798435,0.005937066151324269,0.399130497568018,0.07253519514526303,0.005519016825305281,0.3091886176641614,6.079399640430699e-05,6.079399640430699e-05,0.7152234871094939
20170,0.009315539807674224,0.0013913582326953826,0.46768343956147307,0.052562546949066175,0.005939367018658753,0.3992851777249581,0.07252165634913436,0.005521318420647157,0.3093175585796727,6.082415215649167e-05,6.082415215649167e-05,0.7155782606646078
20180,0.009312570451477707,0.0013918630232487902,0.46785311705841687,0.05254901570967046,0.0059416673293560245,0.39943982046090915,0.07250811990031018,0.005523619616947268,0.309446477139903,6.085430790867634e-05,6.085430790867634e-05,0.7159330342197217
20190,0.009309601979638229,0.0013923676634615017,0.46802274402067284,0.05253548774404205,0.005943967083512854,0.3995944257823767,0.07249458579845888,0.005525920414261987,0.30957537334801044,6.0884463660861016e-05,6.0884463660861016e-05,0.7162878077748355
20200,0.009306634392002378,0.0013928721533595964,0.4681923204570071,0.052521963051611706,0.005946266281226013,0.39974899369586636,0.0724810540432489,0.0055282208126476865,0.30970424720715334,6.0914619413045696e-05,6.0914619413045696e-05,0.7166425813299493
20210,0.009303667688416749,0.0013933764929691531,0.4683618463761859,0.05250844163181019,0.005948564922592271,0.39990352420788366,0.07246752463434859,0.005530520812160738,0.3098330987204895,6.094477516523037e-05,6.094477516523037e-05,0.7169973548850631
20220,0.009300701868727938,0.0013938806823162511,0.4685313217869751,0.05249492348406826,0.005950863007708398,0.4000580173249343,0.07245399757142638,0.005532820412857513,0.3099619278911772,6.097493091741505e-05,6.097493091741505e-05,0.717352128440177
20230,0.009297736932782536,0.0013943847214269696,0.46870074669814105,0.05248140860781668,0.005953160536671167,0.40021247305352375,0.07244047285415067,0.005535119614794384,0.3100907347223744,6.100508666959972e-05,6.100508666959972e-05,0.7177069019952909
20240,0.009294772880427135,0.0013948886103273875,0.46887012111844956,0.052467897002486205,0.005955457509577347,0.40036689140015774,0.07242695048218986,0.005537418418027722,0.3102195192172394,6.10352424217844e-05,6.10352424217844e-05,0.7180616755504047
20250,0.009291809711508331,0.0013953923490435843,0.4690394450566669,0.0524543886675076,0.00595775392652371,0.4005212723713418,0.07241343045521234,0.005539716822613901,0.31034828137893,6.106539817396908e-05,6.106539817396908e-05,0.7184164491055186
20260,0.009288847425872715,0.001395895937601639,0.4692087185215593,0.05244088360231163,0.005960049787607025,0.4006756159735815,0.07239991277288652,0.00554201482860929,0.3104770212106045,6.109555392615375e-05,6.109555392615375e-05,0.7187712226606323
20270,0.009285886023366881,0.0013963993760276305,0.4693779415218926,0.05242738180632905,0.005962345092924065,0.40082992221338243,0.07238639743488079,0.005544312436070263,0.3106057387154209,6.112570967833843e-05,6.112570967833843e-05,0.7191259962157461
20280,0.009282925503837424,0.0013969026643476383,0.46954711406643296,0.05241388327899061,0.005964639842571598,0.40098419109725025,0.07237288444086357,0.0055466096450531915,0.3107344338965373,6.115586543052311e-05,6.115586543052311e-05,0.7194807697708601
20290,0.009279965867130938,0.001397405802587741,0.46971623616394653,0.05240038801972709,0.005966934036646398,0.4011384226316905,0.07235937379050324,0.005548906455614447,0.31086310675711193,6.118602118270779e-05,6.118602118270779e-05,0.719835543325974
20300,0.009277007113094012,0.0013979087907740185,0.4698853078231995,0.052386896027969226,0.0059692276752452336,0.40129261682320894,0.0723458654834682,0.005551202867810402,0.31099175730030265,6.121617693489246e-05,6.121617693489246e-05,0.7201903168810877
20310,0.009274049241573242,0.0013984116289325495,0.47005432905295774,0.05237340730314781,0.005971520758464875,0.4014467736783109,0.07233235951942688,0.005553498881697428,0.3111203855292677,6.124633268707714e-05,6.124633268707714e-05,0.7205450904362015
20320,0.009271092252415219,0.0013989143170894131,0.4702232998619876,0.052359921844693576,0.0059738132864020944,0.4016008932035021,0.07231885589804765,0.005555794497331897,0.3112489914471651,6.12764884392618e-05,6.12764884392618e-05,0.7208998639913152
20330,0.009268136145466541,0.0013994168552706886,0.4703922202590549,0.052346439652037294,0.005976105259153663,0.4017549754052882,0.07230535461899892,0.005558089714770182,0.311377575057153,6.130664419144648e-05,6.130664419144648e-05,0.7212546375464292
20340,0.009265180920573796,0.001399919243502455,0.47056109025292603,0.052332960724609724,0.005978396676816349,0.40190902029017467,0.0722918556819491,0.005560384534068652,0.3115061363623895,6.133679994363116e-05,6.133679994363116e-05,0.7216094111015431
20350,0.009262226577583582,0.0014004214818107916,0.4707299098523669,0.05231948506184163,0.005980687539486926,0.40206302786466724,0.07227835908656656,0.005562678955283682,0.31163467536603257,6.136695569581584e-05,6.136695569581584e-05,0.7219641846566569
20360,0.009259273116342488,0.0014009235702217774,0.47089867906614363,0.05230601266316376,0.005982977847262163,0.40221699813527134,0.07226486483251973,0.005564972978471643,0.3117631920712405,6.139711144800052e-05,6.139711144800052e-05,0.7223189582117708
20370,0.00925632053669711,0.0014014255087614917,0.4710673979030224,0.05229254352800689,0.005985267600238832,0.4023709311084928,0.07225137291947702,0.005567266603688906,0.31189168648117116,6.142726720018519e-05,6.142726720018519e-05,0.7226737317668845
20380,0.009253368838494041,0.0014019272974560135,0.4712360663717692,0.05227907765580177,0.005987556798513701,0.402524826790837,0.07223788334710679,0.005569559830991843,0.3120201585989828,6.145742295236987e-05,6.145742295236987e-05,0.7230285053219984
20390,0.009250418021579875,0.001402428936331422,0.4714046844811502,0.052265615045979166,0.005989845442183544,0.4026786851888096,0.07222439611507749,0.005571852660436826,0.31214860842783343,6.148757870455454e-05,6.148757870455454e-05,0.7233832788771122
20400,0.009247468085801203,0.0014029304254137961,0.47157325223993146,0.052252155697969836,0.00599213353134513,0.40283250630891626,0.07221091122305746,0.005574145092080229,0.31227703597088113,6.151773445673922e-05,6.151773445673922e-05,0.723738052432226
20410,0.009244519031004619,0.0014034317647292154,0.47174176965687903,0.05223869961120454,0.005994421066095231,0.4029862901576625,0.07219742867071516,0.0055764371259784205,0.31240544123128405,6.15478902089239e-05,6.15478902089239e-05,0.7240928259873399
20420,0.009241570857036717,0.0014039329543037585,0.47191023674075916,0.05222524678511403,0.005996708046530616,0.40314003674155396,0.07218394845771896,0.005578728762187776,0.3125338242122004,6.157804596110858e-05,6.157804596110858e-05,0.7244475995424537
20430,0.009238623563744091,0.001404433994163505,0.4720786535003378,0.05221179721912909,0.005998994472748057,0.4032937460670963,0.07217047058373725,0.005581020000764664,0.31266218491678793,6.160820171329324e-05,6.160820171329324e-05,0.7248023730975675
20440,0.009235677150973332,0.001404934884334534,0.4722470199443811,0.052198350912680457,0.006001280344844324,0.4034474181407949,0.07215699504843846,0.005583310841765459,0.31279052334820495,6.163835746547792e-05,6.163835746547792e-05,0.7251571466526814
20450,0.009232731618571037,0.0014054356248429244,0.4724153360816552,0.0521849078651989,0.006003565662916189,0.4036010529691555,0.07214352185149098,0.005585601285246531,0.3129188395096096,6.166851321766259e-05,6.166851321766259e-05,0.7255119202077951
20460,0.009229786966383796,0.0014059362157147553,0.47258360192092613,0.05217146807611518,0.006005850427060422,0.40375465055868376,0.0721300509925632,0.005587891331264253,0.31304713340415985,6.169866896984727e-05,6.169866896984727e-05,0.725866693762909
20470,0.009226843194258202,0.0014064366569761062,0.47275181747096,0.05215803154486005,0.006008134637373793,0.40390821091588514,0.07211658247132353,0.005590180979874998,0.3131754050350139,6.172882472203195e-05,6.172882472203195e-05,0.7262214673180228
20480,0.00922390030204085,0.001406936948653056,0.472919982740523,0.05214459827086429,0.006010418293953073,0.40406173404726536,0.07210311628744037,0.005592470231135136,0.31330365440532976,6.175898047421663e-05,6.175898047421663e-05,0.7265762408731368
20490,0.009220958289578335,0.0014074370907716837,0.47308809773838106,0.05213116825355864,0.006012701396895033,0.4042152199593299,0.0720896524405821,0.005594759085101039,0.31343188151826556,6.178913622640131e-05,6.178913622640131e-05,0.7269310144282506
20500,0.009218017156717245,0.0014079370833580689,0.4732561624733004,0.052117741492373866,0.006014983946296445,0.40436866865858445,0.07207619093041716,0.00559704754182908,0.31356008637697924,6.181929197858597e-05,6.181929197858597e-05,0.7272857879833644
20510,0.009215076903304179,0.0014084369264382901,0.47342417695404704,0.052104317986740735,0.006017265942254078,0.40452208015153457,0.07206273175661393,0.00559933560137563,0.31368826898462915,6.184944773077065e-05,6.184944773077065e-05,0.7276405615384782
20520,0.009212137529185727,0.001408936620038427,0.47359214118938714,0.05209089773609,0.006019547384864703,0.40467545444468583,0.0720492749188408,0.005601623263797062,0.31381642934437326,6.187960348295533e-05,6.187960348295533e-05,0.7279953350935922
20530,0.009209199034208481,0.0014094361641845588,0.47376005518808695,0.05207748073985242,0.006021828274225091,0.40482879154454393,0.07203582041676618,0.005603910529149747,0.3139445674593696,6.190975923514e-05,6.190975923514e-05,0.7283501086487059
20540,0.00920626141821904,0.0014099355589027639,0.47392791895891223,0.05206406699745876,0.006024108610432013,0.40498209145761427,0.07202236825005848,0.005606197397490057,0.3140726833327763,6.193991498732468e-05,6.193991498732468e-05,0.7287048822038197
20550,0.00920332468106399,0.0014104348042191222,0.47409573251062925,0.05205065650833978,0.00602638839358224,0.40513535419040264,0.07200891841838608,0.005608483868874364,0.3142007769677515,6.197007073950936e-05,6.197007073950936e-05,0.7290596557589336
20560,0.00920038882258993,0.0014109339001597125,0.47426349585200417,0.05203724927192624,0.006028667623772542,0.4052885797494145,0.07199547092141739,0.00561076994335904,0.31432884836745323,6.200022649169404e-05,6.200022649169404e-05,0.7294144293140475
20570,0.009197453842643451,0.0014114328467506139,0.4744312089918029,0.0520238452876489,0.00603094630109969,0.40544176814115557,0.07198202575882083,0.005613055621000457,0.31445689753503964,6.203038224387871e-05,6.203038224387871e-05,0.7297692028691612
20580,0.009194519741071147,0.0014119316440179056,0.47459887193879174,0.052010444554938515,0.006033224425660454,0.4055949193721313,0.07196858293026477,0.0056153409018549864,0.3145849244736687,6.206053799606339e-05,6.206053799606339e-05,0.7301239764242751
20590,0.00919158651771961,0.0014124302919876668,0.47476648470173666,0.05199704707322586,0.006035501997551607,0.40574803344884747,0.07195514243541763,0.005617625785979002,0.3147129291864987,6.209069374824805e-05,6.209069374824805e-05,0.7304787499793888
20600,0.009188654172435435,0.0014129287906859767,0.4749340472894039,0.051983652841941674,0.006037779016869917,0.4059011103778095,0.07194170427394779,0.005619910273428872,0.3148409116766875,6.212084950043273e-05,6.212084950043273e-05,0.7308335235345027
20610,0.009185722705065213,0.0014134271401389142,0.4751015597105594,0.05197026186051674,0.006040055483712156,0.40605415016552304,0.07192826844552368,0.005622194364260973,0.3149688719473934,6.215100525261741e-05,6.215100525261741e-05,0.7311882970896166
20620,0.00918279211545554,0.0014139253403725588,0.4752690219739693,0.051956874128381805,0.006042331398175096,0.4062071528184938,0.07191483494981368,0.005624478058531672,0.31509681000177436,6.21811610048021e-05,6.21811610048021e-05,0.7315430706447305
20630,0.009179862403453008,0.0014144233914129894,0.4754364340883998,0.05194348964496763,0.006044606760355505,0.40636011834322716,0.0719014037864862,0.005626761356297345,0.3152247258429885,6.221131675698677e-05,6.221131675698677e-05,0.7318978441998444
20640,0.009176933568904208,0.0014149212932862852,0.4756037960626169,0.05193010840970498,0.0060468815703501565,0.40651304674622896,0.07188797495520963,0.005629044257614362,0.31535261947419396,6.224147250917144e-05,6.224147250917144e-05,0.7322526177549581
20650,0.009174005611655737,0.0014154190460185252,0.47577110790538657,0.051916730422024604,0.006049155828255819,0.4066659380340046,0.07187454845565237,0.005631326762539095,0.31548049089854874,6.227162826135612e-05,6.227162826135612e-05,0.7326073913100719
20660,0.009171078531554189,0.0014159166496357887,0.47593836962547514,0.05190335568135728,0.006051429534169265,0.4068187922130598,0.07186112428748283,0.005633608871127916,0.315608340119211,6.23017840135408e-05,6.23017840135408e-05,0.7329621648651858
20670,0.009168152328446153,0.0014164141041641547,0.47610558123164864,0.05188998418713376,0.0060537026881872635,0.4069716092899,0.07184770245036941,0.005635890583437198,0.31573616713933883,6.233193976572547e-05,6.233193976572547e-05,0.7333169384202995
20680,0.009165227002178224,0.0014169114096297024,0.47627274273267306,0.0518766159387848,0.006055975290406587,0.407124389271031,0.0718342829439805,0.005638171899523312,0.31586397196209026,6.236209551791015e-05,6.236209551791015e-05,0.7336717119754135
20690,0.009162302552596997,0.001417408566058511,0.4764398541373146,0.051863250935741165,0.006058247340924004,0.40727713216295824,0.07182086576798452,0.005640452819442629,0.3159917545906235,6.239225127009483e-05,6.239225127009483e-05,0.7340264855305273
20700,0.009159378979549063,0.00141790557347666,0.4766069154543394,0.05184988917743361,0.006060518839836288,0.4074298379721874,0.07180745092204986,0.005642733343251521,0.3161195150280965,6.242240702227951e-05,6.242240702227951e-05,0.7343812590856412
20710,0.009156456282881018,0.0014184024319102277,0.47677392669251345,0.051836530663292905,0.006062789787240208,0.407582506705224,0.07179403840584492,0.005645013471006362,0.31624725327766734,6.245256277446417e-05,6.245256277446417e-05,0.7347360326407549
20720,0.009153534462439451,0.0014188991413852938,0.47694088786060296,0.051823175392749804,0.006065060183232536,0.4077351383685738,0.07178062821903809,0.005647293202763522,0.3163749693424942,6.248271852664885e-05,6.248271852664885e-05,0.7350908061958689
20730,0.00915061351807096,0.0014193957019279374,0.4771077989673739,0.05180982336523507,0.00606733002791004,0.4078877329687421,0.07176722036129779,0.005649572538579375,0.3165026632257353,6.251287427883352e-05,6.251287427883352e-05,0.7354455797509826
20740,0.009147693449622135,0.0014198921135642375,0.47727466002159236,0.05179647458017946,0.006069599321369494,0.4080402905122348,0.0717538148322924,0.00565185147851029,0.3166303349305485,6.25430300310182e-05,6.25430300310182e-05,0.7358003533060964
20750,0.009144774256939572,0.0014203883763202734,0.47744147103202467,0.051783129037013736,0.006071868063707667,0.4081928110055574,0.07174041163169033,0.005654130022612641,0.31675798446009196,6.257318578320288e-05,6.257318578320288e-05,0.7361551268612103
20760,0.009141855939869862,0.001420884490222124,0.47760823200743663,0.05176978673516866,0.00607413625502133,0.40834529445521545,0.07172701075915999,0.005656408170942799,0.3168856118175237,6.260334153538756e-05,6.260334153538756e-05,0.7365099004163241
20770,0.0091389384982596,0.0014213804552958688,0.4777749429565945,0.05175644767407499,0.006076403895407255,0.4084977408677145,0.07171361221436977,0.005658685923557137,0.3170132170060021,6.263349728757224e-05,6.263349728757224e-05,0.7368646739714381
20780,0.009136021931955377,0.0014218762715675864,0.47794160388826434,0.051743111853163486,0.0060786709849622094,0.40865015024956025,0.07170021599698807,0.005660963280512025,0.3171408000286849,6.266365303975691e-05,6.266365303975691e-05,0.7372194475265518
20790,0.009133106240803789,0.0014223719390633566,0.4781082148112123,0.05172977927186491,0.006080937523782967,0.40880252260725825,0.0716868221066833,0.005663240241863836,0.31726836088873034,6.269380879194159e-05,6.269380879194159e-05,0.7375742210816657
20800,0.009130191424651426,0.0014228674578092581,0.4782747757342044,0.051716449929610026,0.006083203511966298,0.40895485794731407,0.07167343054312385,0.005665516807668943,0.31739589958929654,6.272396454412627e-05,6.272396454412627e-05,0.7379289946367795
20810,0.009127277483344885,0.0014233628278313701,0.4784412866660067,0.05170312382582958,0.006085468949608973,0.4091071562762334,0.07166004130597813,0.005667792977983716,0.3175234161335415,6.275412029631093e-05,6.275412029631093e-05,0.7382837681918932
20820,0.009124364416730757,0.001423858049155772,0.4786077476153855,0.05168980095995435,0.0060877338368077625,0.40925941760052176,0.07164665439491452,0.005670068752864529,0.31765091052462346,6.278427604849561e-05,6.278427604849561e-05,0.7386385417470072
20830,0.009121452224655636,0.0014243531218085424,0.47877415859110667,0.05167648133141509,0.006089998173659437,0.4094116419266847,0.07163326980960145,0.0056723441323677515,0.31777838276570036,6.28144318006803e-05,6.28144318006803e-05,0.7389933153021211
20840,0.009118540906966115,0.001424848045815761,0.4789405196019364,0.051663164939642556,0.0060922619602607675,0.40956382926122803,0.0716198875497073,0.005674619116549757,0.3179058328599304,6.284458755286497e-05,6.284458755286497e-05,0.7393480888572349
20850,0.009115630463508788,0.0014253428212035067,0.4791068306566409,0.051649851784067516,0.006094525196708524,0.40971597961065703,0.07160650761490048,0.005676893705466916,0.3180332608104715,6.287474330504964e-05,6.287474330504964e-05,0.7397028624123486
20860,0.009112720894130247,0.0014258374479978585,0.479273091763986,0.05163654186412072,0.00609678788309948,0.4098680929814776,0.07159313000484938,0.0056791678991756035,0.318160666620482,6.290489905723432e-05,6.290489905723432e-05,0.7400576359674625
20870,0.009109812198677087,0.001426331926224896,0.47943930293273807,0.05162323517923294,0.006099050019530402,0.4100201693801951,0.07157975471922241,0.005681441697732189,0.31828805029311985,6.293505480941899e-05,6.293505480941899e-05,0.7404124095225763
20880,0.009106904376995899,0.0014268262559106978,0.47960546417166305,0.05160993172883493,0.006101311606098065,0.41017220881331523,0.07156638175768797,0.005683715101193043,0.3184154118315431,6.296521056160367e-05,6.296521056160367e-05,0.7407671830776902
20890,0.009103997428933279,0.001427320437081343,0.47977157548952704,0.05159663151235745,0.006103572642899236,0.41032421128734353,0.07155301111991445,0.005685988109614541,0.31854275123890985,6.299536631378835e-05,6.299536631378835e-05,0.741121956632804
20900,0.009101091354335818,0.0014278144697629116,0.47993763689509633,0.05158333452923126,0.006105833130030689,0.4104761768087858,0.07153964280557026,0.005688260723053052,0.31867006851837826,6.302552206597303e-05,6.302552206597303e-05,0.7414767301879179
20910,0.00909818615305011,0.0014283083539814818,0.4801036483971367,0.05157004077888712,0.006108093067589192,0.4106281053841473,0.07152627681432382,0.00569053294156495,0.3187973636731064,6.305567781815769e-05,6.305567781815769e-05,0.7418315037430316
20920,0.00909528182492275,0.0014288020897631332,0.4802696100044145,0.0515567502607558,0.006110352455671517,0.4107799970199339,0.07151291314584349,0.005692804765206606,0.31892463670625243,6.308583357034237e-05,6.308583357034237e-05,0.7421862772981455
20930,0.009092378369800327,0.0014292956771339447,0.4804355217256957,0.05154346297426804,0.006112611294374435,0.41093185172265106,0.0714995517997977,0.00569507619403439,0.31905188762097425,6.311598932252705e-05,6.311598932252705e-05,0.7425410508532594
20940,0.00908947578752944,0.0014297891161199957,0.4806013835697464,0.05153017891885462,0.006114869583794718,0.4110836694988045,0.07148619277585483,0.005697347228104678,0.3191791164204301,6.314614507471172e-05,6.314614507471172e-05,0.7428958244083731
20950,0.00908657407795668,0.0014302824067473651,0.48076719554533276,0.05151689809394629,0.0061171273240291325,0.4112354503548996,0.0714728360736833,0.005699617867473838,0.319306323107778,6.31763008268964e-05,6.31763008268964e-05,0.743250597963487
20960,0.009083673240928637,0.0014307755490421323,0.4809329576612209,0.05150362049897382,0.006119384515174454,0.41138719429744225,0.0714594816929515,0.005701888112198245,0.3194335076861762,6.320645657908108e-05,6.320645657908108e-05,0.7436053715186008
20970,0.009080773276291908,0.0014312685430303762,0.48109866992617684,0.051490346133367955,0.006121641157327449,0.4115389013329377,0.07144612963332782,0.005704157962334269,0.3195606701587826,6.323661233126576e-05,6.323661233126576e-05,0.7439601450737148
20980,0.009077874183893086,0.001431761388738176,0.48126433234896665,0.05147707499655947,0.006123897250584892,0.41169057146789184,0.07143277989448069,0.005706427417938282,0.3196878105287553,6.326676808345043e-05,6.326676808345043e-05,0.7443149186288285
20990,0.009074975963578763,0.001432254086191611,0.48142994493835656,0.051463807087979124,0.006126152795043552,0.4118422047088101,0.07141943247607847,0.005708696479066657,0.3198149287992525,6.32969238356351e-05,6.32969238356351e-05,0.7446696921839424
21000,0.009072078615195532,0.00143274663541676,0.48159550770311255,0.05145054240705767,0.006128407790800199,0.41199380106219824,0.07140608737778961,0.005710965145775765,0.31994202497343216,6.332707958781979e-05,6.332707958781979e-05,0.7450244657390562
21010,0.009069182138589989,0.0014332390364397024,0.48176102065200077,0.05143728095322586,0.006130662237951606,0.41214536053456163,0.07139274459928246,0.005713233418121978,0.3200690990544526,6.335723534000445e-05,6.335723534000445e-05,0.7453792392941699
21020,0.009066286533608725,0.0014337312892865174,0.48192648379378733,0.051424022725914474,0.006132916136594542,0.41229688313240614,0.07137940414022546,0.0057155012961616685,0.3201961510454716,6.338739109218913e-05,6.338739109218913e-05,0.7457340128492839
21030,0.009063391800098332,0.001434223393983284,0.4820918971372383,0.05141076772455427,0.006135169486825777,0.41244836886223707,0.071366066000287,0.005717768779951208,0.3203231809496475,6.341754684437381e-05,6.341754684437381e-05,0.7460887864043977
21040,0.009060497937905407,0.0014347153505560814,0.48225726069111974,0.05139751594857599,0.006137422288742084,0.4125998177305602,0.07135273017913547,0.0057200358695469675,0.32045018877013826,6.344770259655849e-05,6.344770259655849e-05,0.7464435599595116
21050,0.00905760494687654,0.0014352071590309887,0.48242257446419784,0.051384267397410414,0.006139674542440231,0.412751229743881,0.07133939667643928,0.005722302565005321,0.320577174510102,6.347785834874316e-05,6.347785834874316e-05,0.7467983335146253
21060,0.009054712826858328,0.001435698819434085,0.4825878384652386,0.0513710220704883,0.006141926248016992,0.4129026049087053,0.07132606549186682,0.0057245688663826386,0.32070413817269683,6.350801410092784e-05,6.350801410092784e-05,0.7471531070697393
21070,0.009051821577697359,0.0014361903317914495,0.48275305270300817,0.05135777996724039,0.006144177405569135,0.41305394323153843,0.0713127366250865,0.005726834773735294,0.3208310797610809,6.353816985311252e-05,6.353816985311252e-05,0.7475078806248531
21080,0.00904893119924023,0.0014366816961291612,0.48291821718627265,0.05134454108709747,0.006146428015193433,0.4132052447188862,0.0712994100757667,0.005729100287119657,0.3209579992784121,6.356832560529719e-05,6.356832560529719e-05,0.7478626541799668
21090,0.009046041691333535,0.0014371729124732996,0.4830833319237982,0.051331305429490284,0.006148678076986654,0.413356509377254,0.07128608584357587,0.005731365406592101,0.3210848967278488,6.359848135748187e-05,6.359848135748187e-05,0.7482174277350807
21100,0.009043153053823864,0.0014376639808499436,0.48324839692435073,0.05131807299384959,0.006150927591045572,0.41350773721314765,0.07127276392818235,0.005733630132208996,0.3212117721125488,6.362863710966655e-05,6.362863710966655e-05,0.7485722012901946
21110,0.009040265286557814,0.0014381549012851722,0.48341341219669653,0.05130484377960616,0.006153176557466954,0.4136589282330725,0.0712594443292546,0.005735894464026716,0.32133862543567043,6.365879286185123e-05,6.365879286185123e-05,0.7489269748453085
21120,0.009037378389381975,0.0014386456738050648,0.4835783777496016,0.05129161778619075,0.0061554249763475745,0.41381008244353434,0.07124612704646097,0.005738158402101633,0.32146545670037163,6.368894861403589e-05,6.368894861403589e-05,0.7492817484004222
21130,0.009034492362142942,0.0014391362984357003,0.483743293591832,0.05127839501303412,0.006157672847784202,0.4139611998510387,0.07123281207946988,0.005740421946490118,0.3215922659098105,6.371910436622057e-05,6.371910436622057e-05,0.7496365219555361
21140,0.009031607204687308,0.001439626775203158,0.48390815973215395,0.051265175459567026,0.0061599201718736075,0.4141122804620912,0.07121949942794974,0.005742685097248543,0.3217190530671453,6.374926011840525e-05,6.374926011840525e-05,0.7499912955106499
21150,0.009028722916861666,0.0014401171041335172,0.4840729761793334,0.05125195912522024,0.006162166948712562,0.4142633242831974,0.07120618909156892,0.0057449478544332805,0.3218458181755339,6.377941587058992e-05,6.377941587058992e-05,0.7503460690657637
21160,0.00902583949851261,0.0014406072852528567,0.4842377429421367,0.051238746009424505,0.006164413178397837,0.4144143313208629,0.07119288106999586,0.0057472102181007016,0.32197256123813456,6.38095716227746e-05,6.38095716227746e-05,0.7507008426208776
21170,0.009022956949486733,0.0014410973185872559,0.48440246002932963,0.05122553611161059,0.006166658861026201,0.4145653015815933,0.07117957536289894,0.005749472188307178,0.32209928225810525,6.383972737495928e-05,6.383972737495928e-05,0.7510556161759915
21180,0.009020075269630628,0.0014415872041627937,0.4845671274496785,0.051212329431209264,0.006168903996694427,0.4147162350718942,0.07116627196994656,0.005751733765109083,0.32222598123860413,6.386988312714396e-05,6.386988312714396e-05,0.7514103897311053
21190,0.009017194458790888,0.0014420769420055496,0.48473174521194945,0.05119912596765128,0.006171148585499285,0.41486713179827117,0.07115297089080712,0.0057539949485627875,0.3223526581827892,6.390003887932862e-05,6.390003887932862e-05,0.7517651632862191
21200,0.009014314516814108,0.0014425665321416022,0.48489631332490823,0.05118592572036739,0.006173392627537546,0.4150179917672299,0.07113967212514903,0.005756255738724663,0.32247931309381866,6.39301946315133e-05,6.39301946315133e-05,0.7521199368413329
21210,0.009011435443546878,0.001443055974597031,0.48506083179732135,0.05117272868878837,0.0061756361229059805,0.41516881498527597,0.07112637567264068,0.005758516135651082,0.32260594597485054,6.396035038369798e-05,6.396035038369798e-05,0.7524747103964469
21220,0.009008557238835795,0.0014435452693979153,0.4852253006379547,0.05115953487234497,0.006177879071701358,0.4153196014589148,0.07111308153295047,0.005760776139398417,0.32273255682904295,6.399050613588265e-05,6.399050613588265e-05,0.7528294839515606
21230,0.009005679902527451,0.0014440344165703339,0.4853897198555744,0.05114634427046795,0.006180121474020452,0.41547035119465214,0.07109978970574682,0.005763035750023039,0.32285914565955404,6.402066188806733e-05,6.402066188806733e-05,0.7531842575066744
21240,0.009002803434468437,0.001444523416140366,0.4855540894589465,0.05113315688258807,0.0061823633299600295,0.41562106419899353,0.07108650019069811,0.00576529496758132,0.3229857124695417,6.405081764025201e-05,6.405081764025201e-05,0.7535390310617883
21250,0.008999927834505352,0.0014450122681340907,0.4857184094568372,0.051119972708136105,0.006184604639616865,0.4157717404784447,0.07107321298747274,0.005767553792129633,0.3231122572621643,6.408097339243669e-05,6.408097339243669e-05,0.7538938046169023
21260,0.008997053102484782,0.0014455009725775876,0.4858826798580126,0.0511067917465428,0.006186845403087727,0.41592238003951104,0.07105992809573912,0.005769812223724348,0.3232387800405797,6.411112914462136e-05,6.411112914462136e-05,0.754248578172016
21270,0.008994179238253325,0.0014459895294969354,0.48604690067123874,0.05109361399723891,0.006189085620469387,0.4160729828886982,0.07104664551516565,0.005772070262421838,0.32336528080794613,6.414128489680604e-05,6.414128489680604e-05,0.7546033517271298
21280,0.008991306241657573,0.0014464779389182132,0.4862110719052817,0.05108043945965521,0.006191325291858616,0.41622354903251196,0.07103336524542071,0.005774327908278476,0.32349175956742166,6.417144064899072e-05,6.417144064899072e-05,0.7549581252822437
21290,0.008988434112544118,0.0014469662008675002,0.4863751935689076,0.05106726813322246,0.006193564417352184,0.4163740784774577,0.07102008728617273,0.005776585161350632,0.32361821632216425,6.420159640117538e-05,6.420159640117538e-05,0.7553128988373574
21300,0.008985562850759557,0.0014474543153708758,0.48653926567088257,0.05105410001737141,0.006195802997046863,0.4165245712300411,0.0710068116370901,0.005778842021694679,0.3237446510753322,6.423175215336006e-05,6.423175215336006e-05,0.7556676723924713
21310,0.00898269245615048,0.001447942282454419,0.4867032882199727,0.05104093511153283,0.0061980410310394215,0.4166750272967678,0.07099353829784123,0.005781098489366989,0.3238710638300834,6.426190790554474e-05,6.426190790554474e-05,0.7560224459475852
21320,0.008979822928563481,0.0014484301021442088,0.48686726122494406,0.05102777341513747,0.006200278519426632,0.4168254466841433,0.0709802672680945,0.005783354564423933,0.32399745458957613,6.429206365772942e-05,6.429206365772942e-05,0.7563772195026991
21330,0.008976954267845155,0.0014489177744663243,0.48703118469456275,0.0510146149276161,0.006202515462305266,0.4169758293986732,0.07096699854751831,0.005785610246921884,0.32412382335696827,6.432221940991409e-05,6.432221940991409e-05,0.7567319930578128
21340,0.008974086473842093,0.0014494052994468449,0.4871950586375949,0.05100145964839948,0.006204751859772092,0.41712617544686326,0.07095373213578109,0.005787865536917213,0.32425017013541807,6.435237516209877e-05,6.435237516209877e-05,0.7570867666129266
21350,0.008971219546400889,0.0014498926771118496,0.4873588830628065,0.05098830757691836,0.006206987711923882,0.4172764848352189,0.0709404680325512,0.005790120434466292,0.3243764949280836,6.438253091428345e-05,6.438253091428345e-05,0.7574415401680406
21360,0.008968353485368136,0.0014503799074874176,0.4875226579789639,0.05097515871260351,0.006209223018857405,0.41742675757024567,0.07092720623749708,0.005792374939625494,0.32450279773812296,6.441268666646812e-05,6.441268666646812e-05,0.7577963137231543
21370,0.008965488290590427,0.0014508669905996278,0.48768638339483283,0.050962013054885694,0.0062114577806694354,0.4175769936584494,0.0709139467502871,0.00579462905245119,0.3246290785686941,6.44428424186528e-05,6.44428424186528e-05,0.7581510872782682
21380,0.008962623961914358,0.0014513539264745597,0.4878500593191797,0.05094887060319566,0.006213691997456741,0.4177271931063355,0.07090068957058968,0.005796882772999752,0.32475533742295526,6.447299817083748e-05,6.447299817083748e-05,0.758505860833382
21390,0.00895976049918652,0.0014518407151382921,0.4880136857607704,0.05093573135696417,0.006215925669316093,0.41787735592040953,0.07088743469807321,0.005799136101327551,0.3248815743040645,6.450315392302216e-05,6.450315392302216e-05,0.7588606343884959
21400,0.008956897902253506,0.0014523273566169044,0.4881772627283712,0.050922595315621995,0.006218158796344263,0.4180274821071773,0.0708741821324061,0.005801389037490961,0.3250077892151799,6.453330967520682e-05,6.453330967520682e-05,0.7592154079436096
21410,0.00895403617096191,0.0014528138509364756,0.4883407902307481,0.05090946247859989,0.006220391378638021,0.4181775716731442,0.07086093187325673,0.005803641581546353,0.32513398215945954,6.45634654273915e-05,6.45634654273915e-05,0.7595701814987236
21420,0.008951175305158326,0.001453300198123085,0.4885042682766672,0.050896332845328615,0.006222623416294138,0.41832762462481593,0.07084768392029353,0.005805893733550099,0.3252601531400615,6.459362117957618e-05,6.459362117957618e-05,0.7599249550538374
21430,0.008948315304689345,0.0014537863982028118,0.4886676968748947,0.05088320641523893,0.006224854909409385,0.41847764096869805,0.07083443827318488,0.00580814549355857,0.32538630216014397,6.462377693176085e-05,6.462377693176085e-05,0.7602797286089511
21440,0.008945456169401563,0.0014542724512017346,0.48883107603419645,0.05087008318776159,0.006227085858080532,0.4186276207112962,0.07082119493159918,0.0058103968616281376,0.32551242922286483,6.465393268394553e-05,6.465393268394553e-05,0.760634502164065
21450,0.008942597899141574,0.001454758357145933,0.4889944057633388,0.050856963162327365,0.00622931626240435,0.4187775638591159,0.07080795389520483,0.0058126478378151755,0.3256385343313824,6.468408843613021e-05,6.468408843613021e-05,0.7609892757191788
21460,0.008939740493755967,0.0014552441160614862,0.4891576860710878,0.050843846338367006,0.006231546122477611,0.41892747041866285,0.07079471516367025,0.005814898422176055,0.32576461748885466,6.471424418831488e-05,6.471424418831488e-05,0.7613440492742927
21470,0.008936883953091338,0.0014557297279744732,0.4893209169662095,0.050830732715311286,0.006233775438397085,0.4190773403964426,0.07078147873666382,0.005817148614767148,0.3258906786984397,6.474439994049956e-05,6.474439994049956e-05,0.7616988228294065
21480,0.008934028276994278,0.001456215192910973,0.4894840984574699,0.05081762229259095,0.0062360042102595405,0.4192271737989607,0.07076824461385395,0.005819398415644826,0.32601671796329557,6.477455569268424e-05,6.477455569268424e-05,0.7620535963845204
21490,0.008931173465311385,0.001456700510897065,0.48964723055363524,0.05080451506963677,0.0062382324381617515,0.4193769706327227,0.07075501279490905,0.005821647824865462,0.3261427352865805,6.48047114448689e-05,6.48047114448689e-05,0.7624083699396341
21500,0.00892831951788925,0.0014571856819588281,0.48981031326347163,0.0507914110458795,0.006240460122200487,0.41952673090423437,0.07074178327949748,0.0058238968424854255,0.3262687306714524,6.483486719705358e-05,6.483486719705358e-05,0.7627631434947479
21510,0.008925466434574465,0.0014576707061223415,0.489973346595745,0.050778310220749905,0.006242687262472518,0.41967645462000114,0.07072855606728769,0.0058261454685610906,0.3263947041210695,6.486502294923826e-05,6.486502294923826e-05,0.7631179170498619
21520,0.008922614215213624,0.0014581555834136844,0.49013633055922157,0.05076521259367875,0.006244913859074616,0.4198261417865287,0.07071533115794806,0.0058283937031488285,0.32652065563858984,6.489517870142294e-05,6.489517870142294e-05,0.7634726906049758
21530,0.00891976285965332,0.001458640313858936,0.49029926516266753,0.05075211816409678,0.00624713991210355,0.4199757924103226,0.07070210855114697,0.005830641546305011,0.3266465852271715,6.492533445360761e-05,6.492533445360761e-05,0.7638274641600895
21540,0.008916912367740148,0.0014591248974841753,0.4904621504148488,0.050739026931434755,0.0062493654216560935,0.4201254064978886,0.07068888824655287,0.00583288899808601,0.32677249288997257,6.495549020579229e-05,6.495549020579229e-05,0.7641822377152033
21550,0.008914062739320699,0.0014596093343154817,0.49062498632453166,0.05072593889512346,0.006251590387829015,0.42027498405573205,0.07067567024383412,0.005835136058548199,0.32689837863015114,6.498564595797697e-05,6.498564595797697e-05,0.7645370112703173
21560,0.008911213974241567,0.001460093624378934,0.4907877729004819,0.05071285405459363,0.0062538148107190855,0.4204245250903586,0.07066245454265913,0.005837382727747947,0.3270242424508654,6.501580171016164e-05,6.501580171016164e-05,0.764891784825431
21570,0.008908366072349348,0.0014605777677006114,0.49095051015146596,0.05069977240927604,0.006256038690423076,0.4205740296082739,0.07064924114269629,0.005839629005741628,0.32715008435527326,6.504595746234632e-05,6.504595746234632e-05,0.7652465583805449
21580,0.008905519033490631,0.0014610617643065933,0.4911131980862498,0.05068669395860144,0.006258262027037758,0.4207234976159837,0.07063603004361403,0.005841874892585614,0.32727590434653303,6.5076113214531e-05,6.5076113214531e-05,0.7656013319356587
21590,0.00890267285751201,0.0014615456142229586,0.4912758367135995,0.0506736187020006,0.0062604848206599005,0.42087292911999324,0.07062282124508072,0.005844120388336276,0.3274017024278026,6.510626896671568e-05,6.510626896671568e-05,0.7659561054907726
21600,0.008899827544260082,0.0014620293174757864,0.49143842604228116,0.05066054663890428,0.006262707071386276,0.42102232412680846,0.07060961474676478,0.0058463654930499855,0.3275274786022401,6.513642471890036e-05,6.513642471890036e-05,0.7663108790458865
21610,0.008896983093581437,0.0014625128740911562,0.4916009660810609,0.050647477768743225,0.006264928779313655,0.4211716826429347,0.0705964105483346,0.0058486102067831156,0.3276532328730037,6.516658047108502e-05,6.516658047108502e-05,0.7666656526010002
21620,0.008894139505322668,0.0014629962840951468,0.49176345683870476,0.05063441209094821,0.006267149944538806,0.4213210046748777,0.07058320864945858,0.005850854529592038,0.3277789652432514,6.51967362232697e-05,6.51967362232697e-05,0.7670204261561141
21630,0.008891296779330371,0.0014634795475138374,0.49192589832397887,0.050621349604949996,0.006269370567158503,0.421470290229143,0.07057000904980514,0.005853098461533124,0.3279046757161414,6.522689197545437e-05,6.522689197545437e-05,0.7673751997112278
21640,0.008888454915451137,0.001463962664373307,0.4920882905456494,0.050608290310179334,0.006271590647269515,0.4216195393122363,0.07055681174904266,0.005855342002662746,0.32803036429483173,6.525704772763905e-05,6.525704772763905e-05,0.7677299732663417
21650,0.008885613913531562,0.001464445634699635,0.4922506335124823,0.05059523420606699,0.006273810184968613,0.421768751930663,0.07054361674683954,0.005857585153037276,0.3281560309824804,6.528720347982373e-05,6.528720347982373e-05,0.7680847468214556
21660,0.008882773773418236,0.0014649284585189007,0.49241292723324387,0.050582181292043726,0.006276029180352569,0.42191792809092893,0.07053042404286419,0.005859827912713085,0.3282816757822457,6.531735923200841e-05,6.531735923200841e-05,0.7684395203765695
21670,0.008879934494957751,0.0014654111358571827,0.4925751717167,0.05056913156754031,0.006278247633518151,0.4220670677995395,0.07051723363678501,0.005862070281746547,0.3284072986972856,6.534751498419308e-05,6.534751498419308e-05,0.7687942939316832
21680,0.008877096077996706,0.0014658936667405606,0.49273736697161696,0.050556085031987476,0.006280465544562131,0.42221617106300036,0.07050404552827039,0.005864312260194031,0.32853289973075805,6.537767073637776e-05,6.537767073637776e-05,0.7691490674867971
21690,0.00887425852238169,0.0014663760511951132,0.4928995130067607,0.050543041684816006,0.006282682913581281,0.42236523788781716,0.07049085971698875,0.0058665538481119115,0.3286584788858214,6.540782648856244e-05,6.540782648856244e-05,0.7695038410419109
21700,0.008871421827959297,0.00146685828924692,0.4930616098308974,0.05053000152545666,0.00628489974067237,0.4225142682804954,0.07047767620260846,0.005868795045556559,0.32878403616563356,6.54379822407471e-05,6.54379822407471e-05,0.7698586145970246
21710,0.008868585994576121,0.0014673403809220599,0.4932236574527932,0.05051696455334019,0.00628711602593217,0.4226632622475408,0.07046449498479795,0.005871035852584345,0.32890957157335265,6.546813799293178e-05,6.546813799293178e-05,0.7702133881521386
21720,0.008865751022078757,0.001467822326246612,0.4933856558812141,0.05050393076789736,0.006289331769457451,0.42281221979545885,0.07045131606322562,0.005873276269251644,0.3290350851121369,6.549829374511646e-05,6.549829374511646e-05,0.7705681617072524
21730,0.008862916910313795,0.0014683041252466556,0.4935476051249262,0.05049090016855893,0.006291546971344984,0.42296114093075515,0.07043813943755985,0.005875516295614825,0.32916057678514427,6.552844949730114e-05,6.552844949730114e-05,0.7709229352623663
21740,0.008860083659127828,0.0014687857779482696,0.49370950519269563,0.05047787275475567,0.0062937616316915395,0.4231100256599354,0.07042496510746904,0.005877755931730261,0.32928604659553284,6.555860524948582e-05,6.555860524948582e-05,0.7712777088174803
21750,0.008857251268367453,0.0014692672843775335,0.4938713560932885,0.050464848525918315,0.006295975750593888,0.423258873989505,0.0704117930726216,0.005879995177654324,0.32941149454646074,6.558876100167049e-05,6.558876100167049e-05,0.771632482372594
21760,0.00885441973787926,0.0014697486445605262,0.4940331578354709,0.050451827481477654,0.006298189328148802,0.42340768592596983,0.07039862333268596,0.005882234033443386,0.3295369206410861,6.561891675385517e-05,6.561891675385517e-05,0.7719872559277078
21770,0.008851589067509845,0.0014702298585233268,0.49419491042800895,0.05043880962086443,0.006300402364453049,0.4235564614758352,0.07038545588733047,0.005884472499153819,0.3296623248825669,6.564907250603984e-05,6.564907250603984e-05,0.7723420294828215
21780,0.0088487592571058,0.0014707109262920147,0.4943566138796688,0.050425794943509405,0.006302614859603403,0.42370520064560685,0.07037229073622356,0.005886710574841993,0.32978770727406126,6.567922825822452e-05,6.567922825822452e-05,0.7726968030379354
21790,0.008845930306513716,0.0014711918478926688,0.4945182681992163,0.05041278344884335,0.006304826813696633,0.42385390344179036,0.07035912787903362,0.0058889482605642834,0.32991306781872737,6.57093840104092e-05,6.57093840104092e-05,0.7730515765930493
21800,0.008843102215580191,0.0014716726233513682,0.49467987339541786,0.05039977513629701,0.00630703822682951,0.42400256987089135,0.07034596731542904,0.00589118555637706,0.33003840651972327,6.573953976259388e-05,6.573953976259388e-05,0.7734063501481632
21810,0.008840274984151814,0.0014721532526941923,0.4948414294770394,0.05038677000530116,0.006309249099098805,0.42415119993941536,0.07033280904507826,0.0058934224623366956,0.330163723380207,6.576969551477854e-05,6.576969551477854e-05,0.7737611237032769
21820,0.00883744861207518,0.00147263373594722,0.495002936452847,0.05037376805528655,0.006311459430601289,0.4242997936538681,0.07031965306764963,0.005895658978499561,0.33028901840333674,6.579985126696322e-05,6.579985126696322e-05,0.7741158972583908
21830,0.008834623099196883,0.0014731140731365304,0.49516439433160686,0.05036076928568394,0.0063136692214337325,0.42444835102075507,0.07030649938281158,0.005897895104922028,0.3304142915922705,6.58300070191479e-05,6.58300070191479e-05,0.7744706708135046
21840,0.008831798445363515,0.001473594264288203,0.495325803122085,0.0503477736959241,0.006315878471692906,0.4245968720465818,0.07029334799023251,0.0059001308416604704,0.3305395429501664,6.586016277133257e-05,6.586016277133257e-05,0.7748254443686184
21850,0.00882897465042167,0.0014740743094283167,0.49548716283304756,0.05033478128543778,0.006318087181475579,0.424745356737854,0.07028019888958083,0.005902366188771258,0.33066477248018256,6.589031852351725e-05,6.589031852351725e-05,0.7751802179237323
21860,0.00882615171421794,0.0014745542085829505,0.49564847347326063,0.05032179205365575,0.006320295350878525,0.42489380510107727,0.0702670520805249,0.005904601146310764,0.33078998018547695,6.592047427570193e-05,6.592047427570193e-05,0.7755349914788462
21870,0.00882332963659892,0.0014750339617781837,0.4958097350514903,0.05030880600000876,0.006322502979998513,0.4250422171427571,0.07025390756273317,0.005906835714335359,0.3309151660692078,6.595063002788661e-05,6.595063002788661e-05,0.77588976503396
21880,0.008820508417411204,0.0014755135690400958,0.4959709475765028,0.05029582312392758,0.006324710068932314,0.4251905928693992,0.070240765335874,0.005909069892901417,0.33104033013453316,6.598078578007129e-05,6.598078578007129e-05,0.7762445385890739
21890,0.008817688056501384,0.0014759930303947651,0.4961321110570639,0.05028284342484297,0.006326916617776698,0.425338932287509,0.07022762539961583,0.0059113036820653084,0.33116547238461114,6.601094153225596e-05,6.601094153225596e-05,0.7765993121441876
21900,0.008814868553716054,0.0014764723458682715,0.49629322550194,0.05026986690218568,0.006329122626628438,0.4254872354035924,0.07021448775362701,0.005913537081883405,0.33129059282259976,6.604109728444064e-05,6.604109728444064e-05,0.7769540856993016
21910,0.008812049908901807,0.0014769515154866935,0.4964542909198969,0.05025689355538647,0.0063313280955843015,0.4256355022241547,0.07020135239757598,0.0059157700924120805,0.33141569145165717,6.60712530366253e-05,6.60712530366253e-05,0.7773088592544153
21920,0.008809232121905233,0.0014774305392761108,0.4966153073197011,0.050243923383876114,0.006333533024741062,0.4257837327557016,0.07018821933113115,0.005918002713707704,0.33154076827494144,6.610140878880998e-05,6.610140878880998e-05,0.7776636328095291
21930,0.00880641519257293,0.0014779094172626024,0.4967762747101184,0.05023095638708537,0.00633573741419549,0.42593192700473875,0.07017508855396087,0.0059202349458266496,0.3316658232956106,6.613156454099466e-05,6.613156454099466e-05,0.778018406364643
21940,0.00880359912075149,0.0014783881494722473,0.496937193099915,0.05021799256444499,0.006337941264044355,0.42608008497777167,0.07016196006573358,0.005922466788825289,0.33179085651682294,6.616172029317934e-05,6.616172029317934e-05,0.7783731799197569
21950,0.008800783906287505,0.0014788667359311248,0.497098062497857,0.05020503191538574,0.006340144574384428,0.426228206681306,0.07014883386611767,0.0059246982427599935,0.33191586794173633,6.619187604536401e-05,6.619187604536401e-05,0.7787279534748707
21960,0.00879796954902757,0.0014793451766653139,0.4972588829127105,0.05019207443933837,0.00634234734531248,0.42637629212184736,0.07013570995478155,0.005926929307687135,0.332040857573509,6.622203179754869e-05,6.622203179754869e-05,0.7790827270299845
21970,0.008795156048818276,0.0014798234717008935,0.4974196543532415,0.050179120135733654,0.0063445495769252815,0.42652434130590117,0.0701225883313936,0.005929159983663085,0.3321658254152989,6.625218754973335e-05,6.625218754973335e-05,0.7794375005850982
21980,0.008792343405506218,0.0014803016210639434,0.49758037682821626,0.05016616900400235,0.006346751269319603,0.4266723542399733,0.07010946899562225,0.005931390270744217,0.33229077147026426,6.628234330191803e-05,6.628234330191803e-05,0.7797922741402121
21990,0.00878953161893799,0.0014807796247805422,0.4977410503464007,0.05015322104357521,0.006348952422592217,0.42682033093056915,0.07009635194713587,0.005933620168986901,0.3324156957415631,6.631249905410271e-05,6.631249905410271e-05,0.780147047695326
22000,0.008786720688960184,0.0014812574828767693,0.49790167491656107,0.050140276253883,0.006351153036839892,0.42696827138419435,0.07008323718560287,0.00593584967844751,0.3325405982323535,6.63426548062874e-05,6.63426548062874e-05,0.7805018212504399
22010,0.008783910615419393,0.0014817351953787038,0.4980622505474634,0.05012733463435649,0.0063533531121594,0.42711617560735454,0.07007012471069166,0.005938078799182416,0.3326654789457936,6.637281055847207e-05,6.637281055847207e-05,0.7808565948055538
22020,0.008781101398162211,0.0014822127623124247,0.4982227772478738,0.05011439618442642,0.006355552648647511,0.4272640436065553,0.07005701452207064,0.005940307531247991,0.33279033788504153,6.640296631065674e-05,6.640296631065674e-05,0.7812113683606675
22030,0.008778293037035232,0.0014826901837040113,0.4983832550265584,0.05010146090352356,0.006357751646400997,0.4274118753883022,0.07004390661940818,0.005942535874700606,0.33291517505325524,6.643312206284142e-05,6.643312206284142e-05,0.7815661419157813
22040,0.008775485531885048,0.0014831674595795425,0.49854368389228315,0.050088528791078675,0.006359950105516627,0.4275596709591009,0.07003080100237273,0.005944763829596634,0.33303999045359295,6.64632778150261e-05,6.64632778150261e-05,0.7819209154708953
22050,0.008772678882558251,0.0014836445899650975,0.4987040638538143,0.050075599846522524,0.006362148026091173,0.427707430325457,0.07001769767063266,0.005946991395992446,0.33316478408921263,6.649343356721077e-05,6.649343356721077e-05,0.782275689026009
22060,0.00876987308890144,0.0014841215748867557,0.49886439491991785,0.05006267406928586,0.006364345408221406,0.42785515349387593,0.07000459662385637,0.005949218573944415,0.33328955596327253,6.652358931939545e-05,6.652358931939545e-05,0.7826304625811229
22070,0.008767068150761202,0.0014845984143705962,0.49902467709936,0.05004975145879945,0.006366542252004096,0.4280028404708635,0.06999149786171227,0.005951445363508911,0.3334143060789306,6.655374507158013e-05,6.655374507158013e-05,0.7829852361362367
22080,0.008764264067984133,0.001485075108442698,0.49918491040090684,0.050036832014494055,0.006368738557536013,0.4281504912629252,0.06997840138386877,0.005953671764742308,0.333539034439345,6.65839008237648e-05,6.65839008237648e-05,0.7833400096913504
22090,0.008761460840416825,0.0014855516571291403,0.4993450948333244,0.05002391573580043,0.006370934324913929,0.4282981058765666,0.06996530718999425,0.0059558977777009765,0.33366374104767377,6.661405657594947e-05,6.661405657594947e-05,0.7836947832464644
22100,0.008758658467905873,0.001486028060456002,0.4995052304053788,0.050011002622149345,0.006373129554234615,0.4284456843182934,0.0699522152797571,0.0059581234024412896,0.333788425907075,6.664421232813415e-05,6.664421232813415e-05,0.7840495568015783
22110,0.00875585695029787,0.0014865043184493626,0.4996653171258362,0.04999809267297155,0.0063753242455948395,0.42859322659461097,0.06993912565282576,0.005960348639019619,0.33391308902070693,6.667436808031882e-05,6.667436808031882e-05,0.784404330356692
22120,0.008753056287439408,0.0014869804311353012,0.49982535500346253,0.0499851858876978,0.006377518399091377,0.4287407327120253,0.06992603830886861,0.005962573487492335,0.33403773039172746,6.67045238325035e-05,6.67045238325035e-05,0.7847591039118058
22130,0.008750256479177081,0.0014874563985398967,0.49998534404702405,0.04997228226575887,0.006379712014820994,0.42888820267704153,0.06991295324755403,0.005964797947915812,0.33416235002329475,6.673467958468818e-05,6.673467958468818e-05,0.7851138774669197
22140,0.008747457525357483,0.0014879322206892284,0.5001452842652868,0.04995938180658552,0.006381905092880464,0.42903563649616555,0.06989987046855045,0.00596702202034642,0.33428694791856695,6.676483533687286e-05,6.676483533687286e-05,0.7854686510220336
22150,0.008744659425827207,0.0014884078976093753,0.5003051756670169,0.049946484509608494,0.006384097633366558,0.42918303417590303,0.06988678997152627,0.005969245704840531,0.334411524080702,6.679499108905754e-05,6.679499108905754e-05,0.7858234245771475
22160,0.008741862180432845,0.0014888834293264167,0.5004650182609804,0.049933590374258575,0.006386289636376045,0.4293303957227592,0.06987371175614987,0.005971469001454519,0.3345360785128582,6.682514684124221e-05,6.682514684124221e-05,0.7861781981322612
22170,0.008739065789020993,0.0014893588158664316,0.5006248120559433,0.0499206993999665,0.006388481102005696,0.42947772114324,0.06986063582208968,0.005973691910244753,0.33466061121819346,6.685530259342689e-05,6.685530259342689e-05,0.7865329716873751
22180,0.008736270251438243,0.0014898340572554994,0.500784557060672,0.04990781158616305,0.006390672030352283,0.42962501044385093,0.06984756216901407,0.005975914431267607,0.33478512219986595,6.688545834561155e-05,6.688545834561155e-05,0.7868877452424888
22190,0.008733475567531186,0.001490309153519699,0.5009442532839323,0.04989492693227898,0.006392862421512576,0.4297722636310975,0.06983449079659144,0.005978136564579452,0.33490961146103376,6.691561409779623e-05,6.691561409779623e-05,0.7872425187976027
22200,0.008730681737146417,0.0014907841046851097,0.5011039007344906,0.04988204543774504,0.006395052275583346,0.4299194807114854,0.06982142170449022,0.00598035831023666,0.33503407900485493,6.694576984998091e-05,6.694576984998091e-05,0.7875972923527166
22210,0.008727888760130531,0.0014912589107778105,0.5012634994211127,0.049869167101992,0.006397241592661363,0.4300666616915202,0.0698083548923788,0.005982579668295604,0.3351585248344876,6.69759256021656e-05,6.69759256021656e-05,0.7879520659078305
22220,0.008725096636330119,0.0014917335718238804,0.5014230493525649,0.04985629192445061,0.006399430372843398,0.43021380657770736,0.06979529035992556,0.005984800638812654,0.33528294895308985,6.700608135435026e-05,6.700608135435026e-05,0.7883068394629442
22230,0.008722305365591774,0.0014922080878493988,0.501582550537613,0.04984341990455165,0.006401618616226222,0.4303609153765527,0.06978222810679892,0.005987021221844183,0.3354073513638198,6.703623710653494e-05,6.703623710653494e-05,0.788661613018058
22240,0.008719514947762092,0.0014926824588804449,0.5017420029850234,0.04983055104172586,0.006403806322906607,0.4305079880945617,0.06976916813266726,0.005989241417446563,0.33553173206983544,6.706639285871962e-05,6.706639285871962e-05,0.789016386573172
22250,0.008716725382687664,0.0014931566849430977,0.5019014067035622,0.04981768533540401,0.006405993492981321,0.43065502473824,0.06975611043719901,0.005991461225676165,0.335656091074295,6.709654861090429e-05,6.709654861090429e-05,0.7893711601282857
22260,0.008713936670215083,0.0014936307660634363,0.5020607617019954,0.049804822785016856,0.006408180126547137,0.4308020253140932,0.06974305502006256,0.005993680646589363,0.3357804283803565,6.712670436308897e-05,6.712670436308897e-05,0.7897259336833996
22270,0.008711148810190946,0.0014941047022675397,0.5022200679890889,0.04979196338999516,0.006410366223700824,0.4309489898286268,0.0697300018809263,0.005995899680242526,0.3359047439911779,6.715686011527365e-05,6.715686011527365e-05,0.7900807072385134
22280,0.008708361802461841,0.0014945784935814876,0.5023793255736092,0.04977910714976969,0.006412551784539155,0.4310959182883465,0.06971695101945864,0.005998118326692029,0.33602903790991756,6.718701586745833e-05,6.718701586745833e-05,0.7904354807936274
22290,0.008705575646874365,0.0014950521400313584,0.5025385344643222,0.0497662540637712,0.006414736809158899,0.43124281069975784,0.06970390243532798,0.006000336585994241,0.33615331013973343,6.7217171619643e-05,6.7217171619643e-05,0.7907902543487411
22300,0.00870279034327511,0.0014955256416432318,0.5026976946699938,0.04975340413143045,0.006416921297656826,0.43138966706936643,0.06969085612820272,0.006002554458205536,0.33627756068378356,6.724732737182767e-05,6.724732737182767e-05,0.7911450279038549
22310,0.00870000589151067,0.0014959989984431868,0.5028568061993904,0.049740557352178194,0.006419105250129709,0.43153648740367784,0.06967781209775124,0.006004771943382286,0.33640178954522615,6.727748312401234e-05,6.727748312401234e-05,0.7914998014589687
22320,0.008697222291427636,0.0014964722104573024,0.503015869061278,0.049727713725445204,0.006421288666674317,0.43168327170919774,0.06966477034364198,0.006006989041580861,0.3365259967272191,6.730763887619702e-05,6.730763887619702e-05,0.7918545750140825
22330,0.008694439542872604,0.0014969452777116579,0.5031748832644227,0.049714873250662234,0.006423471547387423,0.4318300199924317,0.06965173086554331,0.006009205752857635,0.3366501822329207,6.73377946283817e-05,6.73377946283817e-05,0.7922093485691964
22340,0.008691657645692167,0.0014974182002323324,0.5033338488175907,0.049702035927260045,0.006425653892365794,0.43197673225988525,0.06963869366312364,0.006011422077268978,0.336774346065489,6.736795038056638e-05,6.736795038056638e-05,0.7925641221243103
22350,0.008688876599732916,0.0014978909780454046,0.5034927657295477,0.0496892017546694,0.006427835701706204,0.43212340851806413,0.06962565873605138,0.006013638014871263,0.336898488228082,6.739810613275106e-05,6.739810613275106e-05,0.7929188956794242
22360,0.008686096404841448,0.0014983636111769545,0.5036516340090602,0.049676370732321055,0.006430016975505423,0.43227004877347375,0.06961262608399492,0.006015853565720862,0.33702260872385786,6.742826188493574e-05,6.742826188493574e-05,0.793273669234538
22370,0.008683317060864353,0.0014988360996530607,0.5038104536648943,0.049663542859645776,0.006432197713860221,0.43241665303261984,0.06959959570662265,0.006018068729874147,0.3371467075559746,6.74584176371204e-05,6.74584176371204e-05,0.7936284427896518
22380,0.008680538567648225,0.0014993084434998022,0.5039692247058158,0.04965071813607432,0.006434377916867368,0.43256322130200786,0.06958656760360299,0.006020283507387489,0.3372707847275904,6.748857338930507e-05,6.748857338930507e-05,0.7939832163447655
22390,0.008677760925039659,0.0014997806427432586,0.5041279471405911,0.049637896561037446,0.006436557584623637,0.4327097535881436,0.06957354177460433,0.006022497898317262,0.3373948402418634,6.751872914148975e-05,6.751872914148975e-05,0.7943379898998794
22400,0.008674984132885245,0.0015002526974095087,0.504286620977986,0.04962507813396591,0.0064387367172257974,0.4328562498975326,0.06956051821929507,0.006024711902719835,0.3375188741019515,6.754888489367443e-05,6.754888489367443e-05,0.7946927634549933
22410,0.00867220819103158,0.0015007246075246319,0.504445246226767,0.04961226285429049,0.0064409153147706195,0.43300271023668024,0.06954749693734362,0.0060269255206515816,0.33764288631101297,6.757904064585911e-05,6.757904064585911e-05,0.7950475370101071
22420,0.008669433099325255,0.0015011963731147069,0.5046038228956997,0.04959945072144192,0.006443093377354875,0.4331491346120924,0.06953447792841838,0.006029138752168873,0.3377668768722058,6.760919639804378e-05,6.760919639804378e-05,0.7954023105652209
22430,0.008666658857612865,0.0015016679942058135,0.5047623509935507,0.049586641734850986,0.0064452709050753345,0.4332955230302745,0.06952146119218773,0.006031351597328083,0.3378908457886881,6.763935215022846e-05,6.763935215022846e-05,0.7957570841203347
22440,0.008663885465741001,0.0015021394708240301,0.5049208305290857,0.04957383589394843,0.006447447898028769,0.4334418754977323,0.0695084467283201,0.006033564056185581,0.33801479306361804,6.766950790241314e-05,6.766950790241314e-05,0.7961118576754487
22450,0.008661112923556258,0.0015026108029954366,0.5050792615110711,0.04956103319816503,0.006449624356311948,0.4335881920209712,0.06949543453648387,0.00603577612879774,0.3381387187001535,6.76996636545978e-05,6.76996636545978e-05,0.7964666312305624
22460,0.008658341230905229,0.0015030819907461113,0.5052376439482726,0.049548233646931526,0.006451800280021643,0.4337344726064969,0.06948242461634745,0.006037987815220932,0.3382626227014528,6.772981940678249e-05,6.772981940678249e-05,0.7968214047856762
22470,0.008655570387634507,0.0015035530341021342,0.5053959778494569,0.04953543723967869,0.006453975669254625,0.43388071726081506,0.06946941696757922,0.0060401991155115305,0.33838650507067397,6.775997515896717e-05,6.775997515896717e-05,0.7971761783407901
22480,0.008652800393590687,0.0015040239330895836,0.5055542632233895,0.049522643975837284,0.006456150524107664,0.43402692599043113,0.06945641158984761,0.006042410029725904,0.338510365810975,6.779013091115185e-05,6.779013091115185e-05,0.7975309518959041
22490,0.00865003124862036,0.0015044946877345396,0.5057125000788368,0.04950985385483806,0.0064583248446775324,0.43417309880185084,0.069443408482821,0.006044620557920427,0.33863420492551416,6.782028666333653e-05,6.782028666333653e-05,0.7978857254510179
22500,0.00864726295257012,0.0015049652980630803,0.5058706884245647,0.04949706687611179,0.006460498631060999,0.4343192357015797,0.06943040764616781,0.00604683070015147,0.3387580224174493,6.785044241552119e-05,6.785044241552119e-05,0.7982404990061316
22510,0.008644495505286558,0.0015054357641012856,0.5060288282693396,0.04948428303908922,0.006462671883354835,0.4344653366961233,0.06941740907955643,0.006049040456475406,0.33888181828993874,6.788059816770587e-05,6.788059816770587e-05,0.7985952725612455
22520,0.008641728906616271,0.0015059060858752344,0.5061869196219275,0.04947150234320112,0.006464844601655812,0.43461140179198726,0.06940441278265524,0.006051249826948607,0.33900559254614043,6.791075391989054e-05,6.791075391989054e-05,0.7989500461163592
22530,0.008638963156405851,0.0015063762634110057,0.5063449624910943,0.04945872478787825,0.0064670167860607,0.4347574309956772,0.06939141875513267,0.0060534588116274435,0.3391293451892125,6.794090967207522e-05,6.794090967207522e-05,0.7993048196714732
22540,0.008636198254501893,0.001506846296734679,0.5065029568856063,0.04944595037255137,0.00646918843666627,0.43490342431369877,0.06937842699665711,0.006055667410568288,0.3392530762223131,6.79710654242599e-05,6.79710654242599e-05,0.799659593226587
22550,0.008633434200750986,0.001507316185872333,0.5066609028142296,0.049433179096651236,0.006471359553569293,0.4350493817525575,0.06936543750689697,0.006057875623827513,0.3393767856486002,6.800122117644458e-05,6.800122117644458e-05,0.8000143667817009
22560,0.008630670994999725,0.001507785930850047,0.50681880028573,0.04942041095960861,0.006473530136866539,0.4351953033187589,0.06935245028552063,0.0060600834514614906,0.33950047347123197,6.803137692862925e-05,6.803137692862925e-05,0.8003691403368146
22570,0.008627908637094707,0.0015082555316939003,0.506976649308874,0.04940764596085426,0.0064757001866547785,0.4353411890188086,0.06933946533219651,0.006062290893526592,0.3396241396933665,6.806153268081393e-05,6.806153268081393e-05,0.8007239138919284
22580,0.008625147126882522,0.001508724988429972,0.5071344498924275,0.04939488409981893,0.006477869703030784,0.4354870388592123,0.069326482646593,0.006064497950079189,0.3397477843181619,6.80916884329986e-05,6.80916884329986e-05,0.8010786874470424
22590,0.008622386464209762,0.001509194301084341,0.5072922020451566,0.049382125375933394,0.006480038686091325,0.43563285284647557,0.0693135022283785,0.0060667046211756535,0.33987140734877613,6.812184418518327e-05,6.812184418518327e-05,0.8014334610021561
22600,0.008619626648923021,0.0015096634696830868,0.5074499057758275,0.049369369788628416,0.006482207135933171,0.4357786309871039,0.0693005240772214,0.006068910906872359,0.33999500878836747,6.815199993736795e-05,6.815199993736795e-05,0.80178823455727
22610,0.008616867680868896,0.0015101324942522882,0.507607561093206,0.04935661733733474,0.006484375052653096,0.43592437328760303,0.06928754819279014,0.006071116807225675,0.3401185886400938,6.818215568955263e-05,6.818215568955263e-05,0.8021430081123838
22620,0.008614109559893977,0.0015106013748180244,0.5077651680060586,0.04934386802148314,0.006486542436347869,0.43607007975447853,0.06927457457475307,0.006073322322291975,0.34024214690711346,6.821231144173731e-05,6.821231144173731e-05,0.8024977816674977
22630,0.008611352285844857,0.0015110701114063748,0.5079227265231512,0.04933112184050437,0.006488709287114259,0.4362157503942359,0.06926160322277863,0.006075527452127631,0.3403656835925844,6.824246719392198e-05,6.824246719392198e-05,0.8028525552226115
22640,0.00860859585856813,0.0015115387040434184,0.5080802366532498,0.04931837879382919,0.00649087560504904,0.4363613852133808,0.0692486341365352,0.0060777321967890145,0.34048919869966465,6.827262294610666e-05,6.827262294610666e-05,0.8032073287777254
22650,0.008605840277910391,0.0015120071527552341,0.5082376984051207,0.049305638880888375,0.006493041390248979,0.43650698421841866,0.06923566731569118,0.006079936556332497,0.3406126922315124,6.830277869829134e-05,6.830277869829134e-05,0.8035621023328392
22660,0.00860308554371823,0.0015124754575679012,0.5083951117875297,0.04929290210111266,0.00649520664281085,0.43665254741585535,0.06922270275991499,0.00608214053081445,0.3407361641912857,6.8332934450476e-05,6.8332934450476e-05,0.8039168758879529
22670,0.008600331655838244,0.0015129436185074992,0.5085524768092434,0.04928016845393282,0.006497371362831422,0.43679807481219635,0.069209740468875,0.006084344120291247,0.34085961458214264,6.836309020266068e-05,6.836309020266068e-05,0.8042716494430668
22680,0.008597578614117023,0.0015134116356001067,0.5087097934790275,0.04926743793877962,0.006499535550407468,0.4369435664139473,0.06919678044223965,0.0060865473248192595,0.34098304340724145,6.839324595484536e-05,6.839324595484536e-05,0.8046264229981807
22690,0.00859482641840116,0.001513879508871803,0.5088670618056481,0.049254710555083805,0.006501699205635755,0.4370890222276137,0.06918382267967729,0.006088750144454858,0.34110645066973994,6.842340170703004e-05,6.842340170703004e-05,0.8049811965532946
22700,0.008592075068537253,0.0015143472383486675,0.5090242817978714,0.04924198630227615,0.006503862328613057,0.43723444225970126,0.06917086718085637,0.0060909525792544154,0.34122983637279636,6.845355745921471e-05,6.845355745921471e-05,0.8053359701084083
22710,0.00858932456437189,0.0015148148240567792,0.5091814534644635,0.04922926517978741,0.006506024919436143,0.4373798265167154,0.06915791394544525,0.0060931546292743045,0.3413532005195689,6.848371321139939e-05,6.848371321139939e-05,0.8056907436635222
22720,0.008586574905751668,0.001515282266022217,0.5093385768141905,0.04921654718704834,0.006508186978201784,0.4375251750051619,0.06914496297311236,0.006095356294570896,0.34147654311321546,6.851386896358406e-05,6.851386896358406e-05,0.8060455172186359
22730,0.008583826092523178,0.0015157495642710605,0.5094956518558186,0.0492038323234897,0.0065103485050067526,0.4376704877315463,0.0691320142635261,0.0060975575752005625,0.34159986415689425,6.854402471576874e-05,6.854402471576874e-05,0.8064002907737498
22740,0.008581078124533013,0.0015162167188293883,0.5096526785981137,0.04919112058854227,0.006512509499947816,0.4378157647023741,0.06911906781635484,0.006099758471219675,0.3417231636537633,6.857418046795342e-05,6.857418046795342e-05,0.8067550643288637
22750,0.008578331001627769,0.0015166837297232799,0.5098096570498419,0.04917841198163679,0.006514669963121748,0.4379610059241511,0.069106123631267,0.006101958982684607,0.34184644160698074,6.86043362201381e-05,6.86043362201381e-05,0.8071098378839776
22760,0.008575584723654037,0.0015171505969788141,0.5099665872197694,0.049165706502204025,0.006516829894625318,0.4381062114033827,0.069093181707931,0.006104159109651728,0.34196969801970467,6.863449197232278e-05,6.863449197232278e-05,0.8074646114390914
22770,0.008572839290458411,0.0015176173206220707,0.5101234691166624,0.04915300414967474,0.006518989294555297,0.4382513811465745,0.0690802420460152,0.006106358852177412,0.34209293289509307,6.866464772450746e-05,6.866464772450746e-05,0.8078193849942054
22780,0.008570094701887484,0.001518083900679128,0.5102803027492867,0.049140304923479684,0.006521148163008456,0.43839651516023226,0.06906730464518805,0.00610855821031803,0.3422161462363042,6.869480347669212e-05,6.869480347669212e-05,0.8081741585493191
22790,0.00856735095778785,0.001518550337176066,0.5104370881264088,0.04912760882304963,0.006523306500081564,0.4385416134508614,0.0690543695051179,0.006110757184129954,0.342339338046496,6.872495922887679e-05,6.872495922887679e-05,0.8085289321044328
22800,0.008564608058006103,0.0015190166301389631,0.5105938252567943,0.04911491584781534,0.006525464305871394,0.43868667602496764,0.06904143662547318,0.006112955773669557,0.3424625083288267,6.875511498106147e-05,6.875511498106147e-05,0.8088837056595467
22810,0.008561866002388833,0.001519482779593899,0.5107505141492097,0.04910222599720756,0.006527621580474718,0.4388317028890566,0.06902850600592228,0.006115153978993209,0.34258565708645433,6.878527073324615e-05,6.878527073324615e-05,0.8092384792146605
22820,0.008559124790782637,0.0015199487855669523,0.5109071548124209,0.04908953927065706,0.0065297783239883014,0.4389766940496337,0.06901557764613361,0.006117351800157284,0.34270878432253693,6.881542648543083e-05,6.881542648543083e-05,0.8095932527697745
22830,0.008556384423034106,0.0015204146480842025,0.5110637472551941,0.0490768556675946,0.00653193453650892,0.43912164951320465,0.06900265154577556,0.006119549237218152,0.3428318900402326,6.884558223761551e-05,6.884558223761551e-05,0.8099480263248883
22840,0.008553644898989833,0.0015208803671717288,0.5112202914862953,0.04906417518745094,0.006534090218133343,0.4392665692862751,0.06898972770451654,0.006121746290232186,0.3429549742426995,6.887573798980018e-05,6.887573798980018e-05,0.810302799880002
22850,0.008550906218496414,0.00152134594285561,0.5113767875144907,0.049051497829656836,0.006536245368958341,0.4394114533753506,0.06897680612202495,0.006123942959255758,0.34307803693309574,6.890589374198486e-05,6.890589374198486e-05,0.8106575734351159
22860,0.00854816838140044,0.0015218113751619257,0.5115332353485463,0.049038823593643054,0.006538399989080684,0.43955630178693667,0.06896388679796916,0.006126139244345239,0.3432010781145792,6.893604949416954e-05,6.893604949416954e-05,0.8110123469902298
22870,0.008545431387548506,0.0015222766641167546,0.5116896349972284,0.04902615247884035,0.006540554078597142,0.4397011145275389,0.06895096973201763,0.006128335145557002,0.34332409779030826,6.89662052463542e-05,6.89662052463542e-05,0.8113671205453435
22880,0.008542695236787202,0.0015227418097461761,0.5118459864693028,0.04901348448467949,0.006542707637604489,0.43984589160366305,0.0689380549238387,0.006130530662947419,0.3434470959634408,6.899636099853888e-05,6.899636099853888e-05,0.8117218941004574
22890,0.008539959928963125,0.0015232068120762691,0.5120022897735358,0.04900081961059123,0.006544860666199494,0.4399906330218147,0.06892514237310081,0.00613272579657286,0.343570072637135,6.902651675072356e-05,6.902651675072356e-05,0.8120766676555713
22900,0.008537225463922866,0.0015236716711331132,0.5121585449186934,0.048988157856006326,0.006547013164478927,0.4401353387884992,0.06891223207947235,0.006134920546489698,0.34369302781454897,6.905667250290824e-05,6.905667250290824e-05,0.8124314412106851
22910,0.00853449184151302,0.001524136386942787,0.5123147519135418,0.04897549922035555,0.006549165132539558,0.44028000891022234,0.06889932404262172,0.006137114912754306,0.3438159614988407,6.908682825509291e-05,6.908682825509291e-05,0.8127862147657989
22920,0.00853175906158018,0.0015246009595313698,0.5124709107668469,0.04896284370306966,0.006551316570478161,0.44042464339348975,0.06888641826221731,0.006139308895423055,0.34393887369316833,6.911698400727759e-05,6.911698400727759e-05,0.8131409883209127
22930,0.008529027123970937,0.0015250653889249412,0.5126270214873752,0.0489501913035794,0.006553467478391504,0.4405692422448069,0.06887351473792754,0.006141502494552317,0.34406176440069003,6.914713975946227e-05,6.914713975946227e-05,0.8134957618760267
22940,0.008526296028531886,0.0015255296751495798,0.5127830840838924,0.04893754202131555,0.006555617856376358,0.4407138054706795,0.0688606134694208,0.006143695710198464,0.3441846336245638,6.917729551164694e-05,6.917729551164694e-05,0.8138505354311404
22950,0.008523565775109621,0.0015259938182313648,0.5129390985651646,0.04892489585570886,0.006557767704529496,0.44085833307761313,0.06884771445636548,0.006145888542417867,0.3443074813679477,6.920745126383162e-05,6.920745126383162e-05,0.8142053089862542
22960,0.008520836363550735,0.0015264578181963756,0.5130950649399582,0.04891225280619009,0.0065599170229476865,0.4410028250721133,0.06883481769842999,0.0061480809912668995,0.344430307634,6.92376070160163e-05,6.92376070160163e-05,0.8145600825413681
22970,0.00851810779370182,0.0015269216750706913,0.5132509832170391,0.04889961287219001,0.0065620658117277,0.44114728146068566,0.06882192319528274,0.006150273056801933,0.3445531124258786,6.926776276820098e-05,6.926776276820098e-05,0.8149148560964821
22980,0.00851538006540947,0.0015273853888803906,0.5134068534051733,0.04888697605313938,0.006564214070966308,0.44129170224983577,0.06880903094659212,0.006152464739079338,0.3446758957467416,6.929791852038564e-05,6.929791852038564e-05,0.8152696296515958
22990,0.008512653178520279,0.0015278489596515532,0.5135626755131271,0.048874342348468935,0.0065663618007602825,0.4414360874460693,0.06879614095202652,0.006154656038155489,0.34479865759974726,6.932807427257032e-05,6.932807427257032e-05,0.8156244032067096
23000,0.00850992713288084,0.0015283123874102577,0.5137184495496665,0.04886171175760947,0.006568509001206392,0.44158043705589184,0.06878325321125438,0.006156846954086755,0.3449213979880535,6.935823002475499e-05,6.935823002475499e-05,0.8159791767618233
23010,0.008507201928337746,0.001528775672182584,0.5138741755235576,0.048849084279991725,0.006570655672401409,0.4417247510858089,0.06877036772394404,0.00615903748692951,0.34504411691481846,6.938838577693967e-05,6.938838577693967e-05,0.8163339503169372
23020,0.00850447756473759,0.0015292388139946105,0.5140298534435664,0.04883645991504647,0.006572801814442102,0.4418690295423261,0.06875748448976396,0.006161227636740124,0.34516681438320024,6.941854152912435e-05,6.941854152912435e-05,0.8166887238720512
23030,0.008501754041926966,0.0015297018128724166,0.5141854833184593,0.04882383866220445,0.006574947427425245,0.44201327243194916,0.0687446035083825,0.006163417403574972,0.345289490396357,6.944869728130903e-05,6.944869728130903e-05,0.817043497427165
23040,0.008499031359752465,0.0015301646688420814,0.5143410651570022,0.04881122052089645,0.006577092511447606,0.4421574797611836,0.0687317247794681,0.006165606787490422,0.34541214495744665,6.94788530334937e-05,6.94788530334937e-05,0.8173982709822787
23050,0.008496309518060685,0.0015306273819296842,0.5144965989679611,0.04879860549055321,0.006579237066605957,0.4423016515365349,0.06871884830268911,0.006167795788542849,0.3455347780696274,6.950900878567838e-05,6.950900878567838e-05,0.8177530445373926
23060,0.008493588516698214,0.001531089952161304,0.5146520847601022,0.04878599357060549,0.006581381092997067,0.44244578776450866,0.06870597407771396,0.006169984406788624,0.3456573897360574,6.953916453786306e-05,6.953916453786306e-05,0.8181078180925065
23070,0.00849086835551165,0.0015315523795630202,0.5148075225421916,0.04877338476048407,0.00658352459071771,0.44258988845161074,0.06869310210421105,0.00617217264228412,0.3457799799598947,6.956932029004772e-05,6.956932029004772e-05,0.8184625916476203
23080,0.008488149034347582,0.0015320146641609115,0.5149629123229954,0.04876077905961969,0.006585667559864655,0.44273395360434653,0.06868023238184877,0.006174360495085706,0.34590254874429727,6.95994760422324e-05,6.95994760422324e-05,0.8188173652027341
23090,0.008485430553052606,0.0015324768059810573,0.5151182541112798,0.04874817646744312,0.006587810000534672,0.44287798322922156,0.06866736491029554,0.006176547965249756,0.3460250960924233,6.962963179441708e-05,6.962963179441708e-05,0.819172138757848
23100,0.008482712911473315,0.0015329388050495368,0.5152735479158106,0.04873557698338511,0.006589951912824533,0.4430219773327416,0.06865449968921974,0.006178735052832642,0.34614762200743093,6.965978754660176e-05,6.965978754660176e-05,0.8195269123129618
23110,0.008479996109456302,0.001533400661392429,0.5154287937453542,0.048722980606876444,0.006592093296831007,0.4431659359214122,0.06864163671828978,0.006180921757890735,0.3462701264924782,6.968994329878643e-05,6.968994329878643e-05,0.8198816858680756
23120,0.00847728014684816,0.0015338623750358132,0.5155839916086766,0.04871038733734786,0.006594234152650867,0.44330985900173886,0.06862877599717405,0.006183108080480408,0.34639260955072315,6.972009905097111e-05,6.972009905097111e-05,0.8202364594231895
23130,0.008474565023495483,0.0015343239460057683,0.5157391415145439,0.04869779717423012,0.006596374480380882,0.44345374658022735,0.06861591752554098,0.006185294020658032,0.34651507118532393,6.975025480315579e-05,6.975025480315579e-05,0.8205912329783034
23140,0.008471850739244864,0.0015347853743283735,0.5158942434717221,0.048685210116953995,0.006598514280117824,0.44359759866338305,0.06860306130305893,0.006187479578479979,0.3466375113994386,6.978041055534046e-05,6.978041055534046e-05,0.8209460065334171
23150,0.008469137293942896,0.001535246660029708,0.5160492974889775,0.04867262616495024,0.006600653551958462,0.4437414152577117,0.06859020732939633,0.006189664754002622,0.3467599301962253,6.981056630752514e-05,6.981056630752514e-05,0.8213007800885309
23160,0.008466424687436172,0.001535707803135851,0.516204303575076,0.04866004531764961,0.006602792295999569,0.4438851963697189,0.06857735560422157,0.006191849547282331,0.346882327578842,6.984072205970982e-05,6.984072205970982e-05,0.8216555536436448
23170,0.008463712919571287,0.0015361688036728818,0.5163592617387838,0.04864746757448288,0.006604930512337914,0.4440289420059101,0.06856450612720305,0.006194033958375479,0.347004703550447,6.98708778118945e-05,6.98708778118945e-05,0.8220103271987588
23180,0.008461001990194832,0.0015366296616668791,0.5165141719888668,0.04863489293488079,0.006607068201070269,0.4441726521727911,0.06855165889800918,0.006196217987338437,0.34712705811419814,6.990103356407916e-05,6.990103356407916e-05,0.8223651007538725
23190,0.0084582918991534,0.0015370903771439223,0.5166690343340915,0.04862232139827411,0.0066092053622934036,0.4443163268768674,0.06853881391630834,0.006198401634227579,0.34724939127325377,6.993118931626384e-05,6.993118931626384e-05,0.8227198743089863
23200,0.008455582646293588,0.0015375509501300904,0.5168238487832236,0.04860975296409362,0.006611341996104088,0.4444599661246445,0.06852597118176895,0.006200584899099276,0.3473717030307718,6.996134506844851e-05,6.996134506844851e-05,0.8230746478641
23210,0.008452874231461986,0.0015380113806514628,0.5169786153450294,0.04859718763177004,0.006613478102599096,0.44460356992262823,0.0685131306940594,0.006202767782009899,0.3474939933899103,6.999150082063319e-05,6.999150082063319e-05,0.8234294214192139
23220,0.008450166654505188,0.0015384716687341185,0.5171333340282751,0.04858462540073416,0.0066156136818751946,0.44474713827732393,0.0685002924528481,0.006204950283015821,0.3476162623538275,7.002165657281787e-05,7.002165657281787e-05,0.8237841949743279
23230,0.008447459915269788,0.0015389318144041365,0.5172880048417265,0.04857206627041674,0.0066177487340291575,0.4448906711952374,0.06848745645780344,0.006207132402173413,0.34773850992568145,7.005181232500255e-05,7.005181232500255e-05,0.8241389685294417
23240,0.008444754013602378,0.001539391817687596,0.5174426277941498,0.04855951024024853,0.0066198832591577534,0.4450341686828741,0.06847462270859382,0.0062093141395390475,0.3478607361086301,7.008196807718723e-05,7.008196807718723e-05,0.8244937420845556
23250,0.008442048949349553,0.0015398516786105764,0.5175972028943113,0.048546957309660285,0.006622017257357754,0.4451776307467397,0.06846179120488766,0.006211495495169097,0.34798294090583176,7.011212382937191e-05,7.011212382937191e-05,0.8248485156396694
23260,0.008439344722357906,0.0015403113971991565,0.517751730150977,0.04853440747808278,0.006624150728725929,0.4453210573933397,0.06844896194635333,0.006213676469119932,0.3481051243204444,7.014227958155658e-05,7.014227958155658e-05,0.8252032891947831
23270,0.00843664133247403,0.001540770973479416,0.5179062095729129,0.04852186074494677,0.006626283673359051,0.44546444862917983,0.06843613493265925,0.006215857061447925,0.34822728635562605,7.017243533374126e-05,7.017243533374126e-05,0.8255580627498971
23280,0.008433938779544514,0.001541230407477433,0.5180606411688851,0.04850931710968301,0.00662841609135389,0.44560780446076564,0.06842331016347382,0.006218037272209448,0.34834942701453486,7.020259108592592e-05,7.020259108592592e-05,0.8259128363050108
23290,0.008431237063415958,0.0015416896992192877,0.5182150249476597,0.04849677657172227,0.006630547982807216,0.4457511248946027,0.06841048763846544,0.006220217101460873,0.348471546300329,7.02327468381106e-05,7.02327468381106e-05,0.8262676098601247
23300,0.008428536183934953,0.0015421488487310584,0.5183693609180028,0.0484842391304953,0.006632679347815801,0.44589440993719665,0.0683976673573025,0.0062223965492585725,0.34859364421616656,7.026290259029528e-05,7.026290259029528e-05,0.8266223834152385
23310,0.00842583614094809,0.001542607856038825,0.5185236490886806,0.048471704785432876,0.006634810186476414,0.4460376595950529,0.06838484931965341,0.0062245756156589175,0.34871572076520546,7.029305834247996e-05,7.029305834247996e-05,0.8269771569703525
23320,0.008423136934301967,0.001543066721168666,0.5186778894684592,0.04845917353596574,0.006636940498885827,0.44618087387467736,0.06837203352518657,0.006226754300718279,0.3488377759506039,7.032321409466463e-05,7.032321409466463e-05,0.8273319305254662
23330,0.008420438563843172,0.001543525444146661,0.5188320820661045,0.048446645381524656,0.006639070285140811,0.4463240527825755,0.06835921997357039,0.0062289326044930315,0.34895980977552,7.035336984684931e-05,7.035336984684931e-05,0.8276867040805801
23340,0.008417741029418302,0.0015439840249988892,0.5189862268903829,0.048434120321540396,0.006641199545338135,0.4464671963252527,0.06834640866447325,0.0062311105270395455,0.3490818222431118,7.038352559903399e-05,7.038352559903399e-05,0.8280414776356939
23350,0.00841504433087395,0.0015444424637514292,0.5191403239500602,0.04842159835544371,0.006643328279574571,0.4466103045092148,0.06833359959756356,0.006233288068414193,0.3492038133565374,7.041368135121866e-05,7.041368135121866e-05,0.8283962511908076
23360,0.008412348468056706,0.0015449007604303605,0.5192943732539026,0.04840907948266536,0.006645456487946891,0.44675337734096743,0.06832079277250973,0.006235465228673345,0.3493257831189549,7.044383710340334e-05,7.044383710340334e-05,0.8287510247459215
23370,0.008409653440813167,0.0015453589150617622,0.5194483748106763,0.048396563702636106,0.006647584170551864,0.44689641482701603,0.06830798818898014,0.006237642007873374,0.3494477315335223,7.047399285558802e-05,7.047399285558802e-05,0.8291057983010354
23380,0.008406959248989924,0.0015458169276717135,0.5196023286291473,0.04838405101478672,0.00664971132748626,0.4470394169738662,0.06829518584664321,0.006239818406070653,0.34956965860339795,7.05041486077727e-05,7.05041486077727e-05,0.8294605718561493
23390,0.008404265892433573,0.0015462747982862932,0.5197562347180817,0.04837154141854794,0.006651837958846852,0.4471823837880236,0.06828238574516732,0.006241994423321553,0.3496915643317397,7.053430435995736e-05,7.053430435995736e-05,0.829815345411263
23400,0.008401573370990702,0.001546732526931581,0.5199100930862457,0.04835903491335054,0.0066539640647304095,0.44732531527599384,0.0682695878842209,0.006244170059682447,0.3498134487217057,7.056446011214204e-05,7.056446011214204e-05,0.8301701189663769
23410,0.008398881684507913,0.0015471901136336556,0.5200639037424052,0.04834653149862529,0.006656089645233703,0.4474682114442825,0.06825679226347232,0.006246345315209704,0.349935311776454,7.059461586432672e-05,7.059461586432672e-05,0.8305248925214908
23420,0.00839619083283179,0.0015476475584185964,0.5202176666953264,0.04833403117380293,0.006658214700453504,0.4476110722993952,0.06824399888259,0.006248520189959699,0.35005715349914274,7.06247716165114e-05,7.06247716165114e-05,0.8308796660766047
23430,0.00839350081580893,0.0015481048613124823,0.5203713819537755,0.04832153393831423,0.006660339230486583,0.4477538978478375,0.06823120774124233,0.0062506946839888024,0.3501789738929301,7.065492736869607e-05,7.065492736869607e-05,0.8312344396317184
23440,0.008390811633285929,0.0015485620223413927,0.5205250495265186,0.04830903979158995,0.006662463235429711,0.44789668809611494,0.06821841883909771,0.006252868797353386,0.350300772960974,7.068508312088075e-05,7.068508312088075e-05,0.8315892131868323
23450,0.008388123285109378,0.0015490190415314064,0.5206786694223214,0.04829654873306086,0.006664586715379657,0.4480394430507332,0.06820563217582457,0.006255042530109823,0.35042255070643263,7.071523887306543e-05,7.071523887306543e-05,0.8319439867419461
23460,0.008385435771125868,0.0015494759189086027,0.5208322416499505,0.0482840607621577,0.006666709670433193,0.44818216271819783,0.06819284775109126,0.0062572158823144845,0.3505443071324641,7.07453946252501e-05,7.07453946252501e-05,0.8322987602970598
23470,0.008382749091181998,0.0015499326544990612,0.5209857662181718,0.04827157587831124,0.006668832100687091,0.44832484710501447,0.06818006556456621,0.006259388854023743,0.35066604224222647,7.077555037743477e-05,7.077555037743477e-05,0.8326535338521738
23480,0.008380063245124355,0.0015503892483288602,0.5211392431357513,0.04825909408095225,0.00667095400623812,0.44846749621768867,0.06816728561591782,0.006261561445293969,0.3507877560388778,7.080570612961944e-05,7.080570612961944e-05,0.8330083074072875
23490,0.008377378232799534,0.0015508457004240795,0.5212926724114553,0.04824661536951148,0.006673075387183052,0.4486101100627261,0.06815450790481449,0.006263733656181535,0.3509094485255762,7.083586188180412e-05,7.083586188180412e-05,0.8333630809624014
23500,0.008374694054054133,0.0015513020108107978,0.5214460540540496,0.04823413974341968,0.006675196243618656,0.44875268864663226,0.06814173243092461,0.006265905486742813,0.35103111970547973,7.08660176339888e-05,7.08660176339888e-05,0.8337178545175152
23510,0.00837201070873474,0.0015517581795150945,0.5215993880723007,0.04822166720210763,0.006677316575641704,0.44889523197591286,0.0681289591939166,0.006268076937034176,0.35115276958174657,7.089617338617348e-05,7.089617338617348e-05,0.8340726280726292
23520,0.008369328196687951,0.001552214206563049,0.5217526744749743,0.04820919774500609,0.006679436383348967,0.4490377400570733,0.06811618819345884,0.006270248007111994,0.3512743981575347,7.092632913835816e-05,7.092632913835816e-05,0.834427401627743
23530,0.008366646517760357,0.0015526700919807398,0.5219059132708369,0.04819673137154581,0.006681555666837216,0.4491802128966195,0.06810341942921974,0.006272418697032641,0.3513960054360023,7.095648489054283e-05,7.095648489054283e-05,0.8347821751828567
23540,0.008363965671798554,0.0015531258357942463,0.5220591044686541,0.04818426808115755,0.006683674426203219,0.4493226505010567,0.06809065290086772,0.006274589006852488,0.3515175914203075,7.098664064272751e-05,7.098664064272751e-05,0.8351369487379706
23550,0.008361285658649133,0.001553581438029648,0.5222122480771926,0.04817180787327207,0.00668579266154375,0.4494650528768907,0.06807788860807112,0.006276758936627906,0.3516391561136082,7.101679639491219e-05,7.101679639491219e-05,0.8354917222930845
23560,0.008358606478158687,0.0015540368987130234,0.522365344105218,0.04815935074732014,0.006687910372955578,0.44960742003062704,0.06806512655049841,0.006278928486415267,0.3517606995190626,7.104695214709685e-05,7.104695214709685e-05,0.8358464958481983
23570,0.008355928130173813,0.0015544922178704523,0.5225183925614965,0.04814689670273251,0.006690027560535475,0.44974975196877137,0.06805236672781796,0.006281097656270945,0.35188222163982885,7.107710789928153e-05,7.107710789928153e-05,0.8362012694033121
23580,0.008353250614541102,0.0015549473955280134,0.5226713934547944,0.048134445738939956,0.006692144224380211,0.4498920486978292,0.06803960913969817,0.006283266446251309,0.352003722479065,7.110726365146621e-05,7.110726365146621e-05,0.836556042958426
23590,0.008350573931107145,0.0015554024317117857,0.5228243467938775,0.048121997855373216,0.006694260364586555,0.4500343102243062,0.06802685378580743,0.006285434856412734,0.3521252020399291,7.11374194036509e-05,7.11374194036509e-05,0.8369108165135398
23600,0.008347898079718537,0.0015558573264478491,0.5229772525875123,0.04810955305146307,0.006696375981251281,0.45017653655470785,0.06801410066581418,0.006287602886811589,0.3522466603255792,7.116757515583556e-05,7.116757515583556e-05,0.8372655900686536
23610,0.008345223060221873,0.001556312079762282,0.5231301108444645,0.04809711132664026,0.0066984910744711575,0.45031872769553993,0.06800134977938677,0.006289770537504248,0.3523680973391735,7.119773090802024e-05,7.119773090802024e-05,0.8376203636237675
23620,0.008342548872463745,0.001556766691681164,0.5232829215735004,0.04808467268033556,0.006700605644342957,0.45046088365330794,0.06798860112619362,0.006291937808547083,0.3524895130838702,7.122788666020491e-05,7.122788666020491e-05,0.8379751371788812
23630,0.008339875516290746,0.0015572211622305735,0.523435684783386,0.048072237111979735,0.006702719690963447,0.4506030044345174,0.06797585470590314,0.006294104699996464,0.3526109075628271,7.125804241238959e-05,7.125804241238959e-05,0.8383299107339951
23640,0.00833720299154947,0.0015576754914365905,0.5235884004828875,0.048059804621003524,0.0067048332144294025,0.45074509004567404,0.06796311051818374,0.006296271211908764,0.35273228077920243,7.128819816457427e-05,7.128819816457427e-05,0.8386846842891089
23650,0.00833453129808651,0.0015581296793252938,0.523741068680771,0.04804737520683771,0.006706946214837592,0.45088714049328343,0.06795036856270378,0.0062984373443403545,0.35285363273615433,7.131835391675895e-05,7.131835391675895e-05,0.8390394578442228
23660,0.008331860435748458,0.0015585837259227625,0.5238936893858025,0.04803494886891304,0.0067090586922847854,0.45102915578385105,0.06793762883913171,0.006300603097347609,0.35297496343684087,7.134850966894363e-05,7.134850966894363e-05,0.8393942313993368
23670,0.00832919040438191,0.0015590376312550759,0.5240462626067481,0.048022525606660274,0.0067111706468677545,0.4511711359238826,0.06792489134713589,0.006302768470986897,0.35309627288442,7.13786654211283e-05,7.13786654211283e-05,0.8397490049544505
23680,0.008326521203833457,0.001559491395348313,0.524198788352374,0.04801010541951019,0.006713282078683271,0.4513130809198837,0.06791215608638473,0.006304933465314593,0.35321756108205005,7.140882117331297e-05,7.140882117331297e-05,0.8401037785095643
23690,0.008323852833949694,0.0015599450182285529,0.5243512666314463,0.04799768830689352,0.006715392987828104,0.4514549907783598,0.06789942305654666,0.006307098080387066,0.35333882803288885,7.143897692549764e-05,7.143897692549764e-05,0.840458552064678
23700,0.008321185294577212,0.0015603984999218747,0.524503697452731,0.04798527426824104,0.006717503374399025,0.4515968655058168,0.06788669225729005,0.006309262316260691,0.3534600737400947,7.146913267768232e-05,7.146913267768232e-05,0.8408133256197919
23710,0.008318518585562606,0.0015608518404543576,0.5246560808249942,0.04797286330298352,0.006719613238492805,0.4517387051087599,0.0678739636882833,0.006311426172991836,0.35358129820682555,7.1499288429867e-05,7.1499288429867e-05,0.8411680991749059
23720,0.008315852706752468,0.0015613050398520809,0.524808416757002,0.0479604554105517,0.006721722580206212,0.45188050959369486,0.06786123734919483,0.006313589650636877,0.35370250143623966,7.152944418205168e-05,7.152944418205168e-05,0.8415228727300197
23730,0.008313187657993392,0.0015617580981411238,0.5249607052575206,0.04794805059037636,0.006723831399636022,0.45202227896712743,0.06784851323969301,0.0063157527492521855,0.353823683431495,7.155959993423636e-05,7.155959993423636e-05,0.8418776462851336
23740,0.008310523439131974,0.001562211015347565,0.5251129463353159,0.04793564884188824,0.006725939696879001,0.45216401323556304,0.06783579135944628,0.0063179154688941305,0.3539448441957496,7.158975568642103e-05,7.158975568642103e-05,0.8422324198402473
23750,0.008307860050014803,0.001562663791497484,0.5252651399991543,0.047923250164518115,0.006728047472031923,0.4523057124055074,0.06782307170812302,0.006320077809619086,0.35406598373216164,7.161991143860571e-05,7.161991143860571e-05,0.8425871933953611
23760,0.008305197490488475,0.0015631164266169599,0.5254172862578016,0.047910854557696746,0.0067301547251915565,0.45244737648346595,0.06781035428539162,0.0063222397714834235,0.35418710204388926,7.165006719079037e-05,7.165006719079037e-05,0.842941966950475
23770,0.00830253576039958,0.0015635689207320717,0.525569385120024,0.047898462020854876,0.0067322614564546725,0.45258900547594433,0.06779763909092049,0.006324401354543515,0.3543081991340905,7.168022294297505e-05,7.168022294297505e-05,0.8432967405055888
23780,0.008299874859594717,0.0015640212738688988,0.5257214365945878,0.04788607255342329,0.006734367665918043,0.45273059938944815,0.06778492612437803,0.006326562558855732,0.35442927500592336,7.171037869515973e-05,7.171037869515973e-05,0.8436515140607027
23790,0.008297214787920473,0.00156447348605352,0.5258734406902588,0.04787368615483273,0.006736473353678438,0.45287215823048316,0.06777221538543265,0.006328723384476447,0.354550329662546,7.174053444734441e-05,7.174053444734441e-05,0.8440062876158165
23800,0.008294555545223447,0.0015649255573120145,0.5260253974158031,0.047861302824513965,0.006738578519832629,0.4530136820055548,0.06775950687375275,0.006330883831462031,0.3546713631071166,7.177069019952908e-05,7.177069019952908e-05,0.8443610611709302
23810,0.008291897131350229,0.0015653774876704617,0.5261773067799871,0.04784892256189775,0.006740683164477384,0.4531551707211686,0.06774680058900671,0.006333043899868857,0.3547923753427932,7.180084595171376e-05,7.180084595171376e-05,0.8447158347260442
23820,0.008289239546147412,0.0015658292771549404,0.5263291687915765,0.04783654536641485,0.006742787287709478,0.4532966243838304,0.06773409653086296,0.006335203589753297,0.35491336637273374,7.183100170389844e-05,7.183100170389844e-05,0.8450706082811581
23830,0.00828658278946159,0.0015662809257915302,0.5264809834593378,0.04782417123749603,0.006744890889625677,0.4534380430000454,0.06772139469898986,0.0063373629011717215,0.35503433620009645,7.186115745608312e-05,7.186115745608312e-05,0.8454253818362719
23840,0.008283926861139356,0.0015667324336063099,0.5266327507920369,0.04781180017457204,0.006746993970322756,0.45357942657631967,0.06770869509305585,0.006339521834180504,0.35515528482803943,7.189131320826779e-05,7.189131320826779e-05,0.8457801553913856
23850,0.008281271761027305,0.0015671838006253585,0.5267844707984398,0.04779943217707364,0.006749096529897483,0.4537207751191584,0.06769599771272931,0.006341680388836015,0.3552762122597207,7.192146896045247e-05,7.192146896045247e-05,0.8461349289464996
23860,0.008278617488972028,0.0015676350268747556,0.5269361434873128,0.047787067244431596,0.006751198568446631,0.45386208863506755,0.06768330255767865,0.006343838565194628,0.35539711849829847,7.195162471263715e-05,7.195162471263715e-05,0.8464897025016134
23870,0.008275964044820122,0.0015680861123805799,0.5270877688674217,0.04777470537607667,0.006753300086066968,0.4540033671305524,0.06767060962757226,0.006345996363312713,0.3555180035469307,7.198178046482181e-05,7.198178046482181e-05,0.8468444760567272
23880,0.008273311428418174,0.001568537057168911,0.527239346947533,0.047762346571439615,0.006755401082855267,0.4541446106121187,0.06765791892207855,0.006348153783246644,0.3556388674087756,7.201193621700649e-05,7.201193621700649e-05,0.847199249611841
23890,0.008270659639612783,0.0015689878612658273,0.5273908777364125,0.0477499908299512,0.006757501558908298,0.4542858190862721,0.06764523044086593,0.006350310825052791,0.3557597100869911,7.204209196919117e-05,7.204209196919117e-05,0.8475540231669549
23900,0.00826800867825054,0.0015694385246974086,0.5275423612428264,0.04773763815104218,0.006759601514322831,0.45442699255951796,0.06763254418360276,0.0063524674887875275,0.3558805315847354,7.207224772137584e-05,7.207224772137584e-05,0.8479087967220686
23910,0.008265358544178038,0.001569889047489734,0.5276937974755408,0.04772528853414332,0.006761700949195639,0.45456813103836224,0.0676198601499575,0.006354623774507224,0.35600133190516664,7.210240347356052e-05,7.210240347356052e-05,0.8482635702771825
23920,0.008262709237241872,0.0015703394296688823,0.5278451864433218,0.04771294197868537,0.00676379986362349,0.45470923452931017,0.06760717833959849,0.006356779682268254,0.3561221110514428,7.21325592257452e-05,7.21325592257452e-05,0.8486183438322964
23930,0.008260060757288632,0.0015707896712609329,0.5279965281549354,0.0477005984840991,0.006765898257703155,0.4548503030388675,0.06759449875219417,0.006358935212126988,0.35624286902672203,7.216271497792988e-05,7.216271497792988e-05,0.8489731173874103
23940,0.008257413104164914,0.001571239772291965,0.5281478226191478,0.04768825804981527,0.006767996131531407,0.4549913365735399,0.06758182138741294,0.0063610903641398,0.35636360583416243,7.219287073011456e-05,7.219287073011456e-05,0.8493278909425241
23950,0.008254766277717313,0.0015716897327880575,0.5282990698447252,0.04767592067526463,0.006770093485205015,0.45513233513983287,0.06756914624492318,0.006363245138363058,0.35648432147692205,7.222302648229923e-05,7.222302648229923e-05,0.8496826644976379
23960,0.008252120277792417,0.0015721395527752897,0.5284502698404334,0.047663586359877955,0.00677219031882075,0.45527329874425204,0.0675564733243933,0.006365399534853137,0.35660501595815897,7.22531822344839e-05,7.22531822344839e-05,0.8500374380527518
23970,0.008249475104236823,0.0015725892322797403,0.5286014226150387,0.047651255103085995,0.006774286632475383,0.455414227393303,0.0675438026254917,0.006367553553666409,0.3567256892810313,7.228333798666857e-05,7.228333798666857e-05,0.8503922116078655
23980,0.008246830756897125,0.0015730387713274892,0.5287525281773072,0.04763892690431952,0.006776382426265683,0.4555551210934912,0.06753113414788679,0.006369707194859245,0.35684634144869715,7.231349373885325e-05,7.231349373885325e-05,0.8507469851629794
23990,0.008244187235619914,0.001573488169944615,0.528903586536005,0.04762660176300928,0.006778477700288425,0.45569597985132265,0.06751846789124695,0.006371860458488017,0.35696697246431464,7.234364949103793e-05,7.234364949103793e-05,0.8511017587180932
24000,0.008241544540251784,0.001573937428157197,0.5290545976998982,0.04761427967858604,0.006780572454640376,0.45583680367330254,0.0675058038552406,0.006374013344609096,0.35708758233104176,7.237380524322261e-05,7.237380524322261e-05,0.8514565322732072
24010,0.008238902670639328,0.0015743865459913145,0.5292055616777527,0.04760196065048056,0.006782666689418307,0.45597759256593656,0.06749314203953613,0.006376165853278855,0.3572081710520367,7.240396099540729e-05,7.240396099540729e-05,0.851811305828321
24020,0.008236261626629143,0.0015748355234730465,0.5293564784783349,0.0475896446781236,0.006784760404718991,0.4561183465357304,0.06748048244380195,0.006378317984553666,0.3573287386304575,7.243411674759196e-05,7.243411674759196e-05,0.8521660793834348
24030,0.008233621408067816,0.0015752843606284721,0.5295073481104108,0.04757733176094592,0.006786853600639197,0.45625906558918966,0.06746782506770645,0.006380469738489902,0.3574492850694623,7.246427249977664e-05,7.246427249977664e-05,0.8525208529385486
24040,0.008230982014801942,0.0015757330574836701,0.5296581705827462,0.04756502189837828,0.006788946277275695,0.45639974973281977,0.06745516991091804,0.006382621115143932,0.3575698103722091,7.24944282519613e-05,7.24944282519613e-05,0.8528756264936623
24050,0.008228343446678117,0.0015761816140647204,0.5298089459041077,0.04755271508985144,0.006791038434725258,0.4565403989731265,0.0674425169731051,0.00638477211457213,0.357690314541856,7.252458400414599e-05,7.252458400414599e-05,0.8532304000487763
24060,0.008225705703542934,0.0015766300303977016,0.529959674083261,0.04754041133479617,0.006793130073084654,0.45668101331661537,0.06742986625393606,0.006386922736830867,0.3578107975815612,7.255473975633067e-05,7.255473975633067e-05,0.8535851736038901
24070,0.008223068785242985,0.0015770783065086932,0.5301103551289724,0.047528110632643214,0.006795221192450657,0.45682159276979195,0.06741721775307931,0.006389072981976517,0.35793125949448273,7.258489550851535e-05,7.258489550851535e-05,0.853939947159004
24080,0.008220432691624863,0.001577526442423774,0.530260989050008,0.04751581298282334,0.0067973117929200355,0.456962137339162,0.06740457147020323,0.006391222850065449,0.35805170028377864,7.261505126070003e-05,7.261505126070003e-05,0.8542947207141179
24090,0.008217797422535162,0.001577974438169023,0.5304115758551338,0.04750351838476731,0.00679940187458956,0.4571026470312308,0.06739192740497625,0.006393372341154036,0.35817211995260706,7.264520701288469e-05,7.264520701288469e-05,0.8546494942692316
24100,0.008215162977820475,0.00157842229377052,0.5305621155531158,0.04749122683790588,0.006801491437556002,0.45724312185250426,0.06737928555706675,0.006395521455298651,0.3582925185041261,7.267536276506937e-05,7.267536276506937e-05,0.8550042678243455
24110,0.008212529357327395,0.0015788700092543434,0.5307126081527205,0.04747893834166982,0.006803580481916133,0.45738356180948786,0.06736664592614314,0.006397670192555664,0.35841289594149384,7.270551851725405e-05,7.270551851725405e-05,0.8553590413794594
24120,0.008209896560902517,0.0015793175846465727,0.5308630536627135,0.04746665289548988,0.006805669007766722,0.4575239669086871,0.06735400851187381,0.006399818552981449,0.3585332522678683,7.273567426943872e-05,7.273567426943872e-05,0.8557138149345731
24130,0.00820726458839243,0.0015797650199732872,0.5310134520918611,0.047454370498796826,0.006807757015204542,0.4576643371566078,0.06734137331392719,0.006401966536632376,0.3586535874864076,7.27658300216234e-05,7.27658300216234e-05,0.856068588489687
24140,0.008204633439643734,0.0015802123152605658,0.5311638034489297,0.047442091151021416,0.006809844504326361,0.45780467255975527,0.06732874033197164,0.006404114143564818,0.3587739016002699,7.279598577380808e-05,7.279598577380808e-05,0.8564233620448009
24150,0.008202003114503018,0.0015806594705344878,0.531314107742685,0.047429814851594414,0.006811931475228952,0.45794497312463534,0.0673161095656756,0.006406261373835147,0.3588941946126133,7.282614152599274e-05,7.282614152599274e-05,0.8567781355999146
24160,0.008199373612816873,0.0015811064858211321,0.5314643649818931,0.04741754159994657,0.006814017928009085,0.45808523885775354,0.06730348101470743,0.006408408227499734,0.3590144665265958,7.285629727817744e-05,7.285629727817744e-05,0.8571329091550286
24170,0.008196744934431897,0.001581553361146578,0.5316145751753203,0.04740527139550866,0.006816103862763531,0.45822546976561546,0.06729085467873556,0.006410554704614952,0.35913471734537544,7.28864530303621e-05,7.28864530303621e-05,0.8574876827101423
24180,0.008194117079194681,0.0015820000965369048,0.5317647383317327,0.04739300423771143,0.006818189279589059,0.45836566585472655,0.06727823055742839,0.006412700805237172,0.3592549470721105,7.291660878254679e-05,7.291660878254679e-05,0.8578424562652562
24190,0.00819149004695182,0.0015824466920181912,0.5319148544598962,0.04738074012598564,0.0068202741785824425,0.4585058271315927,0.0672656086504543,0.006414846529422768,0.359375155709959,7.294676453473145e-05,7.294676453473145e-05,0.85819722982037
24200,0.008188863837549906,0.0015828931476165166,0.5320649235685769,0.04736847905976207,0.006822358559840451,0.4586459536027193,0.0672529889574817,0.006416991877228108,0.3594953432620789,7.297692028691613e-05,7.297692028691613e-05,0.8585520033754839
24210,0.00818623845083553,0.0015833394633579603,0.5322149456665413,0.04735622103847146,0.006824442423459854,0.458786045274612,0.067240371478179,0.006419136848709567,0.3596155097316284,7.300707603910081e-05,7.300707603910081e-05,0.8589067769305977
24220,0.00818361388665529,0.0015837856392686015,0.532364920762555,0.047343966061544576,0.006826525769537424,0.4589261021537763,0.06722775621221459,0.006421281443923517,0.35973565512176564,7.303723179128548e-05,7.303723179128548e-05,0.8592615504857114
24230,0.008180990144855776,0.0015842316753745186,0.5325148488653844,0.04733171412841219,0.006828608598169931,0.459066124246718,0.06721514315925689,0.0064234256629263275,0.3598557794356486,7.306738754347016e-05,7.306738754347016e-05,0.8596163240408253
24240,0.008178367225283582,0.0015846775717017914,0.5326647299837954,0.04731946523850504,0.006830690909454146,0.45920611155994256,0.06720253231897427,0.006425569505774373,0.35997588267643543,7.309754329565484e-05,7.309754329565484e-05,0.8599710975959393
24250,0.008175745127785301,0.001585123328276499,0.5328145641265543,0.0473072193912539,0.006832772703486839,0.45934606409995554,0.06718992369103514,0.0064277129725240235,0.36009596484728423,7.31276990478395e-05,7.31276990478395e-05,0.860325871151053
24260,0.00817312385220753,0.0015855689451247205,0.532964351302427,0.047294976586089534,0.0068348539803647825,0.4594859818732626,0.06717731727510791,0.006429856063231653,0.3602160259513531,7.315785480002418e-05,7.315785480002418e-05,0.8606806447061668
24270,0.008170503398396855,0.001586014422272535,0.5331140915201799,0.04728273682244269,0.0068369347401847445,0.4596258648863693,0.06716471307086098,0.006431998777953632,0.36033606599180007,7.318801055220886e-05,7.318801055220886e-05,0.8610354182612807
24280,0.008167883766199875,0.0015864597597460214,0.5332637847885786,0.04727050009974414,0.006839014983043499,0.4597657131457814,0.06715211107796275,0.0064341411167463305,0.3604560849717832,7.321816630439354e-05,7.321816630439354e-05,0.8613901918163945
24290,0.008165264955463183,0.0015869049575712596,0.5334134311163897,0.04725826641742464,0.0068410947090378135,0.4599055266580042,0.0671395112960816,0.0064362830796661245,0.36057608289446075,7.324832205657822e-05,7.324832205657822e-05,0.8617449653715085
24300,0.00816264696603337,0.0015873500157743278,0.533563030512379,0.04724603577491494,0.006843173918264462,0.4600453054295436,0.06712691372488597,0.0064384246667693835,0.36069605976299063,7.327847780876289e-05,7.327847780876289e-05,0.8620997389266222
24310,0.00816002979775703,0.0015877949343813054,0.5337125829853128,0.047233808171645825,0.006845252610820212,0.4601850494669049,0.06711431836404422,0.00644056587811248,0.36081601558053106,7.330863356094757e-05,7.330863356094757e-05,0.8624545124817361
24320,0.008157413450480756,0.001588239713418272,0.5338620885439569,0.047221583607048034,0.006847330786801837,0.460324758776594,0.06710172521322477,0.006442706713751786,0.3609359503502401,7.333878931313225e-05,7.333878931313225e-05,0.8628092860368499
24330,0.008154797924051143,0.0015886843529113062,0.5340115471970777,0.04720936208055233,0.006849408446306106,0.46046443336511633,0.06708913427209603,0.006444847173743672,0.3610558640752758,7.336894506531692e-05,7.336894506531692e-05,0.8631640595919636
24340,0.008152183218314783,0.0015891288528864875,0.5341609589534412,0.04719714359158949,0.00685148558942979,0.4606040732389774,0.06707654554032638,0.006446987258144512,0.3611757567587962,7.33991008175016e-05,7.33991008175016e-05,0.8635188331470776
24350,0.008149569333118268,0.0015895732133698948,0.5343103238218133,0.04718492813959025,0.006853562216269661,0.460743678404683,0.06706395901758425,0.006449126967010678,0.3612956284039595,7.342925656968628e-05,7.342925656968628e-05,0.8638736067021915
24360,0.008146956268308195,0.0015900174343876075,0.5344596418109605,0.04717271572398539,0.006855638326922486,0.4608832488687385,0.067051374703538,0.006451266300398538,0.3614154790139237,7.345941232187094e-05,7.345941232187094e-05,0.8642283802573052
24370,0.008144344023731154,0.0015904615159657045,0.5346089129296485,0.047160506344205655,0.006857713921485041,0.46102278463764973,0.06703879259785606,0.006453405258364469,0.361535308591847,7.348956807405562e-05,7.348956807405562e-05,0.864583153812419
24380,0.00814173259923374,0.0015909054581302647,0.5347581371866436,0.047148299999681814,0.006859789000054094,0.4611622857179222,0.06702621270020681,0.0064555438409648405,0.36165511714088744,7.351972382624029e-05,7.351972382624029e-05,0.8649379273675327
24390,0.008139121994662544,0.001591349260907368,0.5349073145907118,0.04713609668984463,0.006861863562726415,0.46130175211606145,0.06701363501025867,0.0064576820482560235,0.361774904664203,7.354987957842497e-05,7.354987957842497e-05,0.8652927009226467
24400,0.008136512209864163,0.0015917929243230928,0.5350564451506193,0.04712389641412486,0.0068639376095987765,0.4614411838385732,0.06700105952768003,0.006459819880294393,0.361894671164952,7.358003533060965e-05,7.358003533060965e-05,0.8656474744777606
24410,0.008133903244685187,0.0015922364484035187,0.5352055288751323,0.047111699171953264,0.0068660111407679485,0.4615805808919629,0.0669884862521393,0.006461957337136318,0.3620144166462923,7.361019108279433e-05,7.361019108279433e-05,0.8660022480328744
24420,0.00813129509897221,0.0015926798331747248,0.5353545657730168,0.047099504962760594,0.006868084156330701,0.46171994328273613,0.06697591518330487,0.006464094418838171,0.3621341411113821,7.364034683497901e-05,7.364034683497901e-05,0.8663570215879883
24430,0.008128687772571827,0.00159312307866279,0.5355035558530387,0.04708731378597763,0.0068701566563838055,0.4618592710173986,0.06696334632084514,0.006466231125456325,0.36225384456337956,7.367050258716368e-05,7.367050258716368e-05,0.866711795143102
24440,0.00812608126533063,0.0015935661848937935,0.5356524991239641,0.04707512564103511,0.0068722286410240335,0.461998564102456,0.06695077966442851,0.006468367457047151,0.3623735270054427,7.370065833934836e-05,7.370065833934836e-05,0.8670665686982159
24450,0.008123475577095212,0.0015940091518938145,0.5358013955945594,0.04706294052736382,0.006874300110348154,0.46213782254441366,0.0669382152137234,0.0064705034136670215,0.3624931884407295,7.373081409153304e-05,7.373081409153304e-05,0.8674213422533298
24460,0.008120870707712165,0.0015944519796889322,0.5359502452735906,0.047050758444394485,0.0068763710644529396,0.4622770463497774,0.06692565296839818,0.006472638995372308,0.3626128288723982,7.37609698437177e-05,7.37609698437177e-05,0.8677761158084435
24470,0.008118266657028087,0.0015948946683052257,0.5360990481698237,0.0470385793915579,0.006878441503435159,0.4624162355250527,0.06691309292812127,0.006474774202219382,0.36273244830360685,7.379112559590238e-05,7.379112559590238e-05,0.8681308893635574
24480,0.008115663424889567,0.0015953372177687742,0.5362478042920249,0.04702640336828481,0.0068805114273915845,0.4625553900767451,0.06690053509256107,0.006476909034264617,0.36285204673751353,7.382128134808706e-05,7.382128134808706e-05,0.8684856629186712
24490,0.0081130610111432,0.0015957796281056563,0.5363965136489601,0.047014230374005976,0.006882580836418986,0.4626945100113603,0.06688797946138597,0.006479043491564382,0.36297162417727635,7.385143710027174e-05,7.385143710027174e-05,0.8688404364737852
24500,0.008110459415635578,0.0015962218993419521,0.5365451762493957,0.047002060408152156,0.006884649730614136,0.462833595335404,0.06687542603426438,0.006481177574175052,0.3630911806260534,7.388159285245641e-05,7.388159285245641e-05,0.8691952100288989
24510,0.008107858638213295,0.0015966640315037404,0.5366937921020976,0.046989893470154115,0.0068867181100738025,0.4629726460553816,0.06686287481086471,0.006483311282152997,0.36321071608700267,7.391174860464109e-05,7.391174860464109e-05,0.8695499835840128
24520,0.008105258678722947,0.0015971060246170996,0.5368423612158317,0.04697772955944261,0.006888785974894758,0.4631116621777988,0.06685032579085534,0.00648544461555459,0.36333023056328234,7.394190435682576e-05,7.394190435682576e-05,0.8699047571391265
24530,0.008102659537011121,0.0015975478787081097,0.5369908835993645,0.046965568675448405,0.006890853325173772,0.4632506437091611,0.06683777897390468,0.006487577574436202,0.36344972405805054,7.397206010901044e-05,7.397206010901044e-05,0.8702595306942403
24540,0.008100061212924416,0.0015979895938028495,0.5371393592614621,0.046953410817602265,0.006892920161007617,0.46338959065597424,0.06682523435968113,0.006489710158854205,0.3635691965744653,7.400221586119512e-05,7.400221586119512e-05,0.8706143042493543
24550,0.008097463706309423,0.0015984311699273983,0.5372877882108901,0.04694125598533493,0.006894986482493063,0.4635285030247437,0.06681269194785308,0.006491842368864973,0.36368864811568474,7.40323716133798e-05,7.40323716133798e-05,0.8709690778044681
24560,0.008094867017012737,0.001598872607107835,0.5374361704564151,0.04692910417807719,0.00689705228972688,0.4636673808219751,0.06680015173808895,0.006493974204524876,0.363808078684867,7.406252736556446e-05,7.406252736556446e-05,0.8713238513595819
24570,0.008092271144880949,0.001599313905370239,0.5375845060068031,0.04691695539525978,0.00689911758280584,0.46380622405417404,0.06678761373005714,0.006496105665890285,0.36392748828517,7.409268311774916e-05,7.409268311774916e-05,0.8716786249146959
24580,0.008089676089760653,0.0015997550647406894,0.5377327948708199,0.046904809636313466,0.006901182361826712,0.46394503272784615,0.06677507792342603,0.006498236753017573,0.364046876919752,7.412283886993382e-05,7.412283886993382e-05,0.8720333984698097
24590,0.008087081851498442,0.0016001960852452652,0.5378810370572319,0.04689266690066902,0.0069032466268862695,0.46408380684949707,0.06676254431786403,0.0065003674659631135,0.36416624459177105,7.41529946221185e-05,7.41529946221185e-05,0.8723881720249235
24600,0.008084488429940912,0.0016006369669100456,0.5380292325748052,0.04688052718775719,0.006905310378081279,0.46422254642563215,0.06675001291303954,0.006502497804783275,0.36428559130438515,7.418315037430317e-05,7.418315037430317e-05,0.8727429455800372
24610,0.008081895824934652,0.0016010777097611097,0.5381773814323058,0.04686839049700874,0.006907373615508516,0.4643612514627573,0.06673748370862098,0.0065046277695344325,0.3644049170607525,7.421330612648785e-05,7.421330612648785e-05,0.8730977191351511
24620,0.008079304036326257,0.0016015183138245366,0.5383254836384996,0.04685625682785444,0.006909436339264748,0.46449992196737794,0.06672495670427672,0.006506757360272956,0.36452422186403116,7.424346187867253e-05,7.424346187867253e-05,0.873452492690265
24630,0.008076713063962323,0.0016019587791264057,0.5384735392021531,0.046844126179725026,0.006911498549446747,0.4646385579459998,0.06671243189967517,0.006508886577055219,0.36464350571737925,7.427361763085721e-05,7.427361763085721e-05,0.8738072662453789
24640,0.008074122907689439,0.0016023991056927959,0.5386215481320322,0.04683199855205129,0.006913560246151283,0.46477715940512826,0.06669990929448474,0.006511015419937592,0.36476276862395474,7.430377338304188e-05,7.430377338304188e-05,0.8741620398004926
24650,0.0080715335673542,0.0016028392935497863,0.5387695104369029,0.04681987394426397,0.006915621429475128,0.46491572635126904,0.06668738888837383,0.006513143888976447,0.36488201058691583,7.433392913522656e-05,7.433392913522656e-05,0.8745168133556065
24660,0.008068945042803201,0.0016032793427234562,0.5389174261255314,0.04680775235579383,0.006917682099515052,0.4650542587909278,0.06667487068101083,0.006515271984228158,0.3650012316094206,7.436408488741122e-05,7.436408488741122e-05,0.8748715869107202
24670,0.008066357333883035,0.0016037192532398848,0.5390652952066839,0.046795633786071635,0.006919742256367824,0.46519275673060995,0.06666235467206415,0.006517399705749094,0.3651204316946271,7.43942406395959e-05,7.43942406395959e-05,0.8752263604658341
24680,0.008063770440440291,0.0016041590251251508,0.5392131176891263,0.04678351823452814,0.006921801900130219,0.4653312201768213,0.06664984086120218,0.006519527053595629,0.3652396108456935,7.442439639178058e-05,7.442439639178058e-05,0.875581134020948
24690,0.008061184362321568,0.001604598658405334,0.5393608935816249,0.04677140570059411,0.006923861030899003,0.46546964913606736,0.06663732924809332,0.006521654027824133,0.36535876906577774,7.445455214396526e-05,7.445455214396526e-05,0.8759359075760619
24700,0.008058599099373455,0.001605038153106513,0.5395086228929455,0.04675929618370031,0.006925919648770949,0.46560804361485364,0.066624819832406,0.00652378062849098,0.36547790635803806,7.448470789614994e-05,7.448470789614994e-05,0.8762906811311757
24710,0.00805601465144255,0.0016054775092547672,0.5396563056318544,0.04674718968327749,0.0069279777538428285,0.4657464036196859,0.06661231261380858,0.00652590685565254,0.3655970227256325,7.451486364833461e-05,7.451486364833461e-05,0.8766454546862894
24720,0.00805343101837544,0.0016059167268761758,0.5398039418071179,0.046735086198756416,0.006930035346211413,0.46588472915706974,0.06659980759196948,0.006528032709365186,0.3657161181717191,7.454501940051929e-05,7.454501940051929e-05,0.8770002282414033
24730,0.008050848200018723,0.0016063558059968175,0.5399515314275016,0.046722985729567845,0.006932092425973469,0.4660230202335105,0.06658730476655711,0.006530158189685291,0.36583519269945614,7.457517515270397e-05,7.457517515270397e-05,0.8773550017965173
24740,0.00804826619621899,0.001606794746642772,0.5400990745017721,0.04671088827514254,0.006934148993225771,0.46616127685551395,0.06657480413723985,0.006532283296669225,0.3659542463120014,7.460533090488864e-05,7.460533090488864e-05,0.877709775351631
24750,0.008045685006822836,0.0016072335488401183,0.5402465710386952,0.04669879383491126,0.0069362050480650875,0.4662994990295857,0.06656230570368611,0.00653440803037336,0.3660732790125132,7.463548665707332e-05,7.463548665707332e-05,0.8780645489067448
24760,0.008043104631676854,0.0016076722126149353,0.540394021047037,0.04668670240830476,0.006938260590588193,0.4664376867622314,0.06654980946556428,0.006536532390854069,0.36619229080414956,7.4665642409258e-05,7.4665642409258e-05,0.8784193224618587
24770,0.008040525070627637,0.0016081107379933022,0.5405414245355638,0.046674613994753825,0.0069403156208918525,0.4665758400599564,0.06653731542254279,0.006538656378167724,0.36631128169006855,7.469579816144268e-05,7.469579816144268e-05,0.8787740960169725
24780,0.008037946323521778,0.0016085491250012983,0.5406887815130413,0.046662528593689176,0.006942370139072842,0.4667139589292666,0.06652482357429002,0.006540779992370696,0.36643025167342835,7.472595391362734e-05,7.472595391362734e-05,0.8791288695720864
24790,0.008035368390205869,0.0016089873736650027,0.5408360919882361,0.046650446204541604,0.00694442414522793,0.46685204337666747,0.06651233392047436,0.006542903233519358,0.366549200757387,7.475610966581202e-05,7.475610966581202e-05,0.8794836431272002
24800,0.008032791270526507,0.0016094254840104947,0.5409833559699141,0.04663836682674186,0.006946477639453885,0.4669900934086645,0.06649984646076423,0.006545026101670079,0.3666681289451025,7.478626541799669e-05,7.478626541799669e-05,0.8798384166823139
24810,0.00803021496433028,0.001609863456063853,0.5411305734668412,0.0466262904597207,0.006948530621847483,0.4671281090317635,0.06648736119482802,0.0065471485968792344,0.366787036239733,7.481642117018137e-05,7.481642117018137e-05,0.8801931902374278
24820,0.008027639471463786,0.0016103012898511567,0.5412777444877838,0.046614217102908896,0.00695058309250549,0.46726609025246985,0.06647487812233413,0.006549270719203196,0.3669059226444368,7.484657692236605e-05,7.484657692236605e-05,0.8805479637925416
24830,0.008025064791773617,0.0016107389853984857,0.5414248690415078,0.04660214675573719,0.00695263505152468,0.46740403707728934,0.06646239724295097,0.006551392468698333,0.3670247881623716,7.487673267455073e-05,7.487673267455073e-05,0.8809027373476556
24840,0.008022490925106365,0.0016111765427319182,0.5415719471367791,0.04659007941763636,0.006954686499001821,0.4675419495127274,0.06644991855634694,0.00655351384542102,0.3671436327966958,7.49068884267354e-05,7.49068884267354e-05,0.8812575109027693
24850,0.008019917871308626,0.0016116139618775342,0.5417189787823644,0.04657801508803716,0.0069567374350336855,0.46767982756528975,0.06643744206219042,0.006555634849427627,0.3672624565505673,7.493704417892008e-05,7.493704417892008e-05,0.8816122844578832
24860,0.008017345630226989,0.0016120512428614124,0.5418659639870292,0.04656595376637035,0.006958787859717043,0.4678176712414818,0.06642496776014983,0.006557755480774527,0.3673812594271444,7.496719993110476e-05,7.496719993110476e-05,0.881967058012997
24870,0.00801477420170805,0.0016124883857096318,0.5420129027595401,0.04655389545206668,0.006960837773148666,0.4679554805478094,0.06641249564989357,0.006559875739518091,0.3675000414295849,7.499735568328942e-05,7.499735568328942e-05,0.8823218315681107
24880,0.008012203585598404,0.0016129253904482719,0.5421597951086627,0.04654184014455693,0.0069628871754253245,0.468093255490778,0.06640002573109004,0.006561995625714692,0.3676188025610472,7.50275114354741e-05,7.50275114354741e-05,0.8826766051232247
24890,0.008009633781744642,0.0016133622571034116,0.5423066410431635,0.046529787843271844,0.006964936066643789,0.46823099607689334,0.06638755800340762,0.006564115139420701,0.3677375428246891,7.505766718765878e-05,7.505766718765878e-05,0.8830313786783386
24900,0.008007064789993357,0.00161379898570113,0.5424534405718083,0.0465177385476422,0.0069669844469008296,0.46836870231266076,0.06637509246651474,0.006566234280692492,0.367856262223669,7.508782293984346e-05,7.508782293984346e-05,0.8833861522334524
24910,0.008004496610191142,0.0016142355762675065,0.5426001937033635,0.04650569225709873,0.006969032316293217,0.468506374204586,0.06636262912007979,0.006568353049586434,0.3679749607611448,7.511797869202814e-05,7.511797869202814e-05,0.8837409257885663
24920,0.008001929242184591,0.0016146720288286198,0.5427469004465949,0.04649364897107223,0.006971079674917724,0.4686440117591747,0.06635016796377116,0.006570471446158899,0.3680936384402745,7.514813444421281e-05,7.514813444421281e-05,0.88409569934368
24930,0.0079993626858203,0.0016151083434105496,0.5428935608102687,0.04648160868899343,0.006973126522871119,0.46878161498293236,0.06633770899725727,0.006572589470466262,0.36821229526421634,7.517829019639747e-05,7.517829019639747e-05,0.8844504728987937
24940,0.007996796940944857,0.0016155445200393746,0.5430401748031511,0.046469571410293106,0.006975172860250175,0.46891918388236464,0.06632525222020651,0.006574707122564893,0.3683309312361285,7.520844594858215e-05,7.520844594858215e-05,0.8848052464539077
24950,0.007994232007404862,0.0016159805587411741,0.5431867424340081,0.04645753713440201,0.00697721868715166,0.46905671846397706,0.06631279763228727,0.006576824402511163,0.36844954635916877,7.523860170076683e-05,7.523860170076683e-05,0.8851600200090215
24960,0.007991667885046901,0.0016164164595420276,0.5433332637116058,0.04644550586075091,0.006979264003672347,0.46919421873427536,0.06630034523316795,0.0065789413103614445,0.3685681406364955,7.526875745295151e-05,7.526875745295151e-05,0.8855147935641354
24970,0.007989104573717572,0.0016168522224680134,0.5434797386447103,0.046433477588770575,0.006981308809909005,0.46933168469976494,0.06628789502251699,0.006581057846172111,0.36868671407126674,7.52989132051362e-05,7.52989132051362e-05,0.8858695671192492
24980,0.007986542073263466,0.0016172878475452113,0.5436261672420878,0.04642145231789174,0.006983353105958406,0.4694691163669516,0.06627544700000274,0.006583174009999533,0.36880526666664054,7.532906895732087e-05,7.532906895732087e-05,0.8862243406743632
24990,0.007983980383531177,0.0016177233347997003,0.5437725495125042,0.046409430047545185,0.006985396891917321,0.46960651374234086,0.06626300116529363,0.006585289801900082,0.36892379842577494,7.535922470950554e-05,7.535922470950554e-05,0.8865791142294769
25000,0.007981419504367301,0.0016181586842575597,0.5439188854647259,0.04639741077716166,0.00698744016788252,0.46974387683243823,0.06625055751805804,0.006587405221930131,0.3690423093518281,7.538938046169022e-05,7.538938046169022e-05,0.8869338877845908
25010,0.007978859435618426,0.001618593895944868,0.5440651751075186,0.046385394506171934,0.0069894829339507735,0.4698812056437494,0.0662381160579644,0.006589520270146051,0.36916079944795804,7.541953621387489e-05,7.541953621387489e-05,0.8872886613397045
25020,0.00797630017713115,0.001619028969887705,0.5442114184496487,0.046373381234006764,0.006991525190218853,0.47001850018277996,0.06622567678468108,0.006591634946604214,0.3692792687173229,7.544969196605957e-05,7.544969196605957e-05,0.8876434348948183
25030,0.007973741728752065,0.0016194639061121495,0.5443576154998822,0.046361370960096904,0.006993566936783529,0.47015576045603547,0.0662132396978765,0.006593749251360993,0.36939771716308084,7.547984771824425e-05,7.547984771824425e-05,0.8879982084499323
25040,0.007971184090327762,0.0016198987046442811,0.5445037662669852,0.04634936368387312,0.006995608173741572,0.47029298647002155,0.06620080479721906,0.006595863184472759,0.36951614478838984,7.551000347042893e-05,7.551000347042893e-05,0.8883529820050462
25050,0.007968627261704837,0.001620333365510178,0.5446498707597237,0.04633735940476618,0.006997648901189753,0.47043017823124383,0.06618837208237714,0.006597976745995884,0.3696345515964081,7.55401592226136e-05,7.55401592226136e-05,0.8887077555601599
25060,0.007966071242729883,0.0016207678887359203,0.5447959289868639,0.046325358122206825,0.006999689119224842,0.47056733574620774,0.06617594155301916,0.0066000899359867395,0.36975293759029354,7.557031497479827e-05,7.557031497479827e-05,0.8890625291152737
25070,0.007963516033249492,0.001621202274347587,0.5449419409571721,0.04631335983562584,0.00700172882794361,0.47070445902141905,0.06616351320881353,0.006602202754501699,0.3698713027732044,7.560047072698295e-05,7.560047072698295e-05,0.8894173026703877
25080,0.007960961633110258,0.0016216365223712566,0.545087906679414,0.04630136454445396,0.007003768027442829,0.47084154806338335,0.06615108704942863,0.006604315201597133,0.36998964714829874,7.563062647916762e-05,7.563062647916762e-05,0.8897720762255014
25090,0.007958408042158773,0.001622070632833009,0.5452338261623559,0.04628937224812196,0.007005806717819268,0.4709786028786062,0.06613866307453285,0.0066064272773294136,0.37010797071873464,7.56607822313523e-05,7.56607822313523e-05,0.8901268497806153
25100,0.007955855260241633,0.0016225046057589227,0.5453796994147638,0.04627738294606061,0.0070078448991697,0.4711156234735932,0.06612624128379462,0.006608538981754912,0.3702262734876702,7.569093798353698e-05,7.569093798353698e-05,0.8904816233357291
25110,0.00795330328720543,0.0016229384411750774,0.5455255264454041,0.04626539663770064,0.007009882571590893,0.47125260985484985,0.06611382167688233,0.006610650314930003,0.3703445554582635,7.572109373572166e-05,7.572109373572166e-05,0.890836396890843
25120,0.007950752122896757,0.001623372139107552,0.5456713072630427,0.04625341332247285,0.007011919735179619,0.4713895620288819,0.06610140425346436,0.006612761276911055,0.37046281663367253,7.575124948790633e-05,7.575124948790633e-05,0.8911911704459567
25130,0.007948201767162207,0.0016238056995824253,0.5458170418764454,0.04624143299980796,0.0070139563900326485,0.47152648000219477,0.06608898901320916,0.006614871867754442,0.37058105701705557,7.578140524009101e-05,7.578140524009101e-05,0.8915459440010706
25140,0.007945652219848373,0.0016242391226257771,0.5459627302943788,0.046229455669136756,0.007015992536246754,0.47166336378129436,0.06607657595578507,0.006616982087516534,0.37069927661157054,7.581156099227569e-05,7.581156099227569e-05,0.8919007175561845
25150,0.00794310348080185,0.001624672408263686,0.5461083725256087,0.046217481329889995,0.007018028173918703,0.47180021337268585,0.06606416508086055,0.006619091936253706,0.3708174754203757,7.584171674446035e-05,7.584171674446035e-05,0.8922554911112982
25160,0.00794055554986923,0.0016251055565222315,0.5462539685789013,0.04620550998149843,0.007020063303145269,0.4719370287828752,0.06605175638810394,0.006621201414022328,0.37093565344662904,7.587187249664503e-05,7.587187249664503e-05,0.8926102646664121
25170,0.007938008426897106,0.0016255385674274923,0.5463995184630226,0.04619354162339282,0.007022097924023222,0.4720738100183678,0.06603934987718368,0.006623310520878771,0.3710538106934886,7.590202824882971e-05,7.590202824882971e-05,0.892965038221526
25180,0.007935462111732072,0.001625971441005548,0.5465450221867388,0.046181576255003944,0.007024132036649332,0.4722105570856693,0.06602694554776817,0.006625419256879409,0.37117194716411256,7.59321840010144e-05,7.59321840010144e-05,0.8933198117766399
25190,0.007932916604220724,0.0016264041772824775,0.5466904797588159,0.046169613875762544,0.00702616564112037,0.4723472699912853,0.0660145433995258,0.006627527622080612,0.37129006286165894,7.596233975319906e-05,7.596233975319906e-05,0.8936745853317536
25200,0.00793037190420965,0.0016268367762843601,0.5468358911880202,0.046157654485099384,0.007028198737533107,0.4724839487417214,0.06600214343212496,0.006629635616538754,0.37140815778928593,7.599249550538374e-05,7.599249550538374e-05,0.8940293588868675
25210,0.007927828011545447,0.001627269238037275,0.5469812564831176,0.04614569808244522,0.007030231325984314,0.4726205933434832,0.06598974564523408,0.006631743240310205,0.37152623195015155,7.602265125756841e-05,7.602265125756841e-05,0.8943841324419812
25220,0.007925284926074704,0.001627701562567301,0.5471265756528743,0.046133744667230824,0.007032263406570762,0.4727572038030764,0.06597735003852154,0.006633850493451337,0.37164428534741384,7.605280700975309e-05,7.605280700975309e-05,0.894738905997095
25230,0.00792274264764402,0.001628133749900517,0.547271848706056,0.04612179423888695,0.007034294979389221,0.4728937801270064,0.06596495661165573,0.006635957376018523,0.371762317984231,7.608296276193777e-05,7.608296276193777e-05,0.895093679552209
25240,0.007920201176099984,0.001628565800063003,0.5474170756514296,0.046109846796844364,0.00703632604453646,0.4730303223217788,0.06595256536430508,0.006638063888068135,0.37188032986376107,7.611311851412245e-05,7.611311851412245e-05,0.8954484531073228
25250,0.007917660511289192,0.0016289977130808377,0.5475622564977605,0.04609790234053381,0.007038356602109254,0.47316683039389934,0.06594017629613796,0.0066401700296565445,0.37199832098916213,7.614327426630711e-05,7.614327426630711e-05,0.8958032266624366
25260,0.007915120653058237,0.0016294294889801003,0.5477073912538152,0.04608596086938607,0.00704038665220437,0.47330330434987355,0.0659277894068228,0.006642275800840123,0.3721162913635923,7.61734300184918e-05,7.61734300184918e-05,0.8961580002175504
25270,0.007912581601253712,0.0016298611277868697,0.5478524799283595,0.04607402238283189,0.0070424161949185805,0.47343974419620705,0.06591540469602797,0.006644381201675242,0.37223424099020963,7.620358577067646e-05,7.620358577067646e-05,0.8965127737726641
25280,0.007910043355722207,0.0016302926295272253,0.5479975225301597,0.04606208688030203,0.007044445230348657,0.47357614993940544,0.06590302216342189,0.006646486232218276,0.37235216987217234,7.623374152286114e-05,7.623374152286114e-05,0.8968675473277781
25290,0.00790750591631032,0.0016307239942272463,0.548142519067982,0.04605015436122726,0.007046473758591368,0.47371252158597427,0.06589064180867298,0.006648590892525593,0.37247007801263826,7.626389727504582e-05,7.626389727504582e-05,0.8972223208828919
25300,0.007904969282864643,0.0016311552219130114,0.548287469550592,0.04603822482503834,0.0070485017797434855,0.47384885914241914,0.06587826363144958,0.006650695182653568,0.37258796541476574,7.62940530272305e-05,7.62940530272305e-05,0.8975770944380058
25310,0.007902433455231766,0.0016315863126106001,0.5484323739867563,0.04602629827116601,0.00705052929390178,0.4739851626152457,0.06586588763142015,0.006652799102658572,0.3727058320817127,7.632420877941517e-05,7.632420877941517e-05,0.8979318679931195
25320,0.007899898433258288,0.0016320172663460916,0.5485772323852408,0.04601437469904106,0.007052556301163022,0.4741214320109594,0.06585351380825306,0.006654902652596976,0.37282367801663735,7.635436453159985e-05,7.635436453159985e-05,0.8982866415482335
25330,0.007897364216790798,0.001632448083145565,0.5487220447548117,0.046002454108094226,0.007054582801623984,0.4742576673360661,0.06584114216161673,0.0066570058325251535,0.3729415032226977,7.638452028378453e-05,7.638452028378453e-05,0.8986414151033473
25340,0.00789483080567589,0.001632878763035099,0.548866811104235,0.045990536497756286,0.007056608795381434,0.47439386859707117,0.06582877269117954,0.006659108642499476,0.37305930770305185,7.641467603596919e-05,7.641467603596919e-05,0.898996188658461
25350,0.007892298199760159,0.0016333093060407733,0.5490115314422767,0.04597862186745799,0.007058634282532145,0.47453003580048025,0.0658164053966099,0.006661211082576315,0.373177091460858,7.644483178815387e-05,7.644483178815387e-05,0.8993509622135749
25360,0.007889766398890198,0.001633739712188667,0.5491562057777032,0.0459667102166301,0.007060659263172886,0.47466616895279895,0.06580404027757622,0.006663313152812041,0.373294854499274,7.647498754033855e-05,7.647498754033855e-05,0.8997057357686888
25370,0.007887235402912597,0.001634169981504859,0.5493008341192802,0.04595480154470337,0.007062683737400429,0.47480226806053294,0.06579167733374687,0.006665414853263029,0.3734125968214582,7.650514329252323e-05,7.650514329252323e-05,0.9000605093238027
25380,0.007884705211673953,0.0016346001140154283,0.5494454164757742,0.045942895851108584,0.0070647077053115435,0.47493833313018774,0.06577931656479029,0.006667516183985649,0.37353031843056855,7.653529904470791e-05,7.653529904470791e-05,0.9004152828789166
25390,0.007882175825020859,0.0016350301097464545,0.549589952855951,0.045930993135276474,0.007066731167003001,0.4750743641682689,0.06576695797037485,0.006669617145036273,0.37364801932976316,7.656545479689258e-05,7.656545479689258e-05,0.9007700564340303
25400,0.007879647242799905,0.0016354599687240165,0.5497344432685769,0.045919093396637814,0.007068754122571574,0.47521036118128224,0.06575460155016898,0.006671717736471273,0.3737656995222002,7.659561054907725e-05,7.659561054907725e-05,0.901124829989144
25410,0.007877119464857689,0.0016358896909741934,0.5498788877224179,0.045907196634623365,0.007070776572114031,0.4753463241757331,0.06574224730384104,0.006673817958347021,0.3738833590110376,7.662576630126193e-05,7.662576630126193e-05,0.9014796035442579
25420,0.007874592491040801,0.0016363192765230642,0.55002328622624,0.04589530284866389,0.0070727985157271415,0.4754822531581271,0.06572989523105946,0.006675917810719889,0.3740009977994336,7.66559220534466e-05,7.66559220534466e-05,0.9018343770993718
25430,0.007872066321195836,0.0016367487253967083,0.5501676387888095,0.04588341203819013,0.00707481995350768,0.47561814813497005,0.06571754533149264,0.006678017293646249,0.3741186158905462,7.668607780563129e-05,7.668607780563129e-05,0.9021891506544857
25440,0.007869540955169386,0.001637178037621205,0.5503119454188924,0.04587152420263287,0.007076840885552414,0.4757540091127673,0.06570519760480897,0.006680116407182473,0.37423621328753354,7.671623355781597e-05,7.671623355781597e-05,0.9025439242095995
25450,0.007867016392808044,0.0016376072132226328,0.5504562061252547,0.04585963934142286,0.007078861311958116,0.47588983609802454,0.06569285205067686,0.006682215151384932,0.3743537899935536,7.674638931000063e-05,7.674638931000063e-05,0.9028986977647132
25460,0.007864492633958406,0.0016380362522270715,0.5506004209166626,0.04584775745399086,0.007080881232821556,0.47602562909724744,0.0656805086687647,0.00668431352631,0.37447134601176474,7.677654506218531e-05,7.677654506218531e-05,0.9032534713198271
25470,0.007861969678467062,0.0016384651546606,0.5507445898018823,0.04583587853976763,0.007082900648239505,0.4761613881169415,0.06566816745874089,0.006686411532014046,0.3745888813453247,7.680670081436998e-05,7.680670081436998e-05,0.9036082448749408
25480,0.007859447526180606,0.0016388939205492974,0.5508887127896798,0.045824002598183936,0.007084919558308734,0.4762971131636123,0.06565582842027384,0.006688509168553444,0.37470639599739186,7.683685656655466e-05,7.683685656655466e-05,0.9039630184300548
25490,0.007856926176945634,0.0016393225499192427,0.551032789888821,0.045812129628670525,0.007086937963126013,0.4764328042437655,0.06564349155303195,0.006690606435984565,0.3748238899711241,7.686701231873934e-05,7.686701231873934e-05,0.9043177919851686
25500,0.007854405630608735,0.0016397510427965155,0.5511768211080724,0.04580025963065817,0.007088955862788113,0.4765684613639067,0.06563115685668362,0.006692703334363783,0.3749413632696797,7.689716807092402e-05,7.689716807092402e-05,0.9046725655402825
25510,0.007851885887016508,0.001640179399207194,0.5513208064561996,0.04578839260357763,0.007090973257391806,0.4767040845305415,0.06561882433089725,0.006694799863747467,0.37505881589621665,7.69273238231087e-05,7.69273238231087e-05,0.9050273390953963
25520,0.00784936694601554,0.0016406076191773588,0.5514647459419693,0.04577652854685966,0.007092990147033861,0.4768396737501755,0.06560649397534123,0.0066968960241919895,0.375176247853893,7.695747957529338e-05,7.695747957529338e-05,0.9053821126505103
25530,0.007846848807452428,0.0016410357027330878,0.5516086395741471,0.04576466745993502,0.007095006531811049,0.47697522902931416,0.06559416578968397,0.006698991815753725,0.37529365914586693,7.698763532747805e-05,7.698763532747805e-05,0.905736886205624
25540,0.007844331471173764,0.0016414636499004604,0.5517524873614993,0.045752809342234475,0.007097022411820142,0.47711075037446327,0.06558183977359386,0.006701087238489041,0.37541104977529643,7.701779107966271e-05,7.701779107966271e-05,0.9060916597607377
25550,0.007841814937026143,0.0016418914607055563,0.551896289312792,0.045740954193188785,0.007099037787157909,0.47724623779212827,0.06556951592673932,0.006703182292454313,0.3755284197453397,7.704794683184739e-05,7.704794683184739e-05,0.9064464333158516
25560,0.007839299204856156,0.001642319135174454,0.5520400454367912,0.04572910201222871,0.007101052657921122,0.47738169128881486,0.06555719424878874,0.006705276977705912,0.37564576905915475,7.707810258403207e-05,7.707810258403207e-05,0.9068012068709654
25570,0.007836784274510398,0.001642746673333233,0.5521837557422632,0.04571725279878501,0.007103067024206551,0.47751711087102855,0.06554487473941052,0.006707371294300209,0.3757630977198997,7.710825833621675e-05,7.710825833621675e-05,0.9071559804260794
25580,0.00783427014583546,0.001643174075207972,0.5523274202379738,0.04570540655228844,0.007105080886110967,0.47765249654527503,0.06553255739827306,0.006709465242293577,0.3758804057307326,7.713841408840142e-05,7.713841408840142e-05,0.9075107539811931
25590,0.00783175681867794,0.0016436013408247508,0.5524710389326892,0.04569356327216977,0.007107094243731142,0.47778784831805987,0.06552024222504477,0.006711558821742389,0.3759976930948117,7.716856984058611e-05,7.716856984058611e-05,0.9078655275363071
25600,0.007829244292884426,0.001644028470209648,0.5526146118351758,0.04568172295785975,0.007109107097163845,0.47792316619588865,0.06550792921939402,0.006713652032703013,0.37611495981529486,7.719872559277076e-05,7.719872559277076e-05,0.9082203010914207
25610,0.007826732568301515,0.0016444554633887431,0.5527581389541993,0.04566988560878915,0.007111119446505847,0.47805845018526694,0.06549561838098925,0.006715744875231825,0.3762322058953403,7.722888134495546e-05,7.722888134495546e-05,0.9085750746465348
25620,0.007824221644775798,0.0016448823203881148,0.552901620298526,0.04565805122438873,0.007113131291853919,0.47819370029270036,0.06548330970949884,0.006717837349385194,0.3763494313381061,7.725903709714012e-05,7.725903709714012e-05,0.9089298482016485
25630,0.007821711522153867,0.001645309041233843,0.553045055876922,0.045646219804089234,0.007115142633304832,0.4783289165246945,0.0654710032045912,0.006719929455219494,0.3764666361467504,7.72891928493248e-05,7.72891928493248e-05,0.9092846217567624
25640,0.007819202200282321,0.001645735625952006,0.5531884456981533,0.045634391347321446,0.0071171534709553565,0.478464098887755,0.06545869886593472,0.006722021192791096,0.37658382032443116,7.731934860150948e-05,7.731934860150948e-05,0.9096393953118762
25650,0.007816693679007747,0.0016461620745686833,0.553331789770986,0.04562256585351611,0.007119163804902263,0.4785992473883874,0.0654463966931978,0.006724112562156373,0.37670098387430656,7.734950435369417e-05,7.734950435369417e-05,0.9099941688669901
25660,0.007814185958176742,0.0016465883871099542,0.5534750881041862,0.04561074332210399,0.007121173635242324,0.4787343620330973,0.06543409668604884,0.006726203563371695,0.3768181267995347,7.737966010587883e-05,7.737966010587883e-05,0.9103489424221038
25670,0.0078116790376359,0.0016470145636018976,0.5536183407065202,0.045598923752515855,0.007123182962072307,0.4788694428283903,0.06542179884415625,0.006728294196493435,0.3769352491032737,7.740981585806351e-05,7.740981585806351e-05,0.9107037159772177
25680,0.007809172917231811,0.0016474406040705926,0.5537615475867538,0.04558710714418246,0.007125191785488985,0.47900448978077204,0.06540950316718844,0.006730384461577964,0.37705235078868143,7.743997161024818e-05,7.743997161024818e-05,0.9110584895323315
25690,0.007806667596811069,0.0016478665085421186,0.5539047087536533,0.04557529349653455,0.00712720010558913,0.47913950289674817,0.06539720965481378,0.006732474358681656,0.3771694318589163,7.747012736243286e-05,7.747012736243286e-05,0.9114132630874453
25700,0.007804163076220271,0.0016482922770425547,0.5540478242159848,0.04556348280900291,0.007129207922469507,0.479274482182824,0.06538491830670069,0.006734563887860881,0.3772864923171362,7.750028311461754e-05,7.750028311461754e-05,0.9117680366425592
25710,0.007801659355306004,0.0016487179095979797,0.5541908939825141,0.04555167508101828,0.007131215236226895,0.4794094276455055,0.06537262912251757,0.0067366530491720115,0.37740353216649924,7.753043886680222e-05,7.753043886680222e-05,0.912122810197673
25720,0.007799156433914867,0.0016491434062344732,0.5543339180620077,0.04553987031201144,0.007133222046958058,0.47954433929129797,0.06536034210193281,0.006738741842671419,0.37752055141016355,7.75605946189869e-05,7.75605946189869e-05,0.912477583752787
25730,0.00779665431189345,0.0016495687669781137,0.5544768964632315,0.04552806850141314,0.00713522835475977,0.47967921712670714,0.06534805724461483,0.006740830268415476,0.3776375500512872,7.759075037117156e-05,7.759075037117156e-05,0.9128323573079007
25740,0.007794152989088349,0.0016499939918549812,0.5546198291949517,0.04551626964865413,0.007137234159728801,0.4798140611582386,0.06533577455023203,0.006742918326460555,0.37775452809302834,7.762090612335624e-05,7.762090612335624e-05,0.9131871308630146
25750,0.007791652465346155,0.0016504190808911542,0.5547627162659342,0.04550447375316519,0.0071392394619619205,0.47994887139239795,0.06532349401845278,0.006745006016863026,0.3778714855385449,7.765106187554091e-05,7.765106187554091e-05,0.9135419044181283
25760,0.007789152740513461,0.001650844034112712,0.5549055576849452,0.04549268081437706,0.007141244261555902,0.4800836478356908,0.0653112156489455,0.006747093339679263,0.37798842239099517,7.768121762772559e-05,7.768121762772559e-05,0.9138966779732421
25770,0.007786653814436863,0.0016512688515457339,0.5550483534607509,0.04548089083172052,0.007143248558607514,0.4802183904946227,0.0652989394413786,0.0067491802949656374,0.3781053386535371,7.771137337991027e-05,7.771137337991027e-05,0.9142514515283561
25780,0.007784155686962949,0.0016516935332162989,0.5551911036021172,0.04546910380462632,0.007145252353213527,0.4803530993756992,0.06528666539542047,0.006751266882778519,0.3782222343293288,7.774152913209495e-05,7.774152913209495e-05,0.9146062250834699
25790,0.00778165835793832,0.0016521180791504862,0.5553338081178104,0.045457319732525224,0.007147255645470715,0.4804877744854261,0.06527439351073949,0.0067533531031742835,0.37833910942152854,7.777168488427963e-05,7.777168488427963e-05,0.9149609986385838
25800,0.007779161827209563,0.0016525424893743747,0.5554764670165965,0.045445538614847986,0.007149258435475845,0.48062241583030885,0.0652621237870041,0.0067554389562093,0.3784559639332941,7.780184063646431e-05,7.780184063646431e-05,0.9153157721936978
25810,0.007776666094623274,0.001652966763914044,0.5556190803072417,0.04543376045102537,0.007151260723325689,0.48075702341685295,0.06524985622388269,0.00675752444193994,0.3785727978677838,7.783199638864898e-05,7.783199638864898e-05,0.9156705457488115
25820,0.007774171160026045,0.001653390902795573,0.5557616479985118,0.04542198524048814,0.007153262509117018,0.48089159725156416,0.06523759082104365,0.006759609560422578,0.37868961122815564,7.786215214083364e-05,7.786215214083364e-05,0.9160253193039252
25830,0.0077716770232644705,0.0016538149060450404,0.5559041700991731,0.04541021298266706,0.007155263792946603,0.481026137340948,0.06522532757815537,0.006761694311713585,0.37880640401756777,7.789230789301832e-05,7.789230789301832e-05,0.916380092859039
25840,0.007769183684185143,0.0016542387736885262,0.5560466466179919,0.045398443676992875,0.007157264574911214,0.4811606436915101,0.06521306649488627,0.006763778695869332,0.37892317623917826,7.7922463645203e-05,7.7922463645203e-05,0.9167348664141529
25850,0.007766691142634657,0.001654662505752109,0.556189077563734,0.045386677322896356,0.007159264855107622,0.4812951163097561,0.06520080757090475,0.00676586271294619,0.3790399278961451,7.795261939738768e-05,7.795261939738768e-05,0.9170896399692668
25860,0.007764199398459604,0.0016550861022618679,0.5563314629451657,0.04537491391980826,0.007161264633632598,0.4814295552021914,0.06518855080587921,0.006767946363000533,0.3791566589916265,7.798277514957235e-05,7.798277514957235e-05,0.9174444135243806
25870,0.0077617084515065795,0.0016555095632438822,0.5564738027710529,0.045363153467159356,0.0071632639105829125,0.48156396037532173,0.06517629619947803,0.006770029646088733,0.37927336952878055,7.801293090175703e-05,7.801293090175703e-05,0.9177991870794944
25880,0.007759218301622174,0.001655932888724231,0.5566160970501617,0.045351395964380384,0.007165262686055336,0.48169833183565275,0.06516404375136964,0.00677211256226716,0.37939005951076527,7.80430866539417e-05,7.80430866539417e-05,0.9181539606346081
25890,0.007756728948652983,0.0016563560787289937,0.5567583457912583,0.045339641410902125,0.007167260960146641,0.48183266958969007,0.06515179346122242,0.006774195111592187,0.3795067289407388,7.807324240612638e-05,7.807324240612638e-05,0.918508734189722
25900,0.0077542403924455985,0.0016567791332842488,0.5569005490031088,0.04532788980615533,0.007169258732953595,0.48196697364393903,0.06513954532870478,0.006776277294120187,0.37962337782185923,7.810339815831106e-05,7.810339815831106e-05,0.9188635077448359
25910,0.007751752632846614,0.0016572020524160762,0.5570427066944794,0.04531614114957077,0.007171256004572972,0.4821012440049056,0.0651272993534851,0.00677835910990753,0.37974000615728465,7.813355391049574e-05,7.813355391049574e-05,0.9192182812999498
25920,0.007749265669702625,0.0016576248361505545,0.557184818874136,0.04530439544057919,0.00717325277510154,0.4822354806790951,0.06511505553523182,0.006780440559010588,0.379856613950173,7.816370966268042e-05,7.816370966268042e-05,0.9195730548550637
25930,0.007746779502860221,0.001658047484513763,0.5573268855508446,0.04529265267861136,0.0071752490446360725,0.4823696836730132,0.0651028138736133,0.006782521641485736,0.37997320120368266,7.81938654148651e-05,7.81938654148651e-05,0.9199278284101775
25940,0.007744294132165998,0.0016584699975317808,0.5574689067333717,0.04528091286309803,0.007177244813273337,0.48250385299316545,0.06509057436829799,0.006784602357389341,0.3800897679209715,7.822402116704976e-05,7.822402116704976e-05,0.9202826019652913
25950,0.007741809557466549,0.0016588923752306872,0.5576108824304831,0.04526917599346997,0.007179240081110107,0.48263798864605756,0.06507833701895423,0.006786682706777779,0.3802063141051977,7.825417691923444e-05,7.825417691923444e-05,0.9206373755204051
25960,0.007739325778608467,0.001659314617636561,0.5577528126509448,0.045257442069157945,0.007181234848243153,0.4827720906381951,0.06506610182525045,0.00678876268970742,0.3803228397595193,7.828433267141911e-05,7.828433267141911e-05,0.9209921490755189
25970,0.007736842795438344,0.001659736724775482,0.5578946974035234,0.0452457110895927,0.007183229114769244,0.4829061589760835,0.06505386878685507,0.006790842306234637,0.3804393448870945,7.831448842360379e-05,7.831448842360379e-05,0.9213469226306328
25980,0.007734360607802775,0.0016601586966735287,0.5580365366969844,0.04523398305420501,0.007185222880785151,0.4830401936662286,0.06504163790343646,0.0067929215564158,0.38055582949108124,7.834464417578847e-05,7.834464417578847e-05,0.9217016961857466
25990,0.007731879215548353,0.0016605805333567804,0.5581783305400942,0.04522225796242562,0.0071872161463876465,0.48317419471513584,0.06502940917466303,0.006795000440307283,0.38067229357463767,7.837479992797315e-05,7.837479992797315e-05,0.9220564697408605
26000,0.00772939861852167,0.0016610022348513163,0.5583200789416188,0.04521053581368531,0.0071892089116735,0.4833081621293108,0.06501718260020319,0.006797078957965458,0.380788737140922,7.840495568015783e-05,7.840495568015783e-05,0.9224112432959745
26010,0.007726918816569322,0.0016614238011832157,0.5584617819103246,0.04519881660741482,0.007191201176739482,0.4834420959152592,0.06500495817972532,0.006799157109446694,0.3809051601930921,7.843511143234248e-05,7.843511143234248e-05,0.922766016851088
26020,0.0077244398095379,0.0016618452323785575,0.5586034394549773,0.04518710034304492,0.007193192941682365,0.48357599607948665,0.06499273591289784,0.006801234894807366,0.3810215627343062,7.846526718452718e-05,7.846526718452718e-05,0.923120790406202
26030,0.007721961597273997,0.001662266528463421,0.5587450515843431,0.04517538702000638,0.007195184206598917,0.4837098626284986,0.06498051579938914,0.006803312314103844,0.3811379447677224,7.849542293671184e-05,7.849542293671184e-05,0.9234755639613157
26040,0.007719484179624208,0.0016626876894638852,0.5588866183071883,0.045163676637729945,0.007197174971585911,0.4838436955688007,0.06496829783886762,0.006805389367392502,0.38125430629649876,7.852557868889652e-05,7.852557868889652e-05,0.9238303375164296
26050,0.007717007556435125,0.001663108715406029,0.5590281396322786,0.04515196919564639,0.007199165236740117,0.48397749490689856,0.0649560820310017,0.00680746605472971,0.38137064732379333,7.85557344410812e-05,7.85557344410812e-05,0.9241851110715436
26060,0.007714531727553342,0.0016635296063159323,0.5591696155683805,0.04514026469318645,0.0072011550021583055,0.4841112606492978,0.06494386837545976,0.00680954237617184,0.38148696785276415,7.858589019326588e-05,7.858589019326588e-05,0.9245398846266574
26070,0.0077120566928254525,0.0016639503622196735,0.55931104612426,0.04512856312978091,0.007203144267937247,0.48424499280250394,0.06493165687191019,0.006811618331775265,0.3816032678865695,7.861604594545055e-05,7.861604594545055e-05,0.9248946581817711
26080,0.0077095824520980495,0.001664370983143332,0.559452431308683,0.04511686450486052,0.007205133034173713,0.48437869137302264,0.06491944752002142,0.0068136939215963565,0.38171954742836733,7.864620169763524e-05,7.864620169763524e-05,0.9252494317368851
26090,0.007707109005217726,0.0016647914691129873,0.5595937711304159,0.045105168817856055,0.007207121300964474,0.48451235636735956,0.06490724031946184,0.006815769145691486,0.3818358064813157,7.86763574498199e-05,7.86763574498199e-05,0.9256042052919987
26100,0.007704636352031074,0.0016652118201547178,0.5597350655982244,0.045093476068198246,0.007209109068406301,0.48464598779202017,0.06489503526989984,0.006817844004117026,0.3819520450485729,7.870651320200459e-05,7.870651320200459e-05,0.9259589788471128
26110,0.0077021644923846895,0.0016656320362946032,0.559876314720875,0.04508178625531788,0.007211096336595963,0.4847795856535101,0.06488283237100383,0.006819918496929349,0.3820682631332969,7.873666895418926e-05,7.873666895418926e-05,0.9263137524022265
26120,0.007699693426125165,0.0016660521175587224,0.5600175185071335,0.04507009937864571,0.007213083105630232,0.4849131499583349,0.06487063162244219,0.006821992624184824,0.38218446073864565,7.876682470637394e-05,7.876682470637394e-05,0.9266685259573404
26130,0.007697223153099092,0.001666472063973155,0.5601586769657663,0.04505841543761248,0.007215069375605881,0.48504668071300033,0.06485843302388336,0.006824066385939826,0.38230063786777735,7.879698045855862e-05,7.879698045855862e-05,0.9270232995124542
26140,0.007694753673153067,0.0016668918755639792,0.5602997901055392,0.04504673443164897,0.0072170551466196765,0.48518017792401175,0.06484623657499572,0.006826139782250726,0.3824167945238502,7.882713621074328e-05,7.882713621074328e-05,0.9273780730675679
26150,0.0076922849861336805,0.0016673115523572748,0.5604408579352184,0.04503505636018594,0.007219040418768393,0.4853136415978751,0.06483404227544766,0.0068282128131738964,0.3825329307100222,7.885729196292796e-05,7.885729196292796e-05,0.9277328466226819
26160,0.007689817091887527,0.0016677310943791208,0.5605818804635699,0.045023381222654146,0.007221025192148798,0.4854470717410955,0.06482185012490758,0.006830285478765708,0.3826490464294514,7.888744771511263e-05,7.888744771511263e-05,0.9280876201777956
26170,0.007687349990261199,0.0016681505016555966,0.5607228576993601,0.04501170901848434,0.007223009466857664,0.48558046836017904,0.06480966012304391,0.006832357779082534,0.38276514168529596,7.891760346729731e-05,7.891760346729731e-05,0.9284423937329095
26180,0.00768488368110129,0.001668569774212781,0.560863789651355,0.04500003974710729,0.007224993242991763,0.48571383146163105,0.06479747226952502,0.0068344297141807436,0.38288121648071394,7.894775921948199e-05,7.894775921948199e-05,0.9287971672880233
26190,0.007682418164254394,0.0016689889120767535,0.5610046763283204,0.044988373407953766,0.007226976520647863,0.48584716105195713,0.06478528656401933,0.006836501284116713,0.3829972708188635,7.897791497166667e-05,7.897791497166667e-05,0.9291519408431372
26200,0.007679953439567105,0.0016694079152735927,0.5611455177390228,0.04497671000045451,0.007228959299922736,0.48598045713766286,0.06477310300619522,0.0068385724889468095,0.3831133047029025,7.900807072385135e-05,7.900807072385135e-05,0.929506714398251
26210,0.007677489506886013,0.0016698267838293783,0.5612863138922279,0.04496504952404029,0.007230941580913154,0.48611371972525397,0.06476092159572111,0.006840643328727409,0.3832293181359893,7.903822647603603e-05,7.903822647603603e-05,0.929861487953365
26220,0.007675026366057715,0.001670245517770189,0.5614270647967021,0.04495339197814187,0.007232923363715884,0.4862469488212358,0.0647487423322654,0.006842713803514881,0.38334531112128184,7.90683822282207e-05,7.90683822282207e-05,0.9302162615084787
26230,0.007672564016928802,0.0016706641171221042,0.5615677704612114,0.04494173736219,0.0072349046484277025,0.48638014443211436,0.06473656521549646,0.0068447839133655985,0.38346128366193827,7.909853798040538e-05,7.909853798040538e-05,0.9305710350635926
26240,0.007670102459345869,0.0016710825819112028,0.5617084308945219,0.04493008567561546,0.007236885435145374,0.48651330656439484,0.06472439024508274,0.006846853658335933,0.3835772357611167,7.912869373259004e-05,7.912869373259004e-05,0.9309258086187063
26250,0.007667641693155508,0.0016715009121635641,0.5618490461053997,0.04491843691784899,0.0072388657239656744,0.4866464352245831,0.06471221742069261,0.006848923038482255,0.38369316742197507,7.915884948477472e-05,7.915884948477472e-05,0.9312805821738201
26260,0.007665181718204312,0.0016719191079052672,0.5619896161026108,0.04490679108832136,0.007240845514985371,0.48677953041918454,0.06470004674199446,0.00685099205386094,0.3838090786476717,7.91890052369594e-05,7.91890052369594e-05,0.9316353557289341
26270,0.0076627225343388755,0.0016723371691623914,0.5621301408949214,0.044895148186463334,0.007242824808301236,0.48691259215470484,0.06468787820865671,0.006853060704528357,0.38392496944136456,7.921916098914408e-05,7.921916098914408e-05,0.931990129284048
26280,0.007660264141405792,0.0016727550959610158,0.5622706204910977,0.044883508211705656,0.007244803604010041,0.48704562043764976,0.06467571182034776,0.006855128990540879,0.3840408398062117,7.924931674132876e-05,7.924931674132876e-05,0.9323449028391618
26290,0.007657806539251653,0.0016731728883272192,0.5624110548999056,0.04487187116347911,0.007246781902208553,0.48717861527452455,0.06466354757673601,0.0068571969119548765,0.38415668974537126,7.927947249351343e-05,7.927947249351343e-05,0.9326996763942755
26300,0.007655349727723054,0.0016735905462870813,0.5625514441301113,0.04486023704121443,0.007248759702993548,0.4873115766718351,0.06465138547748984,0.0068592644688267234,0.38427251926200134,7.930962824569811e-05,7.930962824569811e-05,0.9330544499493895
26310,0.007652893706666586,0.0016740080698666808,0.5626917881904809,0.0448486058443424,0.007250737006461793,0.4874445046360869,0.06463922552227769,0.006861331661212791,0.38438832835926,7.933978399788278e-05,7.933978399788278e-05,0.9334092235045032
26320,0.007650438475928844,0.001674425459092097,0.5628320870897804,0.04483697757229377,0.007252713812710062,0.48757739917378556,0.06462706771076793,0.006863398489169451,0.3845041170403054,7.936993975006746e-05,7.936993975006746e-05,0.9337639970596171
26330,0.007647984035356421,0.001674842713989409,0.5629723408367762,0.0448253522244993,0.007254690121835121,0.48771026029143666,0.06461491204262897,0.006865464952753074,0.3846198853082955,7.940009550225214e-05,7.940009550225214e-05,0.9341187706147309
26340,0.00764553038479591,0.0016752598345846962,0.5631125494402339,0.04481372980038975,0.007256665933933745,0.4878430879955459,0.0646027585175292,0.0068675310520200355,0.3847356331663886,7.943025125443682e-05,7.943025125443682e-05,0.9344735441698448
26350,0.0076430775240939035,0.0016756768209040369,0.5632527129089199,0.04480211029939588,0.007258641249102702,0.48797588229261857,0.06459060713513703,0.006869596787026703,0.3848513606177425,7.946040700662148e-05,7.946040700662148e-05,0.9348283177249586
26360,0.0076406254530969955,0.0016760936729735114,0.5633928312516003,0.044790493720948454,0.007260616067438765,0.4881086431891606,0.06457845789512086,0.0068716621578294515,0.38496706766551547,7.949056275880616e-05,7.949056275880616e-05,0.9351830912800724
26370,0.00763817417165178,0.001676510390819198,0.5635329044770413,0.044778880064478235,0.007262590389038703,0.4882413706916775,0.0645663107971491,0.006873727164484651,0.38508275431286565,7.952071851099083e-05,7.952071851099083e-05,0.9355378648351862
26380,0.00763572367960485,0.001676926974467176,0.5636729325940087,0.04476726932941597,0.0072645642139992864,0.48837406480667467,0.06455416584089013,0.006875791807048675,0.385198420562951,7.955087426317551e-05,7.955087426317551e-05,0.9358926383903
26390,0.007633273976802798,0.0016773434239435248,0.5638129156112688,0.04475566151519243,0.007266537542417288,0.48850672554065794,0.06454202302601236,0.006877856085577895,0.38531406641892973,7.958103001536019e-05,7.958103001536019e-05,0.9362474119454139
26400,0.007630825063092218,0.0016777597392743236,0.5639528535375877,0.044744056621238384,0.007268510374389478,0.4886393529001329,0.06452988235218421,0.006879920000128683,0.38542969188395987,7.961118576754487e-05,7.961118576754487e-05,0.9366021855005278
26410,0.007628376938319702,0.001678175920485651,0.5640927463817315,0.04473245464698457,0.007270482710012627,0.4887719468916051,0.06451774381907405,0.00688198355075741,0.3855452969611994,7.964134151972955e-05,7.964134151972955e-05,0.9369569590556417
26420,0.007625929602331846,0.0016785919676035868,0.5642325941524661,0.04472085559186176,0.007272454549383503,0.48890450752157993,0.0645056074263503,0.006884046737520449,0.3856608816538067,7.967149727191423e-05,7.967149727191423e-05,0.9373117326107555
26430,0.007623483054975241,0.0016790078806542094,0.5643723968585578,0.044709259455300715,0.007274425892598881,0.4890370347965634,0.06449347317368134,0.006886109560474172,0.38577644596493965,7.97016530240989e-05,7.97016530240989e-05,0.9376665061658693
26440,0.007621037296096481,0.0016794236596635987,0.5645121545087727,0.0446976662367322,0.007276396739755529,0.48916952872306063,0.06448134106073558,0.006888172019674949,0.38589198989775625,7.973180877628356e-05,7.973180877628356e-05,0.938021279720983
26450,0.00761859232554216,0.0016798393046578335,0.5646518671118768,0.04468607593558696,0.007278367090950219,0.4893019893075777,0.06446921108718144,0.006890234115179153,0.38600751345541473,7.976196452846825e-05,7.976196452846825e-05,0.9383760532760971
26460,0.007616148143158869,0.0016802548156629928,0.5647915346766362,0.044674488551295785,0.00728033694627972,0.48943441655661973,0.0644570832526873,0.0068922958470431575,0.3861230166410733,7.979212028065292e-05,7.979212028065292e-05,0.9387308268312108
26470,0.0076137047487932034,0.0016806701927051559,0.5649311572118171,0.0446629040832894,0.007282306305840805,0.4895668104766927,0.06444495755692156,0.006894357215323332,0.3862384994578898,7.98222760328376e-05,7.98222760328376e-05,0.9390856003863246
26480,0.007611262142291757,0.0016810854358104018,0.5650707347261854,0.04465132253099858,0.0072842751697302435,0.48969917107430205,0.06443283399955263,0.006896418220076051,0.38635396190902244,7.985243178502228e-05,7.985243178502228e-05,0.9394403739414385
26490,0.0076088203235011205,0.00168150054500481,0.5652102672285075,0.04463974389385409,0.007286243538044806,0.4898314983559533,0.06442071258024891,0.006898478861357684,0.3864694039976294,7.988258753720696e-05,7.988258753720696e-05,0.9397951474965525
26500,0.00760637929226789,0.0016819155203144592,0.5653497547275492,0.04462816817128669,0.007288211410881266,0.4899637923281523,0.06440859329867879,0.006900539139224604,0.3865848257268686,7.991274328939163e-05,7.991274328939163e-05,0.9401499210516662
26510,0.007603939048438656,0.001682330361765429,0.5654891972320769,0.044616595362727135,0.0072901787883363905,0.49009605299740433,0.06439647615451068,0.006902599053733183,0.38670022709989826,7.994289904157632e-05,7.994289904157632e-05,0.9405046946067802
26520,0.007601499591860015,0.0016827450693837978,0.5656285947508564,0.04460502546760619,0.007292145670506951,0.4902282803702151,0.06438436114741297,0.006904658604939792,0.3868156081198763,7.997305479376097e-05,7.997305479376097e-05,0.9408594681618937
26530,0.0075990609223785584,0.0016831596431956457,0.5657679472926539,0.044593458485354606,0.00729411205748972,0.49036047445309033,0.06437224827705408,0.006906717792900804,0.38693096878996097,8.000321054594565e-05,8.000321054594565e-05,0.9412142417170076
26540,0.007596623039840879,0.001683574083227051,0.5659072548662356,0.04458189441540315,0.007296077949381466,0.4904926352525354,0.0643601375431024,0.00690877661767259,0.3870463091133104,8.003336629813033e-05,8.003336629813033e-05,0.9415690152721216
26550,0.007594185944093572,0.0016839883895040935,0.5660465174803675,0.04457033325718259,0.007298043346278962,0.4906247627750562,0.06434802894522632,0.006910835079311523,0.38716162909308255,8.006352205031501e-05,8.006352205031501e-05,0.9419237888272354
26560,0.0075917496349832275,0.001684402562052852,0.5661857351438158,0.044558775010123675,0.007300008248278977,0.4907568570271581,0.06433592248309426,0.006912893177873974,0.3872769287324355,8.00936778024997e-05,8.00936778024997e-05,0.9422785623823493
26570,0.007589314112356442,0.0016848166008994053,0.5663249078653463,0.04454721967365717,0.007301972655478283,0.4908889180153467,0.0643238181563746,0.006914950913416316,0.3873922080345275,8.012383355468436e-05,8.012383355468436e-05,0.942633335937463
26580,0.007586879376059808,0.0016852305060698332,0.5664640356537254,0.044535667247213834,0.00730393656797365,0.4910209457461277,0.06431171596473576,0.006917008285994919,0.3875074670025165,8.015398930686904e-05,8.015398930686904e-05,0.9429881094925768
26590,0.0075844454259399174,0.0016856442775902145,0.566603118517719,0.04452411773022443,0.007305899985861849,0.4911529402260066,0.06429961590784612,0.006919065295666157,0.38762270563956064,8.018414505905371e-05,8.018414505905371e-05,0.9433428830476907
26600,0.007582012261843365,0.0016860579154866285,0.5667421564660935,0.04451257112211971,0.007307862909239651,0.49128490146148907,0.0642875179853741,0.006921121942486401,0.38773792394881795,8.021430081123839e-05,8.021430081123839e-05,0.9436976566028045
26610,0.0075795798836167435,0.001686471419785154,0.5668811495076147,0.044501027422330454,0.007309825338203827,0.4914168294590807,0.06427542219698809,0.006923178226512023,0.3878531219334467,8.024445656342307e-05,8.024445656342307e-05,0.9440524301579184
26620,0.007577148291106646,0.0016868847905118708,0.567020097651049,0.04448948663028739,0.007311787272851145,0.49154872422528695,0.06426332854235649,0.006925234147799395,0.3879682995966047,8.027461231560775e-05,8.027461231560775e-05,0.9444072037130322
26630,0.007574717484159667,0.0016872980276928572,0.567159000905162,0.04447794874542131,0.007313748713278379,0.4916805857666136,0.06425123702114771,0.006927289706404887,0.38808345694145024,8.030476806779243e-05,8.030476806779243e-05,0.9447619772681461
26640,0.0075722874626223974,0.0016877111313541929,0.5672978592787202,0.04446641376716296,0.007315709659582299,0.4918124140895662,0.06423914763303014,0.006929344902384876,0.38819859397114154,8.033492381997711e-05,8.033492381997711e-05,0.94511675082326
26650,0.007569858226341432,0.001688124101521957,0.5674366727804897,0.044454881694943105,0.007317670111859674,0.49194420920065035,0.06422706037767217,0.006931399735795728,0.3883137106888363,8.036507957216177e-05,8.036507957216177e-05,0.9454715243783738
26660,0.007567429775163366,0.0016885369382222282,0.5675754414192363,0.044443352528192495,0.007319630070207278,0.4920759711063716,0.06421497525474223,0.006933454206693817,0.38842880709769284,8.039523532434644e-05,8.039523532434644e-05,0.9458262979334875
26670,0.0075650021089347895,0.0016889496414810863,0.5677141652037264,0.0444318262663419,0.007321589534721879,0.4922076998132355,0.06420289226390871,0.006935508315135517,0.38854388320086924,8.042539107653112e-05,8.042539107653112e-05,0.9461810714886013
26680,0.007562575227502297,0.00168936221132461,0.567852844142726,0.04442030290882208,0.0073235485055002485,0.49233939532774773,0.06419081140484,0.006937562061177198,0.3886589390015237,8.04555468287158e-05,8.04555468287158e-05,0.9465358450437152
26690,0.007560149130712481,0.0016897746477788785,0.5679914782450011,0.0444087824550638,0.007325506982639157,0.49247105765641386,0.0641787326772045,0.006939615444875232,0.3887739745028141,8.048570258090048e-05,8.048570258090048e-05,0.9468906185988291
26700,0.007557723818411938,0.001690186950869971,0.5681300675193179,0.0443972649044978,0.007327464966235375,0.49260268680573943,0.06416665608067063,0.006941668466285991,0.3888889897078987,8.051585833308516e-05,8.051585833308516e-05,0.947245392153943
26710,0.007555299290447256,0.0016905991206239669,0.5682686119744427,0.04438575025655486,0.007329422456385675,0.4927342827822302,0.06415458161490677,0.006943721125465848,0.38900398461993546,8.054601408526984e-05,8.054601408526984e-05,0.9476001657090569
26720,0.007552875546665033,0.0016910111570669448,0.5684071116191411,0.044374238510665735,0.007331379453186827,0.49286584559239166,0.06414250927958132,0.006945773422471173,0.3891189592420825,8.05761698374545e-05,8.05761698374545e-05,0.9479549392641704
26730,0.00755045258691186,0.0016914230602249843,0.5685455664621796,0.04436272966626119,0.0073333359567356,0.4929973752427294,0.06413043907436271,0.00694782535735834,0.3892339135774981,8.060632558963919e-05,8.060632558963919e-05,0.9483097128192844
26740,0.0075480304110343305,0.0016918348301241642,0.568683976512324,0.044351223722771976,0.007335291967128767,0.49312887173974895,0.06411837099891929,0.006949876930183719,0.38934884762934,8.063648134182385e-05,8.063648134182385e-05,0.9486644863743982
26750,0.007545609018879039,0.0016922464667905638,0.5688223417783408,0.04433972067962885,0.007337247484463097,0.49326033508995604,0.0641063050529195,0.006951928141003682,0.38946376140076655,8.066663709400853e-05,8.066663709400853e-05,0.9490192599295121
26760,0.007543188410292577,0.0016926579702502623,0.5689606622689957,0.04432822053626259,0.007339202508835362,0.49339176529985623,0.06409424123603175,0.006953978989874602,0.38957865489493565,8.069679284619321e-05,8.069679284619321e-05,0.949374033484626
26770,0.0075407685851215395,0.0016930693405293388,0.569098937993055,0.04431672329210394,0.007341157040342332,0.493523162375955,0.06408217954792439,0.006956029476852851,0.3896935281150057,8.07269485983779e-05,8.07269485983779e-05,0.9497288070397398
26780,0.007538349543212518,0.0016934805776538725,0.5692371689592848,0.044305228946583675,0.007343111079080778,0.49365452632475815,0.06407011998826587,0.006958079601994801,0.3898083810641345,8.075710435056256e-05,8.075710435056256e-05,0.9500835805948535
26790,0.007535931284412108,0.001693891681649942,0.5693753551764511,0.04429373749913254,0.00734506462514747,0.493785857152771,0.06405806255672455,0.006960129365356823,0.3899232137454803,8.078726010274724e-05,8.078726010274724e-05,0.9504383541499675
26800,0.0075335138085669,0.0016943026525436276,0.5695134966533201,0.044282248949181306,0.007347017678639181,0.4939171548664995,0.06404600725296887,0.00696217876699529,0.39003802616220107,8.08174158549319e-05,8.08174158549319e-05,0.9507931277050812
26810,0.0075310971155234906,0.001694713490361007,0.5696515933986578,0.044270763296160726,0.007348970239652679,0.49404841947244893,0.06403395407666722,0.006964227806966572,0.390152818317455,8.084757160711659e-05,8.084757160711659e-05,0.9511479012601951
26820,0.00752868120512847,0.0016951241951281607,0.5697896454212305,0.044259280539501566,0.0073509223082847365,0.4941796509771251,0.06402190302748798,0.006966276485327043,0.39026759021440016,8.087772735930127e-05,8.087772735930127e-05,0.9515026748153089
26830,0.007526266077228434,0.0016955347668711667,0.5699276527298038,0.04424780067863458,0.007352873884632124,0.49431084938703346,0.06400985410509956,0.006968324802133073,0.3903823418561946,8.090788311148595e-05,8.090788311148595e-05,0.9518574483704229
26840,0.007523851731669973,0.001695945205616105,0.5700656153331445,0.044236323712990536,0.007354824968791611,0.4944420147086797,0.06399780730917037,0.006970372757441036,0.3904970732459964,8.093803886367063e-05,8.093803886367063e-05,0.9522122219255367
26850,0.007521438168299683,0.0016963555113890545,0.5702035332400183,0.04422484964200019,0.007356775560859969,0.4945731469485693,0.0639857626393688,0.006972420351307303,0.39061178438696376,8.096819461585529e-05,8.096819461585529e-05,0.9525669954806505
26860,0.007519025386964157,0.0016967656842160938,0.5703414064591912,0.04421337846509431,0.007358725660933971,0.494704246113208,0.06397372009536326,0.006974467583788245,0.3907264752822546,8.099835036803997e-05,8.099835036803997e-05,0.9529217690357643
26870,0.007516613387509987,0.0016971757241233025,0.5704792349994294,0.04420191018170364,0.007360675269110384,0.4948353122091014,0.06396167967682213,0.006976514454940236,0.3908411459350272,8.102850612022464e-05,8.102850612022464e-05,0.953276542590878
26880,0.007514202169783766,0.0016975856311367602,0.5706170188694991,0.044190444791258957,0.00736262438548598,0.4949663452427549,0.06394964138341384,0.006978560964819646,0.3909557963484396,8.105866187240932e-05,8.105866187240932e-05,0.953631316145992
26890,0.00751179173363209,0.0016979954052825453,0.5707547580781664,0.04417898229319101,0.00736457301015753,0.4950973452206742,0.06393760521480678,0.006980607113482846,0.39107042652564966,8.1088817624594e-05,8.1088817624594e-05,0.9539860897011058
26900,0.007509382078901549,0.0016984050465867371,0.5708924526341973,0.04416752268693056,0.007366521143221806,0.4952283121493651,0.06392557117066934,0.006982652900986212,0.3911850364698158,8.111897337677868e-05,8.111897337677868e-05,0.9543408632562197
26910,0.007506973205438739,0.0016988145550754148,0.5710301025463579,0.04415606597190838,0.007368468784775577,0.4953592460353328,0.06391353925066992,0.006984698327386112,0.3912996261840959,8.114912912896335e-05,8.114912912896335e-05,0.9546956368113334
26920,0.007504565113090252,0.0016992239307746576,0.5711677078234142,0.04414461214755522,0.0073704159349156145,0.49549014688508325,0.06390150945447694,0.006986743392738919,0.3914141956716481,8.117928488114803e-05,8.117928488114803e-05,0.9550504103664473
26930,0.0075021578017026806,0.001699633173710545,0.5713052684741327,0.04413316121330184,0.00737236259373869,0.49562101470512193,0.06388948178175878,0.006988788097101005,0.39152874493563056,8.120944063333269e-05,8.120944063333269e-05,0.955405183921561
26940,0.00749975127112262,0.001700042283909155,0.5714427845072789,0.044121713168579005,0.007374308761341572,0.49575184950195433,0.06387745623218385,0.006990832440528744,0.39164327397920135,8.123959638551737e-05,8.123959638551737e-05,0.9557599574766749
26950,0.007497345521196661,0.0017004512613965682,0.5715802559316195,0.04411026801281746,0.007376254437821033,0.49588265128208625,0.06386543280542055,0.006992876423078505,0.3917577828055185,8.126975213770205e-05,8.126975213770205e-05,0.9561147310317888
26960,0.007494940551771399,0.0017008601061988629,0.5717176827559202,0.044098825745447996,0.007378199623273843,0.496013420052023,0.06385341150113728,0.00699492004480666,0.39187227141774006,8.129990788988673e-05,8.129990788988673e-05,0.9564695045869027
26970,0.007492536362693426,0.0017012688183421182,0.5718550649889472,0.04408738636590134,0.007380144317796773,0.49614415581827037,0.06384139231900245,0.006996963305769583,0.3919867398190243,8.133006364207141e-05,8.133006364207141e-05,0.9568242781420165
26980,0.007490132953809337,0.0017016773978524133,0.5719924026394666,0.04407594987360828,0.007382088521486595,0.49627485858733406,0.06382937525868443,0.006999006206023645,0.39210118801252913,8.136021939425609e-05,8.136021939425609e-05,0.9571790516971305
26990,0.0074877303249657225,0.0017020858447558277,0.5721296957162445,0.04406451626799956,0.007384032234440077,0.4964055283657194,0.06381736031985165,0.007001048745625217,0.39221561600141275,8.139037514644076e-05,8.139037514644076e-05,0.9575338252522442
27000,0.007485328476009179,0.0017024941590784402,0.572266944228047,0.04405308554850594,0.007385975456753993,0.4965361651599322,0.06380534750217251,0.007003090924630672,0.3923300237888332,8.142053089862544e-05,8.142053089862544e-05,0.957888598807358
27010,0.007482927406786298,0.00170290234084633,0.5724041481836403,0.04404165771455819,0.007387918188525111,0.49666676897647793,0.06379333680531539,0.007005132743096382,0.39244441137794855,8.14506866508101e-05,8.14506866508101e-05,0.9582433723624718
27020,0.007480527117143672,0.0017033103900855762,0.5725413075917902,0.04403023276558706,0.007389860429850202,0.49679733982186225,0.0637813282289487,0.007007174201078718,0.39255877877191697,8.148084240299479e-05,8.148084240299479e-05,0.9585981459175856
27030,0.007478127606927896,0.0017037183068222583,0.5726784224612632,0.044018810701023314,0.007391802180826039,0.4969278777025908,0.06376932177274086,0.0070092152986340524,0.3926731259738965,8.151099815517947e-05,8.151099815517947e-05,0.9589529194726996
27040,0.007475728875985563,0.0017041260910824548,0.5728154928008251,0.044007391520297715,0.00739374344154939,0.497058382625169,0.06375731743636025,0.007011256035818756,0.39278745298704515,8.154115390736415e-05,8.154115390736415e-05,0.9593076930278134
27050,0.007473330924163265,0.0017045337428922454,0.5729525186192421,0.04399597522284103,0.0073956842121170275,0.4971888545961026,0.06374531521947527,0.007013296412689204,0.39290175981452125,8.157130965954881e-05,8.157130965954881e-05,0.9596624665829271
27060,0.007470933751307597,0.001704941262277709,0.5730894999252802,0.043984561808083994,0.0073976244926257225,0.4973192936218972,0.06373331512175431,0.007015336429301765,0.3930160464594826,8.160146541173349e-05,8.160146541173349e-05,0.960017240138041
27070,0.0074685373572651505,0.0017053486492649248,0.5732264367277058,0.04397315127545741,0.0073995642831722434,0.49744969970905834,0.0637213171428658,0.0070173760857128115,0.3931303129250875,8.163162116391816e-05,8.163162116391816e-05,0.9603720136931547
27080,0.0074661417418825215,0.001705755903879972,0.5733633290352846,0.043961743624391994,0.0074015035838533635,0.4975800728640916,0.06370932128247812,0.007019415381978717,0.39324455921449397,8.166177691610284e-05,8.166177691610284e-05,0.9607267872482687
27090,0.007463746905006301,0.0017061630261489295,0.573500176856783,0.04395033885431853,0.007403442394765853,0.49771041309350267,0.0636973275402597,0.007021454318155852,0.3933587853308601,8.169193266828752e-05,8.169193266828752e-05,0.9610815608033825
27100,0.0074613528464830825,0.0017065700160978766,0.5736369802009669,0.043938936964667774,0.007405380716006481,0.497840720403797,0.06368533591587888,0.007023492894300588,0.39347299127734386,8.17220884204722e-05,8.17220884204722e-05,0.9614363343584964
27110,0.00745895956615946,0.0017069768737528923,0.5737737390766025,0.043927537954870484,0.00740731854767202,0.49797099480148027,0.06367334640900411,0.007025531110469298,0.39358717705710355,8.175224417265688e-05,8.175224417265688e-05,0.9617911079136102
27120,0.007456567063882025,0.0017073835991400562,0.5739104534924557,0.04391614182435742,0.00740925588985924,0.4981012362930581,0.06366135901930378,0.007027568966718354,0.3937013426732972,8.178239992484156e-05,8.178239992484156e-05,0.9621458814687242
27130,0.007454175339497374,0.001707790192285447,0.574047123457293,0.043904748572559354,0.007411192742664913,0.49823144488503607,0.0636493737464463,0.007029606463104128,0.3938154881290828,8.181255567702623e-05,8.181255567702623e-05,0.9625006550238379
27140,0.0074517843928520976,0.0017081966532151438,0.5741837489798802,0.04389335819890703,0.007413129106185807,0.4983616205839197,0.06363739059010004,0.007031643599682991,0.39392961342761856,8.18427114292109e-05,8.18427114292109e-05,0.9628554285789518
27150,0.007449394223792791,0.001708602981955226,0.5743203300689834,0.043881970702831216,0.007415064980518695,0.4984917633962147,0.06362540954993343,0.007033680376511316,0.3940437185720625,8.187286718139557e-05,8.187286718139557e-05,0.9632102021340655
27160,0.007447004832166046,0.0017090091785317727,0.5744568667333689,0.04387058608376268,0.007417000365760347,0.4986218733284266,0.06361343062561485,0.007035716793645473,0.39415780356557273,8.190302293358025e-05,8.190302293358025e-05,0.9635649756891793
27170,0.007444616217818456,0.0017094152429708628,0.5745933589818025,0.04385920434113216,0.007418935262007534,0.4987519503870611,0.06360145381681272,0.007037752851141835,0.3942718684113073,8.193317868576493e-05,8.193317868576493e-05,0.9639197492442932
27180,0.007442228380596615,0.0017098211752985758,0.5747298068230506,0.04384782547437044,0.007420869669357028,0.49888199457862364,0.06358947912319543,0.007039788549056776,0.3943859131124244,8.196333443794961e-05,8.196333443794961e-05,0.9642745227994072
27190,0.007439841320347117,0.0017102269755409905,0.5748662102658791,0.04383644948290827,0.007422803587905596,0.49901200590961986,0.06357750654443137,0.007041823887446664,0.394499937672082,8.199349019013428e-05,8.199349019013428e-05,0.9646292963545209
27200,0.007437455036916554,0.0017106326437241865,0.5750025693190542,0.04382507636617641,0.007424737017750012,0.4991419843865554,0.06356553608018896,0.007043858866367875,0.39461394209343836,8.202364594231896e-05,8.202364594231896e-05,0.9649840699096347
27210,0.007435069530151519,0.0017110381798742422,0.5751388839913419,0.04381370612360563,0.007426669958987046,0.49927193001593584,0.0635535677301366,0.007045893485876777,0.3947279263796514,8.205380169450362e-05,8.205380169450362e-05,0.9653388434647484
27220,0.007432684799898606,0.0017114435840172373,0.5752751542915082,0.04380233875462667,0.007428602411713468,0.4994018428042667,0.06354160149394267,0.007047927746029745,0.39484189053387925,8.20839574466883e-05,8.20839574466883e-05,0.9656936170198623
27230,0.007430300846004408,0.0017118488561792512,0.5754113802283197,0.043790974258670304,0.0074305343760260505,0.49953172275805374,0.06352963737127558,0.007049961646883149,0.3949558345592801,8.211411319887298e-05,8.211411319887298e-05,0.9660483905749763
27240,0.00742791766831552,0.0017122539963863623,0.5755475618105419,0.04377961263516729,0.007432465852021562,0.4996615698838024,0.06351767536180375,0.007051995188493362,0.3950697584590118,8.214426895105766e-05,8.214426895105766e-05,0.9664031641300901
27250,0.007425535266678532,0.00171265900466465,0.5756836990469412,0.043768253883548394,0.007434396839796775,0.4997913841880184,0.06350571546519554,0.007054028370916756,0.39518366223623286,8.217442470324234e-05,8.217442470324234e-05,0.966757937685204
27260,0.00742315364094004,0.0017130638810401938,0.5758197919462836,0.04375689800324437,0.007436327339448459,0.4999211656772073,0.0634937576811194,0.007056061194209701,0.39529754589410093,8.220458045542702e-05,8.220458045542702e-05,0.9671127112403178
27270,0.007420772790946635,0.0017134686255390725,0.5759558405173353,0.04374554499368598,0.007438257351073387,0.5000509143578746,0.06348180200924369,0.007058093658428572,0.39541140943577435,8.223473620761169e-05,8.223473620761169e-05,0.9674674847954315
27280,0.007418392716544914,0.001713873238187365,0.5760918447688621,0.04373419485430398,0.007440186874768325,0.5001806302365259,0.06346984844923682,0.007060125763629738,0.3955252528644111,8.226489195979637e-05,8.226489195979637e-05,0.9678222583505455
27290,0.007416013417581467,0.0017142777190111511,0.5762278047096306,0.04372284758452914,0.00744211591063005,0.5003103133196671,0.0634578970007672,0.007062157509869573,0.39563907618316935,8.229504771198104e-05,8.229504771198104e-05,0.9681770319056592
27300,0.007413634893902888,0.0017146820680365095,0.5763637203484064,0.043711503183792216,0.007444044458755327,0.5004399636138034,0.06344594766350324,0.007064188897204447,0.39575287939520715,8.232520346416572e-05,8.232520346416572e-05,0.9685318054607731
27310,0.00741125714535577,0.0017150862852895194,0.576499591693956,0.04370016165152396,0.00744597251924093,0.5005695811254406,0.06343400043711332,0.007066219925690734,0.3958666625036826,8.23553592163504e-05,8.23553592163504e-05,0.9688865790158869
27320,0.007408880171786708,0.00171549037079626,0.5766354187550453,0.04368882298715514,0.007447900092183628,0.5006991658610842,0.06342205532126585,0.007068250595384804,0.3959804255117537,8.238551496853508e-05,8.238551496853508e-05,0.9692413525710009
27330,0.007406503973042294,0.0017158943245828104,0.5767712015404405,0.04367748719011652,0.007449827177680194,0.5008287178272399,0.06341011231562922,0.007070280906343031,0.3960941684225788,8.241567072071974e-05,8.241567072071974e-05,0.9695961261261146
27340,0.0074041285489691204,0.0017162981466752499,0.5769069400589074,0.04366615425983886,0.007451753775827397,0.5009582370304132,0.06339817141987183,0.007072310858621785,0.3962078912393157,8.244582647290442e-05,8.244582647290442e-05,0.9699508996812285
27350,0.0074017538994137835,0.0017167018370996573,0.5770426343192125,0.0436548241957529,0.007453679886722009,0.5010877234771097,0.06338623263366211,0.007074340452277439,0.3963215939651226,8.247598222508909e-05,8.247598222508909e-05,0.9703056732363422
27360,0.007399380024222874,0.001717105395882112,0.5771782843301216,0.04364349699728943,0.007455605510460799,0.5012171771738352,0.06337429595666844,0.007076369687366365,0.3964352766031577,8.250613797727377e-05,8.250613797727377e-05,0.970660446791456
27370,0.007397006923242985,0.001717508823048693,0.5773138901004009,0.0436321726638792,0.0074575306471405395,0.501346598127095,0.0633623613885592,0.007078398563944934,0.3965489391565789,8.253629372945845e-05,8.253629372945845e-05,0.97101522034657
27380,0.0073946345963207104,0.0017179121186254797,0.5774494516388167,0.04362085119495296,0.007459455296857999,0.5014759863433949,0.06335042892900282,0.007080427082069518,0.39666258162854445,8.256644948164313e-05,8.256644948164313e-05,0.9713699939016838
27390,0.007392263043302645,0.0017183152826385508,0.5775849689541347,0.04360953258994148,0.007461379459709951,0.5016053418292403,0.0633384985776677,0.0070824552417964905,0.39677620402221236,8.259660523382781e-05,8.259660523382781e-05,0.9717247674567977
27400,0.00738989226403538,0.0017187183151139858,0.5777204420551212,0.043598216848275514,0.007463303135793164,0.501734664591137,0.06332657033422222,0.007084483043182221,0.39688980634074067,8.262676098601248e-05,8.262676098601248e-05,0.9720795410119114
27410,0.007387522258365508,0.0017191212160778638,0.5778558709505424,0.04358690396938583,0.00746522632520441,0.5018639546355905,0.0633146441983348,0.007086510486283083,0.39700338858728756,8.265691673819716e-05,8.265691673819716e-05,0.9724343145670253
27420,0.007385153026139627,0.001719523985556264,0.5779912556491643,0.04357559395270319,0.00746714902804046,0.5019932119691065,0.06330272016967382,0.007088537571155448,0.39711695076501113,8.268707249038182e-05,8.268707249038182e-05,0.972789088122139
27430,0.007382784567204325,0.0017199266235752653,0.578126596159753,0.04356428679765835,0.007469071244398084,0.5021224365981904,0.0632907982479077,0.007090564297855689,0.3972304928770694,8.27172282425665e-05,8.27172282425665e-05,0.9731438616772529
27440,0.007380416881406198,0.001720329130160947,0.5782618924910745,0.04355298250368206,0.007470992974374053,0.502251628529348,0.06327887843270483,0.007092590666440177,0.3973440149266206,8.274738399475118e-05,8.274738399475118e-05,0.9734986352323668
27450,0.007378049968591838,0.001720731505339388,0.5783971446518951,0.04354168107020509,0.007472914218065136,0.5023807877690847,0.06326696072373363,0.007094616676965282,0.3974575169168226,8.277753974693586e-05,8.277753974693586e-05,0.9738534087874807
27460,0.007375683828607841,0.0017211337491366678,0.5785323526509807,0.04353038249665821,0.007474834975568107,0.5025099143239062,0.06325504512066246,0.007096642329487379,0.3975709988508336,8.280769549912054e-05,8.280769549912054e-05,0.9742081823425945
27470,0.0073733184613007955,0.0017215358615788653,0.5786675164970976,0.04351908678247216,0.007476755246979735,0.5026390082003183,0.06324313162315975,0.007098667624062839,0.39768446073181174,8.283785125130521e-05,8.283785125130521e-05,0.9745629558977082
27480,0.0073709538665173,0.0017219378426920596,0.5788026361990116,0.04350779392707772,0.007478675032396791,0.5027680694048262,0.06323122023089392,0.007100692560748033,0.39779790256291503,8.286800700348989e-05,8.286800700348989e-05,0.9749177294528222
27490,0.007368590044103944,0.00172233969250233,0.578937711765489,0.04349650392990563,0.007480594331916043,0.5028970979439356,0.06321931094353332,0.0071027171395993335,0.3979113243473016,8.289816275567456e-05,8.289816275567456e-05,0.9752725030079359
27500,0.007366226993907323,0.0017227414110357556,0.5790727432052959,0.04348521679038668,0.007482513145634267,0.5030260938241523,0.06320740376074638,0.007104741360673112,0.39802472608812955,8.292831850785924e-05,8.292831850785924e-05,0.9756272765630498
27510,0.007363864715774028,0.0017231429983184158,0.5792077305271985,0.0434739325079516,0.0074844314736482315,0.5031550570519819,0.0631954986822015,0.007106765224025742,0.39813810778855696,8.295847426004392e-05,8.295847426004392e-05,0.9759820501181636
27520,0.007361503209550655,0.0017235444543763892,0.5793426737399627,0.043462651082031165,0.007486349316054705,0.5032839876339297,0.06318359570756708,0.007108788729713593,0.3982514694517419,8.29886300122286e-05,8.29886300122286e-05,0.9763368236732776
27530,0.007359142475083796,0.001723945779235755,0.5794775728523546,0.04345137251205612,0.007488266672950461,0.5034128855765015,0.06317169483651153,0.0071108118777930395,0.3983648110808426,8.301878576441328e-05,8.301878576441328e-05,0.9766915972283914
27540,0.007356782512220043,0.001724346972922593,0.5796124278731405,0.043440096797457264,0.0074901835444322684,0.5035417508862028,0.06315979606870321,0.007112834668320451,0.3984781326790169,8.304894151659794e-05,8.304894151659794e-05,0.9770463707835051
27550,0.007354423320805993,0.0017247480354629818,0.5797472388110863,0.04342882393766531,0.0074920999305969,0.5036705835695394,0.06314789940381058,0.007114857101352201,0.39859143424942306,8.307909726878262e-05,8.307909726878262e-05,0.977401144338619
27560,0.007352064900688236,0.0017251489668830004,0.5798820056749581,0.04341755393211105,0.007494015831541124,0.5037993836330167,0.06313600484150197,0.007116879176944661,0.3987047157952191,8.310925302096729e-05,8.310925302096729e-05,0.9777559178937327
27570,0.007349707251713366,0.0017255497672087282,0.580016728473522,0.043406286780225234,0.0074959312473617135,0.5039281510831404,0.06312411238144586,0.007118900895154202,0.3988179773195631,8.313940877315197e-05,8.313940877315197e-05,0.9781106914488467
27580,0.007347350373727976,0.0017259504364662446,0.5801514072155444,0.043395022481438617,0.007497846178155437,0.5040568859264158,0.0631122220233106,0.007120922256037197,0.3989312188256133,8.316956452533665e-05,8.316956452533665e-05,0.9784654650039605
27590,0.00734499426657866,0.0017263509746816281,0.5802860419097909,0.04338376103518197,0.0074997606240190685,0.5041855881693491,0.06310033376676459,0.007122943259650018,0.39904444031652764,8.319972027752133e-05,8.319972027752133e-05,0.9788202385590744
27600,0.00734263893011201,0.0017267513818809586,0.5804206325650281,0.043372502440886036,0.007501674585049375,0.5043142578184453,0.06308844761147624,0.007124963906049037,0.39915764179546426,8.322987602970601e-05,8.322987602970601e-05,0.9791750121141882
27610,0.007340284364174623,0.0017271516580903146,0.5805551791900216,0.0433612466979816,0.0075035880613431305,0.5044428948802104,0.06307656355711395,0.007126984195290625,0.3992708232655813,8.326003178189068e-05,8.326003178189068e-05,0.979529785669302
27620,0.007337930568613088,0.0017275518033357754,0.5806896817935379,0.043349993805899406,0.007505501052997103,0.5045714993611498,0.06306468160334613,0.007129004127431154,0.39938398473003667,8.329018753407534e-05,8.329018753407534e-05,0.9798845592244158
27630,0.007335577543274001,0.0017279518176434203,0.5808241403843429,0.04333874376407022,0.007507413560108065,0.504700071267769,0.06305280174984118,0.007131023702526997,0.3994971261919886,8.332034328626002e-05,8.332034328626002e-05,0.9802393327795296
27640,0.007333225288003953,0.0017283517010393285,0.5809585549712029,0.0433274965719248,0.007509325582772786,0.5048286106065737,0.06304092399626748,0.007133042920634524,0.3996102476545952,8.33504990384447e-05,8.33504990384447e-05,0.9805941063346435
27650,0.007330873802649539,0.0017287514535495787,0.5810929255628835,0.0433162522288939,0.007511237121088038,0.5049571173840697,0.06302904834229346,0.0071350617818101095,0.39972334912101454,8.338065479062938e-05,8.338065479062938e-05,0.9809488798897573
27660,0.007328523087057352,0.0017291510752002505,0.5812272521681513,0.0433050107344083,0.007513148175150591,0.5050855916067624,0.0630171747875875,0.007137080286110124,0.3998364305944047,8.341081054281406e-05,8.341081054281406e-05,0.9813036534448712
27670,0.007326173141073986,0.0017295505660174229,0.5813615347957724,0.043293772087898745,0.007515058745057215,0.5052140332811572,0.063005303331818,0.007139098433590939,0.39994949207792374,8.344096629499874e-05,8.344096629499874e-05,0.9816584269999852
27680,0.007323823964546032,0.001729949926027175,0.5814957734545126,0.04328253628879599,0.007516968830904684,0.5053424424137603,0.06299343397465336,0.007141116224308927,0.4000625335747298,8.347112204718341e-05,8.347112204718341e-05,0.9820132005550989
27690,0.007321475557320085,0.001730349155255586,0.581629968153138,0.04327130333653081,0.007518878432789764,0.5054708190110765,0.062981566715762,0.00714313365832046,0.4001755550879809,8.350127779936809e-05,8.350127779936809e-05,0.9823679741102127
27700,0.007319127919242739,0.001730748253728735,0.581764118900415,0.04326007323053396,0.007520787550809229,0.505599163079612,0.0629697015548123,0.00714515073568191,0.4002885566208353,8.353143355155276e-05,8.353143355155276e-05,0.9827227476653264
27710,0.007316781050160586,0.0017311472214727008,0.5818982257051095,0.04324884597023619,0.007522696185059849,0.5057274746258722,0.06295783849147266,0.007147167456449648,0.4004015381764509,8.356158930373744e-05,8.356158930373744e-05,0.9830775212204403
27720,0.0073144349499202205,0.001731546058513563,0.5820322885759874,0.04323762155506827,0.0075246043356383945,0.5058557536563626,0.06294597752541148,0.007149183820680046,0.4005144997579858,8.359174505592212e-05,8.359174505592212e-05,0.9834322947755543
27730,0.007312089618368232,0.001731944764877401,0.5821663075218154,0.04322639998446097,0.007526512002641638,0.505984000177589,0.06293411865629718,0.007151199828429478,0.40062744136859824,8.36219008081068e-05,8.36219008081068e-05,0.9837870683306681
27740,0.00730974505535122,0.001732343340590293,0.5823002825513589,0.04321518125784504,0.007528419186166346,0.5061122141960568,0.06292226188379815,0.007153215479754314,0.40074036301144617,8.365205656029146e-05,8.365205656029146e-05,0.9841418418857818
27750,0.0073074012607157735,0.0017327417856783192,0.5824342136733845,0.04320396537465124,0.0075303258863092925,0.5062403957182717,0.06291040720758279,0.007155230774710925,0.4008532646896877,8.368221231247614e-05,8.368221231247614e-05,0.9844966154408957
27760,0.007305058234308487,0.001733140100167558,0.5825681008966581,0.043192752334310316,0.007532232103167248,0.5063685447507393,0.0628985546273195,0.007157245713355685,0.400966146406481,8.371236806466081e-05,8.371236806466081e-05,0.9848513889960094
27770,0.007302715975975952,0.0017335382840840885,0.5827019442299457,0.043181542136253054,0.007534137836836983,0.5064966612999652,0.06288670414267666,0.007159260295744966,0.40107900816498404,8.374252381684549e-05,8.374252381684549e-05,0.9852061625511234
27780,0.007300374485564765,0.0017339363374539905,0.5828357436820135,0.04317033477991021,0.007536043087415267,0.5066247453724548,0.0628748557533227,0.007161274521935138,0.40119184996835505,8.377267956903017e-05,8.377267956903017e-05,0.9855609361062372
27790,0.0072980337629215165,0.0017343342603033426,0.5829694992616278,0.04315913026471252,0.0075379478549988735,0.5067527969747141,0.06286300945892603,0.007163288391982574,0.4013046718197521,8.380283532121485e-05,8.380283532121485e-05,0.9859157096613511
27800,0.007295693807892802,0.0017347320526582242,0.5831032109775544,0.04314792859009078,0.00753985213968457,0.5068808161132483,0.06285116525915502,0.007165301905943645,0.4014174737223331,8.383299107339953e-05,8.383299107339953e-05,0.9862704832164649
27810,0.007293354620325214,0.0017351297145447144,0.5832368788385595,0.04313672975547572,0.007541755941569129,0.5070088027945632,0.06283932315367807,0.0071673150638747254,0.4015302556792564,8.386314682558421e-05,8.386314682558421e-05,0.9866252567715789
27820,0.007291016200065345,0.001735527245988892,0.583370502853409,0.043125533760298124,0.007543659260749322,0.5071367570251645,0.0628274831421636,0.007169327865832185,0.4016430176936798,8.389330257776888e-05,8.389330257776888e-05,0.9869800303266926
27830,0.007288678546959788,0.0017359246470168366,0.5835040830308694,0.043114340603988735,0.007545562097321918,0.5072646788115575,0.06281564522428001,0.007171340311872397,0.4017557597687617,8.392345832995356e-05,8.392345832995356e-05,0.9873348038818065
27840,0.007286341660855139,0.001736321917654627,0.5836376193797065,0.04310315028597832,0.0075474644513836885,0.5073925681602479,0.06280380939969568,0.007173352402051731,0.40186848190766,8.395361408213822e-05,8.395361408213822e-05,0.9876895774369202
27850,0.007284005541597988,0.0017367190579283425,0.5837711119086866,0.04309196280569764,0.007549366323031404,0.5075204250777413,0.06279197566807904,0.007175364136426561,0.40198118411353284,8.39837698343229e-05,8.39837698343229e-05,0.988044350992034
27860,0.007281670189034931,0.0017371160678640622,0.5839045606265755,0.04308077816257745,0.007551267712361837,0.5076482495705436,0.06278014402909846,0.00717737551505326,0.40209386638953837,8.401392558650758e-05,8.401392558650758e-05,0.988399124547148
27870,0.007279335603012558,0.0017375129474878654,0.5840379655421396,0.04306959635604851,0.007553168619471755,0.50777604164516,0.06276831448242237,0.007179386537988197,0.40220652873883456,8.404408133869226e-05,8.404408133869226e-05,0.9887538981022619
27880,0.007277001783377465,0.0017379096968258311,0.5841713266641448,0.0430584173855416,0.0075550690444579315,0.5079038013080961,0.06275648702771913,0.007181397205287745,0.40231917116457955,8.407423709087694e-05,8.407423709087694e-05,0.9891086716573757
27890,0.007274668729976246,0.0017383063159040386,0.5843046440013574,0.04304724125048746,0.007556968987417135,0.5080315285658578,0.0627446616646572,0.007183407517008276,0.4024317936699314,8.410439284306161e-05,8.410439284306161e-05,0.9894634452124894
27900,0.007272336442655493,0.0017387028047485668,0.5844379175625434,0.04303606795031685,0.007558868448446138,0.5081592234249503,0.06273283839290492,0.007185417473206163,0.40254439625804833,8.413454859524629e-05,8.413454859524629e-05,0.9898182187676033
27910,0.007270004921261798,0.0017390991633854948,0.5845711473564688,0.04302489748446054,0.007560767427641711,0.5082868858918796,0.06272101721213072,0.007187427073937776,0.4026569789320883,8.416470434743095e-05,8.416470434743095e-05,0.990172992322717
27920,0.007267674165641757,0.001739495391840902,0.5847043333918998,0.04301372985234928,0.007562665925100624,0.5084145159731511,0.06270919812200301,0.007189436319259488,0.4027695416952094,8.419486009961563e-05,8.419486009961563e-05,0.990527765877831
27930,0.007265344175641961,0.0017398914901408673,0.5848374756776025,0.04300256505341385,0.007564563940919648,0.5085421136752704,0.06269738112219017,0.007191445209227671,0.4028820845505698,8.422501585180031e-05,8.422501585180031e-05,0.9908825394329448
27940,0.007263014951109003,0.00174028745831147,0.5849705742223428,0.04299140308708499,0.007566461475195555,0.5086696790047431,0.0626855662123606,0.007193453743898697,0.40299460750132754,8.4255171603985e-05,8.4255171603985e-05,0.9912373129880587
27950,0.007260686491889478,0.0017406832963787892,0.5851036290348871,0.042980243952793463,0.007568358528025114,0.5087972119680748,0.06267375339218272,0.007195461923328936,0.4031071105506407,8.428532735616967e-05,8.428532735616967e-05,0.9915920865431725
27960,0.0072583587978299795,0.001741079004368904,0.5852366401240013,0.04296908764997004,0.0075702550995050966,0.5089247125717711,0.06266194266132491,0.007197469747574763,0.40321959370166743,8.431548310835434e-05,8.431548310835434e-05,0.9919468600982863
27970,0.0072560318687771,0.0017414745823078935,0.5853696074984516,0.04295793417804547,0.0075721511897322725,0.5090521808223376,0.06265013401945559,0.007199477216692549,0.40333205695756574,8.434563886053901e-05,8.434563886053901e-05,0.9923016336534001
27980,0.007253705704577432,0.0017418700302218371,0.585502531167004,0.042946783536450525,0.007574046798803414,0.5091796167262799,0.06263832746624315,0.007201484330738664,0.4034445003214938,8.437579461272369e-05,8.437579461272369e-05,0.9926564072085139
27990,0.00725138030507757,0.0017422653481368134,0.5856354111384247,0.04293563572461595,0.00757594192681529,0.5093070202901036,0.06262652300135597,0.007203491089769481,0.40355692379660957,8.440595036490837e-05,8.440595036490837e-05,0.9930111807636278
28000,0.007249055670124106,0.0017426605360789022,0.5857682474214797,0.04292449074197252,0.007577836573864674,0.5094343915203141,0.0626147206244625,0.007205497493841374,0.40366932738607136,8.443610611709305e-05,8.443610611709305e-05,0.9933659543187416
28010,0.007246731799563635,0.0017430555940741825,0.5859010400249353,0.042913348587950984,0.007579730740048335,0.5095617304234173,0.0626029203352311,0.007207503543010712,0.40378171109303707,8.446626186927773e-05,8.446626186927773e-05,0.9937207278738556
28020,0.00724440869324275,0.0017434505221487328,0.5860337889575572,0.04290220926198211,0.007581624425463042,0.5096890370059187,0.06259112213333018,0.007209509237333869,0.4038940749206649,8.44964176214624e-05,8.44964176214624e-05,0.9940755014289693
28030,0.007242086351008044,0.0017438453203286331,0.586166494228112,0.042891072763496664,0.00758351763020557,0.5098163112743239,0.06257932601842814,0.007211514576867214,0.40400641887211286,8.452657337364707e-05,8.452657337364707e-05,0.9944302749840832
28040,0.007239764772706108,0.001744239988639962,0.5862991558453654,0.04287993909192539,0.007585410354372685,0.5099435532351384,0.06256753199019338,0.007213519561667122,0.40411874295053907,8.455672912583174e-05,8.455672912583174e-05,0.9947850485391969
28050,0.007237443958183539,0.0017446345271087988,0.5864317738180835,0.042868808246699065,0.007587302598061161,0.5100707628948679,0.06255574004829431,0.007215524191789964,0.40423104715910163,8.458688487801642e-05,8.458688487801642e-05,0.9951398220943107
28060,0.007235123907286928,0.0017450289357612224,0.5865643481550327,0.04285768022724844,0.007589194361367768,0.5101979402600179,0.06254395019239933,0.007217528467292112,0.40434333150095864,8.46170406302011e-05,8.46170406302011e-05,0.9954945956494247
28070,0.00723280461986287,0.0017454232146233127,0.586696878864979,0.042846555033004274,0.007591085644389276,0.5103250853370941,0.06253216242217684,0.007219532388229937,0.40445559597926817,8.464719638238578e-05,8.464719638238578e-05,0.9958493692045385
28080,0.007230486095757956,0.001745817363721148,0.5868293659566883,0.04283543266339732,0.007592976447222457,0.5104521981326021,0.06252037673729521,0.007221535954659811,0.40456784059718826,8.467735213457046e-05,8.467735213457046e-05,0.9962041427596524
28090,0.00722816833481878,0.0017462113830808076,0.5869618094389268,0.04282431311785836,0.007594866769964081,0.5105792786530474,0.06250859313742288,0.007223539166638107,0.40468006535787715,8.470750788675513e-05,8.470750788675513e-05,0.9965589163147661
28100,0.007225851336891938,0.0017466052727283712,0.5870942093204609,0.04281319639581814,0.007596756612710918,0.5107063269049357,0.06249681162222824,0.007225542024221196,0.40479227026449277,8.473766363893981e-05,8.473766363893981e-05,0.99691368986988
28110,0.007223535101824019,0.0017469990326899171,0.587226565610056,0.04280208249670742,0.00759864597555974,0.5108333428947723,0.062485032191379686,0.007227544527465451,0.40490445532019337,8.476781939112447e-05,8.476781939112447e-05,0.9972684634249938
28120,0.007221219629461619,0.0017473926629915251,0.587358878316479,0.04279097141995697,0.007600534858607318,0.5109603266290633,0.06247325484454562,0.007229546676427243,0.40501662052813686,8.479797514330915e-05,8.479797514330915e-05,0.9976232369801076
28130,0.0072189049196513325,0.001747786163659274,0.5874911474484954,0.04277986316499754,0.00760242326195042,0.5110872781143139,0.06246147958139444,0.007231548471162943,0.4051287658914814,8.482813089549383e-05,8.482813089549383e-05,0.9979780105352215
28140,0.007216590972239748,0.0017481795347192432,0.5876233730148716,0.04276875773125989,0.00760431118568582,0.5112141973570299,0.06244970640159454,0.007233549911728926,0.4052408914133852,8.485828664767851e-05,8.485828664767851e-05,0.9983327840903354
28150,0.0072142777870734635,0.0017485727761975115,0.5877555550243736,0.042757655118174795,0.007606198629910288,0.5113410843637167,0.06243793530481434,0.00723555099818156,0.40535299709700623,8.488844239986318e-05,8.488844239986318e-05,0.9986875576454491
28160,0.007211965363999071,0.0017489658881201585,0.5878876934857675,0.04274655532517299,0.007608085594720594,0.5114679391408802,0.06242616629072223,0.00723755173057722,0.40546508294550254,8.491859815204787e-05,8.491859815204787e-05,0.9990423312005632
28170,0.007209653702863163,0.001749358870513263,0.5880197884078194,0.04273545835168526,0.007609972080213507,0.5115947616950256,0.0624143993589866,0.007239552108972276,0.4055771489620323,8.494875390423253e-05,8.494875390423253e-05,0.9993971047556767
28180,0.007207342803512332,0.001749751723402904,0.5881518397992954,0.04272436419714235,0.007611858086485802,0.5117215520326589,0.06240263450927586,0.007241552133423102,0.4056891951497536,8.497890965641722e-05,8.497890965641722e-05,0.9997518783107907
28190,0.007205032665793174,0.001750144446815161,0.5882838476689617,0.04271327286097504,0.007613743613634247,0.5118483101602854,0.062390871741258416,0.007243551803986067,0.40580122151182446,8.500906540860189e-05,8.500906540860189e-05,1.0001066518659045
28200,0.007202723289552279,0.0017505370407761129,0.5884158120255841,0.04270218434261405,0.007615628661755612,0.5119750360844109,0.062379111054602664,0.007245551120717546,0.4059132280514031,8.503922116078657e-05,8.503922116078657e-05,1.0004614254210185
28210,0.007200414674636243,0.0017509295053118388,0.5885477328779289,0.04269109864149019,0.007617513230946669,0.5121017298115408,0.06236735244897701,0.007247550083673908,0.4060252147716475,8.506937691297125e-05,8.506937691297125e-05,1.0008161989761322
28220,0.0071981068208916595,0.0017513218404484185,0.5886796102347625,0.04268001575703419,0.00761939732130419,0.5122283913481808,0.06235559592404983,0.007249548692911527,0.40613718167571583,8.509953266515593e-05,8.509953266515593e-05,1.001170972531246
28230,0.0071957997281651195,0.0017517140462119303,0.5888114441048504,0.042668935688676815,0.007621280932924943,0.5123550207008364,0.062343841479489556,0.007251546948486775,0.4062491287667661,8.51296884173406e-05,8.51296884173406e-05,1.0015257460863598
28240,0.007193493396303218,0.0017521061226284534,0.5889432344969591,0.04265785843584882,0.007623164065905702,0.5124816178760135,0.06233208911496457,0.007253544850456022,0.4063610560479564,8.515984416952527e-05,8.515984416952527e-05,1.0018805196414737
28250,0.007191187825152547,0.0017524980697240676,0.5890749814198546,0.04264678399798099,0.007625046720343234,0.5126081828802174,0.062320338830143276,0.007255542398875641,0.4064729635224449,8.518999992170994e-05,8.518999992170994e-05,1.0022352931965874
28260,0.007188883014559701,0.0017528898875248512,0.5892066848823029,0.04263571237450406,0.007626928896334312,0.5127347157199537,0.062308590624694085,0.0072575395938020044,0.4065848511933896,8.522015567389462e-05,8.522015567389462e-05,1.0025900667517014
28270,0.007186578964371273,0.001753281576056884,0.5893383448930702,0.042624643564848796,0.007628810593975707,0.5128612164017281,0.062296844498285375,0.007259536435291484,0.40669671906394866,8.52503114260793e-05,8.52503114260793e-05,1.0029448403068153
28280,0.007184275674433855,0.001753673135346245,0.5894699614609226,0.04261357756844596,0.007630691813364189,0.5129876849320463,0.06228510045058558,0.007261532923400451,0.40680856713728014,8.528046717826398e-05,8.528046717826398e-05,1.003299613861929
28290,0.007181973144594043,0.0017540645654190133,0.5896015345946263,0.042602514384726314,0.007632572554596527,0.5131141213174135,0.062273358481263065,0.007263529058185277,0.4069203954165422,8.531062293044866e-05,8.531062293044866e-05,1.003654387417043
28300,0.007179671374698427,0.001754455866301268,0.5897330643029471,0.04259145401312063,0.007634452817769496,0.5132405255643359,0.062261618589986245,0.007265524839702336,0.40703220390489275,8.534077868263333e-05,8.534077868263333e-05,1.0040091609721566
28310,0.007177370364593603,0.0017548470380190878,0.5898645505946513,0.04258039645305964,0.007636332602979864,0.5133668976793185,0.06224988077642353,0.007267520268007998,0.4071439926054901,8.5370934434818e-05,8.5370934434818e-05,1.0043639345272706
28320,0.007175070114126164,0.0017552380805985527,0.5899959934785051,0.042569341703974126,0.0076382119103244,0.5134932376688671,0.06223814504024331,0.007269515343158636,0.40725576152149223,8.540109018700267e-05,8.540109018700267e-05,1.0047187080823843
28330,0.007172770623142701,0.0017556289940657411,0.5901273929632742,0.04255828976529484,0.00764009073989988,0.5136195455394876,0.06222641138111398,0.007271510065210621,0.4073675106560572,8.543124593918735e-05,8.543124593918735e-05,1.0050734816374982
28340,0.00717047189148981,0.0017560197784467326,0.5902587490577251,0.042547240636452544,0.007641969091803069,0.5137458212976852,0.06221467979870396,0.007273504434220325,0.40747924001234315,8.546140169137203e-05,8.546140169137203e-05,1.0054282551926121
28350,0.0071681739190140835,0.0017564104337676064,0.5903900617706239,0.04253619431687801,0.007643846966130741,0.5138720649499656,0.06220295029268163,0.0072754984502441215,0.4075909495935082,8.549155744355671e-05,8.549155744355671e-05,1.005783028747726
28360,0.007165876705562114,0.001756800960054441,0.5905213311107365,0.042525150806001985,0.007645724362979665,0.5139982765028346,0.0621912228627154,0.00727749211333838,0.4077026394027104,8.552171319574139e-05,8.552171319574139e-05,1.0061378023028398
28370,0.007163580250980494,0.0017571913573333165,0.5906525570868291,0.04251411010325522,0.007647601282446615,0.5141244559627975,0.06217949750847367,0.007279485423559474,0.4078143094431078,8.555186894792606e-05,8.555186894792606e-05,1.0064925758579535
28380,0.007161284555115819,0.0017575816256303113,0.5907837397076676,0.042503072208068496,0.007649477724628357,0.5142506033363601,0.06216777422962484,0.0072814783809637745,0.40792595971785856,8.558202470011074e-05,8.558202470011074e-05,1.0068473494130674
28390,0.007158989617814682,0.0017579717649715046,0.5909148789820183,0.04249203711987257,0.007651353689621666,0.5143767186300279,0.06215605302583732,0.007283470985607654,0.40803759023012065,8.56121804522954e-05,8.56121804522954e-05,1.0072021229681811
28400,0.0071566954389236746,0.0017583617753829757,0.5910459749186472,0.04248100483809819,0.00765322917752331,0.5145028018503065,0.06214433389677949,0.007285463237547485,0.4081492009830524,8.564233620448009e-05,8.564233620448009e-05,1.007556896523295
28410,0.0071544020182893915,0.0017587516568908037,0.5911770275263205,0.04246997536217612,0.007655104188430061,0.5146288530037015,0.062132616842119764,0.007287455136839638,0.40826079197981163,8.567249195666477e-05,8.567249195666477e-05,1.007911670078409
28420,0.007152109355758427,0.001759141409521068,0.5913080368138043,0.04245894869153713,0.0076569787224386905,0.5147548720967187,0.062120901861526544,0.007289446683540486,0.40837236322355663,8.570264770884945e-05,8.570264770884945e-05,1.008266443633523
28430,0.007149817451177372,0.0017595310332998472,0.5914390027898645,0.04244792482561197,0.0076588527796459666,0.5148808591358632,0.06210918895466822,0.0072914378777064,0.4084839147174454,8.573280346103411e-05,8.573280346103411e-05,1.0086212171886366
28440,0.00714752630439282,0.001759920528253221,0.5915699254632676,0.04243690376383141,0.007660726360148663,0.5150068141276412,0.062097478121213204,0.007293428719393754,0.4085954464646361,8.576295921321879e-05,8.576295921321879e-05,1.0089759907437503
28450,0.007145235915251366,0.0017603098944072681,0.5917008048427792,0.042425885505626204,0.0076625994640435475,0.5151327370785578,0.06208576936082989,0.0072954192086589174,0.4087069584682867,8.579311496540346e-05,8.579311496540346e-05,1.0093307642988643
28460,0.007142946283599602,0.0017606991317880682,0.5918316409371658,0.04241487005042711,0.007664472091427394,0.5152586279951188,0.062074062673186686,0.007297409345558262,0.4088184507315553,8.582327071758814e-05,8.582327071758814e-05,1.009685537853978
28470,0.007140657409284122,0.0017610882404216998,0.5919624337551932,0.04240385739766489,0.007666344242396971,0.5153844868838299,0.062062358057951975,0.007299399130148162,0.40892992325760014,8.585342646977282e-05,8.585342646977282e-05,1.010040311409092
28480,0.007138369292151519,0.0017614772203342422,0.5920931833056277,0.04239284754677031,0.00766821591704905,0.5155103137511965,0.062050655514794176,0.007301388562484988,0.4090413760495792,8.58835822219575e-05,8.58835822219575e-05,1.0103950849642058
28490,0.007136081932048387,0.0017618660715517749,0.5922238895972352,0.042381840497174125,0.007670087115480401,0.5156361086037244,0.06203895504338168,0.007303377642625113,0.4091528091106506,8.591373797414218e-05,8.591373797414218e-05,1.0107498585193198
28500,0.007133795328821317,0.0017622547941003766,0.592354552638782,0.04237083624830709,0.007671957837787797,0.5157618714479191,0.06202725664338289,0.007305366370624906,0.4092642224439723,8.594389372632686e-05,8.594389372632686e-05,1.0111046320744335
28510,0.007131509482316905,0.0017626433880061267,0.5924851724390341,0.04235983479959998,0.007673828084068005,0.515887602290286,0.062015560314466214,0.007307354746540743,0.4093756160527027,8.597404947851153e-05,8.597404947851153e-05,1.0114594056295474
28520,0.007129224392381743,0.0017630318532951043,0.5926157490067577,0.04234883615048354,0.007675697854417799,0.5160133011373309,0.06200386605630004,0.007309342770428991,0.4094869899399995,8.600420523069619e-05,8.600420523069619e-05,1.011814179184661
28530,0.007126940058862424,0.0017634201899933886,0.5927462823507188,0.04233784030038855,0.007677567148933949,0.5161389679955596,0.06199217386855277,0.007311330442346027,0.40959834410902113,8.603436098288087e-05,8.603436098288087e-05,1.0121689527397748
28540,0.007124656481605542,0.0017638083981270582,0.5928767724796834,0.04232684724874575,0.007679435967713224,0.5162646028714772,0.06198048375089281,0.007313317762348221,0.40970967856292556,8.606451673506555e-05,8.606451673506555e-05,1.0125237262948887
28550,0.00712237366045769,0.0017641964777221932,0.5930072194024179,0.04231585699498591,0.0076813043108523976,0.5163902057715897,0.061968795702988556,0.007315304730491944,0.4098209933048708,8.609467248725023e-05,8.609467248725023e-05,1.0128784998500027
28560,0.0071200915952654605,0.0017645844288048718,0.593137623127688,0.04230486953853979,0.007683172178448237,0.5165157767024025,0.061957109724508415,0.007317291346833567,0.409932288338015,8.61248282394349e-05,8.61248282394349e-05,1.0132332734051164
28570,0.0071178102858754505,0.001764972251401174,0.5932679836642601,0.042293884878838145,0.007685039570597518,0.5166413156704213,0.06194542581512079,0.007319277611429465,0.41004356366551625,8.615498399161959e-05,8.615498399161959e-05,1.0135880469602305
28580,0.007115529732134249,0.0017653599455371783,0.5933983010209002,0.04228290301531174,0.007686906487397006,0.5167668226821516,0.06193374397449406,0.0073212635243360075,0.41015481929053266,8.618513974380424e-05,8.618513974380424e-05,1.013942820515344
28590,0.0071132499338884495,0.0017657475112389642,0.5935285752063745,0.042271923947391335,0.007688772928943475,0.5168922977440991,0.06192206420229665,0.0073232490856095685,0.41026605521622234,8.621529549598894e-05,8.621529549598894e-05,1.014297594070458
28600,0.0071109708909846475,0.0017661349485326105,0.5936588062294489,0.04226094767450769,0.007690638895333694,0.5170177408627693,0.061910386498196954,0.007325234295306517,0.41037727144574326,8.62454512481736e-05,8.62454512481736e-05,1.0146523676255716
28610,0.007108692603269434,0.0017665222574441966,0.5937889940988895,0.04224997419609157,0.007692504386664436,0.5171431520446679,0.061898710861863354,0.007327219153483227,0.41048846798225364,8.627560700035829e-05,8.627560700035829e-05,1.0150071411806856
28620,0.0071064150705894055,0.0017669094379998015,0.5939191388234626,0.042239003511573725,0.007694369403032468,0.5172685312963002,0.061887037292964284,0.00732920366019607,0.4105996448289115,8.630576275254297e-05,8.630576275254297e-05,1.0153619147357995
28630,0.007104138292791154,0.0017672964902255045,0.5940492404119342,0.04222803562038493,0.007696233944534565,0.5173938786241724,0.06187536579116812,0.007331187815501418,0.410710801988875,8.633591850472765e-05,8.633591850472765e-05,1.0157166882909134
28640,0.00710186226972127,0.0017676834141473847,0.5941792988730704,0.042217070521955925,0.007698098011267495,0.5175191940347895,0.06186369635614326,0.0073331716194556425,0.4108219394653021,8.636607425691231e-05,8.636607425691231e-05,1.0160714618460271
28650,0.00709958700122635,0.001768070209791521,0.5943093142156373,0.04220610821571749,0.007699961603328029,0.5176444775346573,0.06185202898755813,0.007335155072115116,0.41093305726135104,8.639623000909699e-05,8.639623000909699e-05,1.016426235401141
28660,0.007097312487152986,0.0017684568771839928,0.5944392864484008,0.042195148701100374,0.00770182472081294,0.5177697291302815,0.0618403636850811,0.007337138173536211,0.41104415538017985,8.642638576128166e-05,8.642638576128166e-05,1.0167810089562548
28670,0.007095038727347772,0.001768843416350879,0.5945692155801274,0.04218419197753534,0.007703687363818994,0.5178949488281676,0.0618287004483806,0.007339120923775298,0.4111552338249467,8.645654151346634e-05,8.645654151346634e-05,1.0171357825113687
28680,0.007092765721657301,0.0017692298273182592,0.594699101619583,0.04217323804445315,0.007705549532442967,0.5180201366348213,0.061817039277124994,0.007341103322888749,0.4112662925988094,8.648669726565102e-05,8.648669726565102e-05,1.0174905560664824
28690,0.007090493469928166,0.0017696161101122122,0.5948289445755335,0.04216228690128456,0.007707411226781626,0.5181452925567479,0.06180538017098272,0.007343085370932936,0.4113773317049264,8.65168530178357e-05,8.65168530178357e-05,1.0178453296215964
28700,0.00708822197200696,0.0017700022647588174,0.5949587444567452,0.04215133854746034,0.007709272446931746,0.5182704166004534,0.061793723129622155,0.007345067067964232,0.4114883511464556,8.654700877002038e-05,8.654700877002038e-05,1.0182001031767103
28710,0.007085951227740278,0.0017703882912841534,0.5950885012719843,0.042140392982411234,0.007711133192990091,0.518395508772443,0.061782068152711714,0.007347048414039008,0.4115993509265551,8.657716452220504e-05,8.657716452220504e-05,1.018554876731824
28720,0.007083681236974711,0.0017707741897142995,0.5952182150300166,0.04212945020556802,0.007712993465053438,0.5185205690792226,0.061770415239919774,0.007349029409213636,0.41171033104838295,8.660732027438972e-05,8.660732027438972e-05,1.018909650286938
28730,0.007081411999556853,0.0017711599600753354,0.5953478857396085,0.042118510216361454,0.007714853263218555,0.5186455975272978,0.06175876439091477,0.007351010053544488,0.4118212915150974,8.663747602657439e-05,8.663747602657439e-05,1.0192644238420516
28740,0.007079143515333298,0.0017715456023933397,0.5954775134095259,0.042107573014222285,0.007716712587582214,0.5187705941231741,0.06174711560536507,0.007352990347087937,0.4119322323298564,8.666763177875907e-05,8.666763177875907e-05,1.0196191973971656
28750,0.00707687578415064,0.0017719311166943916,0.595607098048535,0.04209663859858129,0.007718571438241183,0.5188955588733568,0.06173546888293909,0.007354970289900353,0.4120431534958181,8.669778753094375e-05,8.669778753094375e-05,1.0199739709522793
28760,0.0070746088058554705,0.0017723165030045706,0.5957366396654018,0.04208570696886921,0.007720429815292237,0.5190204917843521,0.06172382422330524,0.007356949882038107,0.41215405501614044,8.672794328312843e-05,8.672794328312843e-05,1.0203287445073932
28770,0.007072342580294383,0.0017727017613499553,0.5958661382688925,0.04207477812451682,0.007722287718832143,0.5191453928626649,0.0617121816261319,0.007358929123557576,0.41226493689398186,8.675809903531311e-05,8.675809903531311e-05,1.0206835180625071
28780,0.007070077107313971,0.0017730868917566252,0.5959955938677731,0.042063852064954874,0.007724145148957673,0.5192702621148015,0.06170054109108748,0.007360908014515126,0.41237579913250005,8.678825478749779e-05,8.678825478749779e-05,1.021038291617621
28790,0.00706781238676083,0.0017734718942506596,0.5961250064708099,0.04205292878961414,0.007726002105765599,0.519395099547267,0.06168890261784038,0.007362886554967134,0.41248664173485344,8.681841053968246e-05,8.681841053968246e-05,1.0213930651727348
28800,0.00706554841848155,0.001773856768858137,0.5962543760867687,0.04204200829792537,0.007727858589352689,0.5195199051665672,0.06167726620605901,0.007364864744969966,0.41259746470419983,8.684856629186712e-05,8.684856629186712e-05,1.0217478387278485
28810,0.007063285202322725,0.0017742415156051371,0.5963837027244158,0.04203109058931933,0.007729714599815717,0.5196446789792079,0.061665631855411754,0.00736684258458,0.4127082680436975,8.68787220440518e-05,8.68787220440518e-05,1.0221026122829624
28820,0.0070610227381309515,0.0017746261345177388,0.5965129863925172,0.04202017566322678,0.00773157013725145,0.5197694209916941,0.061653999565567025,0.007368820073853605,0.4128190517565045,8.690887779623648e-05,8.690887779623648e-05,1.022457385838076
28830,0.007058761025752819,0.0017750106256220212,0.596642227099839,0.04200926351907847,0.007733425201756662,0.5198941312105319,0.06164236933619321,0.007370797212847153,0.4129298158457789,8.693903354842116e-05,8.693903354842116e-05,1.02281215939319
28840,0.007056500065034922,0.0017753949889440638,0.5967714248551474,0.04199835415630518,0.007735279793428122,0.5200188096422267,0.06163074116695872,0.007372774001617016,0.4130405603146788,8.696918930060583e-05,8.696918930060583e-05,1.0231669329483037
28850,0.007054239855823853,0.0017757792245099455,0.5969005796672084,0.04198744757433765,0.007737133912362602,0.5201434562932841,0.061619115057531954,0.007374750440219565,0.4131512851663622,8.699934505279052e-05,8.699934505279052e-05,1.023521706503418
28860,0.007051980397966207,0.001776163332345745,0.5970296915447882,0.04197654377260665,0.007738987558656872,0.5202680711702098,0.06160749100758132,0.007376726528711175,0.4132619904039874,8.702950080497518e-05,8.702950080497518e-05,1.0238764800585314
28870,0.0070497216913085765,0.0017765473124775424,0.5971587604966528,0.04196564275054294,0.007740840732407703,0.5203926542795094,0.061595869016775204,0.007378702267148214,0.4133726760307123,8.705965655715987e-05,8.705965655715987e-05,1.0242312536136455
28880,0.007047463735697555,0.001776931164931416,0.5972877865315683,0.041954744507577274,0.007742693433711865,0.5205172056276883,0.06158424908478201,0.007380677655587056,0.41348334204969506,8.708981230934454e-05,8.708981230934454e-05,1.0245860271687592
28890,0.007045206530979736,0.0017773148897334454,0.5974167696583009,0.04194384904314043,0.00774454566266613,0.5206417252212523,0.06157263121127014,0.007382652694084073,0.41359398846409373,8.711996806152922e-05,8.711996806152922e-05,1.0249408007238732
28900,0.0070429500770017115,0.0017776984869097095,0.5975457098856166,0.04193295635666315,0.007746397419367267,0.5207662130667069,0.06156101539590801,0.007384627382695638,0.41370461527706653,8.71501238137139e-05,8.71501238137139e-05,1.0252955742789869
28910,0.007040694373610076,0.0017780819564862877,0.5976746072222815,0.0419220664475762,0.0077482487039120486,0.5208906691705578,0.06154940163836399,0.00738660172147812,0.41381522249177144,8.718027956589858e-05,8.718027956589858e-05,1.0256503478341008
28920,0.007038439420651422,0.0017784652984892588,0.5978034616770618,0.04191117931531034,0.007750099516397244,0.5210150935393104,0.061537789938306504,0.007388575710487892,0.4139258101113665,8.721043531808324e-05,8.721043531808324e-05,1.0260051213892145
28930,0.007036185217972344,0.0017788485129447019,0.5979322732587233,0.04190029495929634,0.007751949856919625,0.5211394861794705,0.061526180295403944,0.007390549349781328,0.41403637813900995,8.724059107026792e-05,8.724059107026792e-05,1.0263598949443284
28940,0.007033931765419434,0.0017792315998786967,0.5980610419760325,0.04188941337896494,0.007753799725575962,0.5212638470975436,0.061514572709324714,0.0073925226394147975,0.4141469265778598,8.727074682245259e-05,8.727074682245259e-05,1.0267146684994422
28950,0.007031679062839285,0.0017796145593173217,0.5981897678377551,0.04187853457374693,0.007755649122463024,0.5213881763000351,0.06150296717973722,0.007394495579444673,0.4142574554310741,8.730090257463727e-05,8.730090257463727e-05,1.027069442054556
28960,0.007029427110078493,0.0017799973912866565,0.5983184508526576,0.04186765854307303,0.0077574980476775865,0.5215124737934511,0.06149136370630984,0.007396468169927327,0.4143679647018111,8.733105832682195e-05,8.733105832682195e-05,1.02742421560967
28970,0.007027175906983649,0.0017803800958127803,0.5984470910295059,0.041856785286374036,0.007759346501316416,0.5216367395842968,0.06147976228871099,0.0073984404109191295,0.41447845439322856,8.736121407900663e-05,8.736121407900663e-05,1.0277789891647837
28980,0.0070249254534013456,0.0017807626729217717,0.598575688377066,0.0418459148030807,0.007761194483476284,0.5217609736790778,0.061468162926609074,0.007400412302476456,0.4145889245084849,8.739136983119131e-05,8.739136983119131e-05,1.0281337627198976
28990,0.007022675749178179,0.00178114512263971,0.5987042429041042,0.04183504709262377,0.007763041994253962,0.5218851760842999,0.0614565656196725,0.007402383844655675,0.41469937505073806,8.742152558337598e-05,8.742152558337598e-05,1.0284885362750114
29000,0.007020426794160739,0.0017815274449926749,0.5988327546193865,0.041824182154434016,0.00776488903374622,0.5220093468064685,0.06144497036756964,0.00740435503751316,0.4148098060231462,8.745168133556066e-05,8.745168133556066e-05,1.0288433098301253
29010,0.007018178588195621,0.001781909640006745,0.5989612235316789,0.041813319987942195,0.0077667356020498296,0.5221334858520893,0.06143337716996892,0.0074063258811052825,0.41492021742886737,8.748183708774532e-05,8.748183708774532e-05,1.029198083385239
29020,0.007015931131129418,0.0017822917077079995,0.5990896496497476,0.04180246059257907,0.00776858169926156,0.5222575932276678,0.06142178602653872,0.007408296375488415,0.4150306092710596,8.751199283993e-05,8.751199283993e-05,1.029552856940353
29030,0.007013684422808723,0.0017826736481225177,0.5992180329823589,0.0417916039677754,0.007770427325478184,0.5223816689397098,0.061410196936947464,0.0074102665207189285,0.41514098155288115,8.754214859211468e-05,8.754214859211468e-05,1.0299076304954669
29040,0.00701143846308013,0.0017830554612763786,0.5993463735382785,0.041780750112961944,0.007772272480796472,0.5225057129947207,0.06139860990086354,0.007412236316853196,0.41525133427748995,8.757230434429936e-05,8.757230434429936e-05,1.0302624040505806
29050,0.007009193251790231,0.0017834371471956614,0.5994746713262726,0.04176989902756947,0.007774117165313193,0.5226297253992062,0.06138702491795535,0.007414205763947588,0.4153616674480441,8.760246009648403e-05,8.760246009648403e-05,1.0306171776056945
29060,0.007006948788785621,0.001783818705906445,0.5996029263551075,0.04175905071102873,0.007775961379125118,0.5227537061596718,0.06137544198789129,0.007416174862058478,0.41547198106770183,8.763261584866871e-05,8.763261584866871e-05,1.0309719511608082
29070,0.007004705073912891,0.0017842001374348089,0.5997311386335491,0.041748205162770474,0.007777805122329021,0.5228776552826232,0.06136386111033977,0.007418143611242238,0.41558227513962115,8.766277160085338e-05,8.766277160085338e-05,1.031326724715922
29080,0.007002462107018637,0.0017845814418068324,0.5998593081703638,0.04173736238222549,0.007779648395021669,0.5230015727745659,0.06135228228496918,0.007420112011555237,0.41569254966696007,8.769292735303806e-05,8.769292735303806e-05,1.0316814982710358
29090,0.007000219887949451,0.0017849626190485938,0.5999874349743173,0.041726522368824515,0.007781491197299835,0.5231254586420057,0.061340705511447935,0.00742208006305385,0.4158028046528767,8.772308310522274e-05,8.772308310522274e-05,1.0320362718261498
29100,0.006997978416551925,0.001785343669186173,0.6001155190541758,0.04171568512199832,0.007783333529260288,0.5232493128914478,0.06132913078944441,0.007424047765794448,0.4159130401005293,8.775323885740742e-05,8.775323885740742e-05,1.0323910453812637
29110,0.006995737692672654,0.0017857245922456493,0.6002435604187055,0.04170485064117766,0.0077851753909998,0.5233731355293982,0.06131755811862703,0.007426015119833403,0.4160232560130758,8.77833946095921e-05,8.77833946095921e-05,1.0327458189363776
29120,0.006993497716158231,0.0017861053882531012,0.6003715590766726,0.0416940189257933,0.007787016782615141,0.5234969265623624,0.061305987498664186,0.007427982125227087,0.41613345239367433,8.781355036177678e-05,8.781355036177678e-05,1.0331005924914913
29130,0.00699125848685525,0.001786486057234608,0.600499515036843,0.04168318997527601,0.007788857704203081,0.5236206859968456,0.061294418929224284,0.007429948782031871,0.41624362924548297,8.784370611396144e-05,8.784370611396144e-05,1.033455366046605
29140,0.006989020004610303,0.001786866599216249,0.6006274283079828,0.041672363789056525,0.007790698155860394,0.5237444138393541,0.06128285240997571,0.007431915090304128,0.41635378657165983,8.787386186614611e-05,8.787386186614611e-05,1.0338101396017187
29150,0.006986782269269983,0.0017872470142241033,0.6007552988988583,0.04166154036656562,0.007792538137683847,0.5238681100963929,0.06127128794058688,0.007433881050100229,0.41646392437536295,8.790401761833079e-05,8.790401761833079e-05,1.0341649131568327
29160,0.006984545280680885,0.0017876273022842501,0.6008831268182353,0.04165071970723406,0.007794377649770213,0.5239917747744681,0.061259725520726185,0.007435846661476547,0.4165740426597505,8.793417337051547e-05,8.793417337051547e-05,1.0345196867119466
29170,0.0069823090386896,0.0017880074634227684,0.6010109120748801,0.0416399018104926,0.007796216692216262,0.5241154078800847,0.06124816515006204,0.007437811924489453,0.41668414142798055,8.796432912270015e-05,8.796432912270015e-05,1.0348744602670605
29180,0.006980073543142723,0.0017883874976657374,0.6011386546775587,0.041629086675772,0.007798055265118764,0.5242390094197488,0.06123660682826282,0.007439776839195318,0.4167942206832111,8.799448487488483e-05,8.799448487488483e-05,1.0352292338221745
29190,0.006977838793886848,0.0017887674050392362,0.6012663546350373,0.04161827430250302,0.007799893368574489,0.5243625793999657,0.061225050554996954,0.007441741405650517,0.4169042804286004,8.80246406270695e-05,8.80246406270695e-05,1.0355840073772882
29200,0.006975604790768566,0.0017891471855693442,0.6013940119560821,0.04160746469011641,0.007801731002680213,0.5244861178272412,0.061213496329932816,0.007443705623911419,0.4170143206673064,8.805479637925418e-05,8.805479637925418e-05,1.035938780932402
29210,0.0069733715336344725,0.0017895268392821401,0.6015216266494589,0.04159665783804295,0.0078035681675327,0.5246096247080806,0.06120194415273883,0.007445669494034397,0.4171243414024872,8.808495213143884e-05,8.808495213143884e-05,1.0362935544875158
29220,0.006971139022331158,0.0017899063662037036,0.601649198723934,0.0415858537457134,0.007805404863228725,0.5247331000489898,0.06119039402308338,0.007447633016075823,0.417234342637301,8.811510788362352e-05,8.811510788362352e-05,1.0366483280426295
29230,0.0069689072567052195,0.0017902857663601131,0.6017767281882733,0.0415750524125585,0.007807241089865058,0.5248565438564744,0.06117884594063487,0.00744959619009207,0.4173443243749059,8.81452636358082e-05,8.81452636358082e-05,1.0370031015977434
29240,0.006966676236603247,0.0017906650397774486,0.6019042150512431,0.041564253838009026,0.007809076847538467,0.5249799561370397,0.06116729990506171,0.007451559016139508,0.41745428661845985,8.817541938799288e-05,8.817541938799288e-05,1.0373578751528574
29250,0.006964445961871836,0.0017910441864817882,0.6020316593216094,0.04155345802149574,0.007810912136345727,0.5251033368971917,0.06115575591603229,0.007453521494274509,0.417564229371121,8.820557514017756e-05,8.820557514017756e-05,1.0377126487079713
29260,0.00696221643235758,0.0017914232064992121,0.6021590610081385,0.04154266496244939,0.007812746956383607,0.5252266861434356,0.06114421397321501,0.007455483624553446,0.4176741526360474,8.823573089236224e-05,8.823573089236224e-05,1.0380674222630852
29270,0.006959987647907069,0.0017918020998557989,0.6022864201195962,0.04153187466030075,0.007814581307748876,0.5253500038822774,0.06113267407627827,0.007457445407032691,0.4177840564163972,8.826588664454691e-05,8.826588664454691e-05,1.038422195818199
29280,0.0069577596083668985,0.0017921808665776276,0.6024137366647487,0.04152108711448056,0.007816415190538306,0.5254732901202221,0.06112113622489049,0.007459406841768615,0.4178939407153286,8.829604239673159e-05,8.829604239673159e-05,1.0387769693733127
29290,0.006955532313583663,0.0017925595066907774,0.6025410106523621,0.041510302324419615,0.007818248604848668,0.5255965448637758,0.061109600418720045,0.0074613679288175905,0.4180038055359995,8.832619814891626e-05,8.832619814891626e-05,1.0391317429284264
29300,0.006953305763403955,0.001792938020221328,0.6026682420912026,0.04149952028954864,0.007820081550776733,0.5257197681194441,0.061098066657435356,0.007463328668235989,0.418113650881568,8.835635390110094e-05,8.835635390110094e-05,1.0394865164835403
29310,0.0069510799576743675,0.001793316407195358,0.6027954309900363,0.04148874100929842,0.007821914028419271,0.5258429598937325,0.061086534940704804,0.007465289060080182,0.4182234767551923,8.838650965328562e-05,8.838650965328562e-05,1.0398412900386542
29320,0.0069488548962414924,0.0017936946676389465,0.602922577357629,0.04147796448309969,0.007823746037873053,0.5259661201931464,0.0610750052681968,0.007467249104406543,0.41833328316003043,8.84166654054703e-05,8.84166654054703e-05,1.0401960635937681
29330,0.006946630578951926,0.001794072801578173,0.6030496812027472,0.04146719071038324,0.007825577579234851,0.5260892490241916,0.06106347763957974,0.007469208801271443,0.41844307009924053,8.844682115765496e-05,8.844682115765496e-05,1.0405508371488819
29340,0.006944407005652258,0.0017944508090391165,0.6031767425341568,0.04145641969057981,0.007827408652601436,0.5262123463933738,0.06105195205452203,0.007471168150731252,0.41855283757598055,8.847697690983964e-05,8.847697690983964e-05,1.0409056107039958
29350,0.006942184176189085,0.0017948286900478561,0.6033037613606238,0.041445651423120164,0.007829239258069574,0.5263354123071982,0.06104042851269208,0.007473127152842346,0.41866258559340874,8.850713266202431e-05,8.850713266202431e-05,1.0412603842591095
29360,0.006939962090408998,0.0017952064446304706,0.6034307376909144,0.041434885907435076,0.00783106939573604,0.5264584467721708,0.061028907013758266,0.007475085807661094,0.41877231415468313,8.853728841420899e-05,8.853728841420899e-05,1.0416151578142234
29370,0.006937740722922569,0.0017955840771031637,0.6035576729758533,0.04142412309983918,0.007832899073027342,0.5265814502875523,0.0610173875525122,0.007477044116072923,0.4188820233094075,8.856744416639368e-05,8.856744416639368e-05,1.0419699313693374
29380,0.006935519991405114,0.0017959616014611313,0.6036845719197079,0.0414133628594107,0.007834728313900183,0.5267044244638778,0.06100587011277044,0.0074790020808290225,0.4189917132117099,8.859759991857835e-05,8.859759991857835e-05,1.042324704924451
29390,0.00693329988941241,0.001796339018799891,0.6038114348907196,0.04140260517491346,0.007836557120264714,0.5268273694295605,0.0609943546930442,0.007480959702182483,0.41910138387576934,8.862775567076303e-05,8.862775567076303e-05,1.042679478479565
29400,0.006931080416846258,0.0017967163291361366,0.6039382618944996,0.041391850045955116,0.007838385492187632,0.5269502851890844,0.06098284129307216,0.00748291698017773,0.4192110353040745,8.865791142294771e-05,8.865791142294771e-05,1.043034252034679
29410,0.006928861573608459,0.0017970935324865625,0.6040650529366596,0.0413810974721433,0.007840213429735642,0.5270731717469339,0.06097132991259299,0.007484873914859188,0.4193206674991142,8.868806717513239e-05,8.868806717513239e-05,1.0433890255897926
29420,0.0069266433596008115,0.0017974706288678625,0.6041918080228109,0.04137034745308566,0.00784204093297544,0.5271960291075924,0.06095982055134538,0.0074868305062712835,0.41943028046337727,8.871822292731705e-05,8.871822292731705e-05,1.0437437991449066
29430,0.006924425774725115,0.0017978476182967309,0.6043185271585649,0.041359599988389846,0.007843868001973727,0.5273188572755446,0.06094831320906798,0.00748878675445844,0.41953987419935235,8.874837867950173e-05,8.874837867950173e-05,1.0440985727000203
29440,0.0069222088188831705,0.0017982245007898616,0.6044452103495332,0.0413488550776635,0.007845694636797207,0.5274416562552743,0.060936807885499496,0.007490742659465083,0.41964944870952847,8.877853443168641e-05,8.877853443168641e-05,1.0444533462551342
29450,0.006919992491976777,0.0017986012763639486,0.6045718576013273,0.041338112720514256,0.007847520837512579,0.5275644260512657,0.06092530458037858,0.007492698221335639,0.4197590039963943,8.880869018387108e-05,8.880869018387108e-05,1.044808119810248
29460,0.006917776793907733,0.001798977945035686,0.6046984689195583,0.04132737291654976,0.007849346604186543,0.5276871666680029,0.060913803293443924,0.00749465344011453,0.4198685400624387,8.883884593605576e-05,8.883884593605576e-05,1.0451628933653618
29470,0.0069155617245778385,0.001799354506821768,0.6048250443098379,0.04131663566537766,0.0078511719368858,0.5278098781099697,0.060902304024434195,0.007496608315846184,0.4199780569101504,8.886900168824044e-05,8.886900168824044e-05,1.0455176669204758
29480,0.006913347283888894,0.0017997309617388884,0.6049515837777776,0.0413059009666056,0.00785299683567705,0.5279325603816503,0.060890806773088064,0.007498562848575026,0.42008755454201824,8.889915744042512e-05,8.889915744042512e-05,1.0458724404755897
29490,0.0069111334717426995,0.0018001073098037417,0.6050780873289888,0.041295168819841216,0.007854821300626995,0.528055213487529,0.06087931153914423,0.007500517038345479,0.420197032960531,8.892931319260979e-05,8.892931319260979e-05,1.0462272140307034
29500,0.006908920288041053,0.0018004835510330216,0.6052045549690829,0.04128443922469216,0.007856645331802335,0.5281778374320897,0.06086781832234134,0.00750247088520197,0.42030649216817756,8.895946894479447e-05,8.895946894479447e-05,1.046581987585817
29510,0.006906707732685755,0.0018008596854434222,0.6053309867036714,0.04127371218076607,0.00785846892926977,0.5283004322198163,0.06085632712241809,0.007504424389188922,0.4204159321674466,8.898962469697915e-05,8.898962469697915e-05,1.046936761140931
29520,0.006904495805578606,0.0018012357130516377,0.6054573825383656,0.0412629876876706,0.007860292093096,0.5284229978551932,0.06084483793911315,0.007506377550350762,0.420525352960827,8.901978044916381e-05,8.901978044916381e-05,1.0472915346960447
29530,0.0069022845066214035,0.001801611633874362,0.6055837424787771,0.04125226574501338,0.007862114823347728,0.5285455343427043,0.060833350772165194,0.0075083303687319145,0.42063475455080757,8.90499362013485e-05,8.90499362013485e-05,1.0476463082511587
29540,0.006900073835715949,0.0018019874479282892,0.6057100665305173,0.041241546352402056,0.007863937120091653,0.5286680416868338,0.0608218656213129,0.007510282844376805,0.42074413693987706,8.908009195353317e-05,8.908009195353317e-05,1.0480010818062726
29550,0.0068978637927640425,0.0018023631552301135,0.6058363546991977,0.041230829509444275,0.007865758983394476,0.5287905198920655,0.06081038248629494,0.007512234977329857,0.42085350013052425,8.911024770571784e-05,8.911024770571784e-05,1.0483558553613863
29560,0.006895654377667482,0.0018027387557965288,0.6059626069904298,0.04122011521574768,0.007867580413322897,0.5289129689628838,0.06079890136685,0.007514186767635498,0.42096284412523793,8.914040345790252e-05,8.914040345790252e-05,1.0487106289165002
29570,0.0068934455903280675,0.001803114249644229,0.6060888234098248,0.041209403470919906,0.007869401409943617,0.5290353889037724,0.060787422262716745,0.00751613821533815,0.42107216892650706,8.91705592100872e-05,8.91705592100872e-05,1.049065402471614
29580,0.006891237430647599,0.0018034896367899087,0.6062150039629944,0.04119869427456861,0.007871221973323338,0.529157779719216,0.06077594517363386,0.007518089320482241,0.4211814745368202,8.920071496227188e-05,8.920071496227188e-05,1.0494201760267279
29590,0.006889029898527877,0.0018038649172502615,0.60634114865555,0.04118798762630143,0.007873042103528759,0.529280141413698,0.060764470099340016,0.007520040083112195,0.42129076095866635,8.923087071445655e-05,8.923087071445655e-05,1.0497749495818416
29600,0.006886822993870699,0.0018042400910419816,0.606467257493103,0.041177283525726006,0.007874861800626581,0.5294024739917029,0.06075299703957389,0.007521990503272437,0.4214000281945343,8.926102646664123e-05,8.926102646664123e-05,1.0501297231369555
29610,0.006884616716577867,0.0018046151581817631,0.6065933304812648,0.04116658197244999,0.007876681064683503,0.5295247774577144,0.060741525994074154,0.007523940581007391,0.4215092762469127,8.929118221882591e-05,8.929118221882591e-05,1.0504844966920694
29620,0.006882411066551179,0.0018049901186863002,0.606719367625647,0.04115588296608101,0.00787849989576623,0.529647051816217,0.06073005696257949,0.007525890316361484,0.4216185051182904,8.932133797101057e-05,8.932133797101057e-05,1.0508392702471832
29630,0.006880206043692436,0.0018053649725722864,0.6068453689318609,0.04114518650622673,0.007880318293941459,0.5297692970716946,0.06071858994482857,0.00752783970937914,0.42172771481115634,8.935149372319525e-05,8.935149372319525e-05,1.051194043802297
29640,0.006878001647903436,0.0018057397198564164,0.6069713344055181,0.04113449259249478,0.00788213625927589,0.5298915132286313,0.060707124940560075,0.007529788760104785,0.42183690532799917,8.938164947537993e-05,8.938164947537993e-05,1.051548817357411
29650,0.00687579787908598,0.001806114360555384,0.60709726405223,0.0411238012244928,0.007883953791836226,0.5300137002915108,0.06069566194951268,0.007531737468582842,0.4219460766713077,8.941180522756461e-05,8.941180522756461e-05,1.0519035909125247
29660,0.006873594737141866,0.0018064888946858833,0.6072231578776078,0.04111311240182844,0.007885770891689167,0.5301358582648179,0.06068420097142506,0.007533685834857738,0.4220552288435708,8.944196097974928e-05,8.944196097974928e-05,1.0522583644676384
29670,0.006871392221972895,0.0018068633222646084,0.6073490158872633,0.041102426124109345,0.007887587558901413,0.5302579871530361,0.06067274200603588,0.007535633858973897,0.4221643618472772,8.947211673193396e-05,8.947211673193396e-05,1.0526131380227524
29680,0.006869190333480868,0.001807237643308253,0.6074748380868077,0.04109174239094315,0.007889403793539666,0.5303800869606498,0.06066128505308384,0.007537581540975745,0.4222734756849157,8.950227248411864e-05,8.950227248411864e-05,1.0529679115778663
29690,0.006866989071567581,0.0018076118578335117,0.6076006244818526,0.04108106120193752,0.007891219595670624,0.5305021576921426,0.06064983011230759,0.007539528880907707,0.4223825703589752,8.953242823630331e-05,8.953242823630331e-05,1.05332268513298
29700,0.006864788436134838,0.0018079859658570781,0.6077263750780094,0.04107038255670007,0.00789303496536099,0.5306241993519991,0.06063837718344582,0.007541475878814207,0.4224916458719443,8.956258398848799e-05,8.956258398848799e-05,1.053677458688094
29710,0.006862588427084434,0.0018083599673956467,0.6078520898808897,0.04105970645483846,0.007894849902677463,0.5307462119447034,0.06062692626623721,0.007543422534739671,0.4226007022263121,8.959273974067267e-05,8.959273974067267e-05,1.0540322322432079
29720,0.006860389044318172,0.0018087338624659113,0.6079777688961046,0.04104903289596033,0.007896664407686747,0.5308681954747393,0.06061547736042043,0.007545368848728524,0.4227097394245672,8.962289549285735e-05,8.962289549285735e-05,1.0543870057983216
29730,0.006858190287737851,0.001809107651084566,0.6081034121292658,0.04103836187967332,0.007898478480455537,0.5309901499465907,0.06060403046573415,0.007547314820825192,0.42281875746919845,8.965305124504201e-05,8.965305124504201e-05,1.0547417793534353
29740,0.00685599215724527,0.0018094813332683048,0.6082290195859847,0.04102769340558508,0.007900292121050537,0.531112075364742,0.06059258558191706,0.007549260451074098,0.4229277563626946,8.96832069972267e-05,8.96832069972267e-05,1.0550965529085492
29750,0.006853794652742228,0.0018098549090338218,0.6083545912718729,0.041017027473303255,0.00790210532953845,0.5312339717336773,0.06058114270870782,0.007551205739519668,0.4230367361075444,8.971336274941137e-05,8.971336274941137e-05,1.0554513264636631
29760,0.006851597774130526,0.001810228378397811,0.6084801271925414,0.04100636408243548,0.007903918105985971,0.5313558390578803,0.06056970184584512,0.007553150686206327,0.4231456967062368,8.974351850159604e-05,8.974351850159604e-05,1.0558061000187768
29770,0.006849401521311963,0.0018106017413769668,0.6086056273536022,0.040995703232589394,0.007905730450459805,0.5314776773418356,0.06055826299306763,0.007555095291178501,0.4232546381612606,8.977367425378072e-05,8.977367425378072e-05,1.0561608735738908
29780,0.006847205894188339,0.001810974997987983,0.6087310917606665,0.040985044923372654,0.00790754236302665,0.5315994865900269,0.06054682615011402,0.007557039554480614,0.42336356047510443,8.98038300059654e-05,8.98038300059654e-05,1.0565156471290047
29790,0.006845010892661454,0.0018113481482475535,0.6088565204193457,0.0409743891543929,0.007909353843753209,0.5317212668069383,0.06053539131672298,0.007558983476157091,0.4234724636502572,8.983398575815008e-05,8.983398575815008e-05,1.0568704206841184
29800,0.006842816516633107,0.0018117211921723725,0.6089819133352512,0.040963735925257774,0.007911164892706182,0.5318430179970541,0.06052395849263317,0.007560927056252358,0.42358134768920774,8.986414151033475e-05,8.986414151033475e-05,1.0572251942392323
29810,0.006840622766005096,0.001812094129779134,0.6091072705139946,0.040953085235574914,0.007912975509952267,0.5319647401648583,0.060512527677583285,0.007562870294810839,0.4236902125944448,8.989429726251943e-05,8.989429726251943e-05,1.057579967794346
29820,0.006838429640679224,0.0018124669610845325,0.6092325919611873,0.04094243708495197,0.007914785695558167,0.5320864333148346,0.060501098871311984,0.00756481319187696,0.4237990583684571,8.99244530147041e-05,8.99244530147041e-05,1.05793474134946
29830,0.006836237140557289,0.0018128396861052615,0.6093578776824408,0.04093179147299658,0.007916595449590582,0.5322080974514676,0.06048967207355795,0.007566755747495145,0.42390788501373367,8.995460876688877e-05,8.995460876688877e-05,1.0582895149045737
29840,0.00683404526554109,0.0018132123048580152,0.6094831276833664,0.0409211483993164,0.007918404772116215,0.5323297325792412,0.06047824728405986,0.007568697961709821,0.4240166925327631,8.998476451907345e-05,8.998476451907345e-05,1.0586442884596876
29850,0.006831854015532428,0.0018135848173594878,0.6096083419695757,0.040910507863519054,0.007920213663201763,0.5324513387026395,0.06046682450255639,0.007570639834565411,0.42412548092803426,9.001492027125813e-05,9.001492027125813e-05,1.0589990620148015
29860,0.006829663390433101,0.0018139572236263734,0.6097335205466801,0.040899869865212206,0.007922022122913928,0.5325729158261464,0.06045540372878621,0.0075725813661063415,0.4242342502020359,9.00450760234428e-05,9.00450760234428e-05,1.0593538355699152
29870,0.00682747339014491,0.0018143295236753658,0.6098586634202909,0.04088923440400348,0.00792383015131941,0.5326944639542459,0.060443984962488005,0.007574522556377037,0.42434300035725697,9.007523177562748e-05,9.007523177562748e-05,1.0597086091250292
29880,0.006825284014569654,0.0018147017175231593,0.6099837705960198,0.04087860147950053,0.007925637748484912,0.5328159830914226,0.06043256820340044,0.007576463405421922,0.4244517313961861,9.010538752781216e-05,9.010538752781216e-05,1.0600633826801429
29890,0.006823095263609133,0.001815073805186448,0.6101088420794784,0.040867971091311,0.007927444914477132,0.5329374732421601,0.0604211534512622,0.007578403913285423,0.4245604433213122,9.013554327999684e-05,9.013554327999684e-05,1.0604181562352568
29900,0.006820907137165147,0.0018154457866819257,0.6102338778762775,0.04085734323904253,0.007929251649362772,0.5330589344109425,0.06040974070581196,0.007580344080011963,0.42466913613512397,9.01656990321815e-05,9.01656990321815e-05,1.0607729297903705
29910,0.006818719635139494,0.0018158176620262866,0.610358877992029,0.040846717922302773,0.007931057953208531,0.5331803666022541,0.0603983299667884,0.00758228390564597,0.4247778098401104,9.019585478436619e-05,9.019585478436619e-05,1.0611277033454845
29920,0.006816532757433975,0.0018161894312362249,0.6104838424323444,0.04083609514069936,0.007932863826081112,0.5333017698205789,0.060386921233930184,0.007584223390231866,0.42488646443876005,9.022601053655087e-05,9.022601053655087e-05,1.0614824769005984
29930,0.00681434650395039,0.0018165610943284343,0.610608771202835,0.04082547489383993,0.007934669268047213,0.5334231440704008,0.060375514506975994,0.0075861625338140785,0.4249950999335618,9.025616628873553e-05,9.025616628873553e-05,1.061837250455712
29940,0.006812160874590537,0.0018169326513196092,0.6107336643091122,0.04081485718133215,0.007936474279173537,0.5335444893562041,0.06036410978566451,0.007588101336437031,0.4251037163270045,9.028632204092021e-05,9.028632204092021e-05,1.062192024010826
29950,0.006809975869256218,0.0018173041022264435,0.6108585217567877,0.04080424200278363,0.007938278859526785,0.5336658056824728,0.060352707069734404,0.007590039798145149,0.42521231362157696,9.031647779310489e-05,9.031647779310489e-05,1.0625467975659397
29960,0.00680779148784923,0.0018176754470656314,0.6109833435514727,0.04079362935780204,0.007940083009173654,0.5337870930536909,0.06034130635892435,0.0075919779189828574,0.4253208918197679,9.034663354528957e-05,9.034663354528957e-05,1.0629015711210537
29970,0.006805607730271375,0.0018180466858538668,0.6111081296987787,0.04078301924599502,0.007941886728180848,0.5339083514743426,0.06032990765297303,0.007593915698994582,0.42542945092406625,9.037678929747424e-05,9.037678929747424e-05,1.0632563446761674
29980,0.006803424596424451,0.001818417818607844,0.6112328802043172,0.04077241166697021,0.007943690016615067,0.534029580948912,0.060318510951619116,0.007595853138224748,0.42553799093696065,9.040694504965892e-05,9.040694504965892e-05,1.0636111182312813
29990,0.006801242086210258,0.0018187888453442566,0.6113575950736996,0.040761806620335246,0.00794549287454301,0.5341507814818829,0.060307116254601285,0.007597790236717779,0.42564651186094,9.04371008018436e-05,9.04371008018436e-05,1.0639658917863952
30000,0.006799060199530597,0.001819159766079799,0.6114822743125375,0.04075120410569778,0.007947295302031379,0.5342719530777397,0.06029572356165821,0.007599726994518102,0.4257550136984931,9.046725655402827e-05,9.046725655402827e-05,1.064320665341509
30010,0.006796878936287266,0.0018195305808311655,0.6116069179264422,0.040740604122665454,0.007949097299146874,0.5343930957409663,0.06028433287252857,0.0076016634116701405,0.42586349645210875,9.049741230621295e-05,9.049741230621295e-05,1.0646754388966229
30020,0.006794698296382064,0.0018199012896150497,0.6117315259210251,0.04073000667084591,0.007950898865956197,0.5345142094760468,0.06027294418695105,0.00760359948821832,0.42597196012427563,9.052756805839763e-05,9.052756805839763e-05,1.0650302124517368
30030,0.006792518279716793,0.0018202718924481458,0.6118560983018977,0.04071941174984679,0.007952700002526047,0.5346352942874654,0.060261557504664304,0.007605535224207065,0.42608040471748265,9.05577238105823e-05,9.05577238105823e-05,1.0653849860068505
30040,0.006790338886193251,0.001820642389347148,0.6119806350746716,0.04070881935927574,0.007954500708923125,0.5347563501797058,0.060250172825407025,0.007607470619680803,0.42618883023421866,9.058787956276697e-05,9.058787956276697e-05,1.0657397595619642
30050,0.006788160115713238,0.00182101278032875,0.612105136244958,0.040698229498740406,0.007956300985214132,0.5348773771572525,0.06023879014891789,0.007609405674683956,0.42629723667697234,9.061803531495165e-05,9.061803531495165e-05,1.0660945331170781
30060,0.006785981968178554,0.0018213830654096464,0.6122296018183685,0.040687642167848426,0.007958100831465769,0.5349983752245894,0.060227409474935566,0.007611340389260951,0.42640562404823257,9.064819106713633e-05,9.064819106713633e-05,1.066449306672192
30070,0.006783804443490998,0.001821753244606531,0.6123540318005145,0.04067705736620744,0.007959900247744737,0.5351193443862007,0.06021603080319873,0.007613274763456213,0.42651399235048815,9.0678346819321e-05,9.0678346819321e-05,1.0668040802273058
30080,0.00678162754155237,0.0018221233179360975,0.6124784261970075,0.04066647509342511,0.007961699234117733,0.5352402846465701,0.06020465413344607,0.007615208797314166,0.4266223415862278,9.070850257150568e-05,9.070850257150568e-05,1.0671588537824197
30090,0.00677945126226447,0.0018224932854150407,0.612602785013459,0.04065589534910906,0.007963497790651463,0.5353611960101823,0.06019327946541624,0.007617142490879236,0.4267306717579404,9.073865832369036e-05,9.073865832369036e-05,1.0675136273375336
30100,0.0067772756055290975,0.0018228631470600541,0.6127271082554804,0.04064531813286693,0.007965295917412622,0.5354820784815207,0.06018190679884794,0.007619075844195847,0.42683898286811467,9.076881407587504e-05,9.076881407587504e-05,1.0678684008926473
30110,0.006775100571248051,0.001823232902887832,0.6128513959286829,0.040634743444306384,0.007967093614467916,0.5356029320650699,0.060170536133479835,0.007621008857308426,0.4269472749192395,9.07989698280597e-05,9.07989698280597e-05,1.0682231744477613
30120,0.006772926159323131,0.0018236025529150682,0.6129756480386783,0.040624171283035054,0.007968890881884043,0.5357237567653138,0.060159167469050596,0.007622941530261396,0.4270555479138037,9.082912558024439e-05,9.082912558024439e-05,1.068577948002875
30130,0.006770752369656138,0.0018239720971584572,0.613099864591078,0.04061360164866058,0.007970687719727702,0.5358445525867361,0.060147800805298905,0.007624873863099183,0.427163801854296,9.085928133242907e-05,9.085928133242907e-05,1.068932721557989
30140,0.006768579202148871,0.0018243415356346926,0.6132240455914932,0.04060303454079062,0.007972484128065596,0.5359653195338215,0.060136436141963436,0.0076268058558662125,0.4272720367432052,9.088943708461373e-05,9.088943708461373e-05,1.0692874951131026
30150,0.0067664066567031285,0.0018247108683604688,0.6133481910455357,0.0405924699590328,0.007974280106964427,0.5360860576110539,0.06012507347878287,0.007628737508606909,0.42738025258302015,9.091959283679841e-05,9.091959283679841e-05,1.0696422686682165
30160,0.006764234733220712,0.0018250800953524796,0.6134723009588167,0.04058190790299477,0.007976075656490892,0.536206766822917,0.06011371281549588,0.007630668821365698,0.4274884493762296,9.094974858898309e-05,9.094974858898309e-05,1.0699970422233305
30170,0.006762063431603419,0.0018254492166274194,0.6135963753369477,0.04057134837228417,0.007977870776711693,0.5363274471738952,0.060102354151841134,0.007632599794187005,0.42759662712532237,9.097990434116777e-05,9.097990434116777e-05,1.0703518157784444
30180,0.006759892751753051,0.001825818232201982,0.6137204141855401,0.04056079136650865,0.007979665467693532,0.5364480986684727,0.06009099748755732,0.0076345304271152525,0.42770478583278726,9.101006009335244e-05,9.101006009335244e-05,1.0707065893335581
30190,0.006757722693571408,0.0018261871420928613,0.6138444175102055,0.04055023688527585,0.007981459729503107,0.5365687213111331,0.06007964282238311,0.0076364607201948684,0.4278129255011131,9.104021584553712e-05,9.104021584553712e-05,1.0710613628886718
30200,0.006755553256960287,0.0018265559463167516,0.6139683853165551,0.04053968492819342,0.00798325356220712,0.536689315106361,0.06006829015605718,0.007638390673470277,0.42792104613278864,9.10703715977218e-05,9.10703715977218e-05,1.0714161364437857
30210,0.00675338444182149,0.0018269246448903472,0.6140923176102007,0.040529135494868994,0.007985046965872274,0.5368098800586402,0.0600569394883182,0.007640320286985903,0.42802914773030265,9.110052734990646e-05,9.110052734990646e-05,1.0717709099988995
30220,0.006751216248056816,0.0018272932378303418,0.6142162143967536,0.04051858858491022,0.007986839940565265,0.5369304161724547,0.060045590818904857,0.007642249560786171,0.42813723029614403,9.113068310209114e-05,9.113068310209114e-05,1.0721256835540134
30230,0.006749048675568065,0.0018276617251534294,0.614340075681825,0.04050804419792473,0.007988632486352797,0.5370509234522888,0.06003424414755582,0.0076441784949155085,0.4282452938328016,9.116083885427582e-05,9.116083885427582e-05,1.0724804571091273
30240,0.006746881724257036,0.0018280301068763045,0.6144639014710267,0.04049750233352019,0.00799042460330157,0.5371714019026265,0.06002289947400977,0.007646107089418337,0.428353338342764,9.11909946064605e-05,9.11909946064605e-05,1.0728352306642412
30250,0.0067447153940255284,0.0018283983830156608,0.61458769176997,0.04048696299130423,0.007992216291478282,0.5372918515279517,0.06001155679800537,0.007648035344339084,0.4284613638285201,9.122115035864517e-05,9.122115035864517e-05,1.073190004219355
30260,0.006742549684775343,0.0018287665535881923,0.6147114465842664,0.04047642617088449,0.00799400755094964,0.5374122723327487,0.06000021611928131,0.007649963259722174,0.42856937029255876,9.125130611082985e-05,9.125130611082985e-05,1.0735447777744687
30270,0.006740384596408278,0.0018291346186105934,0.6148351659195271,0.04046589187186862,0.007995798381782337,0.5375326643215016,0.05998887743757626,0.007651890835612033,0.42867735773736887,9.128146186301453e-05,9.128146186301453e-05,1.0738995513295826
30280,0.006738220128826134,0.0018295025780995578,0.6149588497813638,0.04045536009386426,0.007997588784043077,0.5376530274986943,0.0599775407526289,0.007653818072053085,0.4287853261654389,9.13116176151992e-05,9.13116176151992e-05,1.0742543248846963
30290,0.00673605628193071,0.0018298704320717798,0.6150824981753881,0.04044483083647906,0.007999378757798561,0.5377733618688108,0.0599662060641779,0.007655744969089754,0.4288932755792579,9.134177336738388e-05,9.134177336738388e-05,1.0746090984398102
30300,0.006733893055623807,0.0018302381805439534,0.6152061111072111,0.04043430409932065,0.00800116830311549,0.5378936674363354,0.059954873371961946,0.007657671526766467,0.42900120598131464,9.137192911956856e-05,9.137192911956856e-05,1.0749638719949242
30310,0.006731730449807223,0.0018306058235327727,0.6153296885824445,0.04042377988199669,0.008002957420060564,0.5380139442057521,0.059943542675719705,0.007659597745127648,0.42910911737409785,9.140208487175322e-05,9.140208487175322e-05,1.0753186455500379
30320,0.006729568464382759,0.0018309733610549317,0.6154532306066997,0.04041325818411481,0.008004746108700484,0.538134192181545,0.05993221397518985,0.007661523624217723,0.4292170097600965,9.14322406239379e-05,9.14322406239379e-05,1.0756734191051518
30330,0.006727407099252214,0.0018313407931271244,0.6155767371855879,0.04040273900528266,0.00800653436910195,0.5382544113681983,0.05992088727011107,0.007663449164081116,0.42932488314179923,9.146239637612258e-05,9.146239637612258e-05,1.0760281926602657
30340,0.006725246354317386,0.001831708119766045,0.6157002083247209,0.040392222345107885,0.008008322201331661,0.5383746017701957,0.05990956256022203,0.0076653743647622525,0.42943273752169475,9.149255212830726e-05,9.149255212830726e-05,1.0763829662153794
30350,0.006723086229480078,0.0018320753409883873,0.61582364402971,0.04038170820319812,0.008010109605456322,0.5384947633920216,0.05989823984526141,0.0076672992263055574,0.42954057290227216,9.152270788049193e-05,9.152270788049193e-05,1.0767377397704931
30360,0.006720926724642087,0.0018324424568108458,0.6159470443061666,0.040371196579161016,0.00801189658154263,0.5386148962381598,0.05988691912496789,0.007669223748755457,0.42964838928602,9.155286363267661e-05,9.155286363267661e-05,1.077092513325607
30370,0.006718767839705214,0.0018328094672501142,0.6160704091597022,0.04036068747260422,0.008013683129657286,0.5387350003130947,0.05987560039908013,0.007671147932156375,0.4297561866754272,9.158301938486129e-05,9.158301938486129e-05,1.077447286880721
30380,0.006716609574571258,0.0018331763723228867,0.6161937385959283,0.04035018088313536,0.00801546924986699,0.5388550756213102,0.05986428366733683,0.007673071776552737,0.42986396507298247,9.161317513704596e-05,9.161317513704596e-05,1.0778020604358347
30390,0.006714451929142018,0.0018335431720458574,0.6163170326204562,0.040339676810362095,0.008017254942238445,0.5389751221672904,0.05985296892947665,0.007674995281988967,0.42997172448117466,9.164333088923064e-05,9.164333088923064e-05,1.0781568339909486
30400,0.006712294903319296,0.0018339098664357204,0.6164402912388975,0.04032917525389206,0.008019040206838352,0.5390951399555194,0.05984165618523826,0.007676918448509492,0.43007946490249255,9.167348664141532e-05,9.167348664141532e-05,1.0785116075460626
30410,0.006710138497004889,0.0018342764555091694,0.6165635144568636,0.040318676213332905,0.008020825043733408,0.5392151289904812,0.05983034543436036,0.007678841276158736,0.43018718633942504,9.17036423936e-05,9.17036423936e-05,1.0788663811011763
30420,0.006707982710100598,0.001834642939282899,0.616686702279966,0.04030817968829226,0.008022609452990317,0.53933508927666,0.0598190366765816,0.007680763764981125,0.43029488879446076,9.173379814578466e-05,9.173379814578466e-05,1.07922115465629
30430,0.0067058275425082225,0.0018350093177736029,0.616809854713816,0.04029768567837779,0.008024393434675777,0.5394550208185397,0.05980772991164068,0.007682685915021082,0.43040257227008866,9.176395389796934e-05,9.176395389796934e-05,1.079575928211404
30440,0.006703672994129562,0.0018353755909979752,0.6169329717640253,0.04028719418319712,0.008026176988856491,0.5395749236206043,0.05979642513927626,0.007684607726323033,0.4305102367687974,9.179410965015402e-05,9.179410965015402e-05,1.0799307017665178
30450,0.006701519064866416,0.0018357417589727099,0.617056053436205,0.0402767052023579,0.00802796011559916,0.5396947976873383,0.05978512235922701,0.007686529198931405,0.43061788229307596,9.182426540233869e-05,9.182426540233869e-05,1.0802854753216315
30460,0.006699365754620584,0.0018361078217145011,0.6171790997359667,0.040266218735467776,0.008029742814970481,0.5398146430232256,0.05977382157123163,0.007688450332890621,0.4307255088454129,9.185442115452337e-05,9.185442115452337e-05,1.0806402488767455
30470,0.006697213063293866,0.0018364737792400433,0.617302110668922,0.04025573478213438,0.008031525087037156,0.5399344596327499,0.05976252277502877,0.007690371128245106,0.43083311642829725,9.188457690670805e-05,9.188457690670805e-05,1.0809950224318594
30480,0.006695060990788062,0.00183683963156603,0.6174250862406823,0.040245253341965374,0.008033306931865889,0.5400542475203958,0.059751225970357126,0.007692291585039286,0.4309407050442177,9.191473265889272e-05,9.191473265889272e-05,1.0813497959869731
30490,0.006692909537004971,0.0018372053787091554,0.6175480264568589,0.04023477441456839,0.008035088349523377,0.5401740066906471,0.05973993115695536,0.007694211703317586,0.43104827469566304,9.19448884110774e-05,9.19448884110774e-05,1.081704569542087
30500,0.006690758701846393,0.0018375710206861137,0.6176709313230634,0.040224297999551066,0.008036869340076322,0.5402937371479879,0.059728638334562156,0.00769613148312443,0.43115582538512215,9.197504416326208e-05,9.197504416326208e-05,1.0820593430972008
30510,0.006688608485214127,0.001837936557513599,0.6177938008449072,0.04021382409652106,0.008038649903591422,0.5404134388969023,0.05971734750291619,0.0076980509245042445,0.4312633571150837,9.200519991544676e-05,9.200519991544676e-05,1.0824141166523147
30520,0.0066864588870099734,0.001838301989208305,0.6179166350280016,0.040203352705086,0.008040430040135382,0.5405331119418744,0.059706058661756135,0.007699970027501454,0.43137086988803663,9.203535566763142e-05,9.203535566763142e-05,1.0827688902074284
30530,0.006684309907135732,0.0018386673157869261,0.6180394338779583,0.04019288382485354,0.0080422097497749,0.5406527562873882,0.05969477181082067,0.0077018887921604835,0.43147836370646964,9.20655114198161e-05,9.20655114198161e-05,1.0831236637625423
30540,0.006682161545493202,0.0018390325372661563,0.6181621974003886,0.04018241745543132,0.008043989032576677,0.5407723719379277,0.059683486949848465,0.007703807218525758,0.43158583857287164,9.209566717200078e-05,9.209566717200078e-05,1.0834784373176563
30550,0.0066800138019841825,0.0018393976536626895,0.618284925600904,0.04017195359642699,0.008045767888607414,0.5408919588979774,0.059672204078578206,0.0077057253066417026,0.43169329448973126,9.212582292418545e-05,9.212582292418545e-05,1.08383321087277
30560,0.006677866676510474,0.00183976266499322,0.6184076184851159,0.04016149224744818,0.008047546317933812,0.541011517172021,0.05966092319674856,0.007707643056552743,0.4318007314595374,9.215597867637013e-05,9.215597867637013e-05,1.0841879844278839
30570,0.006675720168973875,0.0018401275712744418,0.6185302760586359,0.04015103340810254,0.00804932432062257,0.5411310467645425,0.05964964430409821,0.007709560468303303,0.4319081494847789,9.218613442855481e-05,9.218613442855481e-05,1.0845427579829976
30580,0.006673574279276187,0.0018404923725230486,0.6186528983270752,0.040140577077997716,0.00805110189674039,0.5412505476800261,0.059638367400365815,0.007711477541937808,0.43201554856794444,9.221629018073949e-05,9.221629018073949e-05,1.0848975315381115
30590,0.006671429007319208,0.001840857068755735,0.6187754852960453,0.040130123256741354,0.008052879046353972,0.5413700199229561,0.05962709248529008,0.007713394277500685,0.43212292871152297,9.224644593292416e-05,9.224644593292416e-05,1.0852523050932252
30600,0.006669284353004739,0.001841221659989195,0.6188980369711579,0.04011967194394109,0.008054655769530017,0.5414894634978161,0.05961581955860965,0.007715310675036356,0.4322302899180031,9.227660168510884e-05,9.227660168510884e-05,1.0856070786483392
30610,0.006667140316234579,0.0018415861462401223,0.6190205533580243,0.04010922313920457,0.008056432066335224,0.5416088784090907,0.05960454862006323,0.007717226734589249,0.4323376321898738,9.230675743729352e-05,9.230675743729352e-05,1.085961852203453
30620,0.006664996896910526,0.0018419505275252112,0.6191430344622558,0.04009877684213944,0.008058207936836297,0.5417282646612637,0.05959327966938947,0.007719142456203787,0.4324449555296239,9.233691318947818e-05,9.233691318947818e-05,1.0863166257585668
30630,0.006662854094934383,0.0018423148038611557,0.619265480289464,0.040088333052353334,0.008059983381099934,0.541847622258819,0.05958201270632707,0.007721057839924396,0.4325522599397421,9.236706894166286e-05,9.236706894166286e-05,1.0866713993136807
30640,0.006660711910207946,0.0018426789752646498,0.6193878908452604,0.04007789176945391,0.008061758399192837,0.5419669512062412,0.05957074773061469,0.0077229728857955,0.43265954542271706,9.239722469384754e-05,9.239722469384754e-05,1.0870261728687944
30650,0.006658570342633017,0.0018430430417523875,0.6195102661352563,0.0400674529930488,0.008063532991181706,0.5420862515080138,0.059559484741991006,0.0077248875938615265,0.43276681198103795,9.242738044603222e-05,9.242738044603222e-05,1.0873809464239084
30660,0.006656429392111396,0.0018434070033410634,0.6196326061650632,0.040057016722745656,0.00806530715713324,0.542205523168621,0.0595482237401947,0.0077268019641668975,0.4328740596171931,9.245753619821689e-05,9.245753619821689e-05,1.087735719979022
30670,0.006654289058544881,0.0018437708600473708,0.6197549109402927,0.04004658295815212,0.008067080897114142,0.5423247661925473,0.05953696472496445,0.007728715996756041,0.4329812883336718,9.248769195040157e-05,9.248769195040157e-05,1.088090493534136
30680,0.006652149341835272,0.0018441346118880043,0.619877180466556,0.040036151698875824,0.008068854211191112,0.5424439805842763,0.059525707696038925,0.00773062969167338,0.4330884981329625,9.251784770258625e-05,9.251784770258625e-05,1.08844526708925
30690,0.00665001024188437,0.0018444982588796577,0.6199994147494647,0.040025722944524424,0.008070627099430851,0.5425631663482924,0.05951445265315681,0.00773254304896334,0.433195689017554,9.254800345477092e-05,9.254800345477092e-05,1.0888000406443636
30700,0.006647871758593973,0.0018448618010390252,0.6201216137946303,0.040015296694705556,0.008072399561900057,0.5426823234890794,0.059503199596056766,0.007734456068670347,0.43330286098993537,9.25781592069556e-05,9.25781592069556e-05,1.0891548141994776
30710,0.0066457338918658815,0.0018452252383828007,0.6202437776076641,0.04000487294902687,0.008074171598665435,0.5428014520111216,0.059491948524477485,0.007736368750838825,0.43341001405259516,9.260831495914028e-05,9.260831495914028e-05,1.0895095877545915
30720,0.006643596641601895,0.0018455885709276786,0.6203659061941776,0.039994451707096,0.008075943209793681,0.5429205519189028,0.05948069943815763,0.007738281095513199,0.4335171482080224,9.263847071132496e-05,9.263847071132496e-05,1.0898643613097052
30730,0.0066414600077038125,0.0018459517986903525,0.6204879995597823,0.0399840329685206,0.0080777143953515,0.5430396232169075,0.0594694523368359,0.007740193102737895,0.4336242634587056,9.266862646350962e-05,9.266862646350962e-05,1.090219134864819
30740,0.006639323990073435,0.0018463149216875168,0.6206100577100896,0.039973616732908314,0.008079485155405589,0.5431586659096194,0.05945820722025094,0.007742104772557338,0.43373135980713373,9.26987822156943e-05,9.26987822156943e-05,1.0905739084199328
30750,0.00663718858861256,0.0018466779399358654,0.6207320806507111,0.03996320299986677,0.00808125549002265,0.5432776800015225,0.059446964088141444,0.007744016105015952,0.43383843725579563,9.272893796787898e-05,9.272893796787898e-05,1.0909286819750468
30760,0.006635053803222989,0.0018470408534520923,0.6208540683872579,0.039952791769003626,0.008083025399269386,0.5433966654971014,0.05943572294024608,0.0077459271001581636,0.43394549580718,9.275909372006365e-05,9.275909372006365e-05,1.0912834555301605
30770,0.006632919633806522,0.001847403662252892,0.6209760209253418,0.039942383039926525,0.008084794883212492,0.5435156224008397,0.059424483776303536,0.007747837758028397,0.43405253546377576,9.278924947224833e-05,9.278924947224833e-05,1.0916382290852744
30780,0.0066307860802649575,0.001847766366354958,0.621097938270574,0.03993197681224311,0.008086563941918675,0.5436345507172217,0.059413246596052474,0.0077497480786710765,0.4341595562280715,9.281940522443301e-05,9.281940522443301e-05,1.0919930026403883
30790,0.006628653142500095,0.0018481289657749844,0.6212198204285662,0.03992157308556101,0.00808833257545463,0.5437534504507314,0.05940201139923158,0.007751658062130629,0.4342665581025562,9.284956097661769e-05,9.284956097661769e-05,1.092347776195502
30800,0.006626520820413735,0.0018484914605296657,0.6213416674049296,0.039911171859487886,0.008090100783887062,0.5438723216058529,0.05939077818557953,0.0077535677084514774,0.4343735410897186,9.287971672880236e-05,9.287971672880236e-05,1.0927025497506158
30810,0.0066243891139076755,0.0018488538506356957,0.6214634792052758,0.03990077313363137,0.008091868567282669,0.5439911641870702,0.059379546954834994,0.0077554770176780485,0.4344805051920475,9.290987248098704e-05,9.290987248098704e-05,1.0930573233057297
30820,0.006622258022883718,0.0018492161361097685,0.6215852558352163,0.03989037690759911,0.008093635925708153,0.5441099781988673,0.059368317706736645,0.007757385989854767,0.4345874504120318,9.294002823317172e-05,9.294002823317172e-05,1.0934120968608436
30830,0.006620127547243662,0.001849578316968578,0.6217069973003623,0.03987998318099876,0.008095402859230213,0.5442287636457285,0.05935709044102317,0.007759294625026058,0.4346943767521601,9.297018398535638e-05,9.297018398535638e-05,1.0937668704159573
30840,0.006617997686889306,0.0018499403932288184,0.6218287036063255,0.03986959195343794,0.008097169367915552,0.5443475205321379,0.059345865157433245,0.007761202923236346,0.4348012842149213,9.300033973754106e-05,9.300033973754106e-05,1.0941216439710713
30850,0.006615868441722451,0.001850302364907184,0.6219503747587172,0.03985920322452432,0.008098935451830868,0.5444662488625792,0.059334641855705535,0.007763110884530057,0.4349081728028043,9.303049548972574e-05,9.303049548972574e-05,1.0944764175261852
30860,0.006613739811644895,0.0018506642320203685,0.622072010763149,0.03984881699386552,0.008100701111042864,0.5445849486415371,0.05932342053557872,0.007765018508951615,0.43501504251829776,9.306065124191042e-05,9.306065124191042e-05,1.094831191081299
30870,0.006611611796558439,0.001851025994585066,0.6221936116252322,0.039838433261069194,0.008102466345618238,0.5447036198734949,0.05931220119679148,0.007766925796545446,0.43512189336389057,9.309080699409509e-05,9.309080699409509e-05,1.0951859646364128
30880,0.0066094843963648816,0.0018513876526179706,0.6223151773505783,0.03982805202574299,0.008104231155623694,0.5448222625629373,0.05930098383908249,0.007768832747355974,0.43522872534207135,9.312096274627977e-05,9.312096274627977e-05,1.0955407381915265
30890,0.006607357610966023,0.0018517492061357766,0.6224367079447988,0.03981767328749454,0.00810599554112593,0.5449408767143482,0.059289768462190424,0.007770739361427625,0.43533553845532913,9.315111849846445e-05,9.315111849846445e-05,1.0958955117466405
30900,0.006605231440263664,0.0018521106551551778,0.6225582034135051,0.0398072970459315,0.008107759502191647,0.5450594623322115,0.05927855506585396,0.007772645638804825,0.4354423327061527,9.318127425064911e-05,9.318127425064911e-05,1.0962502853017542
30910,0.006603105884159601,0.0018524719996928683,0.6226796637623087,0.0397969233006615,0.008109523038887546,0.5451780194210115,0.05926734364981177,0.007774551579531996,0.4355491080970306,9.32114300028338e-05,9.32114300028338e-05,1.096605058856868
30920,0.006600980942555638,0.0018528332397655422,0.6228010889968209,0.039786552051292196,0.008111286151280329,0.5452965479852322,0.05925613421380253,0.007776457183653567,0.4356558646304519,9.324158575501847e-05,9.324158575501847e-05,1.096959832411982
30930,0.00659885661535357,0.0018531943753898935,0.6229224791226533,0.039776183297431225,0.008113048839436693,0.5454150480293574,0.059244926757564924,0.00777836245121396,0.43576260230890534,9.327174150720315e-05,9.327174150720315e-05,1.097314605967096
30940,0.006596732902455201,0.0018535554065826163,0.6230438341454172,0.03976581703868623,0.008114811103423342,0.5455335195578717,0.05923372128083763,0.007780267382257601,0.4358693211348796,9.330189725938782e-05,9.330189725938782e-05,1.0976693795222097
30950,0.006594609803762328,0.0018539163333604048,0.6231651540707243,0.039755453274664856,0.008116572943306977,0.5456519625752589,0.0592225177833593,0.0077821719768289156,0.4359760211108636,9.33320530115725e-05,9.33320530115725e-05,1.0980241530773234
30960,0.006592487319176751,0.001854277155739953,0.6232864389041858,0.03974509200497475,0.008118334359154294,0.545770377086003,0.05921131626486864,0.007784076234972328,0.43608270223934614,9.336220876375718e-05,9.336220876375718e-05,1.0983789266324373
30970,0.006590365448600271,0.0018546378737379547,0.6234076886514134,0.03973473322922355,0.008120095351032,0.5458887630945881,0.059200116725104314,0.007785980156732265,0.4361893645228159,9.339236451594185e-05,9.339236451594185e-05,1.098733700187551
30980,0.006588244191934685,0.001854998487371104,0.6235289033180181,0.0397243769470189,0.00812185591900679,0.5460071206054984,0.05918891916380499,0.0077878837421531495,0.43629600796376194,9.342252026812653e-05,9.342252026812653e-05,1.099088473742665
30990,0.006586123549081795,0.0018553589966560954,0.6236500829096119,0.03971402315796844,0.008123616063145368,0.546125449623218,0.05917772358070935,0.0077897869912794074,0.43640263256467265,9.345267602031121e-05,9.345267602031121e-05,1.0994432472977789
31000,0.0065840035199434,0.0018557194016096228,0.6237712274318059,0.03970367186167982,0.008125375783514433,0.5462437501522307,0.059166529975556076,0.007791689904155464,0.4365092383280372,9.348283177249587e-05,9.348283177249587e-05,1.0997980208528926
31010,0.0065818841044212985,0.0018560797022483797,0.6238923368902116,0.03969332305776069,0.008127135080180686,0.5463620221970208,0.05915533834808384,0.007793592480825745,0.43661582525634424,9.351298752468055e-05,9.351298752468055e-05,1.1001527944080065
31020,0.006579765302417291,0.001856439898589061,0.6240134112904406,0.03968297674581867,0.008128893953210828,0.5464802657620724,0.059144148698031314,0.0077954947213346735,0.4367223933520825,9.354314327686523e-05,9.354314327686523e-05,1.1005075679631204
31030,0.006577647113833179,0.0018567999906483601,0.6241344506381042,0.03967263292546143,0.00813065240267156,0.5465984808518696,0.05913296102513718,0.007797396625726677,0.436828942617741,9.357329902904991e-05,9.357329902904991e-05,1.1008623415182341
31040,0.006575529538570759,0.0018571599784429715,0.624255454938814,0.0396622915962966,0.008132410428629581,0.5467166674708961,0.059121775329140105,0.007799298194046179,0.4369354730558084,9.360345478123458e-05,9.360345478123458e-05,1.1012171150733479
31050,0.0065734125765318325,0.001857519861989589,0.6243764241981812,0.03965195275793182,0.008134168031151592,0.5468348256236364,0.05911059160977878,0.007801199426337605,0.43704198466877336,9.363361053341926e-05,9.363361053341926e-05,1.1015718886284618
31060,0.0065712962276181985,0.0018578796413049067,0.6244973584218174,0.03964161640997474,0.008135925210304295,0.5469529553145744,0.059099409866791866,0.0078031003226453795,0.43714847745912494,9.366376628560394e-05,9.366376628560394e-05,1.1019266621835757
31070,0.006569180491731656,0.001858239316405619,0.6246182576153341,0.039631282552033006,0.008137681966154392,0.5470710565481943,0.059088230099918045,0.007805000883013929,0.4372549514293517,9.369392203778861e-05,9.369392203778861e-05,1.1022814357386894
31080,0.006567065368774007,0.0018585988873084194,0.6247391217843427,0.039620951183714254,0.008139438298768578,0.5471891293289799,0.059077052308896,0.007806901107487677,0.43736140658194267,9.372407778997329e-05,9.372407778997329e-05,1.1026362092938033
31090,0.006564950858647049,0.0018589583540300023,0.6248599509344545,0.03961062230462613,0.00814119420821356,0.5473071736614158,0.0590658764934644,0.00780880099611105,0.4374678429193865,9.375423354215797e-05,9.375423354215797e-05,1.1029909828489173
31100,0.006562836961252582,0.0018593177165870617,0.6249807450712812,0.03960029591437628,0.008142949694556034,0.5474251895499854,0.059054702653361914,0.007810700548928472,0.43757426044417214,9.378438929434265e-05,9.378438929434265e-05,1.103345756404031
31110,0.006560723676492406,0.0018596769749962916,0.6251015042004341,0.03958997201257234,0.008144704757862704,0.5475431769991732,0.05904353078832723,0.00781259976598437,0.43768065915878823,9.381454504652731e-05,9.381454504652731e-05,1.1037005299591447
31120,0.006558611004268321,0.0018600361292743861,0.6252222283275247,0.039579650598821965,0.008146459398200268,0.5476611360134633,0.05903236089809902,0.007814498647323165,0.4377870390657235,9.3844700798712e-05,9.3844700798712e-05,1.1040553035142586
31130,0.006556498944482125,0.0018603951794380392,0.6253429174581644,0.03956933167273279,0.008148213615635428,0.5477790665973397,0.059021192982415954,0.007816397192989285,0.4378934001674669,9.387485655089667e-05,9.387485655089667e-05,1.1044100770693726
31140,0.006554387497035619,0.0018607541255039452,0.6254635715979647,0.03955901523391246,0.008149967410234884,0.5478969687552862,0.05901002704101672,0.007818295403027156,0.4379997424665073,9.390501230308134e-05,9.390501230308134e-05,1.1047648506244863
31150,0.0065522766618306034,0.0018611129674887981,0.6255841907525371,0.03954870128196863,0.008151720782065336,0.5480148424917872,0.05899886307363998,0.0078201932774812,0.4381060659653334,9.393516805526602e-05,9.393516805526602e-05,1.1051196241796002
31160,0.006550166438768876,0.0018614717054092917,0.6257047749274929,0.039538389816508916,0.008153473731193486,0.5481326878113266,0.05898770108002442,0.007822090816395845,0.4382123706664339,9.39653238074507e-05,9.39653238074507e-05,1.1054743977347141
31170,0.006548056827752237,0.00186183033928212,0.6258253241284437,0.03952808083714099,0.008155226257686034,0.5482505047183888,0.05897654105990872,0.007823988019815516,0.43831865657229785,9.399547955963537e-05,9.399547955963537e-05,1.1058291712898278
31180,0.006545947828682488,0.0018621888691239777,0.6259458383610008,0.03951777434347248,0.00815697836160968,0.5483682932174574,0.058965383013031544,0.007825884887784636,0.4384249236854138,9.402563531182005e-05,9.402563531182005e-05,1.1061839448449418
31190,0.006543839441461426,0.0018625472949515582,0.6260663176307758,0.03950747033511103,0.008158730043031127,0.5484860533130168,0.05895422693913157,0.00782778142034763,0.4385311720082707,9.405579106400473e-05,9.405579106400473e-05,1.1065387184000555
31200,0.006541731665990851,0.001862905616781556,0.6261867619433801,0.03949716881166429,0.008160481302017073,0.5486037850095511,0.05894307283794748,0.007829677617548925,0.4386374015433572,9.408594681618941e-05,9.408594681618941e-05,1.1068934919551694
31210,0.006539624502172564,0.0018632638346306647,0.626307171304425,0.039486869772739894,0.00816223213863422,0.5487214883115441,0.058931920709217954,0.007831573479432946,0.4387436122931622,9.411610256837407e-05,9.411610256837407e-05,1.107248265510283
31220,0.006537517949908363,0.0018636219485155788,0.6264275457195222,0.039476573217945496,0.008163982552949268,0.5488391632234801,0.058920770552681655,0.007833469006044116,0.43884980426017456,9.414625832055875e-05,9.414625832055875e-05,1.107603039065397
31230,0.00653541200910005,0.001863979958452992,0.6265478851942831,0.03946627914688874,0.008165732545028916,0.5489568097498431,0.05890962236807727,0.007835364197426862,0.43895597744688303,9.417641407274343e-05,9.417641407274343e-05,1.107957812620511
31240,0.006533306679649422,0.0018643378644595987,0.6266681897343188,0.03945598755917725,0.008167482114939869,0.5490744278951172,0.058898476155143466,0.007837259053625608,0.43906213185577636,9.42065698249281e-05,9.42065698249281e-05,1.1083125861756247
31250,0.0065312019614582805,0.001864695666552093,0.6267884593452413,0.03944569845441869,0.008169231262748823,0.5491920176637863,0.05888733191361893,0.00783915357468478,0.43916826748934346,9.423672557711278e-05,9.423672557711278e-05,1.1086673597307386
31260,0.006529097854428424,0.0018650533647471684,0.6269086940326616,0.0394354118322207,0.008170979988522483,0.5493095790603348,0.05887618964324233,0.007841047760648801,0.4392743843500729,9.426688132929746e-05,9.426688132929746e-05,1.1090221332858523
31270,0.006526994358461653,0.0018654109590615195,0.6270288938021914,0.03942512769219092,0.008172728292327545,0.5494271120892467,0.058865049343752335,0.0078429416115621,0.4393804824404538,9.429703708148214e-05,9.429703708148214e-05,1.1093769068409662
31280,0.006524891473459766,0.0018657684495118404,0.627149058659442,0.039414846033936995,0.008174476174230713,0.5495446167550059,0.05885391101488764,0.0078448351274691,0.43948656176297474,9.43271928336668e-05,9.43271928336668e-05,1.10973168039608
31290,0.006522789199324564,0.0018661258361148247,0.6272691886100251,0.039404566857066566,0.008176223634298686,0.5496620930620966,0.058842774656386904,0.007846728308414224,0.4395926223201246,9.435734858585149e-05,9.435734858585149e-05,1.1100864539511939
31300,0.006520687535957846,0.0018664831188871668,0.6273892836595518,0.03939429016118727,0.008177970672598166,0.5497795410150027,0.058831640267988816,0.007848621154441899,0.439698664114392,9.438750433803617e-05,9.438750433803617e-05,1.1104412275063078
31310,0.006518586483261412,0.0018668402978455605,0.6275093438136338,0.039384015945906764,0.00817971728919585,0.5498969606182084,0.05882050784943205,0.00785051366559655,0.4398046871482661,9.441766009022083e-05,9.441766009022083e-05,1.1107960010614215
31320,0.00651648604113706,0.0018671973730067003,0.6276293690778825,0.03937374421083269,0.008181463484158446,0.550014351876198,0.05880937740045526,0.007852405841922603,0.43991069142423544,9.444781584240551e-05,9.444781584240551e-05,1.1111507746165354
31330,0.006514386209486592,0.00186755434438728,0.6277493594579092,0.03936347495557268,0.008183209257552646,0.5501317147934551,0.05879824892079716,0.00785429768346448,0.4400166769447888,9.447797159459019e-05,9.447797159459019e-05,1.1115055481716491
31340,0.006512286988211807,0.0018679112120039934,0.6278693149593255,0.03935320817973439,0.008184954609445157,0.5502490493744643,0.05878712241019639,0.007856189190266611,0.4401226437124152,9.450812734677487e-05,9.450812734677487e-05,1.111860321726763
31350,0.006510188377214503,0.001868267975873535,0.6279892355877428,0.03934294388292545,0.008186699539902675,0.5503663556237092,0.05877599786839165,0.007858080362373418,0.4402285917296032,9.453828309895954e-05,9.453828309895954e-05,1.1122150952818768
31360,0.006508090376396482,0.0018686246360125986,0.6281091213487726,0.039332682064753516,0.008188444048991904,0.5504836335456742,0.05876487529512161,0.007859971199829324,0.4403345209988417,9.456843885114422e-05,9.456843885114422e-05,1.1125698688369907
31370,0.006505992985659541,0.0018689811924378786,0.6282289722480263,0.03932242272482622,0.008190188136779544,0.5506008831448431,0.058753754690124935,0.007861861702678758,0.4404404315226195,9.45985946033289e-05,9.45985946033289e-05,1.1129246423921046
31380,0.006503896204905483,0.0018693376451660686,0.6283487882911154,0.03931216586275122,0.008191931803332294,0.5507181044257005,0.05874263605314032,0.007863751870966143,0.44054632330342536,9.462875035551357e-05,9.462875035551357e-05,1.1132794159472184
31390,0.006501800034036104,0.001869693994213863,0.6284685694836514,0.03930191147813615,0.008193675048716856,0.5508352973927297,0.05873151938390642,0.007865641704735905,0.4406521963437482,9.465890610769825e-05,9.465890610769825e-05,1.1136341895023323
31400,0.006499704472953206,0.0018700502395979555,0.6285883158312454,0.03929165957058866,0.008195417872999931,0.5509524620504155,0.058720404682161935,0.007867531204032469,0.44075805064607665,9.468906185988293e-05,9.468906185988293e-05,1.1139889630574462
31410,0.0064976095215585885,0.0018704063813350404,0.6287080273395093,0.03928141013971638,0.008197160276248217,0.5510695984032414,0.05870929194764552,0.00786942036890026,0.4408638862128997,9.47192176120676e-05,9.47192176120676e-05,1.11434373661256
31420,0.0064955151797540505,0.001870762419441812,0.6288277040140544,0.03927116318512696,0.008198902258528418,0.5511867064556919,0.05869818118009586,0.0078713091993837,0.4409697030467059,9.474937336425227e-05,9.474937336425227e-05,1.1146985101676736
31430,0.006493421447441392,0.001871118353934964,0.6289473458604921,0.039260918706428054,0.008200643819907233,0.551303786212251,0.05868707237925163,0.00787319769552722,0.4410755011499843,9.477952911643695e-05,9.477952911643695e-05,1.1150532837227876
31440,0.006491328324522413,0.0018714741848311904,0.6290669528844337,0.03925067670322729,0.008202384960451363,0.5514208376774025,0.05867596554485151,0.00787508585737524,0.44118128052522354,9.480968486862163e-05,9.480968486862163e-05,1.1154080572779015
31450,0.006489235810898912,0.0018718299121471857,0.6291865250914909,0.039240437175132314,0.008204125680227508,0.5515378608556307,0.058664860676634165,0.007876973684972189,0.4412870411749125,9.48398406208063e-05,9.48398406208063e-05,1.1157628308330152
31460,0.0064871439064726885,0.0018721855358996434,0.629306062487275,0.03923020012175078,0.00820586597930237,0.5516548557514197,0.05865375777433828,0.007878861178362489,0.44139278310154,9.486999637299098e-05,9.486999637299098e-05,1.1161176043881291
31470,0.006485052611145544,0.0018725410561052582,0.6294255650773977,0.039219965542690326,0.008207605857742648,0.5517718223692536,0.058642656837702534,0.007880748337590567,0.4414985063075948,9.490015212517566e-05,9.490015212517566e-05,1.116472377943243
31480,0.0064829619248192765,0.0018728964727807236,0.6295450328674701,0.03920973343755859,0.008209345315615041,0.5518887607136161,0.058631557866465595,0.007882635162700847,0.44160421079556567,9.493030787736034e-05,9.493030787736034e-05,1.1168271514983568
31490,0.006480871847395686,0.001873251785942734,0.6296644658631038,0.03919950380596322,0.008211084352986255,0.5520056707889919,0.058620460860366146,0.007884521653737753,0.44170989656794135,9.4960463629545e-05,9.4960463629545e-05,1.1171819250534705
31500,0.006478782378776572,0.0018736069956079833,0.6297838640699103,0.03918927664751186,0.008212822969922986,0.5521225525998644,0.058609365819142854,0.007886407810745712,0.44181556362721075,9.499061938172969e-05,9.499061938172969e-05,1.1175366986085844
31510,0.006476693518863735,0.0018739621017931655,0.6299032274935009,0.03917905196181215,0.008214561166491935,0.5522394061507182,0.0585982727425344,0.00788829363376915,0.4419212119758627,9.502077513391437e-05,9.502077513391437e-05,1.1178914721636983
31520,0.006474605267558975,0.001874317104514975,0.6300225561394873,0.03916882974847174,0.008216298942759806,0.5523562314460373,0.05858718163027947,0.007890179122852488,0.4420268416163859,9.505093088609903e-05,9.505093088609903e-05,1.118246245718812
31530,0.006472517624764089,0.0018746720037901054,0.6301418500134808,0.03915861000709827,0.008218036298793295,0.5524730284903056,0.05857609248211672,0.007892064278040154,0.44213245255126915,9.508108663828371e-05,9.508108663828371e-05,1.118601019273926
31540,0.00647043059038088,0.001875026799635251,0.6302611091210927,0.03914839273729938,0.008219773234659108,0.5525897972880072,0.05856500529778484,0.007893949099376574,0.4422380447830013,9.511124239046839e-05,9.511124239046839e-05,1.11895579282904
31550,0.0064683441643111446,0.001875381492067106,0.6303803334679348,0.03913817793868272,0.00822150975042394,0.5527065378436262,0.0585539200770225,0.007895833586906173,0.4423436183140713,9.514139814265307e-05,9.514139814265307e-05,1.1193105663841536
31560,0.006466258346456684,0.0018757360811023642,0.6304995230596181,0.03912796561085592,0.008223245846154496,0.5528232501616467,0.05854283681956838,0.007897717740673372,0.44244917314696763,9.517155389483774e-05,9.517155389483774e-05,1.1196653399392675
31570,0.006464173136719299,0.0018760905667577197,0.6306186779017544,0.03911775575342664,0.008224981521917474,0.5529399342465527,0.058531755525161155,0.007899601560722601,0.44255470928417934,9.520170964702242e-05,9.520170964702242e-05,1.1200201134943812
31580,0.006462088535000787,0.0018764449490498668,0.6307377979999551,0.03910754836600251,0.008226716777779574,0.5530565901028284,0.058520676193539505,0.007901485047098282,0.4426602267281951,9.52318653992071e-05,9.52318653992071e-05,1.1203748870494952
31590,0.006460004541202949,0.0018767992279954994,0.6308568833598317,0.03909734344819119,0.008228451613807499,0.5531732177349579,0.058509598824442094,0.007903368199844841,0.44276572548150367,9.526202115139177e-05,9.526202115139177e-05,1.1207296606046089
31600,0.0064579211552275835,0.0018771534036113114,0.6309759339869954,0.03908714099960031,0.008230186030067949,0.553289817147425,0.05849852341760761,0.007905251019006704,0.44287120554659404,9.529217690357645e-05,9.529217690357645e-05,1.1210844341597228
31610,0.006455838376976491,0.001877507475913997,0.6310949498870578,0.03907694101983751,0.008231920026627624,0.5534063883447141,0.05848744997277472,0.007907133504628294,0.44297666692595483,9.532233265576113e-05,9.532233265576113e-05,1.1214392077148367
31620,0.006453756206351471,0.0018778614449202504,0.6312139310656303,0.03906674350851045,0.008233653603553225,0.5535229313313091,0.05847637848968211,0.007909015656754038,0.443082109622075,9.53524884079458e-05,9.53524884079458e-05,1.1217939812699507
31630,0.006451674643254323,0.0018782153106467656,0.6313328775283246,0.039056548465226756,0.008235386760911453,0.5536394461116942,0.058465308968068445,0.007910897475428362,0.4431875336374433,9.538264416013047e-05,9.538264416013047e-05,1.1221487548250644
31640,0.006449593687586848,0.0018785690731102365,0.6314517892807517,0.039046355889594084,0.008237119498769008,0.5537559326903534,0.058454241407672414,0.007912778960695687,0.44329293897454825,9.541279991231515e-05,9.541279991231515e-05,1.122503528380178
31650,0.006447513339250843,0.0018789227323273573,0.6315706663285234,0.039036165781220065,0.00823885181719259,0.5538723910717707,0.058443175808232675,0.007914660112600442,0.44339832563587905,9.544295566449983e-05,9.544295566449983e-05,1.122858301935292
31660,0.00644543359814811,0.001879276288314822,0.631689508677251,0.039025978139712356,0.008240583716248901,0.5539888212604303,0.058432112169487925,0.00791654093118705,0.4435036936239244,9.54731114166845e-05,9.54731114166845e-05,1.1232130754904057
31670,0.006443354464180447,0.0018796297410893245,0.631808316332546,0.039015792964678594,0.008242315196004641,0.5541052232608162,0.058421050491176824,0.007918421416499937,0.4436090429411729,9.550326716886918e-05,9.550326716886918e-05,1.1235678490455197
31680,0.006441275937249654,0.0018799830906675594,0.63192708930002,0.03900561025572642,0.00824404625652651,0.5542215970774124,0.05840999077303806,0.007920301568583529,0.4437143735901137,9.553342292105386e-05,9.553342292105386e-05,1.1239226226006336
31690,0.006439198017257532,0.0018803363370662202,0.632045827585284,0.038995430012463486,0.00824577689788121,0.5543379427147032,0.05839893301481029,0.007922181387482248,0.4438196855732352,9.556357867323852e-05,9.556357867323852e-05,1.1242773961557473
31700,0.006437120704105879,0.0018806894803020011,0.6321645311939499,0.03898525223449742,0.00824750712013544,0.5544542601771724,0.05838787721623222,0.007924060873240522,0.44392497889302646,9.55937344254232e-05,9.55937344254232e-05,1.1246321697108612
31710,0.006435043997696495,0.0018810425203915964,0.632283200131629,0.03897507692143588,0.008249236923355902,0.5545705494693043,0.058376823377042496,0.007925940025902774,0.4440302535519762,9.562389017760788e-05,9.562389017760788e-05,1.124986943265975
31720,0.00643296789793118,0.0018813954573516998,0.6324018344039326,0.038964904072886504,0.008250966307609296,0.5546868105955829,0.05836577149697981,0.00792781884551343,0.4441355095525731,9.565404592979256e-05,9.565404592979256e-05,1.1253417168210889
31730,0.006430892404711734,0.0018817482911990058,0.6325204340164725,0.038954733688456936,0.008252695272962322,0.5548030435604923,0.058354721575782836,0.007929697332116915,0.4442407468973062,9.568420168197723e-05,9.568420168197723e-05,1.1256964903762026
31740,0.006428817517939956,0.001882101021950208,0.6326389989748598,0.03894456576775482,0.008254423819481682,0.5549192483685164,0.05834367361319025,0.007931575485757656,0.4443459655886642,9.571435743416191e-05,9.571435743416191e-05,1.1260512639313165
31750,0.006426743237517646,0.0018824536496220008,0.6327575292847061,0.0389344003103878,0.008256151947234076,0.5550354250241394,0.05833262760894072,0.007933453306480076,0.4444511656291359,9.574451318634659e-05,9.574451318634659e-05,1.1264060374864304
31760,0.006424669563346603,0.001882806174231078,0.6328760249516229,0.03892423731596351,0.008257879656286205,0.5551515735318456,0.058321583562772936,0.007935330794328599,0.44455634702121005,9.577466893853126e-05,9.577466893853126e-05,1.1267608110415441
31770,0.006422596495328627,0.0018831585957941339,0.6329944859812214,0.03891407678408961,0.008259606946704768,0.5552676938961187,0.05831054147442556,0.007937207949347653,0.4446615097673755,9.580482469071594e-05,9.580482469071594e-05,1.127115584596658
31780,0.006420524033365518,0.0018835109143278625,0.6331129123791134,0.038903918714373736,0.008261333818556467,0.5553837861214431,0.05829950134363728,0.007939084771581659,0.44476665387012093,9.583498044290062e-05,9.583498044290062e-05,1.127470358151772
31790,0.006418452177359075,0.0018838631298489577,0.6332313041509101,0.03889376310642353,0.008263060271908002,0.5554998502123026,0.05828846317014677,0.007940961261075047,0.4448717793319354,9.586513619508528e-05,9.586513619508528e-05,1.1278251317068857
31800,0.006416380927211099,0.0018842152423741137,0.633349661302223,0.038883609959846625,0.008264786306826076,0.5556158861731816,0.058277426953692694,0.007942837417872238,0.44497688615530745,9.589529194726996e-05,9.589529194726996e-05,1.1281799052619994
31810,0.006414310282823387,0.0018845672519200247,0.6334679838386638,0.038873459274250684,0.008266511923377386,0.5557318940085636,0.05826639269401374,0.00794471324201766,0.445081974342726,9.592544769945464e-05,9.592544769945464e-05,1.1285346788171133
31820,0.006412240244097742,0.0018849191585033843,0.6335862717658435,0.038863311049243336,0.008268237121628634,0.5558478737229332,0.05825536039084859,0.007946588733555738,0.44518704389668,9.595560345163932e-05,9.595560345163932e-05,1.1288894523722273
31830,0.006410170810935961,0.0018852709621408872,0.6337045250893738,0.03885316528443224,0.008269961901646522,0.5559638253207745,0.0582443300439359,0.007948463892530894,0.4452920948196579,9.598575920382399e-05,9.598575920382399e-05,1.129244225927341
31840,0.006408101983239845,0.0018856226628492269,0.6338227438148661,0.03884302197942502,0.008271686263497748,0.5560797488065712,0.058233301653014366,0.007950338718987555,0.44539712711414875,9.601591495600867e-05,9.601591495600867e-05,1.129598999482455
31850,0.006406033760911193,0.0018859742606450978,0.633940927947932,0.03883288113382933,0.008273410207249015,0.5561956441848076,0.05822227521782265,0.007952213212970146,0.4455021407826413,9.604607070819335e-05,9.604607070819335e-05,1.1299537730375688
31860,0.006403966143851804,0.0018863257555451938,0.6340590774941828,0.038822742747252816,0.008275133732967024,0.5563115114599679,0.058211250738099435,0.007954087374523093,0.4456071358276243,9.607622646037802e-05,9.607622646037802e-05,1.1303085465926825
31870,0.006401899131963479,0.001886677147566209,0.6341771924592299,0.03881260681930311,0.008276856840718473,0.5564273506365359,0.058200228213583394,0.00795596120369082,0.4457121122515866,9.61063822125627e-05,9.61063822125627e-05,1.1306633201477962
31880,0.006399832725148018,0.0018870284367248375,0.6342952728486848,0.03880247334958787,0.008278579530570063,0.5565431617189956,0.058189207644013204,0.007957834700517754,0.445817070057017,9.613653796474738e-05,9.613653796474738e-05,1.1310180937029102
31890,0.006397766923307219,0.0018873796230377733,0.634413318668159,0.03879234233771473,0.008280301802588498,0.5566589447118317,0.05817818902912754,0.007959707865048316,0.4459220092464043,9.616669371693206e-05,9.616669371693206e-05,1.131372867258024
31900,0.006395701726342883,0.0018877307065217105,0.634531329923264,0.03878221378329134,0.008282023656840474,0.5567746996195275,0.05816717236866508,0.007961580697326933,0.4460269298222372,9.619684946911672e-05,9.619684946911672e-05,1.1317276408131378
31910,0.006393637134156808,0.0018880816871933432,0.634649306619611,0.038772087685925334,0.008283745093392695,0.5568904264465677,0.0581561576623645,0.007963453197398032,0.4461318317870046,9.62270052213014e-05,9.62270052213014e-05,1.1320824143682517
31920,0.006391573146650795,0.0018884325650693654,0.6347672487628119,0.03876196404522436,0.00828546611231186,0.5570061251974359,0.058145144909964475,0.007965325365306038,0.4462367151431954,9.625716097348608e-05,9.625716097348608e-05,1.1324371879233657
31930,0.006389509763726644,0.0018887833401664712,0.6348851563584776,0.03875184286079607,0.00828718671366467,0.5571217958766164,0.05813413411120368,0.007967197201095372,0.44634157989329815,9.628731672567075e-05,9.628731672567075e-05,1.1327919614784794
31940,0.006387446985286154,0.0018891340125013545,0.63500302941222,0.03874172413224809,0.008288906897517826,0.5572374384885933,0.058123125265820794,0.007969068704810463,0.44644642603980184,9.631747247785543e-05,9.631747247785543e-05,1.1331467350335933
31950,0.006385384811231123,0.0018894845820907097,0.6351208679296503,0.03873160785918808,0.008290626663938028,0.5573530530378505,0.05811211837355449,0.007970939876495733,0.44655125358519515,9.634762823004011e-05,9.634762823004011e-05,1.133501508588707
31960,0.006383323241463353,0.0018898350489512305,0.63523867191638,0.03872149404122368,0.008292346012991976,0.5574686395288723,0.058101113434143446,0.007972810716195612,0.44665606253196705,9.637778398222479e-05,9.637778398222479e-05,1.133856282143821
31970,0.006381262275884644,0.0018901854130996111,0.6353564413780205,0.03871138267796252,0.008294064944746373,0.5575841979661427,0.058090110447326336,0.00797468122395452,0.44676085288260625,9.640793973440946e-05,9.640793973440946e-05,1.1342110556989347
31980,0.006379201914396794,0.0018905356745525456,0.6354741763201833,0.03870127376901226,0.008295783459267918,0.5576997283541456,0.05807910941284184,0.007976551399816885,0.4468656246396014,9.643809548659414e-05,9.643809548659414e-05,1.1345658292540486
31990,0.0063771421569016025,0.001890885833326728,0.63559187674848,0.038691167313980535,0.008297501556623312,0.5578152306973655,0.05806811033042863,0.00797842124382713,0.44697037780544147,9.646825123877882e-05,9.646825123877882e-05,1.1349206028091625
32000,0.00637508300330087,0.0018912358894388527,0.6357095426685219,0.038681063312474985,0.008299219236879254,0.5579307050002859,0.058057113199825386,0.007980290756029683,0.4470751123826152,9.649840699096348e-05,9.649840699096348e-05,1.1352753763642762
32010,0.006373024453496396,0.0018915858429056132,0.6358271740859204,0.038670961764103264,0.008300936500102447,0.5580461512673913,0.058046118020770775,0.007982159936468966,0.4471798283736116,9.652856274314816e-05,9.652856274314816e-05,1.1356301499193902
32020,0.00637096650738998,0.001891935693743704,0.635944771006287,0.03866086266847301,0.00830265334635959,0.5581615695031656,0.05803512479300348,0.007984028785189405,0.44728452578091904,9.655871849533284e-05,9.655871849533284e-05,1.1359849234745039
32030,0.006368909164883422,0.0018922854419698189,0.6360623334352332,0.038650766025191866,0.008304369775717385,0.5582769597120931,0.058024133516262184,0.007985897302235426,0.44738920460702664,9.658887424751752e-05,9.658887424751752e-05,1.1363396970296178
32040,0.006366852425878521,0.001892635087600652,0.6361798613783703,0.03864067183386747,0.008306085788242532,0.5583923218986575,0.058013144190285554,0.007987765487651453,0.4474938648544231,9.661902999970219e-05,9.661902999970219e-05,1.1366944705847315
32050,0.006364796290277077,0.0018929846306528974,0.63629735484131,0.038630580094107476,0.00830780138400173,0.5585076560673432,0.058002156814812265,0.007989633341481912,0.44759850652559724,9.664918575188687e-05,9.664918575188687e-05,1.1370492441398454
32060,0.00636274075798089,0.0018933340711432493,0.6364148138296636,0.038620490805519526,0.008309516563061682,0.558622962222634,0.057991171389580994,0.007991500863771228,0.44770312962303804,9.667934150407155e-05,9.667934150407155e-05,1.1374040176949594
32070,0.006360685828891759,0.0018936834090884016,0.6365322383490425,0.03861040396771126,0.008311231325489088,0.5587382403690142,0.05798018791433042,0.007993368054563826,0.4478077341492339,9.670949725625622e-05,9.670949725625622e-05,1.137758791250073
32080,0.006358631502911484,0.0018940326445050482,0.6366496284050582,0.03860031958029032,0.008312945671350649,0.5588534905109679,0.05796920638879922,0.00799523491390413,0.447912320106674,9.67396530084409e-05,9.67396530084409e-05,1.138113564805187
32090,0.006356577779941865,0.0018943817774098835,0.6367669840033221,0.038590237642864345,0.008314659600713063,0.558968712652979,0.05795822681272606,0.007997101441836567,0.4480168874978469,9.676980876062558e-05,9.676980876062558e-05,1.138468338360301
32100,0.006354524659884701,0.0018947308078196014,0.6368843051494458,0.03858015815504099,0.008316373113643034,0.5590839067995316,0.057947249185849634,0.00799896763840556,0.44812143632524143,9.679996451281026e-05,9.679996451281026e-05,1.1388231119154146
32110,0.006352472142641791,0.001895079735750896,0.6370015918490406,0.03857008111642789,0.00831808621020726,0.55919907295511,0.0579362735079086,0.008000833503655535,0.4482259665913465,9.683012026499492e-05,9.683012026499492e-05,1.1391778854705283
32120,0.006350420228114936,0.0018954285612204614,0.637118844107718,0.03856000652663269,0.008319798890472444,0.5593142111241978,0.057925299778641644,0.008002699037630918,0.4483304782986509,9.68602760171796e-05,9.68602760171796e-05,1.1395326590256423
32130,0.006348368916205935,0.0018957772842449917,0.6372360619310896,0.03854993438526304,0.008321511154505285,0.5594293213112796,0.057914327997787445,0.008004564240376133,0.4484349714496432,9.689043176936428e-05,9.689043176936428e-05,1.1398874325807562
32140,0.006346318206816588,0.0018961259048411805,0.6373532453247664,0.03853986469192658,0.008323223002372484,0.5595444035208391,0.05790335816508467,0.008006429111935604,0.4485394460468125,9.692058752154895e-05,9.692058752154895e-05,1.14024220613587
32150,0.0063442680998486945,0.0018964744230257225,0.6374703942943605,0.038529797446230946,0.008324934434140742,0.5596594577573607,0.057892390280271995,0.008008293652353757,0.4486439020926475,9.695074327373363e-05,9.695074327373363e-05,1.1405969796909838
32160,0.006342218595204054,0.0018968228388153115,0.6375875088454829,0.038519732647783786,0.008326645449876758,0.5597744840253281,0.0578814243430881,0.00801015786167502,0.448748339589637,9.698089902591831e-05,9.698089902591831e-05,1.1409517532460978
32170,0.006340169692784466,0.0018971711522266415,0.6377045889837449,0.03850967029619275,0.008328356049647235,0.5598894823292258,0.05787046035327167,0.008012021739943814,0.44885275854026974,9.701105477810299e-05,9.701105477810299e-05,1.1413065268012115
32180,0.00633812139249173,0.0018975193632764064,0.6378216347147584,0.03849961039106547,0.008330066233518873,0.5600044526735376,0.057859498310561364,0.008013885287204566,0.44895715894703453,9.704121053028766e-05,9.704121053028766e-05,1.1416613003563252
32190,0.006336073694227646,0.0018978674719813007,0.6379386460441346,0.03848955293200959,0.00833177600155837,0.5601193950627475,0.05784853821469586,0.0080157485035017,0.44906154081242017,9.707136628247234e-05,9.707136628247234e-05,1.1420160739114391
32200,0.006334026597894014,0.001898215478358018,0.638055622977485,0.03847949791863277,0.00833348535383243,0.5602343095013397,0.057837580065413854,0.008017611388879643,0.44916590413891555,9.710152203465702e-05,9.710152203465702e-05,1.142370847466553
32210,0.006331980103392633,0.001898563382423253,0.6381725655204211,0.038469445350542635,0.008335194290407754,0.5603491959937985,0.057826623862454,0.008019473943382817,0.44927024892900935,9.713167778684168e-05,9.713167778684168e-05,1.1427256210216667
32220,0.0063299342106253025,0.001898911184193699,0.6382894736785543,0.03845939522734684,0.008336902811351039,0.5604640545446076,0.05781566960555498,0.008021336167055651,0.4493745751851906,9.716183353902636e-05,9.716183353902636e-05,1.1430803945767807
32230,0.006327888919493823,0.0018992588836860506,0.6384063474574959,0.03844934754865302,0.008338610916728988,0.5605788851582512,0.05780471729445548,0.008023198059942567,0.44947888290994775,9.719198929121104e-05,9.719198929121104e-05,1.1434351681318946
32240,0.006325844229899994,0.0018996064809170016,0.6385231868628576,0.03843930231406883,0.008340318606608301,0.5606936878392135,0.05779376692889416,0.00802505962208799,0.4495831721057697,9.722214504339572e-05,9.722214504339572e-05,1.1437899416870083
32250,0.0063238001417456145,0.0018999539759032463,0.6386399919002508,0.0384292595232019,0.00834202588105568,0.5608084625919784,0.05778281850860971,0.008026920853536347,0.44968744277514555,9.725230079558039e-05,9.725230079558039e-05,1.1441447152421222
32260,0.006321756654932484,0.0019003013686614784,0.6387567625752868,0.03841921917565987,0.008343732740137824,0.56092320942103,0.05777187203334079,0.008028781754332063,0.4497916949205637,9.728245654776507e-05,9.728245654776507e-05,1.144499488797236
32270,0.006319713769362403,0.001900648659208392,0.6388734988935771,0.038409181271050405,0.008345439183921433,0.5610379283308526,0.0577609275028261,0.008030642324519562,0.4498959285445132,9.731261229994975e-05,9.731261229994975e-05,1.1448542623523499
32280,0.006317671484937171,0.0019009958475606815,0.6389902008607332,0.038399145808981135,0.00834714521247321,0.56115261932593,0.05774998491680429,0.008032502564143267,0.45000014364948276,9.734276805213442e-05,9.734276805213442e-05,1.1452090359074636
32290,0.0063156298015585866,0.001901342933735041,0.6391068684823666,0.0383891127890597,0.008348850825859852,0.5612672824107463,0.057739044275014056,0.008034362473247608,0.4501043402379612,9.73729238043191e-05,9.73729238043191e-05,1.1455638094625775
32300,0.00631358871912845,0.0019016899177481642,0.6392235017640887,0.03837908221089375,0.008350556024148064,0.5613819175897857,0.057728105577194065,0.008036222051877007,0.45020851831243736,9.740307955650378e-05,9.740307955650378e-05,1.1459185830176915
32310,0.006311548237548562,0.0019020367996167452,0.6393401007115109,0.03836905407409093,0.008352260807404545,0.5614965248675323,0.05771716882308299,0.008038081300075888,0.4503126778753999,9.743323530868846e-05,9.743323530868846e-05,1.1462733565728054
32320,0.00630950835672072,0.0019023835793574781,0.6394566653302447,0.03835902837825887,0.008353965175695994,0.5616111042484702,0.05770623401241951,0.00803994021788868,0.4504168189293378,9.746339106087312e-05,9.746339106087312e-05,1.146628130127919
32330,0.006307469076546726,0.0019027302569870571,0.6395731956259014,0.03834900512300523,0.008355669129089112,0.5617256557370831,0.05769530114494231,0.008041798805359804,0.45052094147673977,9.74935468130578e-05,9.74935468130578e-05,1.1469829036830328
32340,0.006305430396928378,0.0019030768325221763,0.6396896916040928,0.03833898430793765,0.008357372667650602,0.5618401793378556,0.05768437022039005,0.00804365706253369,0.45062504552009464,9.752370256524247e-05,9.752370256524247e-05,1.1473376772381465
32350,0.006303392317767477,0.0019034233059795295,0.63980615327043,0.03832896593266376,0.008359075791447162,0.5619546750552713,0.05767344123850142,0.008045514989454756,0.45072913106189116,9.755385831742715e-05,9.755385831742715e-05,1.1476924507932604
32360,0.006301354838965821,0.001903769677375811,0.6399225806305247,0.038318949996791224,0.008360778500545495,0.5620691428938147,0.05766251419901509,0.008047372586167431,0.450833198104618,9.758401406961183e-05,9.758401406961183e-05,1.1480472243483744
32370,0.00629931796042521,0.0019041159467277147,0.6400389736899881,0.038308936499927664,0.0083624807950123,0.5621835828579695,0.05765158910166974,0.008049229852716142,0.45093724665076423,9.761416982179651e-05,9.761416982179651e-05,1.1484019979034883
32380,0.006297281682047445,0.001904462114051935,0.6401553324544319,0.03829892544168074,0.008364182674914277,0.5622979949522202,0.05764066594620403,0.008051086789145312,0.4510412767028186,9.764432557398117e-05,9.764432557398117e-05,1.148756771458602
32390,0.0062952460037343245,0.0019048081793651653,0.6402716569294673,0.03828891682165809,0.008365884140318127,0.5624123791810506,0.05762974473235666,0.008052943395499366,0.45114528826326983,9.767448132616585e-05,9.767448132616585e-05,1.149111545013716
32400,0.006293210925387648,0.0019051541426841003,0.6403879471207059,0.03827891063946735,0.008367585191290551,0.5625267355489445,0.05761882545986629,0.008054799671822729,0.4512492813346066,9.770463707835053e-05,9.770463707835053e-05,1.1494663185688296
32410,0.006291176446909216,0.0019055000040254337,0.6405042030337591,0.03826890689471618,0.00836928582789825,0.5626410640603865,0.0576079081284716,0.008056655618159825,0.45135325591931785,9.773479283053521e-05,9.773479283053521e-05,1.1498210921239436
32420,0.006289142568200828,0.0019058457634058598,0.6406204246742385,0.03825890558701221,0.008370986050207925,0.5627553647198604,0.057596992737911266,0.008058511234555083,0.4514572120198926,9.776494858271988e-05,9.776494858271988e-05,1.1501758656790573
32430,0.006287109289164283,0.0019061914208420726,0.6407366120477554,0.038248906715963094,0.008372685858286277,0.5628696375318505,0.05758607928792396,0.008060366521052924,0.45156114963881927,9.779510433490456e-05,9.779510433490456e-05,1.1505306392341712
32440,0.00628507660970138,0.001906536976350766,0.6408527651599213,0.03823891028117646,0.008374385252200004,0.5629838825008405,0.05757516777824837,0.008062221477697775,0.45166506877858686,9.782526008708924e-05,9.782526008708924e-05,1.1508854127892851
32450,0.006283044529713921,0.0019068824299486341,0.6409688840163476,0.03822891628225996,0.008376084232015808,0.5630980996313147,0.05756425820862316,0.00806407610453406,0.451768969441684,9.785541583927391e-05,9.785541583927391e-05,1.1512401863443988
32460,0.006281013049103703,0.001907227781652371,0.6410849686226456,0.03821892471882124,0.00837778279780039,0.5632122889277573,0.057553350578787014,0.008065930401606206,0.4518728516305997,9.788557159145859e-05,9.788557159145859e-05,1.1515949598995128
32470,0.0062789821677725274,0.0019075730314786709,0.6412010189844272,0.038208935590467945,0.008379480949620452,0.5633264503946521,0.05754244488847861,0.008067784368958634,0.4519767153478227,9.791572734364327e-05,9.791572734364327e-05,1.1519497334546267
32480,0.006276951885622194,0.0019079181794442277,0.6413170351073033,0.03819894889680771,0.008381178687542692,0.5634405840364834,0.05753154113743661,0.008069638006635774,0.4520805605958416,9.794588309582795e-05,9.794588309582795e-05,1.1523045070097404
32490,0.006274922202554501,0.0019082632255657355,0.6414330169968857,0.03818896463744818,0.008382876011633811,0.5635546898577352,0.0575206393253997,0.00807149131468205,0.4521843873771456,9.797603884801261e-05,9.797603884801261e-05,1.1526592805648541
32500,0.006272893118471248,0.0019086081698598883,0.641548964658786,0.038178982811997005,0.008384572921960511,0.5636687678628914,0.05750973945210655,0.008073344293141884,0.4522881956942232,9.80061946001973e-05,9.80061946001973e-05,1.153014054119968
32510,0.006270864633274237,0.0019089530123433803,0.6416648780986152,0.038169003420061826,0.008386269418589491,0.5637828180564363,0.05749884151729585,0.008075196942059703,0.45239198554956317,9.803635035238197e-05,9.803635035238197e-05,1.153368827675082
32520,0.006268836746865265,0.0019092977530329055,0.6417807573219849,0.03815902646125029,0.008387965501587455,0.563896840442854,0.05748794552070626,0.008077049261479933,0.4524957569456545,9.806650610456664e-05,9.806650610456664e-05,1.1537236012301957
32530,0.0062668094591461325,0.001909642391945158,0.6418966023345068,0.03814905193517002,0.008389661171021098,0.5640108350266284,0.05747705146207646,0.008078901251446998,0.4525995098849859,9.809666185675132e-05,9.809666185675132e-05,1.1540783747853096
32540,0.00626478277001864,0.0019099869290968316,0.6420124131417921,0.03813907984142868,0.008391356426957125,0.5641248018122437,0.057466159341145136,0.008080752912005324,0.45270324437004617,9.8126817608936e-05,9.8126817608936e-05,1.1544331483404235
32550,0.006262756679384586,0.0019103313645046209,0.6421281897494523,0.03812911017963392,0.008393051269462236,0.5642387408041839,0.05745526915765096,0.008082604243199336,0.45280696040332413,9.815697336112067e-05,9.815697336112067e-05,1.1547879218955373
32560,0.006260731187145771,0.0019106756981852194,0.6422439321630988,0.038119142949393364,0.00839474569860313,0.5643526520069331,0.057444380911332596,0.008084455245073457,0.45291065798730856,9.818712911330535e-05,9.818712911330535e-05,1.155142695450651
32570,0.006258706293203995,0.0019110199301553214,0.6423596403883433,0.038109178150314664,0.00839643971444651,0.5644665354249753,0.05743349460192873,0.008086305917672114,0.45301433712448824,9.821728486549003e-05,9.821728486549003e-05,1.1554974690057649
32580,0.006256681997461056,0.0019113640604316211,0.6424753144307969,0.03809921578200546,0.008398133317059074,0.5645803910627948,0.05742261022917804,0.00808815626103973,0.4531179978173519,9.824744061767471e-05,9.824744061767471e-05,1.1558522425608788
32590,0.006254658299818755,0.0019117080890308123,0.6425909542960713,0.0380892558440734,0.008399826506507524,0.5646942189248756,0.057411727792819195,0.008090006275220734,0.45322164006838844,9.827759636985937e-05,9.827759636985937e-05,1.1562070161159925
32600,0.00625263520017889,0.0019120520159695892,0.6427065599897779,0.038079298336126124,0.008401519282858561,0.5648080190157015,0.05740084729259087,0.00809185596025955,0.4533252638800868,9.830775212204405e-05,9.830775212204405e-05,1.1565617896711065
32610,0.0062506126984432624,0.001912395841264646,0.642822131517528,0.03806934325777128,0.008403211646178884,0.5649217913397568,0.05738996872823176,0.008093705316200598,0.4534288692549355,9.833790787422873e-05,9.833790787422873e-05,1.1569165632262204
32620,0.006248590794513672,0.0019127395649326763,0.6429376688849332,0.0380593906086165,0.008404903596535196,0.5650355359015257,0.05737909209948052,0.008095554343088309,0.45353245619542354,9.83680636264134e-05,9.83680636264134e-05,1.157271336781334
32630,0.006246569488291917,0.0019130831869903747,0.6430531720976049,0.03804944038826945,0.008406595133994195,0.565149252705492,0.05736821740607583,0.008097403040967106,0.4536360247040395,9.839821937859808e-05,9.839821937859808e-05,1.157626110336448
32640,0.006244548779679798,0.0019134267074544349,0.6431686411611546,0.03803949259633775,0.008408286258622584,0.5652629417561401,0.057357344647756374,0.008099251409881414,0.4537395747832724,9.842837513078276e-05,9.842837513078276e-05,1.1579808838915617
32650,0.006242528668579114,0.0019137701263415511,0.6432840760811936,0.03802954723242905,0.008409976970487064,0.5653766030579538,0.05734647382426082,0.008101099449875658,0.4538431064356111,9.845853088296744e-05,9.845853088296744e-05,1.1583356574466757
32660,0.0062405091548916655,0.0019141134436684174,0.6433994768633335,0.038019604296151005,0.008411667269654331,0.5654902366154172,0.05733560493532785,0.008102947160994264,0.45394661966354427,9.848868663515211e-05,9.848868663515211e-05,1.1586904310017894
32670,0.006238490238519251,0.001914456659451728,0.6435148435131858,0.03800966378711124,0.008413357156191091,0.5656038424330144,0.05732473798069613,0.008104794543281656,0.45405011446956056,9.851884238733679e-05,9.851884238733679e-05,1.1590452045569033
32680,0.0062364719193636715,0.0019147997737081765,0.6436301760363617,0.037999725704917414,0.008415046630164041,0.5657174205152296,0.057313872960104345,0.008106641596782259,0.4541535908561489,9.854899813952147e-05,9.854899813952147e-05,1.1593999781120172
32690,0.006234454197326726,0.0019151427864544572,0.643745474438473,0.037989790049177165,0.008416735691639884,0.5658309708665467,0.05730300987329118,0.008108488321540498,0.45425704882579815,9.857915389170613e-05,9.857915389170613e-05,1.159754751667131
32700,0.006232437072310213,0.0019154856977072643,0.6438607387251308,0.037979856819498135,0.00841842434068532,0.5659444934914499,0.05729214871999529,0.008110334717600799,0.45436048838099713,9.860930964389081e-05,9.860930964389081e-05,1.1601095252222449
32710,0.006230420544215934,0.0019158285074832918,0.6439759689019467,0.037969926015487966,0.008420112577367047,0.5660579883944232,0.05728128949995536,0.008112180785007587,0.4544639095242345,9.86394653960755e-05,9.86394653960755e-05,1.1604642987773586
32720,0.006228404612945688,0.0019161712157992337,0.6440911649745323,0.037959997636754304,0.00842180040175177,0.566171455579951,0.05727043221291007,0.008114026523805285,0.45456731225799923,9.866962114826017e-05,9.866962114826017e-05,1.1608190723324725
32730,0.006226389278401274,0.0019165138226717839,0.6442063269484988,0.03795007168290479,0.008423487813906188,0.5662848950525168,0.05725957685859809,0.008115871934038323,0.45467069658477993,9.869977690044484e-05,9.869977690044484e-05,1.1611738458875862
32740,0.006224374540484493,0.001916856328117637,0.6443214548294578,0.03794014815354707,0.008425174813896999,0.5663983068166049,0.0572487234367581,0.008117717015751121,0.45477406250706565,9.872993265262952e-05,9.872993265262952e-05,1.1615286194427001
32750,0.006222360399097142,0.0019171987321534864,0.6444365486230206,0.037930227048288793,0.008426861401790907,0.5665116908766996,0.05723787194712878,0.008119561768988105,0.45487741002734483,9.87600884048142e-05,9.87600884048142e-05,1.161883392997814
32760,0.006220346854141024,0.0019175410347960266,0.6445516083347987,0.03792030836673759,0.008428547577654611,0.5666250472372848,0.057227022389448795,0.008121406193793701,0.4549807391481065,9.879024415699887e-05,9.879024415699887e-05,1.1622381665529278
32770,0.006218333905517936,0.0019178832360619512,0.6446666339704037,0.03791039210850111,0.008430233341554813,0.5667383759028445,0.057216174763456834,0.008123250290212335,0.4550840498718395,9.882039990918355e-05,9.882039990918355e-05,1.1625929401080417
32780,0.0062163215531296796,0.001918225335967955,0.644781625535447,0.037900478273187,0.008431918693558211,0.5668516768778629,0.05720532906889156,0.008125094058288432,0.4551873422010327,9.885055566136823e-05,9.885055566136823e-05,1.1629477136631554
32790,0.0062143097968780535,0.0019185673345307316,0.64489658303554,0.0378905668604029,0.00843360363373151,0.566964950166824,0.057194485305491656,0.008126937498066415,0.45529061613817456,9.88807114135529e-05,9.88807114135529e-05,1.1633024872182693
32800,0.006212298636664857,0.0019189092317669749,0.645011506476294,0.03788065786975646,0.008435288162141404,0.5670781957742119,0.0571836434729958,0.008128780609590712,0.4553938716857542,9.891086716573757e-05,9.891086716573757e-05,1.163657260773383
32810,0.00621028807239189,0.0019192510276933793,0.6451263958633208,0.03787075130085531,0.0084369722788546,0.5671914137045109,0.05717280357114267,0.008130623392905744,0.45549710884626016,9.894102291792225e-05,9.894102291792225e-05,1.164012034328497
32820,0.006208278103960952,0.0019195927223266387,0.6452412512022314,0.0378608471533071,0.008438655983937796,0.5673046039622047,0.057161965599670926,0.00813246584805594,0.45560032762218156,9.897117867010693e-05,9.897117867010693e-05,1.164366807883611
32830,0.006206268731273844,0.0019199343156834471,0.6453560724986377,0.037850945426719476,0.00844033927745769,0.5674177665517774,0.05715112955831926,0.008134307975085723,0.4557035280160069,9.90013344222916e-05,9.90013344222916e-05,1.1647215814387246
32840,0.006204259954232363,0.0019202758077804987,0.6454708597581507,0.03784104612070008,0.008442022159480988,0.5675309014777133,0.05714029544682635,0.008136149774039519,0.45580671003022516,9.903149017447628e-05,9.903149017447628e-05,1.1650763549938385
32850,0.0062022517727383115,0.0019206171986344877,0.6455856129863823,0.03783114923485655,0.008443704630074388,0.5676440087444966,0.05712946326493086,0.008137991244961751,0.455909873667325,9.906164592666096e-05,9.906164592666096e-05,1.1654311285489525
32860,0.006200244186693488,0.0019209584882621078,0.6457003321889437,0.037821254768796546,0.00844538668930459,0.567757088356611,0.05711863301237147,0.008139832387896848,0.4560130189297954,9.909180167884564e-05,9.909180167884564e-05,1.1657859021040662
32870,0.00619823719599969,0.0019212996766800531,0.6458150173714464,0.03781136272212769,0.008447068337238295,0.5678701403185408,0.05710780468888686,0.008141673202889232,0.45611614582012505,9.91219574310303e-05,9.91219574310303e-05,1.16614067565918
32880,0.0061962308005587205,0.001921640763905018,0.6459296685395017,0.03780147309445764,0.008448749573942203,0.5679831646347698,0.0570969782942157,0.008143513689983329,0.4562192543408028,9.915211318321499e-05,9.915211318321499e-05,1.1664954492142938
32890,0.006194225000272378,0.0019219817499536963,0.6460442856987213,0.03779158588539403,0.008450430399483016,0.5680961613097826,0.057086153828096675,0.008145353849223562,0.4563223444943172,9.918226893539967e-05,9.918226893539967e-05,1.1668502227694078
32900,0.006192219795042461,0.0019223226348427823,0.6461588688547167,0.03778170109454451,0.008452110813927435,0.5682091303480628,0.05707533129026845,0.008147193680654361,0.45642541628315747,9.921242468758433e-05,9.921242468758433e-05,1.1672049963245215
32910,0.0061902151847707705,0.0019226634185889695,0.6462734180130989,0.03777181872151673,0.008453790817342158,0.5683220717540945,0.05706451068046971,0.008149033184320148,0.4565284697098122,9.924258043976901e-05,9.924258043976901e-05,1.1675597698796354
32920,0.006188211169359106,0.0019230041012089525,0.6463879331794797,0.03776193876591832,0.00845547040979389,0.5684349855323623,0.05705369199843913,0.008150872360265345,0.45663150477677006,9.927273619195369e-05,9.927273619195369e-05,1.1679145434347493
32930,0.006186207748709266,0.0019233446827194253,0.6465024143594706,0.03775206122735692,0.008457149591349326,0.5685478716873495,0.057042875243915374,0.008152711208534384,0.45673452148652016,9.930289194413837e-05,9.930289194413837e-05,1.168269316989863
32940,0.006184204922723051,0.0019236851631370818,0.6466168615586828,0.03774218610544019,0.00845882836207517,0.5686607302235407,0.05703206041663714,0.008154549729171685,0.456837519841551,9.933304769632304e-05,9.933304769632304e-05,1.168624090544977
32950,0.006182202691302261,0.0019240255424786163,0.6467312747827281,0.037732313399775765,0.008460506722038122,0.5687735611454199,0.05702124751634308,0.008156387922221673,0.4569404998443514,9.936320344850772e-05,9.936320344850772e-05,1.1689788641000907
32960,0.0061802010543486946,0.0019243658207607223,0.6468456540372175,0.03772244310997128,0.008462184671304884,0.5688863644574711,0.05701043654277189,0.008158225787728776,0.45704346149741043,9.93933592006924e-05,9.93933592006924e-05,1.1693336376552046
32970,0.006178200011764153,0.0019247059980000945,0.6469599993277629,0.0377125752356344,0.008463862209942155,0.5689991401641784,0.05699962749566223,0.008160063325737418,0.4571464048032167,9.942351495287707e-05,9.942351495287707e-05,1.1696884112103183
32980,0.006176199563450434,0.0019250460742134268,0.6470743106599753,0.037702709776372745,0.008465539338016635,0.5691118882700258,0.05698882037475279,0.008161900536292023,0.45724932976425897,9.945367070506175e-05,9.945367070506175e-05,1.1700431847654322
32990,0.006174199709309339,0.001925386049417413,0.6471885880394666,0.037692846731793975,0.008467216055595026,0.5692246087794975,0.05697801517978224,0.008163737419437017,0.4573522363830262,9.948382645724643e-05,9.948382645724643e-05,1.1703979583205462
33000,0.006172200449242666,0.0019257259236287474,0.6473028314718478,0.03768298610150573,0.008468892362744028,0.5693373016970774,0.05696721191048925,0.008165573975216825,0.457455124662007,9.951398220943109e-05,9.951398220943109e-05,1.1707527318756599
33010,0.006170201783152215,0.001926065696864124,0.6474170409627307,0.03767312788511565,0.008470568259530343,0.5694499670272499,0.056956410566612506,0.008167410203675871,0.4575579946036903,9.954413796161577e-05,9.954413796161577e-05,1.1711075054307738
33020,0.006168203710939787,0.0019264053691402368,0.6475312165177265,0.03766327208223137,0.008472243746020668,0.5695626047744986,0.05694561114789068,0.008169246104858582,0.4576608462105648,9.957429371380045e-05,9.957429371380045e-05,1.1714622789858875
33030,0.00616620623250718,0.00192674494047378,0.647645358142447,0.03765341869246055,0.008473918822281708,0.5696752149433081,0.056934813654062444,0.008171081678809382,0.4577636794851194,9.960444946598513e-05,9.960444946598513e-05,1.1718170525410014
33040,0.006164209347756195,0.0019270844108814475,0.6477594658425033,0.037643567715410824,0.008475593488380161,0.569787797538162,0.05692401808486648,0.008172916925572695,0.45786649442984295,9.96346052181698e-05,9.96346052181698e-05,1.1721718260961151
33050,0.00616221305658863,0.0019274237803799334,0.647873539623507,0.03763371915068984,0.00847726774438273,0.5699003525635448,0.05691322444004147,0.008174751845192948,0.457969291047224,9.966476097035448e-05,9.966476097035448e-05,1.172526599651229
33060,0.006160217358906287,0.001927763048985932,0.6479875794910696,0.03762387299790523,0.008478941590356111,0.5700128800239401,0.056902432719326074,0.008176586437714566,0.4580720693397516,9.969491672253916e-05,9.969491672253916e-05,1.172881373206343
33070,0.006158222254610963,0.001928102216716137,0.6481015854508022,0.03761402925666466,0.00848061502636701,0.5701253799238325,0.056891642922458976,0.008178420703181971,0.4581748293099143,9.972507247472384e-05,9.972507247472384e-05,1.173236146761457
33080,0.0061562277436044595,0.0019284412835872426,0.6482155575083168,0.03760418792657576,0.008482288052482124,0.5702378522677057,0.05688085504917885,0.008180254641639594,0.4582775709602013,9.97552282269085e-05,9.97552282269085e-05,1.1735909203165706
33090,0.006154233825788575,0.0019287802496159429,0.6483294956692244,0.03759434900724616,0.008483960668768154,0.5703502970600439,0.056870069099224374,0.008182088253131853,0.45838029429310106,9.978538397909319e-05,9.978538397909319e-05,1.1739456938716843
33100,0.00615224050106511,0.001929119114818932,0.6484433999391367,0.037584512498283526,0.008485632875291802,0.5704627143053311,0.05685928507233423,0.008183921537703179,0.45848299931110253,9.981553973127785e-05,9.981553973127785e-05,1.1743004674267983
33110,0.006150247769335863,0.0019294578792129037,0.6485572703236652,0.037574678399295486,0.008487304672119769,0.5705751040080517,0.05684850296824708,0.008185754495397993,0.4585856860166943,9.984569548346253e-05,9.984569548346253e-05,1.174655240981912
33120,0.006148255630502635,0.0019297965428145525,0.648671106828421,0.037564846709889695,0.008488976059318754,0.5706874661726892,0.056837722786701614,0.008187587126260724,0.4586883544123655,9.987585123564721e-05,9.987585123564721e-05,1.175010014537026
33130,0.006146264084467226,0.0019301351056405722,0.6487849094590158,0.037555017429673786,0.008490647036955458,0.5707998008037282,0.0568269445274365,0.008189419430335793,0.45879100450060467,9.990600698783189e-05,9.990600698783189e-05,1.1753647880921398
33140,0.006144273131131434,0.0019304735677076568,0.6488986782210611,0.03754519055825541,0.008492317605096581,0.5709121079056524,0.05681616819019042,0.008191251407667625,0.45889363628390056,9.993616274001656e-05,9.993616274001656e-05,1.1757195616472536
33150,0.006142282770397059,0.0019308119290325004,0.6490124131201681,0.03753536609524221,0.008493987763808827,0.5710243874829463,0.05680539377470204,0.008193083058300651,0.45899624976474235,9.996631849220124e-05,9.996631849220124e-05,1.1760743352023675
33160,0.006140293002165902,0.0019311501896317972,0.6491261141619485,0.037525544040241825,0.008495657513158892,0.5711366395400934,0.05679462128071004,0.00819491438227929,0.4590988449456185,9.999647424438592e-05,9.999647424438592e-05,1.1764291087574814
33170,0.006138303826339761,0.0019314883495222413,0.6492397813520138,0.037515724392861896,0.008497326853213479,0.5712488640815784,0.05678385070795311,0.00819674537964797,0.4592014218290179,0.00010002662999657058,0.00010002662999657058,1.1767838823125951
33180,0.0061363152428204355,0.0019318264087205266,0.6493534146959753,0.03750590715271008,0.008498995784039289,0.5713610611118849,0.056773082056169905,0.008198576050451113,0.45930398041742926,0.00010005678574875526,0.00010005678574875526,1.1771386558677088
33190,0.006134327251509726,0.001932164367243347,0.6494670141994443,0.037496092319394006,0.008500664305703022,0.5714732306354972,0.056762315325099115,0.008200406394733148,0.4594065207133416,0.00010008694150093994,0.00010008694150093994,1.1774934294228228
33200,0.006132339852309434,0.001932502225107397,0.6495805798680325,0.037486279892521325,0.008502332418271377,0.5715853726568992,0.05675155051447941,0.008202236412538498,0.45950904271924364,0.00010011709725312462,0.00010011709725312462,1.1778482029779367
33210,0.006130353045121355,0.0019328399823293702,0.6496941117073514,0.037476469871699676,0.008504000121811057,0.5716974871805752,0.056740787624049466,0.008204066103911589,0.459611546437624,0.00010014725300530929,0.00010014725300530929,1.1782029765330504
33220,0.006128366829847292,0.0019331776389259609,0.6498076097230119,0.037466662256536706,0.008505667416388762,0.5718095742110091,0.056730026653547955,0.008205895468896844,0.4597140318709717,0.00010017740875749397,0.00010017740875749397,1.1785577500881643
33230,0.006126381206389043,0.0019335151949138633,0.6499210739206263,0.037456857046640056,0.008507334302071193,0.5719216337526851,0.05671926760271356,0.008207724507538691,0.4598164990217754,0.00010020756450967865,0.00010020756450967865,1.1789125236432783
33240,0.006124396174648408,0.001933852650309771,0.6500345043058053,0.03744705424161737,0.008509000778925049,0.5720336658100872,0.05670851047128496,0.008209553219881554,0.459918947892524,0.00010023772026186332,0.00010023772026186332,1.179267297198392
33250,0.006122411734527188,0.0019341900051303787,0.6501479008841609,0.037437253841076296,0.008510666847017033,0.5721456703876996,0.05669775525900082,0.008211381605969856,0.46002137848570623,0.000100267876014048,0.000100267876014048,1.1796220707535057
33260,0.00612042788592718,0.00193452725939238,0.6502612636613042,0.037427455844624466,0.008512332506413842,0.5722576474900061,0.05668700196559984,0.008213209665848025,0.46012379080381094,0.00010029803176623268,0.00010029803176623268,1.1799768443086196
33270,0.006118444628750185,0.001934864413112469,0.6503745926428466,0.03741766025186954,0.00851399775718218,0.572369597121491,0.05667625059082066,0.008215037399560485,0.4602261848493269,0.00010032818751841736,0.00010032818751841736,1.1803316178637335
33280,0.006116461962898004,0.00193520146630734,0.6504878878343999,0.037407867062419144,0.008515662599388747,0.5724815192866384,0.05666550113440198,0.00821686480715166,0.46032856062474287,0.00010035834327060202,0.00010035834327060202,1.1806863914188472
33290,0.006114479888272434,0.0019355384189936869,0.6506011492415753,0.03739807627588093,0.008517327033100243,0.5725934139899322,0.05665475359608247,0.008218691888665978,0.46043091813254783,0.0001003884990227867,0.0001003884990227867,1.1810411649739612
33300,0.006112498404775277,0.0019358752711882035,0.6507143768699843,0.03738828789186255,0.00851899105838337,0.5727052812358567,0.056644007975600805,0.00822051864414786,0.4605332573752302,0.00010041865477497138,0.00010041865477497138,1.181395938529075
33310,0.0061105175123083305,0.0019362120229075843,0.6508275707252383,0.03737850190997163,0.008520654675304825,0.5728171210288957,0.05663326427269567,0.008222345073641734,0.46063557835527924,0.00010044881052715605,0.00010044881052715605,1.1817507120841888
33320,0.006108537210773396,0.0019365486741685233,0.6509407308129489,0.03736871832981582,0.008522317883931312,0.5729289333735335,0.056622522487105725,0.008224171177192024,0.46073788107518343,0.00010047896627934073,0.00010047896627934073,1.1821054856393027
33330,0.006106557500072272,0.0019368852249877144,0.6510538571387274,0.037358937151002775,0.008523980684329531,0.5730407182742541,0.05661178261856965,0.008225996954843155,0.4608401655374316,0.00010050912203152541,0.00010050912203152541,1.1824602591944164
33340,0.006104578380106758,0.0019372216753818516,0.6511669497081853,0.03734915837314012,0.008525643076566182,0.5731524757355416,0.05660104466682614,0.008227822406639555,0.4609424317445129,0.00010053927778371009,0.00010053927778371009,1.1828150327495304
33350,0.006102599850778655,0.0019375580253676293,0.6512800085269341,0.037339381995835516,0.008527305060707965,0.5732642057618799,0.05659030863161385,0.008229647532625643,0.46104467969891555,0.00010056943353589476,0.00010056943353589476,1.183169806304644
33360,0.006100621911989761,0.0019378942749617412,0.6513930336005853,0.037329608018696586,0.008528966636821582,0.5733759083577533,0.05657957451267146,0.00823147233284585,0.4611469094031288,0.00010059958928807944,0.00010059958928807944,1.183524579859758
33370,0.006098644563641877,0.0019382304241808814,0.6515060249347501,0.037319836441330995,0.008530627804973732,0.5734875835276458,0.056568842309737646,0.008233296807344597,0.4612491208596413,0.00010062974504026412,0.00010062974504026412,1.183879353414872
33380,0.006096667805636802,0.0019385664730417443,0.6516189825350401,0.037310067263346375,0.00853228856523112,0.5735992312760416,0.056558112022551094,0.008235120956166311,0.4613513140709418,0.00010065990079244878,0.00010065990079244878,1.1842341269699856
33390,0.006094691637876336,0.0019389024215610234,0.6517319064070666,0.03730030048435037,0.00853394891766044,0.5737108516074245,0.05654738365085047,0.008236944779355417,0.46145348903951916,0.00010069005654463346,0.00010069005654463346,1.1845889005250996
33400,0.006092716060262278,0.0019392382697554133,0.6518447965564415,0.03729053610395062,0.008535608862328396,0.5738224445262786,0.05653665719437445,0.00823876827695634,0.4615556457678622,0.00010072021229681814,0.00010072021229681814,1.1849436740802133
33410,0.006090741072696428,0.0019395740176416077,0.6519576529887756,0.037280774121754776,0.00853726839930169,0.5739340100370883,0.05652593265286172,0.008240591449013505,0.4616577842584597,0.00010075036804900282,0.00010075036804900282,1.1852984476353272
33420,0.006088766675080586,0.001939909665236301,0.652070475709681,0.03727101453737047,0.008538927528647022,0.5740455481443376,0.05651521002605094,0.008242414295571336,0.46175990451380033,0.00010078052380118749,0.00010078052380118749,1.185653221190441
33430,0.006086792867316551,0.001940245212556187,0.6521832647247686,0.03726125735040536,0.00854058625043109,0.5741570588525102,0.0565044893136808,0.008244236816674261,0.46186200653637316,0.00010081067955337217,0.00010081067955337217,1.1860079947455548
33440,0.006084819649306123,0.0019405806596179598,0.6522960200396504,0.03725150256046709,0.008542244564720596,0.5742685421660904,0.05649377051548997,0.008246059012366701,0.46196409032866675,0.00010084083530555685,0.00010084083530555685,1.1863627683006688
33450,0.006082847020951101,0.0019409160064383134,0.6524087416599372,0.037241750167163294,0.008543902471582243,0.5743799980895624,0.056483053631217126,0.008247880882693086,0.4620661558931701,0.00010087099105774152,0.00010087099105774152,1.1867175418557825
33460,0.006080874982153286,0.001941251253033942,0.6525214295912409,0.037232000170101615,0.008545559971082728,0.5744914266274102,0.056472338660600946,0.008249702427697837,0.4621682032323718,0.0001009011468099262,0.0001009011468099262,1.1870723154108964
33470,0.006078903532814476,0.0019415863994215396,0.6526340838391729,0.0372222525688897,0.008547217063288754,0.5746028277841178,0.056461625603380104,0.008251523647425379,0.46227023234876075,0.00010093130256211088,0.00010093130256211088,1.1874270889660101
33480,0.006076932672836472,0.0019419214456178004,0.6527467044093447,0.03721250736313519,0.00854887374826702,0.5747142015641693,0.056450914459293275,0.00825334454192014,0.46237224324482573,0.00010096145831429556,0.00010096145831429556,1.187781862521124
33490,0.006074962402121072,0.0019422563916394182,0.6528592913073674,0.03720276455244573,0.00855053002608423,0.574825547972049,0.05644020522807914,0.008255165111226544,0.46247423592305564,0.00010099161406648022,0.00010099161406648022,1.1881366360762378
33500,0.006072992720570079,0.0019425912375030873,0.6529718445388528,0.03719302413642896,0.008552185896807079,0.5749368670122404,0.05642949790947637,0.008256985355389015,0.4625762103859392,0.0001010217698186649,0.0001010217698186649,1.1884914096313517
33510,0.006071023628085289,0.0019429259832255015,0.6530843641094123,0.03718328611469253,0.008553841360502272,0.5750481586892283,0.056418792503223646,0.008258805274451978,0.46267816663596517,0.00010105192557084958,0.00010105192557084958,1.1888461831864656
33520,0.0060690551245685025,0.0019432606288233552,0.6531968500246572,0.037173550486844086,0.008555496417236508,0.5751594230074963,0.056408089009059637,0.008260624868459859,0.46278010467562236,0.00010108208132303425,0.00010108208132303425,1.1892009567415793
33530,0.00606708720992152,0.0019435951743133422,0.6533093022901989,0.03716381725249126,0.00855715106707649,0.5752706599715286,0.056397387426723025,0.008262444137457083,0.4628820245073996,0.00010111223707521893,0.00010111223707521893,1.1895557302966933
33540,0.006065119884046141,0.0019439296197121566,0.6534217209116492,0.037154086411241696,0.008558805310088914,0.5753818695858092,0.05638668775595248,0.008264263081488076,0.4629839261337858,0.00010114239282740361,0.00010114239282740361,1.1899105038518072
33550,0.006063153146844165,0.0019442639650364925,0.6535341058946192,0.03714435796270305,0.008560459146340483,0.5754930518548222,0.056375989996486686,0.00826608170059726,0.4630858095572695,0.00010117254857958829,0.00010117254857958829,1.190265277406921
33560,0.006061186998217392,0.001944598210303044,0.6536464572447206,0.03713463190648296,0.008562112575897899,0.5756042067830519,0.056365294148064314,0.008267899994829063,0.4631876747803397,0.00010120270433177296,0.00010120270433177296,1.1906200509620346
33570,0.00605922143806762,0.0019449323555285052,0.6537587749675647,0.03712490824218906,0.008563765598827862,0.5757153343749822,0.056354600210424044,0.00826971796422791,0.46328952180548516,0.00010123286008395764,0.00010123286008395764,1.1909748245171485
33580,0.006057256466296651,0.00194526640072957,0.653871059068763,0.03711518696942901,0.00856541821519707,0.5758264346350971,0.05634390818330454,0.008271535608838225,0.4633913506351947,0.00010126301583614232,0.00010126301583614232,1.1913295980722625
33590,0.006055292082806283,0.0019456003459229325,0.6539833095539268,0.037105468087810435,0.008567070425072227,0.5759375075678806,0.0563332180664445,0.008273352928704432,0.46349316127195705,0.00010129317158832698,0.00010129317158832698,1.1916843716273762
33600,0.006053328287498316,0.001945934191125287,0.6540955264286679,0.03709575159694099,0.008568722228520034,0.5760485531778173,0.05632252985958258,0.00827516992387096,0.4635949537182611,0.00010132332734051166,0.00010132332734051166,1.19203914518249
33610,0.00605136508027455,0.001946267936353327,0.6542077096985973,0.037086037496428324,0.008570373625607187,0.5761595714693907,0.05631184356245746,0.00827698659438223,0.46369672797659545,0.00010135348309269634,0.00010135348309269634,1.192393918737604
33620,0.006049402461036785,0.001946601581623747,0.6543198593693268,0.03707632578588006,0.00857202461640039,0.576270562447085,0.056301159174807824,0.008278802940282666,0.463798484049449,0.00010138363884488101,0.00010138363884488101,1.1927486922927177
33630,0.006047440429686819,0.0019469351269532412,0.6544319754464676,0.03706661646490387,0.008573675200966345,0.5763815261153844,0.05629047669637234,0.0082806189616167,0.46390022193931085,0.00010141379459706569,0.00010141379459706569,1.1931034658478314
33640,0.006045478986126454,0.0019472685723585035,0.6545440579356314,0.03705690953310737,0.00857532537937175,0.576492462478773,0.05627979612688969,0.008282434658428749,0.4640019416486694,0.00010144395034925037,0.00010144395034925037,1.1934582394029454
33650,0.006043518130257487,0.0019476019178562278,0.6546561068424295,0.03704720499009822,0.008576975151683305,0.5766033715417347,0.05626911746609855,0.008284250030763244,0.46410364318001374,0.00010147410610143505,0.00010147410610143505,1.1938130129580593
33660,0.00604155786198172,0.001947935163463108,0.6547681221724733,0.03703750283548405,0.008578624517967714,0.5767142533087537,0.05625844071373759,0.008286065078664607,0.4642053265358323,0.00010150426185361972,0.00010150426185361972,1.194167786513173
33670,0.006039598181200951,0.0019482683091958388,0.6548801039313743,0.03702780306887252,0.008580273478291673,0.5768251077843141,0.05624776586954549,0.008287879802177264,0.4643069917186142,0.0001015344176058044,0.0001015344176058044,1.194522560068287
33680,0.00603763908781698,0.001948601355071114,0.6549920521247442,0.03701810568987126,0.008581922032721888,0.5769359349729,0.05623709293326092,0.00828969420134564,0.4644086387308482,0.00010156457335798908,0.00010156457335798908,1.1948773336234009
33690,0.006035680581731607,0.0019489343011056272,0.655103966758194,0.03700841069808792,0.008583570181325054,0.5770467348789952,0.05622642190462257,0.00829150827621416,0.46451026757502306,0.00010159472911017376,0.00010159472911017376,1.1952321071785146
33700,0.006033722662846633,0.0019492671473160732,0.6552158478373356,0.03699871809313014,0.008585217924167877,0.577157507507084,0.056215752783369106,0.00829332202682725,0.4646118782536274,0.00010162488486235842,0.00010162488486235842,1.1955868807336285
33710,0.006031765331063855,0.0019495998937191453,0.6553276953677798,0.03698902787460557,0.008586865261317054,0.5772682528616506,0.0562050855692392,0.008295135453229333,0.46471347076915026,0.0001016550406145431,0.0001016550406145431,1.1959416542887422
33720,0.006029808586285073,0.0019499325403315381,0.6554395093551387,0.03697934004212185,0.008588512192839287,0.5773789709471788,0.05619442026197154,0.008296948555464836,0.46481504512408045,0.00010168519636672778,0.00010168519636672778,1.1962964278438561
33730,0.006027852428412089,0.0019502650871699454,0.6555512898050236,0.036969654595286616,0.008590158718801278,0.5774896617681531,0.056183756861304786,0.008298761333578184,0.4649166013209067,0.00010171535211891245,0.00010171535211891245,1.1966512013989699
33740,0.0060258968573467,0.0019505975342510617,0.6556630367230458,0.036959971533707524,0.008591804839269723,0.5776003253290569,0.056173095366977635,0.0083005737876138,0.46501813936211756,0.00010174550787109713,0.00010174550787109713,1.1970059749540838
33750,0.006023941872990707,0.0019509298815915805,0.6557747501148169,0.03695029085699221,0.008593450554311327,0.5777109616343749,0.056162435778728745,0.00830238591761611,0.46511965925020227,0.00010177566362328181,0.00010177566362328181,1.1973607485091977
33760,0.00602198747524591,0.001951262129208196,0.6558864299859481,0.036940612564748315,0.00859509586399279,0.5778215706885907,0.056151778096296796,0.008304197723629543,0.4652211609876495,0.00010180581937546649,0.00010180581937546649,1.1977155220643116
33770,0.006020033664014107,0.0019515942771176024,0.6559980763420512,0.036930936656583487,0.008596740768380809,0.5779321524961888,0.05614112231942047,0.008306009205698517,0.4653226445769477,0.00010183597512765116,0.00010183597512765116,1.1980702956194254
33780,0.006018080439197099,0.0019519263253364937,0.6561096891887372,0.036921263132105364,0.00859838526754209,0.578042707061653,0.056130468447838436,0.008307820363867463,0.46542411002058615,0.00010186613087983584,0.00010186613087983584,1.198425069174539
33790,0.006016127800696686,0.001952258273881564,0.6562212685316181,0.0369115919909216,0.00860002936154333,0.5781532343894674,0.05611981648128938,0.008309631198180803,0.46552555732105333,0.0001018962866320205,0.0001018962866320205,1.1987798427296528
33800,0.006014175748414666,0.0019525901227695074,0.656332814376305,0.036901923232639834,0.00860167305045123,0.5782637344841163,0.05610916641951197,0.008311441708682962,0.46562698648083817,0.00010192644238420518,0.00010192644238420518,1.1991346162847667
33810,0.00601222428225284,0.0019529218720170179,0.6564443267284092,0.0368922568568677,0.008603316334332492,0.5783742073500834,0.05609851826224488,0.008313251895418369,0.46572839750242967,0.00010195659813638986,0.00010195659813638986,1.1994893898398806
33820,0.006010273402113007,0.0019532535216407894,0.6565558055935427,0.036882592863212854,0.008604959213253816,0.5784846529918531,0.05608787200922679,0.008315061758431443,0.4658297903883162,0.00010198675388857454,0.00010198675388857454,1.1998441633949946
33830,0.006008323107896967,0.001953585071657516,0.6566672509773163,0.03687293125128294,0.008606601687281903,0.5785950714139094,0.05607722766019638,0.008316871297766613,0.46593116514098676,0.00010201690964075922,0.00010201690964075922,1.2001989369501085
33840,0.00600637339950652,0.001953916522083892,0.6567786628853419,0.03686327202068558,0.008608243756483452,0.5787054626207362,0.056066585214892314,0.008318680513468303,0.4660325217629302,0.00010204706539294389,0.00010204706539294389,1.2005537105052222
33850,0.006004424276843464,0.0019542478729366116,0.6568900413232307,0.03685361517102845,0.008609885420925166,0.5788158266168177,0.05605594467305328,0.008320489405580939,0.4661338602566353,0.00010207722114512857,0.00010207722114512857,1.2009084840603361
33860,0.0060024757398096,0.0019545791242323684,0.6570013862965944,0.036843960701919164,0.008611526680673744,0.5789261634066383,0.05604530603441795,0.008322297974148945,0.46623518062459074,0.00010210737689731323,0.00010210737689731323,1.2012632576154498
33870,0.006000527788306728,0.001954910275987857,0.6571126978110443,0.03683430861296538,0.008613167535795887,0.5790364729946814,0.056034669298725005,0.008324106219216747,0.46633648286928553,0.00010213753264949791,0.00010213753264949791,1.2016180311705635
33880,0.005998580422236647,0.0019552413282197707,0.6572239758721917,0.036824658903774746,0.008614807986358294,0.5791467553854315,0.05602403446571311,0.008325914140828769,0.4664377669932084,0.0001021676884016826,0.0001021676884016826,1.2019728047256775
33890,0.005996633641501156,0.001955572280944804,0.6573352204856483,0.0368150115739549,0.008616448032427669,0.5792570105833726,0.056013401535120945,0.008327721739029436,0.466539032998848,0.00010219784415386727,0.00010219784415386727,1.2023275782807914
33900,0.005994687446002057,0.001955903134179651,0.6574464316570254,0.03680536662311348,0.00861808767407071,0.5793672385929889,0.05600277050668719,0.008329529013863175,0.46664028088869325,0.00010222799990605194,0.00010222799990605194,1.202682351835905
33910,0.005992741835641146,0.001956233887941006,0.6575576093919347,0.03679572405085813,0.00861972691135412,0.5794774394187643,0.055992141380150524,0.00833133596537441,0.466741510665233,0.00010225815565823662,0.00010225815565823662,1.203037125391019
33920,0.0059907968103202255,0.0019565645422455623,0.6576687536959873,0.036786083856796506,0.008621365744344597,0.5795876130651829,0.05598151415524961,0.008333142593607564,0.466842722330956,0.0001022883114104213,0.0001022883114104213,1.203391898946133
33930,0.0059888523699410945,0.0019568950971100146,0.6577798645747948,0.03677644604053624,0.008623004173108842,0.5796977595367288,0.05597088883172314,0.008334948898607064,0.46694391588835094,0.00010231846716260597,0.00010231846716260597,1.2037466725012467
33940,0.005986908514405552,0.001957225552551057,0.6578909420339686,0.03676681060168497,0.008624642197713557,0.5798078788378862,0.055960265409309776,0.008336754880417336,0.4670450913399068,0.00010234862291479065,0.00010234862291479065,1.2041014460563604
33950,0.005984965243615398,0.001957555908585383,0.6580019860791203,0.03675717753985036,0.008626279818225441,0.5799179709731388,0.0559496438877482,0.008338560539082805,0.46714624868811233,0.00010237877866697533,0.00010237877866697533,1.2044562196114743
33960,0.005983022557472432,0.001957886165229687,0.6581129967158611,0.03674754685464003,0.008627917034711196,0.580028035946971,0.05593902426677709,0.008340365874647893,0.4672473879354562,0.00010240893441916001,0.00010240893441916001,1.2048109931665882
33970,0.0059810804558784545,0.0019582163225006634,0.6582239739498027,0.03673791854566164,0.008629553847237523,0.5801380737638671,0.055928406546135116,0.008342170887157028,0.4673485090844273,0.00010243909017134467,0.00010243909017134467,1.205165766721702
33980,0.005979138938735264,0.0019585463804150057,0.6583349177865564,0.03672829261252283,0.008631190255871122,0.5802480844283107,0.05591779072556096,0.008343975576654634,0.46744961213751446,0.00010246924592352935,0.00010246924592352935,1.2055205402768159
33990,0.00597719800594466,0.001958876338989408,0.6584458282317337,0.03671866905483123,0.008632826260678692,0.580358067944786,0.0559071768047933,0.008345779943185137,0.46755069709720654,0.00010249940167571403,0.00010249940167571403,1.2058753138319298
34000,0.005975257657408444,0.0019592061982405653,0.6585567052909463,0.036709047872194506,0.008634461861726936,0.5804680243177771,0.0558965647835708,0.00834758398679296,0.4676517639659921,0.0001025295574278987,0.0001025295574278987,1.2062300873870435
34010,0.005973317893028414,0.00195953595818517,0.6586675489698051,0.03669942906422029,0.008636097059082554,0.5805779535517682,0.05588595466163215,0.008349387707522532,0.4677528127463604,0.00010255971318008338,0.00010255971318008338,1.2065848609421574
34020,0.005971378712706369,0.001959865618839918,0.6587783592739219,0.036689812630516225,0.008637731852812244,0.5806878556512431,0.05587534643871602,0.008351191105418274,0.46785384344079967,0.00010258986893226806,0.00010258986893226806,1.2069396344972712
34030,0.005969440116344111,0.001960195180221502,0.6588891362089081,0.03668019857068995,0.008639366242982711,0.5807977306206864,0.055864740114561086,0.008352994180524613,0.46795485605179904,0.00010262002468445274,0.00010262002468445274,1.207294408052385
34040,0.005967502103843437,0.0019605246423466164,0.6589998797803752,0.03667058688434911,0.008641000229660653,0.5809075784645816,0.05585413568890602,0.008354796932885973,0.46805585058184723,0.00010265018043663741,0.00010265018043663741,1.2076491816074988
34050,0.0059655646751061485,0.001960854005231955,0.6591105899939345,0.03666097757110136,0.00864263381291277,0.581017399187413,0.05584353316148951,0.008356599362546782,0.4681568270334332,0.00010268033618882209,0.00010268033618882209,1.2080039551626127
34060,0.005963627830034045,0.001961183268894213,0.6592212668551976,0.036651370630554334,0.008644266992805766,0.5811271927936649,0.05583293253205022,0.00835840146955146,0.46825778540904534,0.00010271049194100677,0.00010271049194100677,1.2083587287177266
34070,0.005961691568528925,0.0019615124333500836,0.659331910369776,0.03664176606231567,0.008645899769406338,0.5812369592878209,0.05582233380032683,0.008360203253944437,0.46835872571117293,0.00010274064769319143,0.00010274064769319143,1.2087135022728404
34080,0.005959755890492589,0.0019618414986162605,0.6594425205432808,0.03663216386599303,0.008647532142781187,0.5813466986743654,0.05581173696605801,0.008362004715770135,0.4684596479423045,0.00010277080344537611,0.00010277080344537611,1.2090682758279543
34090,0.005957820795826837,0.0019621704647094385,0.6595530973813237,0.03662256404119404,0.008649164112997015,0.5814564109577824,0.05580114202898245,0.00836380585507298,0.46856055210492886,0.0001028009591975608,0.0001028009591975608,1.209423049383068
34100,0.005955886284433467,0.001962499331646311,0.6596636408895163,0.036612966587526344,0.008650795680120523,0.5815660961425562,0.05579054898883882,0.008365606671897398,0.4686614382015349,0.00010283111494974547,0.00010283111494974547,1.209777822938182
34110,0.0059539523562142805,0.001962828099443573,0.6597741510734698,0.036603371504597595,0.008652426844218412,0.5816757542331705,0.05577995784536579,0.008367407166287812,0.4687623062346113,0.00010286127070193014,0.00010286127070193014,1.2101325964932956
34120,0.005952019011071077,0.0019631567681179176,0.6598846279387958,0.036593778792015426,0.008654057605357379,0.5817853852341095,0.055769368598302047,0.00836920733828865,0.4688631562066471,0.00010289142645411482,0.00010289142645411482,1.2104873700484096
34130,0.005950086248905655,0.0019634853376860393,0.6599950714911056,0.03658418844938749,0.008655687963604127,0.5818949891498572,0.05575878124738625,0.008371007187944335,0.4689639881201308,0.0001029215822062995,0.0001029215822062995,1.2108421436035235
34140,0.005948154069619814,0.001963813808164632,0.6601054817360107,0.036574600476321426,0.008657317919025359,0.582004565984898,0.05574819579235709,0.008372806715299292,0.46906480197755135,0.00010295173795848417,0.00010295173795848417,1.2111969171586372
34150,0.005946222473115355,0.00196414217957039,0.6602158586791227,0.03656501487242488,0.008658947471687772,0.5821141157437157,0.05573761223295324,0.008374605920397947,0.46916559778139755,0.00010298189371066885,0.00010298189371066885,1.2115516907137511
34160,0.005944291459294077,0.0019644704519200073,0.6603262023260529,0.03655543163730549,0.008660576621658068,0.5822236384307944,0.05572703056891337,0.008376404803284724,0.46926637553415823,0.00010301204946285353,0.00010301204946285353,1.2119064642688648
34170,0.005942361028057779,0.001964798625230178,0.6604365126824128,0.03654585077057091,0.008662205369002947,0.5823331340506183,0.05571645079997616,0.00837820336400405,0.4693671352383221,0.00010304220521503821,0.00010304220521503821,1.2122612378239788
34180,0.005940431179308262,0.001965126699517596,0.6605467897538138,0.03653627227182877,0.00866383371378911,0.5824426026076712,0.05570587292588029,0.008380001602600346,0.4694678768963779,0.00010307236096722287,0.00010307236096722287,1.2126160113790925
34190,0.005938501912947325,0.001965454674798955,0.6606570335458672,0.036526696140686724,0.00866546165608326,0.5825520441064376,0.055695296946364437,0.008381799519118042,0.46956860051081467,0.00010310251671940755,0.00010310251671940755,1.2129707849342064
34200,0.005936573228876767,0.0019657825510909503,0.660767244064185,0.036517122376752406,0.008667089195952092,0.5826614585514011,0.05568472286116727,0.008383597113601562,0.46966930608412116,0.00010313267247159223,0.00010313267247159223,1.2133255584893203
34210,0.005934645126998388,0.0019661103284102747,0.660877421314378,0.036507550979633464,0.008668716333462313,0.5827708459470462,0.05567415067002746,0.008385394386095328,0.4697699936187859,0.0001031628282237769,0.0001031628282237769,1.213680332044434
34220,0.005932717607213988,0.0019664380067736225,0.6609875653020579,0.036497981948937545,0.008670343068680619,0.5828802062978566,0.0556635803726837,0.008387191336643769,0.46987066311729797,0.00010319298397596158,0.00010319298397596158,1.214035105599548
34230,0.005930790669425367,0.001966765586197688,0.6610976760328362,0.03648841528427229,0.008671969401673713,0.5829895396083167,0.055653011968874656,0.008388987965291306,0.469971314582146,0.00010322313972814626,0.00010322313972814626,1.214389879154662
34240,0.005928864313534323,0.0019670930666991658,0.6612077535123245,0.03647885098524534,0.008673595332508294,0.5830988458829105,0.055642445458339,0.008390784272082367,0.47007194801581886,0.00010325329548033094,0.00010325329548033094,1.2147446527097756
34250,0.005926938539442658,0.0019674204482947487,0.661317797746134,0.03646928905146434,0.008675220861251064,0.583208125126122,0.05563188084081541,0.008392580257061378,0.47017256342080543,0.0001032834512325156,0.0001032834512325156,1.2150994262648893
34260,0.00592501334705217,0.0019677477310011317,0.6614278087398762,0.03645972948253694,0.008676845987968723,0.5833173773424352,0.055621318116042574,0.00839437592027276,0.47027316079959436,0.00010331360698470029,0.00010331360698470029,1.2154541998200032
34270,0.005923088736264658,0.0019680749148350087,0.6615377864991625,0.036450172278070764,0.008678470712727971,0.5834266025363342,0.05561075728375915,0.008396171261760942,0.4703737401546746,0.00010334376273688497,0.00010334376273688497,1.2158089733751172
34280,0.005921164706981923,0.0019684019998130737,0.6616477310296046,0.036440617437673475,0.008680095035595511,0.5835358007123033,0.055600198343703826,0.008397966281570347,0.47047430148853486,0.00010337391848906963,0.00010337391848906963,1.2161637469302309
34290,0.005919241259105765,0.0019687289859520204,0.6617576423368136,0.03643106496095271,0.008681718956638041,0.5836449718748262,0.05558964129561528,0.0083997609797454,0.47057484480366396,0.00010340407424125431,0.00010340407424125431,1.2165185204853448
34300,0.0059173183925379826,0.0019690558732685434,0.6618675204264012,0.036421514847516115,0.008683342475922262,0.5837541160283872,0.055579086139232174,0.008401555356330527,0.47067537010255056,0.00010343422999343899,0.00010343422999343899,1.2168732940404587
34310,0.0059153961071803755,0.0019693826617793366,0.6619773653039787,0.03641196709697133,0.008684965593514875,0.5838632331774706,0.0555685328742932,0.008403349411370154,0.47077587738768367,0.00010346438574562366,0.00010346438574562366,1.2172280675955724
34320,0.005913474402934743,0.0019697093515010943,0.6620871769751576,0.036402421708926,0.008686588309482582,0.58397232332656,0.05555798150053702,0.008405143144908703,0.470876366661552,0.00010349454149780834,0.00010349454149780834,1.2175828411506862
34330,0.005911553279702887,0.0019700359424505097,0.6621969554455494,0.03639287868298777,0.008688210623892082,0.5840813864801399,0.05554743201770232,0.008406936556990603,0.47097683792664446,0.00010352469724999302,0.00010352469724999302,1.2179376147058
34340,0.005909632737386605,0.001970362434644278,0.6623067007207656,0.03638333801876427,0.008689832536810075,0.584190422642694,0.055536884425527774,0.008408729647660276,0.4710772911854496,0.00010355485300217769,0.00010355485300217769,1.2182923882609138
34350,0.005907712775887696,0.0019706888280990923,0.6624164128064176,0.03637379971586316,0.008691454048303265,0.5842994318187068,0.05552633872375205,0.008410522416962149,0.47117772644045647,0.00010358500875436237,0.00010358500875436237,1.2186471618160277
34360,0.005905793395107961,0.001971015122831647,0.6625260917081167,0.03636426377389208,0.008693075158438349,0.5844084140126621,0.055515794912113836,0.008412314864940644,0.4712781436941537,0.00010361516450654705,0.00010361516450654705,1.2190019353711417
34370,0.0059038745949492,0.0019713413188586367,0.6626357374314744,0.03635473019245867,0.008694695867282028,0.5845173692290438,0.055505252990351805,0.008414106991640191,0.47137854294903037,0.00010364532025873173,0.00010364532025873173,1.2193567089262556
34380,0.005901956375313212,0.0019716674161967544,0.6627453499821022,0.03634519897117057,0.008696316174901004,0.5846262974723364,0.05549471295820463,0.00841589879710521,0.47147892420757476,0.00010367547601091639,0.00010367547601091639,1.2197114824813693
34390,0.0059000387361017965,0.001971993414862695,0.6628549293656116,0.03633567010963544,0.008697936081361978,0.5847351987470237,0.055484174815410986,0.00841769028138013,0.4715792874722762,0.00010370563176310107,0.00010370563176310107,1.2200662560364832
34400,0.005898121677216753,0.0019723193148731524,0.6629644755876143,0.0363261436074609,0.008699555586731649,0.5848440730575898,0.05547363856170955,0.008419481444509373,0.47167963274562313,0.00010373578751528575,0.00010373578751528575,1.220421029591597
34410,0.005896205198559882,0.0019726451162448205,0.6630739886537211,0.03631661946425461,0.00870117469107672,0.5849529204085188,0.055463104196839,0.008421272286537367,0.4717799600301046,0.00010376594326747042,0.00010376594326747042,1.2207758031467106
34420,0.0058942893000329824,0.0019729708189943937,0.663183468569544,0.03630709767962421,0.008702793394463887,0.5850617408042948,0.05545257172053802,0.008423062807508534,0.47188026932820926,0.0001037960990196551,0.0001037960990196551,1.2211305767018246
34430,0.005892373981537854,0.0019732964231385652,0.6632929153406941,0.03629757825317734,0.008704411696959855,0.5851705342494019,0.055442041132545264,0.008424853007467302,0.47198056064242594,0.00010382625477183978,0.00010382625477183978,1.2214853502569385
34440,0.005890459242976296,0.00197362192869403,0.6634023289727833,0.036288061184521644,0.008706029598631322,0.585279300748324,0.05543151243259943,0.008426642886458094,0.47208083397524336,0.00010385641052402446,0.00010385641052402446,1.2218401238120524
34450,0.005888545084250109,0.001973947335677482,0.6635117094714225,0.03627854647326476,0.008707647099544993,0.5853880403055456,0.05542098562043918,0.008428432444525336,0.4721810893291505,0.00010388656627620914,0.00010388656627620914,1.2221948973671664
34460,0.005886631505261092,0.0019742726441056148,0.6636210568422235,0.03626903411901435,0.008709264199767563,0.5854967529255504,0.0554104606958032,0.008430221681713453,0.47228132670663603,0.0001039167220283938,0.0001039167220283938,1.22254967092228
34470,0.005884718505911045,0.0019745978539951227,0.6637303710907975,0.03625952412137804,0.008710880899365735,0.5856054386128225,0.055399937658430154,0.00843201059806687,0.47238154611018884,0.00010394687778057849,0.00010394687778057849,1.2229044444773938
34480,0.005882806086101767,0.0019749229653627,0.6638396522227562,0.03625001647996348,0.00871249719840621,0.5857140973718459,0.05538941650805873,0.008433799193630014,0.47248174754229766,0.00010397703353276315,0.00010397703353276315,1.2232592180325075
34490,0.005880894245735059,0.0019752479782250408,0.6639489002437111,0.03624051119437831,0.008714113096955689,0.5858227292071051,0.0553788972444276,0.008435587468447305,0.4725819310054512,0.00010400718928494783,0.00010400718928494783,1.2236139915876214
34500,0.005878982984712719,0.0019755728925988383,0.6640581151592734,0.03623100826423018,0.00871572859508087,0.5859313341230837,0.055368379867275434,0.008437375422563174,0.47268209650213855,0.00010403734503713251,0.00010403734503713251,1.2239687651427353
34510,0.005877072302936548,0.0019758977085007874,0.6641672969750546,0.03622150768912673,0.008717343692848458,0.586039912124266,0.05535786437634092,0.00843916305602204,0.4727822440348482,0.00010406750078931719,0.00010406750078931719,1.2243235386978493
34520,0.005875162200308344,0.001976222425947582,0.6642764456966662,0.036212009468675595,0.008718958390325151,0.5861484632151361,0.05534735077136272,0.008440950368868334,0.47288237360606916,0.00010409765654150187,0.00010409765654150187,1.2246783122529632
34530,0.005873252676729908,0.001976547044955916,0.6643855613297196,0.03620251360248443,0.008720572687577649,0.586256987400178,0.05533683905207952,0.008442737361146478,0.47298248521829006,0.00010412781229368654,0.00010412781229368654,1.225033085808077
34540,0.005871343732103039,0.0019768715655424838,0.6644946438798264,0.03619302009016088,0.008722186584672654,0.5863654846838758,0.05532632921823,0.008444524032900897,0.4730825788739998,0.00010415796804587122,0.00010415796804587122,1.2253878593631906
34550,0.005869435366329537,0.001977195987723979,0.664603693352598,0.036183528931312575,0.008723800081676863,0.5864739550707134,0.055315821269552826,0.008446310384176018,0.47318265457568726,0.00010418812379805589,0.00010418812379805589,1.2257426329183045
34560,0.005867527579311202,0.0019775203115170964,0.6647127097536458,0.03617404012554717,0.008725413178656983,0.5865823985651752,0.05530531520578667,0.008448096415016263,0.47328271232584107,0.00010421827955024057,0.00010421827955024057,1.2260974064734182
34570,0.0058656203709498336,0.001977844536938529,0.6648216930885812,0.0361645536724723,0.00872702587567971,0.5866908151717452,0.05529481102667022,0.00844988212546606,0.47338275212695013,0.00010424843530242525,0.00010424843530242525,1.2264521800285322
34580,0.00586371374114723,0.0019781686640049714,0.6649306433630155,0.03615506957169562,0.008728638172811746,0.5867992048949072,0.05528430873194215,0.008451667515569833,0.47348277398150324,0.00010427859105460993,0.00010427859105460993,1.226806953583646
34590,0.005861807689805192,0.001978492692733118,0.6650395605825606,0.03614558782282476,0.008730250070119792,0.5869075677391457,0.05527380832134113,0.008453452585372005,0.47358277789198905,0.0001043087468067946,0.0001043087468067946,1.22716172713876
34600,0.0058599022168255195,0.0019788166231396623,0.6651484447528276,0.03613610842546738,0.008731861567670548,0.5870159037089443,0.05526330979460584,0.008455237334917005,0.47368276386089664,0.00010433890255897927,0.00010433890255897927,1.2275165006938737
34610,0.005857997322110012,0.0019791404552412985,0.6652572958794281,0.036126631379231104,0.008733472665530715,0.5871242128087875,0.055252813151474955,0.008457021764249254,0.4737827318907145,0.00010436905831116395,0.00010436905831116395,1.2278712742489877
34620,0.0058560930055604685,0.001979464189054721,0.6653661139679733,0.03611715668372359,0.008735083363766992,0.587232495043159,0.055242318391687154,0.00845880587341318,0.47388268198393163,0.00010439921406334862,0.00010439921406334862,1.2282260478041014
34630,0.005854189267078688,0.0019797878245966234,0.665474899024075,0.03610768433855247,0.008736693662446083,0.5873407504165432,0.05523182551498111,0.008460589662453208,0.47398261414303683,0.0001044293698155333,0.0001044293698155333,1.228580821359215
34640,0.005852286106566473,0.0019801113618837,0.6655836510533445,0.0360982143433254,0.008738303561634684,0.5874489789334241,0.0552213345210955,0.008462373131413762,0.47408252837051884,0.00010445952556771798,0.00010445952556771798,1.228935594914329
34650,0.005850383523925621,0.0019804348009326454,0.6656923700613933,0.03608874669765001,0.0087399130613995,0.5875571805982857,0.055210845409769,0.008464156280339268,0.47418242466886656,0.00010448968131990266,0.00010448968131990266,1.229290368469443
34660,0.00584848151905793,0.0019807581417601522,0.6658010560538326,0.03607928140113396,0.008741522161807229,0.5876653554156119,0.05520035818074028,0.00846593910927415,0.4742823030405686,0.00010451983707208734,0.00010451983707208734,1.2296451420245569
34670,0.0058465800918652035,0.001981081384382916,0.6659097090362743,0.036069818453384875,0.008743130862924572,0.5877735033898871,0.05518987283374803,0.008467721618262833,0.47438216348811385,0.000104549992824272,0.000104549992824272,1.2299999155796706
34680,0.005844679242249238,0.00198140452881763,0.6660183290143293,0.03606035785401041,0.008744739164818232,0.5878816245255953,0.05517938936853091,0.008469503807349742,0.47448200601399115,0.00010458014857645667,0.00010458014857645667,1.2303546891347843
34690,0.005842778970111836,0.0019817275750809884,0.6661269159936095,0.03605089960261821,0.008746347067554906,0.5879897188272205,0.05516890778482761,0.008471285676579303,0.47458183062068926,0.00010461030432864135,0.00010461030432864135,1.2307094626898982
34700,0.005840879275354795,0.0019820505231896855,0.6662354699797262,0.036041443698815914,0.008747954571201297,0.5880977862992468,0.055158428082376795,0.008473067225995943,0.4746816373106971,0.00010464046008082603,0.00010464046008082603,1.231064236245012
34710,0.005838980157879914,0.0019823733731604153,0.6663439909782909,0.03603199014221116,0.008749561675824104,0.5882058269461582,0.05514795026091714,0.008474848455644083,0.47478142608650326,0.00010467061583301071,0.00010467061583301071,1.2314190098001259
34720,0.005837081617588995,0.0019826961250098713,0.6664524789949147,0.0360225389324116,0.00875116838149003,0.5883138407724389,0.05513747432018734,0.00847662936556815,0.4748811969505966,0.00010470077158519539,0.00010470077158519539,1.2317737833552398
34730,0.005835183654383835,0.0019830187787547486,0.6665609340352096,0.036013090069024874,0.008752774688265772,0.5884218277825728,0.05512700025992605,0.008478409955812569,0.474980949905466,0.00010473092733738006,0.00010473092733738006,1.2321285569103535
34740,0.005833286268166236,0.0019833413344117405,0.6666693561047866,0.03600364355165863,0.008754380596218036,0.5885297879810443,0.055116528079871954,0.008480190226421765,0.47508068495360034,0.00010476108308956474,0.00010476108308956474,1.2324833304654674
34750,0.005831389458837997,0.001983663791997541,0.6667777452092575,0.0359941993799205,0.008755986105413517,0.5886377213723372,0.05510605777976373,0.008481970177440163,0.4751804020974882,0.0001047912388417494,0.0001047912388417494,1.2328381040205811
34760,0.005829493226300917,0.0019839861515288447,0.6668861013542335,0.03598475755341814,0.008757591215918918,0.5887456279609355,0.05509558935934005,0.008483749808912188,0.47528010133961834,0.00010482139459393408,0.00010482139459393408,1.233192877575695
34770,0.005827597570456796,0.0019843084130223452,0.6669944245453261,0.03597531807175919,0.008759195927800941,0.5888535077513236,0.0550851228183396,0.008485529120882266,0.47537978268247993,0.00010485155034611876,0.00010485155034611876,1.233547651130809
34780,0.0058257024912074335,0.0019846305764947367,0.6671027147881468,0.03596588093455128,0.008760800241126283,0.5889613607479853,0.05507465815650103,0.008487308113394822,0.47547944612856147,0.00010488170609830344,0.00010488170609830344,1.2339024246859227
34790,0.005823807988454629,0.001984952641962714,0.6672109720883072,0.03595644614140208,0.008762404155961648,0.5890691869554048,0.05506419537356305,0.00848908678649428,0.4755790916803518,0.00010491186185048812,0.00010491186185048812,1.2342571982410366
34800,0.005821914062100184,0.0019852746094429696,0.6673191964514184,0.03594701369191921,0.008764007672373736,0.5891769863780661,0.055053734469264315,0.008490865140225064,0.47567871934033973,0.00010494201760267279,0.00010494201760267279,1.2346119717961503
34810,0.005820020712045894,0.0019855964789521987,0.667427387883092,0.03593758358571032,0.008765610790429246,0.5892847590204535,0.0550432754433435,0.008492643174631602,0.4757783291110141,0.00010497217335485747,0.00010497217335485747,1.2349667453512643
34820,0.005818127938193563,0.001985918250507095,0.6675355463889393,0.03592815582238306,0.00876721351019488,0.5893925048870506,0.0550328182955393,0.008494420889758316,0.47587792099486365,0.00010500232910704215,0.00010500232910704215,1.2353215189063782
34830,0.005816235740444988,0.0019862399241243524,0.6676436719745722,0.03591873040154507,0.00876881583173734,0.5895002239823421,0.05502236302559037,0.008496198285649634,0.4759774949943773,0.00010503248485922682,0.00010503248485922682,1.235676292461492
34840,0.00581434411870197,0.0019865614998206657,0.6677517646456018,0.03590930732280399,0.008770417755123324,0.5896079163108117,0.05501190963323539,0.008497975362349981,0.4760770511120438,0.0001050626406114115,0.0001050626406114115,1.2360310660166058
34850,0.005812453072866307,0.0019868829776127283,0.6678598244076397,0.03589988658576747,0.008772019280419534,0.5897155818769434,0.05500145811821305,0.008499752119903779,0.4761765893503518,0.00010509279636359618,0.00010509279636359618,1.2363858395717195
34860,0.0058105626028398015,0.0019872043575172344,0.6679678512662972,0.035890468190043136,0.008773620407692669,0.5898232206852214,0.054991008480262005,0.008501528558355457,0.4762761097117903,0.00010512295211578086,0.00010512295211578086,1.2367406131268335
34870,0.0058086727085242505,0.001987525639550878,0.6680758452271858,0.03588105213523866,0.008775221137009431,0.5899308327401298,0.05498056071912095,0.008503304677749436,0.476375612198848,0.00010515310786796552,0.00010515310786796552,1.2370953866819472
34880,0.005806783389821454,0.0019878468237303536,0.6681838062959171,0.03587163842096166,0.00877682146843652,0.5900384180461524,0.05497011483452855,0.008505080478130143,0.4764750968140137,0.0001051832636201502,0.0001051832636201502,1.2374501602370611
34890,0.005804894646633213,0.0019881679100723546,0.6682917344781023,0.03586222704681979,0.008778421402040638,0.5901459766077739,0.05495967082622349,0.008506855959542006,0.47657456355977623,0.00010521341937233488,0.00010521341937233488,1.237804933792175
34900,0.005803006478861326,0.001988488898593575,0.668399629779353,0.03585281801242069,0.008780020937888483,0.5902535084294778,0.05494922869394443,0.008508631122029445,0.47667401243862434,0.00010524357512451955,0.00010524357512451955,1.2381597073472888
34910,0.005801118886407592,0.00198880978931071,0.6685074922052806,0.035843411317372016,0.00878162007604676,0.5903610135157484,0.05493878843743006,0.008510405965636887,0.4767734434530469,0.00010527373087670423,0.00010527373087670423,1.2385144809024027
34920,0.005799231869173813,0.0019891305822404524,0.6686153217614966,0.03583400696128139,0.008783218816582165,0.5904684918710699,0.05492835005641906,0.008512180490408758,0.47687285660553264,0.00010530388662888891,0.00010530388662888891,1.2388692544575166
34930,0.005797345427061787,0.0019894512773994968,0.6687231184536122,0.03582460494375647,0.008784817159561401,0.590575943499926,0.05491791355065009,0.008513954696389483,0.4769722518985705,0.00010533404238107359,0.00010533404238107359,1.2392240280126303
34940,0.005795459559973313,0.0019897718748045374,0.6688308822872394,0.035815205264404903,0.008786415105051168,0.5906833684068011,0.054907478919861835,0.008515728583623487,0.47707162933464914,0.00010536419813325826,0.00010536419813325826,1.239578801567744
34950,0.005793574267810192,0.001990092374472268,0.6689386132679892,0.035805807922834325,0.008788012653118167,0.5907907665961791,0.05489704616379297,0.008517502152155193,0.4771709889162573,0.00010539435388544294,0.00010539435388544294,1.239933575122858
34960,0.005791689550474223,0.0019904127764193828,0.6690463114014731,0.035796412918652376,0.008789609803829097,0.5908981380725443,0.054886615282182166,0.008519275402029028,0.4772703306458839,0.0001054245096376276,0.0001054245096376276,1.2402883486779717
34970,0.005789805407867206,0.0019907330806625757,0.6691539766933028,0.035787020251466704,0.008791206557250662,0.5910054828403805,0.05487618627476811,0.008521048333289417,0.4773696545260178,0.00010545466538981228,0.00010545466538981228,1.2406431222330856
34980,0.00578792183989094,0.0019910532872185406,0.6692616091490893,0.03577762992088495,0.00879280291344956,0.591112800904172,0.05486575914128948,0.008522820945980787,0.4774689605591477,0.00010548482114199696,0.00010548482114199696,1.2409978957881995
34990,0.005786038846447225,0.0019913733961039724,0.6693692087744445,0.03576824192651477,0.008794398872492492,0.5912200922684028,0.05485533388148493,0.008524593240147559,0.4775682487477623,0.00010551497689418164,0.00010551497689418164,1.2413526693433135
35000,0.0057841564274378615,0.0019916934073355643,0.6694767755749795,0.03575885626796378,0.00879599443444616,0.5913273569375569,0.054844910495093165,0.00852636521583416,0.47766751909435073,0.00010554513264636632,0.00010554513264636632,1.2417074428984272
35010,0.005782274582764648,0.0019920133209300104,0.669584309556306,0.035749472944839655,0.008797589599377261,0.5914345949161183,0.054834488981852836,0.008528136873085014,0.4777667716014014,0.00010557528839855099,0.00010557528839855099,1.2420622164535409
35020,0.005780393312329385,0.0019923331369040053,0.6696918107240353,0.035740091956750014,0.008799184367352499,0.5915418062085712,0.054824069341502635,0.00852990821194455,0.47786600627140335,0.00010560544415073567,0.00010560544415073567,1.2424169900086548
35030,0.00577851261603387,0.0019926528552742426,0.669799279083779,0.03573071330330251,0.008800778738438575,0.5916489908193999,0.05481365157378123,0.00853167923245719,0.4779652231068453,0.00010563559990292034,0.00010563559990292034,1.2427717635637685
35040,0.005776632493779905,0.0019929724760574166,0.6699067146411484,0.0357213369841048,0.008802372712702186,0.591756148753088,0.0548032356784273,0.008533449934667358,0.47806442211021616,0.00010566575565510502,0.00010566575565510502,1.2431265371188824
35050,0.005774752945469289,0.0019932919992702216,0.6700141174017551,0.0357119629987645,0.008803966290210036,0.59186328001412,0.05479282165517951,0.00853522031861948,0.4781636032840045,0.0001056959114072897,0.0001056959114072897,1.2434813106739964
35060,0.005772873971003822,0.001993611424929351,0.6701214873712105,0.03570259134688927,0.008805559471028826,0.5919703846069799,0.05478240950377656,0.008536990384357982,0.4782627666306993,0.00010572606715947438,0.00010572606715947438,1.2438360842291103
35070,0.005770995570285303,0.0019939307530514993,0.6702288245551258,0.03569322202808675,0.008807152255225253,0.5920774625361513,0.05477199922395711,0.008538760131927288,0.4783619121527892,0.00010575622291165906,0.00010575622291165906,1.244190857784224
35080,0.0057691177432155315,0.00199424998365336,0.6703361289591125,0.03568385504196459,0.008808744642866021,0.5921845138061189,0.05476159081545984,0.008540529561371826,0.47846103985276334,0.00010578637866384372,0.00010578637866384372,1.244545631339338
35090,0.005767240489696308,0.001994569116751628,0.6704434005887826,0.03567449038813043,0.00881033663401783,0.5922915384213666,0.05475118427802342,0.008542298672736016,0.47856014973311023,0.0001058165344160284,0.0001058165344160284,1.2449004048944516
35100,0.00576536380962943,0.0019948881523629974,0.670550639449747,0.0356651280661919,0.008811928228747379,0.5923985363863783,0.054740779611386535,0.008544067466064287,0.4786592417963186,0.00010584669016821307,0.00010584669016821307,1.2452551784495653
35110,0.0057634877029167,0.0019952070905041616,0.6706578455476173,0.03565576807575666,0.008813519427121368,0.592505507705638,0.05473037681528785,0.008545835941401063,0.4787583160448775,0.00010587684592039775,0.00010587684592039775,1.2456099520046793
35120,0.005761612169459916,0.001995525931191815,0.6707650188880049,0.03564641041643235,0.008815110229206502,0.5926124523836304,0.05471997588946605,0.008547604098790768,0.47885737248127547,0.00010590700167258243,0.00010590700167258243,1.2459647255597932
35130,0.005759737209160879,0.001995844674442651,0.6708721594765212,0.03563705508782661,0.008816700635069478,0.5927193704248387,0.05470957683365982,0.008549371938277829,0.47895641110800163,0.00010593715742476711,0.00010593715742476711,1.2463194991149071
35140,0.005757862821921386,0.0019961633202733647,0.670979267318778,0.03562770208954708,0.008818290644776997,0.5928262618337475,0.05469917964760781,0.00855113945990667,0.4790554319275445,0.00010596731317695179,0.00010596731317695179,1.246674272670021
35150,0.005755989007643239,0.00199648186870065,0.6710863424203866,0.03561835142120142,0.008819880258395762,0.5929331266148411,0.05468878433104871,0.008552906663721715,0.47915443494239307,0.00010599746892913646,0.00010599746892913646,1.2470290462251348
35160,0.005754115766228238,0.0019968003197412,0.6711933847869579,0.03560900308239725,0.00882146947599247,0.5930399647726029,0.05467839088372121,0.008554673549767392,0.47925342015503597,0.00010602762468132114,0.00010602762468132114,1.2473838197802485
35170,0.00575224309757818,0.00199711867341171,0.6713003944241043,0.03559965707274223,0.008823058297633822,0.5931467763115174,0.054667999305363965,0.008556440118088125,0.4793523875679622,0.0001060577804335058,0.0001060577804335058,1.2477385933353622
35180,0.005750371001594867,0.0019974369297288733,0.6714073713374363,0.035590313391844,0.008824646723386523,0.5932535612360686,0.05465760959571566,0.008558206368728335,0.4794513371836602,0.00010608793618569048,0.00010608793618569048,1.2480933668904761
35190,0.005748499478180098,0.001997755088709384,0.671514315532566,0.035580972039310196,0.008826234753317268,0.5933603195507408,0.05464722175451497,0.008559972301732452,0.47955026900461917,0.00010611809193787516,0.00010611809193787516,1.24844814044559
35200,0.005746628527235672,0.0019980731503699365,0.6716212270151046,0.03557163301474847,0.008827822387492761,0.5934670512600174,0.05463683578150057,0.008561737917144902,0.47964918303332776,0.00010614824769005984,0.00010614824769005984,1.248802914000704
35210,0.005744758148663389,0.0019983911147272247,0.6717281057906637,0.035562296317766466,0.008829409625979702,0.5935737563683832,0.054626451676411135,0.008563503215010105,0.47974807927227475,0.00010617840344224452,0.00010617840344224452,1.249157687555818
35220,0.0057428883423650484,0.0019987089817979425,0.6718349518648545,0.03555296194797182,0.008830996468844792,0.5936804348803221,0.054616069438985344,0.00856526819537249,0.479846957723949,0.00010620855919442919,0.00010620855919442919,1.2495124611109316
35230,0.0057410191082424514,0.0019990267515987837,0.6719417652432885,0.03554362990497219,0.00883258291615473,0.5937870868003179,0.05460568906896187,0.00856703285827648,0.4799458183908392,0.00010623871494661386,0.00010623871494661386,1.2498672346660453
35240,0.005739150446197396,0.0019993444241464433,0.6720485459315776,0.035534300188375195,0.008834168967976218,0.5938937121328549,0.05459531056607939,0.0085687972037665,0.48004466127543416,0.00010626887069879854,0.00010626887069879854,1.2502220082211593
35250,0.005737282356131681,0.0019996619994576146,0.6721552939353326,0.0355249727977885,0.008835754624375958,0.5940003108824172,0.05458493393007659,0.008570561231886977,0.4801434863802228,0.00010629902645098322,0.00010629902645098322,1.250576781776273
35260,0.00573541483794711,0.001999979477548992,0.6722620092601653,0.03551564773281974,0.008837339885420646,0.5941068830534887,0.05457455916069213,0.008572324942682336,0.48024229370769395,0.0001063291822031679,0.0001063291822031679,1.250931555331387
35270,0.0057335478915454775,0.0020002968584372696,0.6723686919116872,0.03550632499307656,0.008838924751176987,0.5942134286505536,0.054564186257664696,0.008574088336197,0.4803410832603361,0.00010635933795535258,0.00010635933795535258,1.2512863288865008
35280,0.005731681516828587,0.0020006141421391407,0.6724753418955094,0.0354970045781666,0.00884050922171168,0.5943199476780961,0.05455381522073296,0.008575851412475395,0.4804398550406384,0.00010638949370753726,0.00010638949370753726,1.2516411024416148
35290,0.005729815713698236,0.0020009313286713003,0.6725819592172437,0.035487686487697505,0.008842093297091427,0.5944264401406,0.0545434460496356,0.008577614171561946,0.48053860905108947,0.00010641964945972192,0.00010641964945972192,1.2519958759967285
35300,0.0057279504820562255,0.002001248418050442,0.6726885438825015,0.03547837072127692,0.008843676977382926,0.5945329060425496,0.054533078744111285,0.00857937661350108,0.4806373452941782,0.00010644980521190659,0.00010644980521190659,1.2523506495518422
35310,0.005726085821804354,0.0020015654102932606,0.6727950958968942,0.03546905727851249,0.00884526026265288,0.5946393453884288,0.0545227133038987,0.008581138738337218,0.48073606377239314,0.00010647996096409127,0.00010647996096409127,1.252705423106956
35320,0.005724221732844422,0.002001882305416449,0.6729016152660333,0.03545974615901185,0.008846843152967987,0.5947457581827218,0.05451234972873652,0.00858290054611479,0.4808347644882235,0.00010651011671627595,0.00010651011671627595,1.2530601966620698
35330,0.005722358215078228,0.0020021991034367016,0.67300810199553,0.03545043736238266,0.008848425648394949,0.5948521444299124,0.054501988018363416,0.008584662036878216,0.4809334474441577,0.00010654027246846063,0.00010654027246846063,1.2534149702171837
35340,0.005720495268407573,0.002002515804370713,0.673114556090996,0.03544113088823255,0.00885000774900047,0.5949585041344853,0.05449162817251807,0.008586423210671925,0.48103211264268486,0.00010657042822064531,0.00010657042822064531,1.2537697437722977
35350,0.005718632892734257,0.002002832408235177,0.6732209775580426,0.03543182673616917,0.008851589454851243,0.5950648373009237,0.05448127019093916,0.00858818406754034,0.4811307600862936,0.00010660058397282997,0.00010660058397282997,1.2541245173274114
35360,0.005716771087960077,0.002003148915046787,0.6733273664022813,0.035422524905800154,0.008853170766013977,0.5951711439337126,0.05447091407336535,0.008589944607527888,0.48122938977747265,0.00010663073972501465,0.00010663073972501465,1.2544792908825253
35370,0.005714909853986836,0.0020034653248222384,0.6734337226293238,0.03541322539673315,0.008854751682555367,0.5952774240373355,0.05446055981953533,0.008591704830678993,0.4813280017187111,0.00010666089547719933,0.00010666089547719933,1.2548340644376392
35380,0.005713049190716331,0.002003781637578224,0.6735400462447811,0.035403928208575804,0.008856332204542116,0.5953836776162765,0.05445020742918776,0.008593464737038078,0.4814265959124974,0.000106691051229384,0.000106691051229384,1.255188837992753
35390,0.005711189098050363,0.0020040978533314388,0.673646337254265,0.03539463334093576,0.008857912332040922,0.5954899046750198,0.05443985690206133,0.00859522432664957,0.4815251723613204,0.00010672120698156868,0.00010672120698156868,1.2555436115478666
35400,0.005709329575890731,0.002004413972098576,0.6737525956633869,0.035385340793420664,0.00885949206511849,0.5955961052180497,0.05442950823789471,0.008596983599557895,0.4816237310676692,0.00010675136273375336,0.00010675136273375336,1.2558983851029806
35410,0.005707470624139235,0.0020047299938963305,0.6738588214777581,0.03537605056563815,0.008861071403841517,0.5957022792498499,0.05441916143642658,0.00859874255580748,0.48172227203403245,0.00010678151848593804,0.00010678151848593804,1.2562531586580945
35420,0.005705612242697674,0.002005045918741396,0.6739650147029901,0.03536676265719586,0.008862650348276704,0.5958084267749044,0.05440881649739561,0.008600501195442744,0.4818207952628988,0.00010681167423812271,0.00010681167423812271,1.2566079322132082
35430,0.005703754431467849,0.002005361746650466,0.6740711753446944,0.03535747706770146,0.008864228898490754,0.5959145477976977,0.05439847342054048,0.008602259518508116,0.48191930075675715,0.00010684182999030739,0.00010684182999030739,1.2569627057683221
35440,0.005701897190351558,0.0020056774776402355,0.6741773034084825,0.035348193796762566,0.008865807054550366,0.5960206423227137,0.05438813220559987,0.00860401752504802,0.48201778851809635,0.00010687198574249207,0.00010687198574249207,1.257317479323436
35450,0.0057000405192506026,0.002005993111727398,0.6742833988999657,0.03533891284398684,0.00886738481652224,0.5961267103544362,0.05437779285231245,0.008605775215106881,0.4821162585494051,0.00010690214149467673,0.00010690214149467673,1.2576722528785498
35460,0.005698184418066781,0.002006308648928648,0.6743894618247555,0.035329634208981914,0.008868962184473077,0.5962327518973496,0.05436745536041689,0.008607532588729126,0.48221471085317236,0.00010693229724686141,0.00010693229724686141,1.2580270264336637
35470,0.005696328886701893,0.0020066240892606785,0.6744954921884634,0.03532035789135544,0.008870539158469578,0.596338766955938,0.05435711972965188,0.008609289645959178,0.4823131454318867,0.0001069624529990461,0.0001069624529990461,1.2583817999887774
35480,0.005694473925057739,0.002006939432740185,0.6746014899967008,0.03531108389071505,0.008872115738578443,0.5964447555346851,0.05434678595975609,0.008611046386841462,0.48241156228803705,0.00010699260875123077,0.00010699260875123077,1.2587365735438913
35490,0.005692619533036117,0.002007254679383861,0.6747074552550791,0.0353018122066684,0.008873691924866374,0.5965507176380754,0.0543364540504682,0.008612802811420404,0.4825099614241123,0.00010702276450341544,0.00010702276450341544,1.259091347099005
35500,0.005690765710538828,0.0020075698292083997,0.67481338796921,0.035292542838823125,0.00887526771740007,0.5966566532705929,0.05432612400152687,0.00861455891974043,0.4826083428426011,0.00010705292025560012,0.00010705292025560012,1.259446120654119
35510,0.005688912457467671,0.0020078848822304963,0.6749192881447045,0.035283275786786875,0.008876843116246234,0.5967625624367215,0.05431579581267079,0.008616314711845962,0.4827067065459923,0.0001070830760077848,0.0001070830760077848,1.259800894209233
35520,0.005687059773724447,0.0020081998384668446,0.6750251557871746,0.03527401105016728,0.008878418121471564,0.5968684451409454,0.05430546948363864,0.008618070187781428,0.4828050525367747,0.00010711323175996947,0.00010711323175996947,1.2601556677643466
35530,0.0056852076592109535,0.0020085146979341383,0.6751309909022313,0.035264748628572005,0.008879992733142762,0.5969743013877485,0.054295145014169086,0.008619825347591252,0.4829033808174371,0.00010714338751215415,0.00010714338751215415,1.2605104413194606
35540,0.005683356113828992,0.002008829460649072,0.6752367934954863,0.035255488521608674,0.008881566951326527,0.5970801311816152,0.05428482240400081,0.00862158019131986,0.48300169139046834,0.00010717354326433883,0.00010717354326433883,1.2608652148745743
35550,0.00568150513748036,0.0020091441266283394,0.675342563572551,0.03524623072888494,0.008883140776089562,0.5971859345270293,0.05427450165287248,0.008623334719011675,0.48309998425835715,0.00010720369901652351,0.00010720369901652351,1.2612199884296882
35560,0.00567965473006686,0.0020094586958886345,0.6754483011390366,0.03523697525000845,0.008884714207498565,0.5972917114284749,0.054264182760522785,0.008625088930711124,0.4831982594235924,0.00010723385476870817,0.00010723385476870817,1.261574761984802
35570,0.005677804891490289,0.002009773168446651,0.6755540062005548,0.03522772208458684,0.008886287245620239,0.5973974618904362,0.05425386572669039,0.008626842826462632,0.4832965168886628,0.00010726401052089285,0.00010726401052089285,1.2619295355399158
35580,0.00567595562165245,0.002010087544319084,0.6756596787627172,0.03521847123222775,0.008887859890521285,0.5975031859173973,0.054243550551113975,0.008628596406310623,0.48339475665605736,0.00010729416627307753,0.00010729416627307753,1.2622843090950298
35590,0.005674106920455138,0.002010401823522627,0.6757653188311351,0.03520922269253883,0.008889432142268401,0.597608883513842,0.05423323723353221,0.008630349670299521,0.48349297872826447,0.0001073243220252622,0.0001073243220252622,1.2626390826501435
35600,0.005672258787800156,0.002010716006073974,0.6758709264114197,0.03519997646512773,0.008891004000928288,0.5977145546842546,0.05422292577368378,0.008632102618473754,0.4835911831077734,0.00010735447777744688,0.00010735447777744688,1.2629938562052574
35610,0.0056704112235893035,0.002011030091989819,0.6759765015091828,0.035190732549602075,0.008892575466567649,0.5978201994331191,0.05421261617130736,0.008633855250877745,0.4836893697970725,0.00010738463352963156,0.00010738463352963156,1.263348629760371
35620,0.0056685642277243785,0.002011344081286856,0.6760820441300356,0.03518149094556953,0.008894146539253182,0.5979258177649197,0.05420230842614163,0.00863560756755592,0.483787538798651,0.00010741478928181624,0.00010741478928181624,1.263703403315485
35630,0.005666717800107182,0.00201165797398178,0.6761875542795898,0.035172251652637716,0.00889571721905159,0.5980314096841405,0.054192002537925256,0.008637359568552704,0.48388569011499744,0.00010744494503400091,0.00010744494503400091,1.2640581768705987
35640,0.005664871940639512,0.0020119717700912837,0.6762930319634567,0.03516301467041429,0.008897287506029573,0.5981369751952653,0.05418169850639691,0.008639111253912523,0.48398382374860066,0.00010747510078618559,0.00010747510078618559,1.2644129504257127
35650,0.00566302664922317,0.002012285469632062,0.6763984771872475,0.0351537799985069,0.008898857400253828,0.5982425143027783,0.05417139633129528,0.0086408626236798,0.48408193970194957,0.00010750525653837027,0.00010750525653837027,1.2647677239808266
35660,0.005661181925759954,0.002012599072620808,0.6765038899565742,0.03514454763652318,0.008900426901791061,0.5983480270111637,0.05416109601235904,0.00864261367789896,0.4841800379775328,0.00010753541229055493,0.00010753541229055493,1.2651224975359403
35670,0.005659337770151666,0.0020129125790742173,0.6766092702770478,0.03513531758407078,0.00890199601070797,0.5984535133249055,0.05415079754932686,0.00864436441661443,0.48427811857783926,0.00010756556804273961,0.00010756556804273961,1.2654772710910542
35680,0.005657494182300104,0.0020132259890089828,0.6767146181542799,0.03512608984075733,0.008903564727071255,0.5985589732484876,0.054140500941937425,0.008646114839870635,0.4843761815053577,0.0001075957237949243,0.0001075957237949243,1.2658320446461682
35690,0.005655651162107067,0.002013539302441799,0.676819933593882,0.03511686440619049,0.008905133050947618,0.5986644067863944,0.054130206189929406,0.008647864947711997,0.48447422676257684,0.00010762587954710897,0.00010762587954710897,1.2661868182012819
35700,0.005653808709474356,0.00201385251938936,0.6769252166014654,0.0351076412799779,0.008906700982403759,0.5987698139431098,0.05411991329304148,0.008649614740182946,0.4845722543519858,0.00010765603529929364,0.00010765603529929364,1.2665415917563956
35710,0.00565196682430377,0.0020141656398683597,0.6770304671826418,0.03509842046172719,0.00890826852150638,0.5988751947231179,0.05410962225101232,0.008651364217327904,0.484670264276073,0.00010768619105147832,0.00010768619105147832,1.2668963653115095
35720,0.005650125506497109,0.002014478663895492,0.6771356853430225,0.03508920195104602,0.008909835668322178,0.5989805491309026,0.0540993330635806,0.008653113379191295,0.4847682565373274,0.000107716346803663,0.000107716346803663,1.2672511388666234
35730,0.005648284755956172,0.002014791591487451,0.6772408710882188,0.03507998574754202,0.008911402422917858,0.5990858771709483,0.054089045730485,0.008654862225817548,0.48486623113823796,0.00010774650255584767,0.00010774650255584767,1.2676059124217371
35740,0.005646444572582759,0.0020151044226609316,0.6773460244238424,0.03507077185082285,0.008912968785360117,0.5991911788477389,0.0540787602514642,0.008656610757251083,0.4849641880812932,0.00010777665830803235,0.00010777665830803235,1.267960685976851
35750,0.00564460495627867,0.0020154171574326266,0.6774511453555048,0.03506156026049614,0.008914534755715658,0.5992964541657585,0.05406847662625687,0.00865835897353633,0.4850621273689821,0.00010780681406021703,0.00010780681406021703,1.268315459531965
35760,0.0056427659069457035,0.002015729795819231,0.677556233888817,0.03505235097616953,0.008916100334051182,0.5994017031294911,0.05405819485460169,0.00866010687471771,0.48516004900379334,0.0001078369698124017,0.0001078369698124017,1.2686702330870787
35770,0.005640927424485661,0.002016042337837438,0.6776612900293909,0.035043143997450676,0.008917665520433387,0.5995069257434209,0.05404791493623733,0.008661854460839651,0.4852579529882157,0.00010786712556458637,0.00010786712556458637,1.2690250066421926
35780,0.00563908950880034,0.002016354783503943,0.6777663137828379,0.035033939323947216,0.008919230314928975,0.5996121220120318,0.054037636870902475,0.008663601731946576,0.48535583932473814,0.00010789728131677105,0.00010789728131677105,1.2693797801973064
35790,0.0056372521597915426,0.0020166671328354386,0.6778713051547692,0.0350247369552668,0.008920794717604647,0.5997172919398082,0.0540273606583358,0.008665348688082912,0.48545370801584936,0.00010792743706895572,0.00010792743706895572,1.26973455375242
35800,0.0056354153773610655,0.0020169793858486195,0.6779762641507964,0.03501553689101705,0.008922358728527103,0.5998224355312337,0.05401708629827597,0.008667095329293082,0.48555155906403824,0.0001079575928211404,0.0001079575928211404,1.270089327307534
35810,0.005633579161410711,0.0020172915425601796,0.6780811907765308,0.035006339130805635,0.008923922347763045,0.5999275527907929,0.05400681379046167,0.008668841655621514,0.4856493924717935,0.00010798774857332508,0.00010798774857332508,1.270444100862648
35820,0.005631743511842278,0.0020176036029868134,0.6781860850375843,0.03499714367424018,0.008925485575379172,0.6000326437229694,0.05399654313463158,0.00867058766711263,0.4857472082416039,0.00010801790432550976,0.00010801790432550976,1.2707988744177618
35830,0.005629908428557565,0.002017915567145215,0.6782909469395679,0.03498795052092834,0.008927048411442184,0.6001377083322476,0.05398627433052436,0.008672333363810857,0.4858450063759584,0.00010804806007769444,0.00010804806007769444,1.2711536479728758
35840,0.005628073911458372,0.0020182274350520773,0.6783957764880931,0.034978759670477755,0.008928610856018784,0.6002427466231115,0.0539760073778787,0.008674078745760618,0.48594278687734555,0.0001080782158298791,0.0001080782158298791,1.2715084215279895
35850,0.0056262399604465,0.0020185392067240955,0.6785005736887715,0.03496957112249607,0.00893017290917567,0.6003477586000451,0.053965742276433276,0.00867582381300634,0.48604054974825434,0.00010810837158206377,0.00010810837158206377,1.2718631950831032
35860,0.005624406575423747,0.0020188508821779635,0.6786053385472145,0.03496038487659092,0.008931734570979545,0.6004527442675324,0.053955479025926754,0.008677568565592448,0.48613829499117356,0.00010813852733424845,0.00010813852733424845,1.272217968638217
35870,0.005622573756291913,0.0020191624614303754,0.6787100710690337,0.03495120093236996,0.008933295841497109,0.6005577036300577,0.05394521762609782,0.008679313003563368,0.48623602260859206,0.00010816868308643313,0.00010816868308643313,1.2725727421933308
35880,0.0056207415029527995,0.002019473944498025,0.6788147712598401,0.03494201928944082,0.008934856720795062,0.600662636692105,0.05393495807668515,0.008681057126963522,0.4863337326029984,0.00010819883883861781,0.00010819883883861781,1.2729275157484448
35890,0.005618909815308204,0.002019785331397606,0.6789194391252457,0.034932839947411164,0.008936417208940103,0.6007675434581581,0.053924700377427415,0.008682800935837337,0.48643142497688163,0.00010822899459080249,0.00010822899459080249,1.2732822893035587
35900,0.005617078693259926,0.002020096622145813,0.6790240746708615,0.034923662905888615,0.008937977305998938,0.6008724239327016,0.053914444528063286,0.008684544430229238,0.48652909973273045,0.00010825915034298716,0.00010825915034298716,1.2736370628586724
35910,0.0056152481367097665,0.0020204078167593404,0.6791286779022992,0.034914488164480825,0.008939537012038262,0.6009772781202192,0.05390419052833145,0.008686287610183651,0.48662675687303364,0.00010828930609517184,0.00010828930609517184,1.2739918364137863
35920,0.005613418145559525,0.0020207189152548813,0.6792332488251701,0.03490531572279544,0.008941096327124778,0.6010821060251951,0.05389393837797058,0.008688030475744998,0.48672439640028003,0.00010831946184735652,0.00010831946184735652,1.2743466099689
35930,0.005611588719711,0.002021029917649131,0.679337787445086,0.034896145580440095,0.008942655251325185,0.6011869076521132,0.05388368807671935,0.008689773026957708,0.4868220183169584,0.00010834961759954119,0.00010834961759954119,1.274701383524014
35940,0.005609759859065991,0.0020213408239587822,0.6794422937676579,0.03488697773702244,0.008944213784706187,0.6012916830054578,0.053873439624316434,0.008691515263866204,0.4869196226255576,0.00010837977335172587,0.00010837977335172587,1.2750561570791277
35950,0.0056079315635262994,0.0020216516342005295,0.6795467677984973,0.034877812192150116,0.008945771927334482,0.6013964320897129,0.053863193020500515,0.00869325718651491,0.48701720932856646,0.00010840992910391055,0.00010840992910391055,1.2754109306342416
35960,0.005606103832993725,0.0020219623483910673,0.6796512095432158,0.03486864894543077,0.00894732967927677,0.6015011549093626,0.05385294826501026,0.008694998794948252,0.48711477842847356,0.00010844008485609523,0.00010844008485609523,1.2757657041893555
35970,0.005604276667370065,0.0020222729665470896,0.6797556190074251,0.034859487996472045,0.008948887040599755,0.601605851468891,0.05384270535758435,0.008696740089210658,0.4872123299277679,0.00010847024060827989,0.00010847024060827989,1.2761204777444692
35980,0.00560245006655712,0.0020225834886852903,0.6798599961967362,0.03485032934488158,0.008950444011370132,0.6017105217727818,0.053832464297961465,0.008698481069346549,0.48730986382893826,0.00010850039636046457,0.00010850039636046457,1.2764752512995832
35990,0.005600624030456691,0.0020228939148223633,0.6799643411167607,0.034841172990267025,0.008952000591654609,0.6018151658255199,0.053822225085880276,0.008700221735400351,0.4874073801344735,0.00010853055211264925,0.00010853055211264925,1.276830024854697
36000,0.005598798558970576,0.0020232042449750028,0.6800686537731101,0.03483201893223601,0.00895355678151988,0.6019197836315885,0.05381198772107945,0.008701962087416491,0.4875048788468623,0.00010856070786483392,0.00010856070786483392,1.2771847984098108
36010,0.005596973652000576,0.002023514479159903,0.6801729341713958,0.03482286717039619,0.008955112581032649,0.6020243751954721,0.053801752203297686,0.00870370212543939,0.4876023599685933,0.0001085908636170186,0.0001085908636170186,1.2775395719649245
36020,0.005595149309448489,0.0020238246173937572,0.6802771823172292,0.034813717704355214,0.008956667990259615,0.6021289405216547,0.05379151853227364,0.008705441849513478,0.4876998235021556,0.00010862101936920328,0.00010862101936920328,1.2778943455200384
36030,0.005593325531216116,0.002024134659693261,0.680381398216222,0.034804570533720706,0.008958223009267482,0.6022334796146206,0.05378128670774599,0.008707181259683179,0.4877972694500381,0.00010865117512138796,0.00010865117512138796,1.2782491190751524
36040,0.005591502317205257,0.002024444606075107,0.6804855818739856,0.03479542565810033,0.008959777638122945,0.6023379924788534,0.053771056729453426,0.008708920355992914,0.4878946978147291,0.00010868133087357263,0.00010868133087357263,1.278603892630266
36050,0.00558967966731771,0.0020247544565559898,0.680589733296131,0.034786283077101715,0.00896133187689271,0.6024424791188375,0.05376082859713461,0.008710659138487113,0.4879921085987178,0.0001087114866257573,0.0001087114866257573,1.27895866618538
36060,0.005587857581455275,0.0020250642111526037,0.6806938524882701,0.03477714279033251,0.008962885725643474,0.602546939539057,0.05375060231052822,0.008712397607210199,0.488089501804493,0.00010874164237794199,0.00010874164237794199,1.279313439740494
36070,0.005586036059519753,0.0020253738698816424,0.6807979394560142,0.03476800479740036,0.00896443918444194,0.6026513737439959,0.05374037786937294,0.008714135762206596,0.4881868774345432,0.00010877179813012665,0.00010877179813012665,1.2796682132956076
36080,0.005584215101412942,0.0020256834327598,0.6809019942049747,0.034758869097912905,0.008965992253354808,0.6027557817381383,0.053730155273407444,0.008715873603520732,0.4882842354913576,0.00010880195388231133,0.00010880195388231133,1.2800229868507214
36090,0.005582394707036644,0.0020259928998037713,0.6810060167407634,0.03474973569147779,0.008967544932448777,0.602860163525968,0.0537199345223704,0.008717611131197029,0.4883815759774246,0.00010883210963449601,0.00010883210963449601,1.2803777604058353
36100,0.005580574876292656,0.0020263022710302492,0.6811100070689913,0.03474060457770266,0.00896909722179055,0.6029645191119696,0.05370971561600049,0.008719348345279914,0.48847889889523327,0.00010886226538668069,0.00010886226538668069,1.2807325339609492
36110,0.0055787556090827785,0.0020266115464559285,0.68121396519527,0.03473147575619516,0.008970649121446825,0.6030688485006268,0.053699498554036385,0.008721085245813812,0.4885762042472724,0.00010889242113886536,0.00010889242113886536,1.281087307516063
36120,0.005576936905308812,0.0020269207260975026,0.681317891125211,0.03472234922656292,0.008972200631484305,0.6031731516964238,0.05368928333621677,0.008722821832843147,0.48867349203603067,0.00010892257689105004,0.00010892257689105004,1.2814420810711769
36130,0.005575118764872555,0.0020272298099716663,0.6814217848644256,0.0347132249884136,0.00897375175196969,0.6032774287038446,0.053679069962280314,0.008724558106412345,0.48877076226399696,0.00010895273264323472,0.00010895273264323472,1.2817968546262908
36140,0.005573301187675807,0.002027538798095113,0.6815256464185254,0.034704103041354836,0.008975302482969679,0.6033816795273733,0.0536688584319657,0.008726294066565828,0.4888680149336599,0.00010898288839541938,0.00010898288839541938,1.2821516281814045
36150,0.005571484173620369,0.0020278476904845378,0.6816294757931219,0.03469498338499427,0.008976852824550975,0.6034859041714941,0.05365864874501159,0.008728029713348026,0.4889652500475085,0.00010901304414760406,0.00010901304414760406,1.2825064017365184
36160,0.00556966772260804,0.0020281564871566338,0.6817332729938265,0.034685866018939554,0.008978402776780277,0.6035901026406908,0.053648440901156676,0.008729765046803364,0.4890624676080316,0.00010904319989978874,0.00010904319989978874,1.2828611752916321
36170,0.005567851834540619,0.0020284651881280953,0.6818370380262504,0.034676750942798325,0.008979952339724286,0.6036942749394478,0.05363823490013962,0.008731500066976261,0.48915966761771773,0.00010907335565197342,0.00010907335565197342,1.283215948846746
36180,0.0055660365093199065,0.0020287737934156164,0.6819407708960054,0.034667638156178224,0.008981501513449704,0.6037984210722489,0.05362803074169911,0.008733234773911148,0.48925685007905595,0.00010910351140415809,0.00010910351140415809,1.2835707224018598
36190,0.005564221746847702,0.0020290823030358913,0.682044471608703,0.0346585276586869,0.00898305029802323,0.6039025410435784,0.05361782842557382,0.008734969167652448,0.48935401499453485,0.00010913366715634277,0.00010913366715634277,1.2839254959569737
36200,0.005562407547025805,0.0020293907170056136,0.6821481401699542,0.03464941944993199,0.008984598693511564,0.6040066348579202,0.053607627951502416,0.008736703248244587,0.4894511623666435,0.00010916382290852745,0.00010916382290852745,1.2842802695120876
36210,0.005560593909756014,0.0020296990353414783,0.6822517765853707,0.03464031352952114,0.008986146699981408,0.6041107025197584,0.05359742931922359,0.008738437015731987,0.48954829219787044,0.00010919397866071212,0.00010919397866071212,1.2846350430672013
36220,0.005558780834940131,0.002030007258060178,0.682355380860564,0.034631209897062,0.008987694317499463,0.6042147440335773,0.053587232528476,0.008740170470159077,0.4896454044907046,0.0001092241344128968,0.0001092241344128968,1.2849898166223153
36230,0.005556968322479954,0.0020303153851784083,0.6824589530011455,0.0346221085521622,0.008989241546132428,0.6043187594038606,0.053577037578998336,0.008741903611570281,0.4897424992476348,0.00010925429016508148,0.00010925429016508148,1.285344590177429
36240,0.005555156372277282,0.0020306234167128626,0.682562493012727,0.03461300949442939,0.008990788385947005,0.6044227486350927,0.05356684447052927,0.00874363644001002,0.48983957647114956,0.00010928444591726616,0.00010928444591726616,1.285699363732543
36250,0.0055533449842339174,0.0020309313526802346,0.6826660009009191,0.03460391272347122,0.008992334837009895,0.6045267117317575,0.053556653202807475,0.008745368955522727,0.48993663616373817,0.00010931460166945082,0.00010931460166945082,1.2860541372876566
36260,0.005551534158251657,0.002031239193097219,0.682769476671334,0.034594818238895333,0.008993880899387796,0.6046306486983392,0.05354646377557163,0.008747101158152821,0.49003367832788913,0.0001093447574216355,0.0001093447574216355,1.2864089108427705
36270,0.005549723894232302,0.002031546937980509,0.6828729203295828,0.03458572604030936,0.00899542657314741,0.6047345595393215,0.05353627618856041,0.008748833047944727,0.4901307029660912,0.00010937491317382018,0.00010937491317382018,1.2867636843978845
36280,0.005547914192077651,0.0020318545873467997,0.6829763318812773,0.03457663612732095,0.00899697185835544,0.6048384442591891,0.05352609044151249,0.008750564624942874,0.49022771008083327,0.00010940506892600485,0.00010940506892600485,1.2871184579529982
36290,0.005546105051689504,0.0020321621412127846,0.6830797113320285,0.034567548499537755,0.008998516755078583,0.6049423028624257,0.05351590653416655,0.008752295889191684,0.4903246996746041,0.00010943522467818953,0.00010943522467818953,1.287473231508112
36300,0.005544296472969662,0.002032469599595158,0.6831830586874481,0.03455846315656741,0.009000061263383543,0.6050461353535155,0.05350572446626126,0.008754026840735582,0.49042167174989254,0.00010946538043037421,0.00010946538043037421,1.2878280050632258
36310,0.005542488455819923,0.0020327769625106138,0.6832863739531474,0.034549380098017564,0.009001605383337016,0.6051499417369421,0.0534955442375353,0.008755757479618995,0.4905186263091874,0.00010949553618255889,0.00010949553618255889,1.2881827786183397
36320,0.005540681000142087,0.0020330842299758458,0.683389657134738,0.03454029932349585,0.009003149115005707,0.6052537220171902,0.053485365847727354,0.008757487805886347,0.49061556335497736,0.00010952569193474356,0.00010952569193474356,1.2885375521734534
36330,0.005538874105837954,0.0020333914020075486,0.6834929082378314,0.03453122083260992,0.009004692458456316,0.6053574761987439,0.05347518929657608,0.008759217819582063,0.49071248288975144,0.00010955584768692824,0.00010955584768692824,1.2888923257285674
36340,0.005537067772809323,0.0020336984786224156,0.6835961272680389,0.034522144624967416,0.009006235413755542,0.6054612042860867,0.053465014583820164,0.00876094752075057,0.49080938491599835,0.00010958600343911292,0.00010958600343911292,1.2892470992836813
36350,0.005535262000957994,0.0020340054598371416,0.6836993142309719,0.03451307070017598,0.009007777980970084,0.6055649062837031,0.053454841709198286,0.008762676909436289,0.4909062694362067,0.00010961615919129758,0.00010961615919129758,1.289601872838795
36360,0.005533456790185767,0.00203431234566842,0.683802469132242,0.03450399905784326,0.009009320160166649,0.6056685821960771,0.05344467067244912,0.008764405985683647,0.4910031364528654,0.00010964631494348226,0.00010964631494348226,1.289956646393909
36370,0.0055316521403944415,0.0020346191361329457,0.6839055919774606,0.03449492969757689,0.00901086195141193,0.6057722320276927,0.05343450147331133,0.008766134749537071,0.4910999859684634,0.00010967647069566694,0.00010967647069566694,1.2903114199490229
36380,0.005529848051485816,0.002034925831247412,0.6840086827722393,0.03448586261898452,0.009012403354772634,0.605875855783034,0.05342433411152361,0.008767863201040983,0.49119681798548925,0.00010970662644785162,0.00010970662644785162,1.2906661935041366
36390,0.005528044523361692,0.002035232431028513,0.6841117415221891,0.0344767978216738,0.009013944370315457,0.6059794534665852,0.05341416858682462,0.008769591340239812,0.4912936325064321,0.00010973678220003629,0.00010973678220003629,1.2910209670592503
36400,0.005526241555923869,0.002035538935492943,0.684214768232922,0.03446773530525236,0.009015484998107101,0.6060830250828302,0.05340400489895305,0.00877131916717798,0.49139042953378037,0.00010976693795222097,0.00010976693795222097,1.2913757406143642
36410,0.0055244391490741444,0.002035845344657396,0.684317762910049,0.03445867506932785,0.009017025238214267,0.6061865706362531,0.05339384304764757,0.008773046681899911,0.491487209070023,0.00010979709370440564,0.00010979709370440564,1.291730514169478
36420,0.005522637302714319,0.002036151658538566,0.6844207255591819,0.03444961711350791,0.009018565090703657,0.6062900901313382,0.05338368303264685,0.008774773884450034,0.49158397111764895,0.00010982724945659032,0.00010982724945659032,1.2920852877245919
36430,0.005520836016746194,0.0020364578771531476,0.6845236561859319,0.034440561437400194,0.00902010455564197,0.6063935835725693,0.053373524853689576,0.00877650077487277,0.4916807156791468,0.000109857405208775,0.000109857405208775,1.2924400612797058
36440,0.005519035291071568,0.002036764000517834,0.6846265547959105,0.03443150804061233,0.009021643633095907,0.6064970509644306,0.05336336851051442,0.008778227353212546,0.4917774427570054,0.00010988756096095968,0.00010988756096095968,1.2927948348348197
36450,0.005517235125592239,0.00203707002864932,0.6847294213947295,0.03442245692275197,0.009023182323132166,0.606600492311406,0.05335321400286005,0.00877995361951379,0.4918741523537137,0.00010991771671314436,0.00010991771671314436,1.2931496083899334
36460,0.00551543552021001,0.002037375961564299,0.6848322559879996,0.03441340808342676,0.009024720625817453,0.60670390761798,0.05334306133046516,0.00878167957382092,0.4919708444717602,0.00010994787246532902,0.00010994787246532902,1.2935043819450471
36470,0.005513636474826677,0.0020376817992794655,0.6849350585813329,0.03440436152224434,0.009026258541218465,0.6068072968886362,0.05333291049306841,0.008783405216178368,0.49206751911363406,0.0001099780282175137,0.0001099780282175137,1.293859155500161
36480,0.005511837989344042,0.0020379875418115134,0.6850378291803405,0.034395317238812353,0.009027796069401902,0.6069106601278589,0.05332276149040848,0.008785130546630555,0.4921641762818239,0.00011000818396969837,0.00011000818396969837,1.2942139290552748
36490,0.005510040063663904,0.002038293189177137,0.6851405677906343,0.03438627523273844,0.009029333210434467,0.6070139973401322,0.053312614322224054,0.008786855565221907,0.4922608159788183,0.00011003833972188305,0.00011003833972188305,1.2945687026103887
36500,0.005508242697688063,0.00203859874139303,0.6852432744178251,0.03437723550363025,0.00903086996438286,0.6071173085299402,0.0533024689882538,0.008788580271996851,0.4923574382071065,0.00011006849547406773,0.00011006849547406773,1.2949234761655026
36510,0.005506445891318317,0.0020389041984758866,0.6853459490675249,0.03436819805109542,0.00903240633131378,0.6072205937017666,0.05329232548823639,0.00879030466699981,0.492454042969177,0.00011009865122625241,0.00011009865122625241,1.2952782497206166
36520,0.005504649644456469,0.002039209560442401,0.6854485917453448,0.034359162874741604,0.00903394231129393,0.607323852860096,0.053282183821910516,0.00879202875027521,0.49255063026751883,0.00011012880697843708,0.00011012880697843708,1.2956330232757303
36530,0.005502853957004315,0.002039514827309267,0.6855512024568965,0.034350129974176434,0.00903547790439001,0.6074270860094123,0.05327204398901484,0.008793752521867475,0.4926472001046205,0.00011015896273062176,0.00011015896273062176,1.2959877968308442
36540,0.005501058828863656,0.002039819999093179,0.6856537812077912,0.03434109934900756,0.009037013110668717,0.6075302931541994,0.05326190598928804,0.008795475981821031,0.4927437524829709,0.00011018911848280644,0.00011018911848280644,1.296342570385958
36550,0.005499264259936293,0.002040125075810831,0.6857563280036406,0.03433207099884262,0.009038547930196757,0.6076334742989417,0.05325176982246879,0.008797199130180303,0.4928402874050589,0.0001102192742349911,0.0001102192742349911,1.2966973439410716
36560,0.005497470250124023,0.002040430057478917,0.6858588428500559,0.03432304492328926,0.009040082363040828,0.6077366294481228,0.053241635488295774,0.008798921966989715,0.4929368048733734,0.00011024942998717578,0.00011024942998717578,1.2970521174961855
36570,0.005495676799328649,0.0020407349441141304,0.6859613257526488,0.03431402112195513,0.00904161640926763,0.6078397586062272,0.05323150298650767,0.008800644492293693,0.49303330489040303,0.00011027958573936046,0.00011027958573936046,1.2974068910512995
36580,0.0054938839074519675,0.002041039735733166,0.6860637767170306,0.03430499959444786,0.009043150068943866,0.6079428617777387,0.05322137231684314,0.008802366706136664,0.49312978745863667,0.00011030974149154514,0.00011030974149154514,1.2977616646064134
36590,0.005492091574395779,0.002041344432352718,0.6861661957488128,0.03429598034037511,0.009044683342136234,0.6080459389671417,0.05321124347904087,0.008804088608563049,0.49322625258056296,0.00011033989724372981,0.00011033989724372981,1.298116438161527
36600,0.0054902998000618845,0.00204164903398948,0.6862685828536067,0.03428696335934451,0.009046216228911436,0.60814899017892,0.05320111647283954,0.008805810199617277,0.493322700258671,0.00011037005299591449,0.00011037005299591449,1.298471211716641
36610,0.005488508584352083,0.0020419535406601464,0.6863709380370239,0.0342779486509637,0.009047748729336173,0.6082520154175577,0.05319099129797781,0.00880753147934377,0.4934191304954493,0.00011040020874809917,0.00011040020874809917,1.2988259852717547
36620,0.005486717927168172,0.002042257952381411,0.6864732613046759,0.03426893621484034,0.009049280843477144,0.6083550146875389,0.05318086795419437,0.008809252447786955,0.4935155432933868,0.00011043036450028384,0.00011043036450028384,1.2991807588268685
36630,0.005484927828411955,0.0020425622691699684,0.6865755526621742,0.03425992605058207,0.00905081257140105,0.6084579879933477,0.05317074644122789,0.008810973104991255,0.49361193865497227,0.00011046052025246852,0.00011046052025246852,1.2995355323819824
36640,0.005483138287985229,0.0020428664910425117,0.6866778121151299,0.03425091815779652,0.009052343913174594,0.6085609353394684,0.05316062675881705,0.008812693451001097,0.49370831658269454,0.0001104906760046532,0.0001104906760046532,1.2998903059370963
36650,0.005481349305789794,0.0020431706180157358,0.6867800396691548,0.034241912536091344,0.009053874868864473,0.6086638567303847,0.053150508906700526,0.008814413485860907,0.49380467707904246,0.00011052083175683788,0.00011052083175683788,1.3002450794922102
36660,0.005479560881727449,0.002043474650106334,0.6868822353298601,0.034232909185074184,0.009055405438537391,0.6087667521705808,0.05314039288461699,0.008816133209615109,0.49390102014650467,0.00011055098750902254,0.00011055098750902254,1.300599853047324
36670,0.005477773015699996,0.002043778587331001,0.6869843991028575,0.03422390810435268,0.009056935622260048,0.608869621664541,0.053130278692305126,0.008817852622308126,0.4939973457875701,0.00011058114326120722,0.00011058114326120722,1.3009546266024379
36680,0.0054759857076092325,0.002044082429706431,0.6870865309937583,0.034214909293534476,0.009058465420099141,0.608972465216749,0.0531201663295036,0.008819571723984385,0.49409365400472743,0.0001106112990133919,0.0001106112990133919,1.3013094001575518
36690,0.005474198957356959,0.0020443861772493177,0.687188631008174,0.03420591275222722,0.009059994832121375,0.609075282831689,0.05311005579595109,0.008821290514688312,0.4941899448004657,0.00011064145476557657,0.00011064145476557657,1.3016641737126655
36700,0.005472412764844975,0.0020446898299763547,0.6872906991517158,0.03419691848003855,0.009061523858393448,0.6091780745138452,0.05309994709138628,0.00882300899446433,0.4942862181772734,0.00011067161051776125,0.00011067161051776125,1.3020189472677792
36710,0.00547062712997508,0.002044993387904237,0.6873927354299956,0.03418792647657612,0.009063052498982063,0.6092808402677016,0.053089840215547836,0.008824727163356865,0.4943824741376395,0.00011070176626994593,0.00011070176626994593,1.3023737208228932
36720,0.005468842052649072,0.002045296851049658,0.6874947398486244,0.034178936741447556,0.009064580753953918,0.6093835800977423,0.053079735168174436,0.008826445021410343,0.4944787126840528,0.00011073192202213061,0.00011073192202213061,1.302728494378007
36730,0.0054670575327687545,0.0020456002194293122,0.6875967124132142,0.034169949274260515,0.009066108623375714,0.6094862940084512,0.05306963194900476,0.008828162568669187,0.494574933819002,0.00011076207777431528,0.00011076207777431528,1.3030832679331208
36740,0.005465273570235925,0.0020459034930598932,0.6876986531293758,0.034160964074622636,0.009067636107314153,0.6095889820043127,0.053059530557777485,0.008829879805177824,0.49467113754497616,0.00011079223352649996,0.00011079223352649996,1.3034380414882347
36750,0.005463490164952382,0.0020462066719580956,0.6878005620027211,0.03415198114214157,0.009069163205835935,0.6096916440898107,0.05304943099423129,0.00883159673098068,0.4947673238644638,0.00011082238927868464,0.00011082238927868464,1.3037928150433487
36760,0.005461707316819927,0.002046509756140613,0.6879024390388614,0.03414300047642494,0.009070689919007762,0.6097942802694293,0.05303933325810484,0.008833313346122175,0.4948634927799538,0.0001108525450308693,0.0001108525450308693,1.3041475885984624
36770,0.005459925025740359,0.0020468127456241395,0.6880042842434082,0.03413402207708041,0.009072216246896333,0.6098968905476525,0.05302923734913681,0.008835029650646739,0.49495964429393496,0.00011088270078305398,0.00011088270078305398,1.304502362153576
36780,0.005458143291615477,0.0020471156404253694,0.688106097621973,0.03412504594371562,0.009073742189568346,0.6099994749289643,0.05301914326706589,0.008836745644598796,0.49505577840889614,0.00011091285653523866,0.00011091285653523866,1.30485713570869
36790,0.0054563621143470815,0.0020474184405609966,0.6882078791801669,0.034116072075938204,0.009075267747090507,0.6101020334178492,0.053009051011630746,0.008838461328022771,0.49515189512732605,0.00011094301228742334,0.00011094301228742334,1.305211909263804
36800,0.005454581493836971,0.0020477211460477153,0.6883096289236017,0.034107100473355814,0.009076792919529515,0.6102045660187908,0.05299896058257006,0.008840176700963088,0.4952479944517136,0.00011097316803960801,0.00011097316803960801,1.3055666828189176
36810,0.005452801429986947,0.0020480237569022197,0.6884113468578889,0.03409813113557608,0.009078317706952067,0.6103070727362733,0.052988871979622494,0.008841891763464173,0.4953440763845475,0.00011100332379179269,0.00011100332379179269,1.3059214563740316
36820,0.0054510219226988075,0.0020483262731412033,0.6885130329886396,0.03408916406220667,0.009079842109424868,0.610409553574781,0.052978785202526746,0.008843606515570451,0.4954401409283166,0.00011103347954397737,0.00011103347954397737,1.3062762299291455
36830,0.0054492429718743535,0.0020486286947813603,0.6886146873214656,0.03408019925285521,0.009081366127014618,0.6105120085387977,0.052968700251021475,0.008845320957326347,0.49553618808550964,0.00011106363529616203,0.00011106363529616203,1.3066310034842592
36840,0.005447464577415384,0.0020489310218393853,0.6887163098619782,0.03407123670712934,0.009082889759788014,0.6106144376328075,0.05295861712484536,0.008847035088776285,0.49563221785861533,0.00011109379104834671,0.00011109379104834671,1.3069857770393731
36850,0.005445686739223698,0.0020492332543319723,0.688817900615789,0.03406227642463672,0.009084413007811761,0.6107168408612947,0.05294853582373709,0.008848748909964692,0.4957282302501228,0.0001111239468005314,0.0001111239468005314,1.3073405505944868
36860,0.005443909457201095,0.0020495353922758146,0.6889194595885091,0.03405331840498497,0.009085935871152556,0.6108192182287432,0.052938456347435325,0.008850462420935993,0.4958242252625206,0.00011115410255271608,0.00011115410255271608,1.3076953241496008
36870,0.005442132731249376,0.0020498374356876068,0.6890209867857501,0.034044362647781753,0.009087458349877104,0.6109215697396373,0.05292837869567875,0.00885217562173461,0.4959202028982975,0.00011118425830490074,0.00011118425830490074,1.3080500977047145
36880,0.00544035656127034,0.002050139384584043,0.6891224822131237,0.034035409152634706,0.009088980444052102,0.6110238953984606,0.05291830286820603,0.008853888512404973,0.4960161631599425,0.00011121441405708542,0.00011121441405708542,1.3084048712598284
36890,0.005438580947165786,0.002050441238981817,0.689223945876241,0.03402645791915147,0.00909050215374425,0.6111261952096974,0.05290822886475585,0.008855601092991503,0.49611210604994416,0.0001112445698092701,0.0001112445698092701,1.3087596448149423
36900,0.005436805888837515,0.002050742998897623,0.6893253777807135,0.0340175089469397,0.009092023479020253,0.6112284691778321,0.05289815668506689,0.008857313363538627,0.49620803157079146,0.00011127472556145477,0.00011127472556145477,1.309114418370056
36910,0.005435031386187325,0.002051044664348155,0.689426777932153,0.034008562235607026,0.009093544419946809,0.6113307173073483,0.052888086328877815,0.00885902532409077,0.4963039397249731,0.00011130488131363945,0.00011130488131363945,1.30946919192517
36920,0.005433257439117017,0.002051346235350108,0.6895281463361707,0.0339996177847611,0.009095064976590616,0.6114329396027304,0.05287801779592731,0.008860736974692354,0.4963998305149778,0.00011133503706582413,0.00011133503706582413,1.3098239654802837
36930,0.00543148404752839,0.002051647711920174,0.6896294829983778,0.033990675594009555,0.009096585149018378,0.6115351360684623,0.052867951085954046,0.00886244831538781,0.4964957039432947,0.00011136519281800881,0.00011136519281800881,1.3101787390353976
36940,0.005429711211323245,0.002051949094075049,0.6897307879243861,0.03398173566296004,0.009098104937296795,0.6116373067090282,0.052857886198696705,0.008864159346221557,0.4965915600124121,0.00011139534857019347,0.00011139534857019347,1.3105335125905113
36950,0.0054279389304033795,0.002052250381831426,0.689832061119807,0.0339727979912202,0.009099624341492567,0.6117394515289121,0.052847823133893954,0.008865870067238024,0.4966873987248193,0.00011142550432237815,0.00011142550432237815,1.3108882861456252
36960,0.005426167204670594,0.0020525515752059997,0.689933302590252,0.03396386257839768,0.009101143361672396,0.611841570532598,0.05283776189128448,0.008867580478481636,0.4967832200830048,0.00011145566007456282,0.00011145566007456282,1.311243059700739
36970,0.0054243960340266874,0.002052852674215464,0.6900345123413323,0.033954929424100125,0.00910266199790298,0.6119436637245701,0.052827702470606946,0.008869290579996816,0.4968790240894575,0.0001114858158267475,0.0001114858158267475,1.3115978332558529
36980,0.005422625418373461,0.002053153678876512,0.6901356903786595,0.03394599852793517,0.009104180250251023,0.6120457311093124,0.05281764487160004,0.00887100037182799,0.49697481074666616,0.00011151597157893218,0.00011151597157893218,1.3119526068109668
36990,0.005420855357612714,0.002053454589205839,0.6902368367078451,0.033937069889510466,0.009105698118783223,0.612147772691309,0.05280758909400243,0.008872709854019584,0.4970705800571195,0.00011154612733111686,0.00011154612733111686,1.3123073803660805
37000,0.005419085851646245,0.002053755405220139,0.6903379513345005,0.03392814350843365,0.009107215603566282,0.6122497884750441,0.0527975351375528,0.008874419026616022,0.4971663320233065,0.00011157628308330154,0.00011157628308330154,1.3126621539211945
37010,0.005417316900375855,0.0020540561269361056,0.690439034264237,0.03391921938431237,0.009108732704666899,0.6123517784650016,0.05278748300198982,0.008876127889661729,0.4972620666477159,0.00011160643883548621,0.00011160643883548621,1.3130169274763082
37020,0.005415548503703342,0.0020543567543704327,0.6905400855026664,0.03391029751675426,0.009110249422151776,0.6124537426656655,0.052777432687052164,0.00887783644320113,0.4973577839328364,0.00011163659458767089,0.00011163659458767089,1.313371701031422
37030,0.005413780661530507,0.0020546572875398145,0.6906411050553998,0.033901377905366986,0.009111765756087613,0.6125556810815201,0.052767384192478506,0.00887954468727865,0.49745348388115695,0.00011166675033985555,0.00011166675033985555,1.3137264745865358
37040,0.005412013373759149,0.0020549577264609453,0.6907420929280487,0.03389246054975817,0.009113281706541113,0.6126575937170495,0.052757337518007534,0.008881252621938717,0.4975491664951662,0.00011169690609204023,0.00011169690609204023,1.3140812481416497
37050,0.005410246640291067,0.002055258071150519,0.6908430491262249,0.033883545449535465,0.009114797273578973,0.6127594805767376,0.052747292663377916,0.00888296024722575,0.49764483177735297,0.00011172706184422491,0.00011172706184422491,1.3144360216967637
37060,0.005408480461028063,0.00205555832162523,0.6909439736555394,0.03387463260430651,0.009116312457267895,0.6128613416650684,0.05273724962832833,0.008884667563184182,0.49774047973020635,0.0001117572175964096,0.0001117572175964096,1.3147907952518776
37070,0.005406714835871934,0.002055858477901772,0.6910448665216039,0.03386572201367895,0.009117827257674582,0.6129631769865264,0.05272720841259745,0.00888637456985843,0.4978361103562146,0.00011178737334859426,0.00011178737334859426,1.3151455688069913
37080,0.005404949764724481,0.0020561585399968387,0.6911457277300298,0.03385681367726043,0.009119341674865729,0.6130649865455952,0.05271716901592395,0.008888081267292926,0.4979317236578671,0.00011181752910077894,0.00011181752910077894,1.315500342362105
37090,0.005403185247487504,0.002056458507927125,0.6912465572864285,0.03384790759465859,0.009120855708908042,0.6131667703467591,0.05270713143804651,0.00888978765553209,0.49802731963765207,0.00011184768485296362,0.00011184768485296362,1.315855115917219
37100,0.005401421284062801,0.0020567583817093244,0.6913473551964116,0.033839003765481074,0.00912236935986822,0.6132685283945021,0.052697095678703815,0.00889149373462035,0.4981228982980588,0.00011187784060514829,0.00011187784060514829,1.3162098894723326
37110,0.005399657874352173,0.002057058161360131,0.6914481214655902,0.033830102189335534,0.009123882627812961,0.6133702606933082,0.05268706173763452,0.008893199504602128,0.4982184596415758,0.00011190799635733297,0.00011190799635733297,1.3165646630274466
37120,0.00539789501825742,0.002057357846896239,0.6915488560995761,0.0338212028658296,0.00912539551280897,0.6134719672476618,0.05267702961457732,0.008894904965521854,0.4983140036706921,0.00011193815210951765,0.00011193815210951765,1.3169194365825605
37130,0.00539613271568034,0.002057657438334343,0.6916495591039806,0.033812305794570924,0.009126908014922944,0.6135736480620466,0.05266699930927088,0.008896610117423948,0.49840953038789626,0.00011196830786170233,0.00011196830786170233,1.3172742101376744
37140,0.005394370966522734,0.002057956935691136,0.6917502304844153,0.03380341097516715,0.009128420134221587,0.6136753031409469,0.052656970821453875,0.008898314960352838,0.4985050397956772,0.000111998463613887,0.000111998463613887,1.3176289836927881
37150,0.0053926097706864014,0.0020582563389833124,0.6918508702464915,0.033794518407225915,0.009129931870771596,0.6137769324888467,0.05264694415086499,0.00890001949435295,0.49860053189652376,0.00011202861936607167,0.00011202861936607167,1.3179837572479018
37160,0.005390849128073141,0.0020585556482275663,0.6919514783958206,0.03378562809035486,0.009131443224639674,0.6138785361102301,0.052636919297242894,0.008901723719468705,0.4986960066929247,0.00011205877511825635,0.00011205877511825635,1.3183385308030158
37170,0.005389089038584754,0.0020588548634405926,0.6920520549380144,0.033776740024161644,0.009132954195892523,0.6139801140095813,0.05262689626032627,0.008903427635744532,0.4987914641873687,0.00011208893087044102,0.00011208893087044102,1.3186933043581295
37180,0.005387329502123039,0.002059153984639084,0.6921525998786836,0.0337678542082539,0.009134464784596839,0.614081666191384,0.05261687503985378,0.008905131243224854,0.49888690438234473,0.0001121190866226257,0.0001121190866226257,1.3190480779132434
37190,0.005385570518589795,0.0020594530118397355,0.6922531132234405,0.033758970642239275,0.009135974990819326,0.6141831926601226,0.05260685563556412,0.008906834541954097,0.4989823272803416,0.00011214924237481038,0.00011214924237481038,1.3194028514683573
37200,0.005383812087886823,0.002059751945059241,0.6923535949778961,0.0337500893257254,0.009137484814626683,0.6142846934202811,0.05259683804719595,0.008908537531976686,0.499077732883848,0.00011217939812699506,0.00011217939812699506,1.3197576250234713
37210,0.005382054209915922,0.002060050784314294,0.6924540451476617,0.033741210258319936,0.009138994256085614,0.6143861684763438,0.05258682227448795,0.008910240213337046,0.49917312119535273,0.00011220955387917973,0.00011220955387917973,1.320112398578585
37220,0.005380296884578892,0.002060349529621589,0.6925544637383493,0.033732333439630516,0.009140503315262814,0.614487617832794,0.0525768083171788,0.0089119425860796,0.4992684922173446,0.0001122397096313644,0.0001122397096313644,1.320467172133699
37230,0.005378540111777532,0.00206064818099782,0.6926548507555698,0.03372345886926479,0.009142011992224988,0.6145890414941169,0.052566796175007174,0.008913644650248777,0.4993638459523124,0.00011226986538354909,0.00011226986538354909,1.3208219456888126
37240,0.005376783891413642,0.0020609467384596816,0.692755206204935,0.03371458654683039,0.009143520287038836,0.6146904394647956,0.05255678584771175,0.008915346405889,0.49945918240274517,0.00011230002113573375,0.00011230002113573375,1.3211767192439263
37250,0.005375028223389021,0.002061245202023867,0.692855530092056,0.033705716471934974,0.009145028199771057,0.6147918117493146,0.0525467773350312,0.008917047853044695,0.4995545015711314,0.00011233017688791843,0.00011233017688791843,1.3215314927990403
37260,0.00537327310760547,0.0020615435717070705,0.6929558224225446,0.03369684864418618,0.009146535730488353,0.6148931583521581,0.0525367706367042,0.008918748991760284,0.4996498034599599,0.00011236033264010311,0.00011236033264010311,1.3218862663541542
37270,0.005371518543964788,0.002061841847525987,0.6930560832020123,0.03368798306319164,0.009148042879257422,0.6149944792778098,0.05252676575246942,0.008920449822080194,0.4997450880717196,0.00011239048839228779,0.00011239048839228779,1.3222410399092681
37280,0.005369764532368773,0.002062140029497309,0.6931563124360702,0.03367911972855901,0.00914954964614497,0.6150957745307543,0.05251676268206556,0.008922150344048852,0.4998403554088993,0.00011242064414447246,0.00011242064414447246,1.3225958134643818
37290,0.005368011072719229,0.002062438117637732,0.69325651013033,0.033670258639895936,0.009151056031217693,0.615197044115475,0.052506761425231266,0.008923850557710682,0.49993560547398785,0.00011245079989665714,0.00011245079989665714,1.3229505870194957
37300,0.0053662581649179504,0.002062736111963949,0.6933566762904029,0.03366139979681005,0.009152562034542292,0.6152982880364565,0.052496761981705234,0.008925550463110107,0.5000308382694738,0.00011248095564884182,0.00011248095564884182,1.3233053605746095
37310,0.0053645058088667395,0.0020630340124926545,0.6934568109219006,0.03365254319890901,0.00915406765618547,0.6153995062981829,0.05248676435122614,0.008927250060291554,0.5001260537978461,0.00011251111140102649,0.00011251111140102649,1.3236601341297232
37320,0.005362754004467397,0.0020633318192405433,0.6935569140304347,0.03364368884580044,0.009155572896213927,0.6155006989051379,0.05247676853353264,0.008928949349299449,0.5002212520615938,0.00011254126715321117,0.00011254126715321117,1.324014907684837
37330,0.00536100275162172,0.002063629532224308,0.693656985621616,0.033634836737092,0.009157077754694362,0.6156018658618058,0.05246677452836343,0.008930648330178214,0.5003164330632053,0.00011257142290539585,0.00011257142290539585,1.324369681239951
37340,0.00535925205023151,0.0020639271514606436,0.6937570257010567,0.03362598687239133,0.009158582231693475,0.6157030071726706,0.05245678233545718,0.008932347002972277,0.5004115968051696,0.00011260157865758053,0.00011260157865758053,1.324724454795065
37350,0.005357501900198566,0.0020642246769662443,0.6938570342743677,0.03361713925130607,0.00916008632727797,0.6158041228422163,0.05244679195455257,0.008934045367726061,0.5005067432899755,0.00011263173440976519,0.00011263173440976519,1.3250792283501787
37360,0.005355752301424687,0.0020645221087578036,0.6939570113471608,0.03360829387344386,0.009161590041514546,0.6159052128749274,0.05243680338538827,0.008935743424483993,0.5006018725201117,0.00011266189016194987,0.00011266189016194987,1.3254340019052926
37370,0.005354003253811674,0.002064819446852016,0.6940569569250474,0.033599450738412355,0.009163093374469902,0.6160062772752875,0.052426816627702946,0.008937441173290497,0.5006969844980671,0.00011269204591413455,0.00011269204591413455,1.3257887754604063
37380,0.0053522547572613256,0.0020651166912655753,0.6941568710136387,0.033590609845819186,0.00916459632621074,0.6161073160477807,0.0524168316812353,0.008939138614189997,0.5007920792263303,0.00011272220166631922,0.00011272220166631922,1.3261435490155202
37390,0.005350506811675443,0.0020654138420151754,0.6942567536185462,0.033581771195272,0.00916609889680376,0.6162083291968914,0.052406848545723986,0.00894083574722692,0.5008871567073906,0.0001127523574185039,0.0001127523574185039,1.326498322570634
37400,0.005348759416955823,0.0020657108991175106,0.6943566047453817,0.03357293478637845,0.009167601086315666,0.6163093167271034,0.052396867220907695,0.00894253257244569,0.5009822169437361,0.00011278251317068858,0.00011278251317068858,1.3268530961257479
37410,0.005347012573004267,0.002066007862589275,0.6944564243997562,0.033564100618746165,0.009169102894813153,0.616410278642901,0.05238688770652509,0.008944229089890732,0.5010772599378561,0.00011281266892287325,0.00011281266892287325,1.3272078696808616
37420,0.0053452662797225745,0.002066304732447163,0.6945562125872816,0.033555268691982804,0.009170604322362927,0.6165112149487681,0.052376910002314855,0.008945925299606472,0.5011722856922394,0.00011284282467505793,0.00011284282467505793,1.3275626432359755
37430,0.0053435205370125465,0.002066601508707868,0.6946559693135689,0.03354643900569599,0.009172105369031684,0.6166121256491888,0.05236693410801566,0.008947621201637335,0.5012672942093744,0.0001128729804272426,0.0001128729804272426,1.3279174167910894
37440,0.00534177534477598,0.002066898191388084,0.6947556945842298,0.033537611559493384,0.009173606034886126,0.616713010748647,0.05235696002336619,0.008949316796027744,0.5013622854917504,0.00011290313617942727,0.00011290313617942727,1.3282721903462031
37450,0.005340030702914675,0.0020671947805045057,0.6948553884048759,0.03352878635298262,0.009175106319992956,0.6168138702516273,0.05234698774810512,0.008951012082822127,0.5014572595418558,0.00011293329193161195,0.00011293329193161195,1.328626963901317
37460,0.005338286611330434,0.002067491276073827,0.6949550507811182,0.03351996338577135,0.009176606224418873,0.6169147041626132,0.05233701728197111,0.008952707062064908,0.5015522163621797,0.00011296344768379663,0.00011296344768379663,1.3289817374564308
37470,0.005336543069925054,0.0020677876781127415,0.6950546817185685,0.033511142657467206,0.009178105748230577,0.6170155124860891,0.05232704862470286,0.00895440173380051,0.5016471559552107,0.00011299360343598131,0.00011299360343598131,1.3293365110115447
37480,0.005334800078600335,0.0020680839866379437,0.6951542812228381,0.033502324167677844,0.00917960489149477,0.617116295226539,0.052317081776039026,0.008956096098073362,0.5017420783234376,0.00011302375918816599,0.00011302375918816599,1.3296912845666586
37490,0.0053330576372580775,0.0020683802016661272,0.6952538492995386,0.0334935079160109,0.009181103654278149,0.6172170523884469,0.0523071167357183,0.008957790154927887,0.5018369834693494,0.00011305391494035066,0.00011305391494035066,1.3300460581217723
37500,0.00533131574580008,0.002068676323213987,0.6953533859542813,0.033484693902074016,0.00918260203664742,0.617317783976297,0.05229715350347934,0.008959483904408509,0.5019318713954347,0.00011308407069253533,0.00011308407069253533,1.330400831676886
37510,0.005329574404128143,0.0020689723512982163,0.6954528911926777,0.03347588212547484,0.00918410003866928,0.6174184899945734,0.05228719207906084,0.008961177346559655,0.5020267421041823,0.00011311422644472,0.00011311422644472,1.330755605232
37520,0.005327833612144066,0.002069268285935509,0.6955523650203391,0.03346707258582101,0.00918559766041043,0.6175191704477598,0.052277232462201464,0.008962870481425748,0.5021215955980811,0.00011314438219690469,0.00011314438219690469,1.331110378787114
37530,0.005326093369749648,0.0020695641271425602,0.6956518074428774,0.033458265282720175,0.009187094901937573,0.6176198253403409,0.052267274652639896,0.008964563309051215,0.50221643187962,0.00011317453794908937,0.00011317453794908937,1.3314651523422276
37540,0.00532435367684669,0.002069859874936063,0.6957512184659035,0.03344946021577998,0.009188591763317407,0.6177204546768004,0.052257318650114806,0.00896625582948048,0.5023112509512875,0.00011320469370127405,0.00011320469370127405,1.3318199258973415
37550,0.005322614533336991,0.0020701555293327124,0.6958505980950294,0.03344065738460805,0.009190088244616633,0.6178210584616223,0.05224736445436487,0.008967948042757969,0.5024060528155725,0.00011323484945345871,0.00011323484945345871,1.3321746994524553
37560,0.0053208759391223485,0.0020704510903492013,0.6959499463358659,0.03343185678881206,0.009191584345901952,0.6179216366992908,0.052237412065128774,0.008969639948928106,0.502500837474964,0.00011326500520564339,0.00011326500520564339,1.3325294730075692
37570,0.005319137894104566,0.0020707465580022243,0.6960492631940249,0.03342305842799963,0.009193080067240065,0.6180221893942901,0.05222746148214518,0.008971331548035318,0.5025956049319505,0.00011329516095782807,0.00011329516095782807,1.3328842465626831
37580,0.00531740039818544,0.0020710419323084757,0.6961485486751178,0.03341426230177841,0.009194575408697673,0.618122716551104,0.05221751270515277,0.008973022840124027,0.5026903551890212,0.00011332531671001274,0.00011332531671001274,1.3332390201177968
37590,0.005315663451266772,0.0020713372132846494,0.6962478027847561,0.03340546840975604,0.009196070370341475,0.6182232181742168,0.052207565733890224,0.00897471382523866,0.5027850882486643,0.00011335547246219742,0.00011335547246219742,1.3335937936729108
37600,0.005313927053250362,0.002071632400947439,0.696347025528551,0.03339667675154017,0.009197564952238172,0.6183236942681124,0.05219762056809621,0.008976404503423642,0.5028798041133692,0.0001133856282143821,0.0001133856282143821,1.3339485672280247
37610,0.005312191204038008,0.002071927495313539,0.696446216912114,0.03338788732673844,0.009199059154454467,0.618424144837275,0.052187677207509414,0.008978094874723397,0.5029745027856245,0.00011341578396656676,0.00011341578396656676,1.3343033407831384
37620,0.0053104559035315095,0.002072222496399644,0.6965453769410567,0.0333791001349585,0.009200552977057058,0.6185245698861886,0.0521777356518685,0.008979784939182353,0.5030691842679189,0.00011344593971875144,0.00011344593971875144,1.334658114338252
37630,0.005308721151632667,0.002072517404222447,0.6966445056209906,0.03337031517580798,0.009202046420112646,0.6186249694193374,0.05216779590091215,0.00898147469684493,0.5031638485627412,0.00011347609547093612,0.00011347609547093612,1.335012887893366
37640,0.00530698694824328,0.002072812218798643,0.696743602957527,0.03336153244889453,0.009203539483687932,0.6187253434412053,0.05215785795437905,0.00898316414775556,0.5032584956725804,0.0001135062512231208,0.0001135062512231208,1.33536766144848
37650,0.005305253293265149,0.0020731069401449254,0.6968426689562774,0.03335275195382579,0.009205032167849618,0.6188256919562767,0.05214792181200786,0.008984853291958661,0.503353125599925,0.00011353640697530547,0.00011353640697530547,1.3357224350035937
37660,0.005303520186600073,0.0020734015682779884,0.6969417036228531,0.03334397369020941,0.009206524472664401,0.6189260149690353,0.05213798747353726,0.008986542129498662,0.503447738347264,0.00011356656272749015,0.00011356656272749015,1.3360772085587076
37670,0.00530178762814985,0.002073696103214526,0.6970407069628659,0.03333519765765303,0.009208016398198985,0.6190263124839653,0.05212805493870593,0.00898823066041999,0.5035423339170862,0.00011359671847967483,0.00011359671847967483,1.3364319821138215
37680,0.005300055617816282,0.0020739905449712326,0.6971396789819269,0.0333264238557643,0.00920950794452007,0.6191265845055509,0.05211812420725255,0.008989918884767065,0.5036369123118803,0.00011362687423185951,0.00011362687423185951,1.3367867556689352
37690,0.005298324155501168,0.002074284893564802,0.6972386196856476,0.03331765228415086,0.009210999111694356,0.6192268310382759,0.05210819527891579,0.008991606802584314,0.5037314735341353,0.00011365702998404418,0.00011365702998404418,1.3371415292240492
37700,0.005296593241106307,0.0020745791490119282,0.6973375290796398,0.03330888294242034,0.009212489899788545,0.6193270520866248,0.052098268153434324,0.008993294413916162,0.5038260175863396,0.00011368718573622886,0.00011368718573622886,1.3374963027791629
37710,0.0052948628745334994,0.0020748733113293057,0.6974364071695145,0.0333001158301804,0.009213980308869333,0.6194272476550812,0.05208834283054682,0.008994981718807037,0.5039205444709824,0.00011371734148841352,0.00011371734148841352,1.3378510763342766
37720,0.005293133055684545,0.002075167380533628,0.6975352539608833,0.03329135094703868,0.009215470339003428,0.6195274177481295,0.05207841930999198,0.00899666871730136,0.5040150541905524,0.0001137474972405982,0.0001137474972405982,1.3382058498893905
37730,0.005291403784461242,0.0020754613566415893,0.6976340694593577,0.03328258829260282,0.009216959990257524,0.6196275623702536,0.05206849759150846,0.008998355409443558,0.5041095467475383,0.00011377765299278288,0.00011377765299278288,1.3385606234445044
37740,0.005289675060765391,0.002075755239669884,0.6977328536705492,0.03327382786648046,0.009218449262698325,0.6197276815259377,0.05205857767483495,0.009000041795278057,0.5042040221444289,0.00011380780874496756,0.00011380780874496756,1.3389153969996184
37750,0.005287946884498792,0.002076049029635206,0.6978316066000692,0.03326506966827925,0.00921993815639253,0.6198277752196658,0.052048659559710095,0.00900172787484928,0.5042984803837133,0.00011383796449715224,0.00011383796449715224,1.3392701705547323
37760,0.005286219255563243,0.002076342726554249,0.6979303282535291,0.033256313697606836,0.009221426671406841,0.619927843455922,0.052038743245872605,0.009003413648201654,0.5043929214678798,0.00011386812024933691,0.00011386812024933691,1.339624944109846
37770,0.005284492173860547,0.0020766363304437077,0.6980290186365403,0.03324755995407085,0.009222914807807958,0.6200278862391904,0.052028828733061146,0.009005099115379602,0.5044873453994175,0.00011389827600152159,0.00011389827600152159,1.3399797176649597
37780,0.0052827656392925,0.0020769298413202755,0.6981276777547144,0.033238808437278944,0.00922440256566258,0.620127903573955,0.05201891602101439,0.009006784276427551,0.5045817521808152,0.00011392843175370627,0.00011392843175370627,1.3403344912200736
37790,0.0052810396517609035,0.002077223259200647,0.6982263056136628,0.03323005914683876,0.009225889945037412,0.6202278954646999,0.05200900510947101,0.009008469131389925,0.5046761418145617,0.00011395858750589094,0.00011395858750589094,1.3406892647751874
37800,0.005279314211167557,0.002077516584101516,0.6983249022189969,0.03322131208235794,0.009227376945999151,0.6203278619159093,0.051999095998169695,0.00901015368031115,0.5047705143031456,0.00011398874325807562,0.00011398874325807562,1.3410440383303013
37810,0.005277589317414259,0.0020778098160395765,0.6984234675763282,0.03321256724344414,0.009228863568614498,0.620427802932067,0.051989188686849104,0.00901183792323565,0.504864869649056,0.0001140188990102603,0.0001140188990102603,1.3413988118854152
37820,0.005275864970402812,0.0020781029550315227,0.698522001691268,0.03320382462970498,0.009230349812950156,0.6205277185176574,0.05197928317524793,0.00901352186020785,0.5049592078547815,0.00011404905476244496,0.00011404905476244496,1.341753585440529
37830,0.005274141170035012,0.0020783960010940486,0.698620504569428,0.03319508424074812,0.009231835679072821,0.6206276086771644,0.051969379463104835,0.009015205491272174,0.5050535289228109,0.00011407921051462964,0.00011407921051462964,1.3421083589956428
37840,0.005272417916212661,0.0020786889542438484,0.6987189762164197,0.0331863460761812,0.009233321167049198,0.6207274734150721,0.051959477550158506,0.009016888816473051,0.5051478328556331,0.00011410936626681432,0.00011410936626681432,1.3424631325507566
37850,0.005270695208837558,0.0020789818144976158,0.698817416637854,0.03317761013561186,0.009234806276945987,0.6208273127358646,0.051949577436147615,0.009018571835854904,0.5052421196557368,0.00011413952201899899,0.00011413952201899899,1.3428179061058705
37860,0.005268973047811503,0.0020792745818720452,0.6989158258393429,0.03316887641864774,0.009236291008829885,0.6209271266440258,0.05193967912081083,0.009020254549462156,0.505336389325611,0.00011416967777118367,0.00011416967777118367,1.3431726796609842
37870,0.005267251433036294,0.0020795672563838304,0.6990142038264976,0.033160144924896495,0.009237775362767597,0.6210269151440401,0.05192978260388684,0.009021936957339235,0.5054306418677442,0.00011419983352336835,0.00011419983352336835,1.3435274532160981
37880,0.005265530364413733,0.002079859838049666,0.6991125506049297,0.03315141565396576,0.009239259338825821,0.6211266782403913,0.05191988788511431,0.009023619059530565,0.5055248772846255,0.00011422998927555303,0.00011422998927555303,1.343882226771212
37890,0.005263809841845618,0.0020801523268862455,0.6992108661802505,0.03314268860546319,0.00924074293707126,0.6212264159375637,0.05190999496423192,0.009025300856080571,0.5056190955787435,0.00011426014502773771,0.00011426014502773771,1.344237000326326
37900,0.005262089865233749,0.002080444722910263,0.6993091505580716,0.03313396377899641,0.009242226157570612,0.6213261282400411,0.05190010384097835,0.009026982347033677,0.5057132967525869,0.00011429030077992238,0.00011429030077992238,1.3445917738814397
37910,0.005260370434479926,0.002080737026138413,0.6994074037440045,0.03312524117417307,0.00924370900039058,0.6214258151523078,0.05189021451509228,0.009028663532434311,0.5058074808086449,0.00011432045653210706,0.00011432045653210706,1.3449465474365536
37920,0.005258651549485949,0.0020810292365873893,0.6995056257436602,0.03311652079060083,0.009245191465597862,0.6215254766788478,0.05188032698631237,0.009030344412326894,0.5059016477494058,0.00011435061228429174,0.00011435061228429174,1.3453013209916673
37930,0.005256933210153617,0.0020813213542738855,0.6996038165626506,0.03310780262788731,0.00924667355325916,0.6216251128241451,0.05187044125437731,0.009032024986755855,0.5059957975773588,0.0001143807680364764,0.0001143807680364764,1.345656094546781
37940,0.00525521541638473,0.0020816133792145963,0.6997019762065869,0.03309908668564016,0.009248155263441174,0.6217247235926839,0.051860557319025766,0.009033705255765617,0.5060899302949925,0.00011441092378866108,0.00011441092378866108,1.346010868101895
37950,0.005253498168081088,0.0020819053114262158,0.6998001046810809,0.033090372963467035,0.009249636596210606,0.6218243089889481,0.05185067517999642,0.009035385219400605,0.5061840459047958,0.00011444107954084576,0.00011444107954084576,1.346365641657009
37960,0.005251781465144488,0.0020821971509254376,0.6998982019917436,0.03308166146097557,0.009251117551634156,0.6219238690174221,0.05184079483702795,0.009037064877705246,0.5062781444092576,0.00011447123529303043,0.00011447123529303043,1.3467204152121226
37970,0.005250065307476733,0.002082488897728956,0.6999962681441868,0.033072952177773396,0.009252598129778524,0.6220234036825897,0.05183091628985903,0.009038744230723962,0.5063722258108663,0.00011450139104521511,0.00011450139104521511,1.3470751887672365
37980,0.005248349694979621,0.002082780551853465,0.7000943031440218,0.03306424511346818,0.009254078330710411,0.6221229129889351,0.051821039538228336,0.009040423278501181,0.506466290112111,0.00011453154679739979,0.00011453154679739979,1.3474299623223505
37990,0.005246634627554952,0.002083072113315659,0.7001923069968601,0.03305554026766755,0.009255558154496519,0.6222223969409424,0.05181116458187454,0.009042102021081326,0.5065603373154804,0.00011456170254958446,0.00011456170254958446,1.3477847358774642
38000,0.005244920105104525,0.0020833635821322313,0.7002902797083129,0.033046837639979156,0.009257037601203544,0.6223218555430954,0.05180129142053632,0.009043780458508822,0.5066543674234635,0.00011459185830176914,0.00011459185830176914,1.3481395094325779
38010,0.005243206127530141,0.0020836549583198765,0.700388221283992,0.03303813723001064,0.009258516670898194,0.6224212887998785,0.051791420053952354,0.009045458590828096,0.5067483804385489,0.00011462201405395382,0.00011462201405395382,1.3484942829876918
38020,0.005241492694733599,0.0020839462418952887,0.7004861317295088,0.03302943903736964,0.009259995363647163,0.6225206967157755,0.051781550481861324,0.009047136418083572,0.5068423763632254,0.0001146521698061385,0.0001146521698061385,1.3488490565428057
38030,0.005239779806616698,0.002084237432875162,0.7005840110504746,0.033020743061663804,0.009261473679517155,0.6226200792952709,0.05177168270400189,0.009048813940319676,0.5069363551999818,0.00011468232555832318,0.00011468232555832318,1.3492038300979197
38040,0.005238067463081237,0.00208452853127619,0.7006818592525008,0.033012049302500776,0.00926295161857487,0.6227194365428483,0.05176181672011274,0.009050491157580831,0.5070303169513071,0.00011471248131050784,0.00011471248131050784,1.3495586036530334
38050,0.005236355664029019,0.002084819537115067,0.700779676341199,0.033003357759488205,0.009264429180887008,0.622818768462992,0.05175195252993256,0.009052168069911463,0.5071242616196898,0.00011474263706269251,0.00011474263706269251,1.349913377208147
38060,0.0052346444093618405,0.0020851104504084877,0.7008774623221806,0.032994668432233726,0.00926590636652027,0.6229180750601861,0.0517420901332,0.009053844677355998,0.507218189207619,0.00011477279281487719,0.00011477279281487719,1.350268150763261
38070,0.005232933698981502,0.0020854012711731453,0.7009752172010573,0.03298598132034498,0.009267383175541356,0.6230173563389146,0.051732229529653756,0.00905552097995886,0.5073120997175832,0.00011480294856706187,0.00011480294856706187,1.350622924318375
38080,0.005231223532789804,0.0020856919994257338,0.7010729409834399,0.032977296423429614,0.009268859608016967,0.6231166123036617,0.05172237071903249,0.009057196977764475,0.5074059931520715,0.00011483310431924655,0.00011483310431924655,1.3509776978734886
38090,0.005229513910688544,0.002085982635182948,0.7011706336749404,0.032968613741095276,0.009270335664013805,0.6232158429589112,0.05171251370107489,0.009058872670817267,0.5074998695135724,0.00011486326007143123,0.00011486326007143123,1.3513324714286026
38100,0.0052278048325795235,0.0020862731784614817,0.7012682952811703,0.032959933272949604,0.00927181134359857,0.6233150483091474,0.05170265847551962,0.009060548059161662,0.5075937288045749,0.0001148934158236159,0.0001148934158236159,1.3516872449837163
38110,0.005226096298364542,0.0020865636292780286,0.7013659258077406,0.032951255018600245,0.00927328664683796,0.6234142283588544,0.05169280504210537,0.009062223142842083,0.5076875710275677,0.00011492357157580058,0.00011492357157580058,1.3520420185388302
38120,0.005224388307945398,0.0020868539876492827,0.7014635252602631,0.03294257897765484,0.00927476157379868,0.6235133831125163,0.051682953400570816,0.009063897921902958,0.5077813961850397,0.00011495372732798526,0.00011495372732798526,1.3523967920939441
38130,0.005222680861223893,0.0020871442535919387,0.701561093644349,0.03293390514972103,0.009276236124547426,0.6236125125746168,0.05167310355065462,0.009065572396388711,0.5078752042794795,0.00011498388308016992,0.00011498388308016992,1.3527515656490579
38140,0.005220973958101825,0.0020874344271226905,0.7016586309656101,0.03292523353440646,0.009277710299150903,0.6237116167496405,0.05166325549209547,0.009067246566343768,0.5079689953133764,0.0001150140388323546,0.0001150140388323546,1.3531063392041718
38150,0.005219267598480994,0.0020877245082582315,0.7017561372296576,0.032916564131318785,0.009279184097675808,0.623810695642071,0.05165340922463203,0.009068920431812552,0.5080627692892186,0.00011504419458453928,0.00011504419458453928,1.3534611127592855
38160,0.0052175617822632,0.0020880144970152567,0.7018536124421031,0.032907896940065635,0.009280657520188845,0.6239097492563929,0.051643564748002996,0.00907059399283949,0.5081565262094953,0.00011507435033672395,0.00011507435033672395,1.3538158863143992
38170,0.005215856509350242,0.0020883043934104596,0.7019510566085577,0.032899231960254655,0.00928213056675671,0.6240087775970896,0.051633722061947024,0.009072267249469005,0.508250266076695,0.00011510450608890863,0.00011510450608890863,1.3541706598695131
38180,0.005214151779643921,0.002088594197460534,0.7020484697346333,0.03289056919149349,0.00928360323744611,0.6241077806686458,0.0516238811662028,0.009073940201745522,0.5083439888933066,0.00011513466184109331,0.00011513466184109331,1.354525433424627
38190,0.005212447593046035,0.0020888839091821746,0.702145851825941,0.032881908633389786,0.00928507553232374,0.6242067584755454,0.051614042060508986,0.00907561284971347,0.5084376946618191,0.00011516481759327799,0.00011516481759327799,1.354880206979741
38200,0.005210743949458384,0.0020891735285920752,0.7022432028880924,0.03287325028555118,0.009286547451456302,0.6243057110222724,0.05160420474460428,0.00907728519341727,0.5085313833847209,0.00011519497334546266,0.00011519497334546266,1.3552349805348547
38210,0.00520904084878277,0.0020894630557069297,0.702340522926699,0.032864594147585316,0.009288018994910498,0.6244046383133106,0.051594369218227354,0.009078957232901348,0.5086250550645013,0.00011522512909764734,0.00011522512909764734,1.3555897540899686
38220,0.005207338290920988,0.0020897524905434325,0.7024378119473723,0.03285594021909985,0.009289490162753027,0.6245035403531446,0.05158453548111687,0.00908062896821013,0.5087187097036487,0.00011525528484983202,0.00011525528484983202,1.3559445276450823
38230,0.005205636275774842,0.0020900418331182774,0.7025350699557235,0.032847288499702414,0.009290960955050592,0.6246024171462582,0.05157470353301151,0.009082300399388041,0.5088123473046522,0.0001152854406020167,0.0001152854406020167,1.3562993012001963
38240,0.00520393480324613,0.0020903310834481585,0.7026322969573642,0.03283863898900065,0.009292431371869893,0.6247012686971355,0.051564873373649955,0.009083971526479506,0.5089059678700003,0.00011531559635420136,0.00011531559635420136,1.35665407475531
38250,0.00520223387323665,0.00209062024154977,0.7027294929579057,0.03282999168660221,0.009293901413277628,0.6248000950102606,0.051555045002770875,0.009085642349528949,0.508999571402182,0.00011534575210638604,0.00011534575210638604,1.357008848310424
38260,0.005200533485648205,0.0020909093074398056,0.7028266579629597,0.03282134659211473,0.009295371079340498,0.6248988960901174,0.051545218420112955,0.009087312868580796,0.509093157903686,0.00011537590785857072,0.00011537590785857072,1.3573636218655378
38270,0.005198833640382592,0.0020911982811349598,0.7029237919781377,0.03281270370514585,0.009296840370125207,0.6249976719411903,0.05153539362541486,0.009088983083679471,0.5091867273770012,0.00011540606361075539,0.00011540606361075539,1.3577183954206515
38280,0.005197134337341612,0.0020914871626519266,0.7030208950090509,0.032804063025303226,0.009298309285698454,0.6250964225679632,0.05152557061841527,0.0090906529948694,0.5092802798246162,0.00011543621936294007,0.00011543621936294007,1.3580731689757655
38290,0.005195435576427064,0.0020917759520073997,0.7031179670613108,0.032795424552194495,0.009299777826126938,0.6251951479749202,0.05151574939885287,0.009092322602195009,0.5093738152490201,0.00011546637511512475,0.00011546637511512475,1.3584279425308794
38300,0.005193737357540747,0.0020920646492180736,0.7032150081405288,0.0327867882854273,0.009301245991477362,0.6252938481665452,0.05150592996646632,0.009093991905700724,0.5094673336527017,0.00011549653086730943,0.00011549653086730943,1.358782716085993
38310,0.005192039680584463,0.002092353254300642,0.7033120182523166,0.03277815422460928,0.009302713781816423,0.6253925231473225,0.051496112320994304,0.009095660905430965,0.5095608350381493,0.0001155266866194941,0.0001155266866194941,1.3591374896411068
38320,0.0051903425454600085,0.002092641767271799,0.7034089974022855,0.03276952236934809,0.009304181197210826,0.6254911729217362,0.05148629646217551,0.009097329601430162,0.5096543194078522,0.00011555684237167877,0.00011555684237167877,1.3594922631962207
38330,0.005188645952069185,0.002092930188148239,0.7035059455960466,0.03276089271925137,0.00930564823772727,0.6255897974942701,0.051476482389748585,0.009098997993742738,0.5097477867642991,0.00011558699812386346,0.00011558699812386346,1.3598470367513347
38340,0.005186949900313792,0.002093218516946656,0.7036028628392121,0.032752265273926745,0.009307114903432456,0.6256883968694087,0.05146667010345223,0.009100666082413118,0.5098412371099786,0.00011561715387604812,0.00011561715387604812,1.3602018103064484
38350,0.00518525439009563,0.0020935067536837436,0.7036997491373929,0.032743640032981886,0.009308581194393081,0.6257869710516356,0.05145685960302511,0.009102333867485728,0.5099346704473797,0.0001156473096282328,0.0001156473096282328,1.3605565838615623
38360,0.005183559421316496,0.0020937948983761963,0.7037966044962003,0.03273501699602442,0.00931004711067585,0.6258855200454352,0.051447050888205906,0.009104001349004992,0.5100280867789911,0.00011567746538041748,0.00011567746538041748,1.3609113574166762
38370,0.005181864993878192,0.002094082951040708,0.7038934289212463,0.03272639616266199,0.009311512652347463,0.6259840438552916,0.051437243958733295,0.009105668527015337,0.5101214861073018,0.00011570762113260216,0.00011570762113260216,1.36126613097179
38380,0.0051801711076825165,0.002094370911693973,0.703990222418142,0.032717777532502254,0.009312977819474618,0.6260825424856886,0.05142743881434595,0.009107335401561185,0.5102148684348004,0.00011573777688478683,0.00011573777688478683,1.3616209045269037
38390,0.00517847776263127,0.0020946587803526845,0.704086984992499,0.03270916110515284,0.009314442612124019,0.6261810159411104,0.05141763545478255,0.009109001972686964,0.5103082337639756,0.00011576793263697151,0.00011576793263697151,1.3619756780820176
38400,0.0051767849586262515,0.0020949465570335377,0.7041837166499285,0.03270054688022139,0.009315907030362365,0.6262794642260413,0.05140783387978176,0.009110668240437098,0.5104015820973165,0.00011579808838915617,0.00011579808838915617,1.3623304516371313
38410,0.005175092695569261,0.002095234241753226,0.7042804173960423,0.03269193485731556,0.009317371074256356,0.626377887344965,0.051398034089082265,0.009112334204856012,0.5104949134373116,0.00011582824414134085,0.00011582824414134085,1.3626852251922452
38420,0.005173400973362098,0.002095521834528444,0.7043770872364518,0.03268332503604299,0.009318834743872694,0.6264762853023659,0.051388236082422746,0.00911399986598813,0.5105882277864499,0.00011585839989352553,0.00011585839989352553,1.3630399987473591
38430,0.005171709791906562,0.002095809335375885,0.7044737261767681,0.032674717416011315,0.009320298039278078,0.6265746581027279,0.05137843985954187,0.00911566522387788,0.5106815251472201,0.00011588855564571021,0.00011588855564571021,1.363394772302473
38440,0.005170019151104452,0.0020960967443122438,0.7045703342226028,0.03266611199682819,0.00932176096053921,0.6266730057505351,0.05136864542017832,0.009117330278569683,0.5107748055221111,0.0001159187113978949,0.0001159187113978949,1.3637495458575868
38450,0.005168329050857569,0.0020963840613542136,0.7046669113795675,0.032657508778101245,0.00932322350772279,0.6267713282502715,0.05135885276407076,0.009118995030107968,0.5108680689136116,0.00011594886715007956,0.00011594886715007956,1.3641043194127007
38460,0.005166639491067712,0.0020966712865184895,0.7047634576532738,0.032648907759438135,0.00932468568089552,0.6268696256064215,0.05134906189095788,0.009120659478537158,0.5109613153242105,0.00011597902290226424,0.00011597902290226424,1.3644590929678144
38470,0.005164950471636681,0.002096958419821765,0.7048599730493328,0.032640308940446505,0.009326147480124097,0.6269678978234685,0.05133927280057835,0.009122323623901677,0.5110545447563964,0.00011600917865444892,0.00011600917865444892,1.3648138665229284
38480,0.005163261992466275,0.002097245461280734,0.7049564575733559,0.03263171232073399,0.009327608905475225,0.6270661449058974,0.05132948549267085,0.009123987466245953,0.5111477572126585,0.00011603933440663359,0.00011603933440663359,1.365168640078042
38490,0.005161574053458294,0.0020975324109120904,0.7050529112309547,0.03262311789990823,0.009329069957015603,0.6271643668581918,0.05131969996697405,0.009125651005614408,0.5112409526954851,0.00011606949015881827,0.00011606949015881827,1.365523413633156
38500,0.005159886654514538,0.002097819268732529,0.7051493340277409,0.032614525677576875,0.009330530634811932,0.6272625636848357,0.05130991622322663,0.00912731424205147,0.5113341312073653,0.00011609964591100295,0.00011609964591100295,1.36587818718827
38510,0.005158199795536805,0.002098106034758744,0.7052457259693256,0.03260593565334757,0.009331990938930914,0.6273607353903135,0.05130013426116726,0.009128977175601563,0.5114272927507879,0.00011612980166318761,0.00011612980166318761,1.3662329607433836
38520,0.005156513476426897,0.002098392709007428,0.7053420870613202,0.032597347826827966,0.009333450869439248,0.627458881979109,0.05129035408053462,0.009130639806309113,0.5115204373282416,0.0001161599574153723,0.0001161599574153723,1.3665877342984976
38530,0.005154827697086611,0.0020986792914952767,0.7054384173093365,0.03258876219762569,0.009334910426403635,0.6275570034557064,0.05128057568106739,0.009132302134218541,0.5116135649422152,0.00011619011316755697,0.00011619011316755697,1.3669425078536113
38540,0.00515314245741775,0.002098965782238983,0.7055347167189858,0.03258017876534839,0.009336369609890776,0.6276550998245899,0.05127079906250424,0.009133964159374277,0.5117066755951977,0.00011622026891974164,0.00011622026891974164,1.367297281408725
38550,0.005151457757322111,0.002099252181255242,0.7056309852958795,0.032571597529603716,0.009337828419967371,0.6277531710902433,0.051261024224583854,0.009135625881820743,0.5117997692896774,0.00011625042467192632,0.00011625042467192632,1.367652054963839
38560,0.005149773596701494,0.0020995384885607467,0.7057272230456291,0.032563018489999304,0.009339286856700121,0.6278512172571509,0.051251251167044896,0.009137287301602365,0.5118928460281437,0.000116280580424111,0.000116280580424111,1.3680068285189528
38570,0.0051480899754577,0.0020998247041721916,0.7058234299738458,0.0325544416461428,0.009340744920155726,0.6279492383297967,0.051241479889626046,0.00913894841876357,0.5119859058130851,0.00011631073617629568,0.00011631073617629568,1.3683616020740668
38580,0.0051464068934925266,0.002100110828106271,0.7059196060861415,0.03254586699764185,0.009342202610400887,0.6280472343126646,0.05123171039206599,0.009140609233348779,0.5120789486469904,0.00011634089192848036,0.00011634089192848036,1.3687163756291807
38590,0.005144724350707775,0.002100396860379679,0.7060157513881273,0.032537294544104096,0.009343659927502307,0.628145205210239,0.0512219426741034,0.00914226974540242,0.5121719745323484,0.00011637104768066503,0.00011637104768066503,1.3690711491842944
38600,0.005143042347005244,0.002100682801009109,0.7061118658854146,0.03252872428513718,0.009345116871526681,0.6282431510270038,0.05121217673547694,0.009143929954968917,0.5122649834716481,0.0001164012034328497,0.0001164012034328497,1.369425922739408
38610,0.005141360882286734,0.0021009686500112557,0.7062079495836153,0.03252015622034875,0.009346573442540715,0.6283410717674429,0.051202412575925296,0.009145589862092697,0.512357975467378,0.00011643135918503437,0.00011643135918503437,1.369780696294522
38620,0.005139679956454044,0.002101254407402813,0.7063040024883406,0.03251159034934644,0.009348029640611107,0.6284389674360407,0.05119265019518715,0.009147249466818183,0.512450950522027,0.00011646151493721905,0.00011646151493721905,1.3701354698496357
38630,0.005137999569408975,0.002101540073200475,0.7064000246052016,0.0325030266717379,0.00934948546580456,0.6285368380372812,0.051182889593001164,0.0091489087691898,0.512543908638084,0.00011649167068940373,0.00011649167068940373,1.3704902434047497
38640,0.005136319721053324,0.0021018256474209353,0.7064960159398102,0.032494465187130776,0.009350940918187771,0.6286346835756483,0.05117313076910602,0.009150567769251973,0.5126368498180377,0.00011652182644158841,0.00011652182644158841,1.3708450169598636
38650,0.005134640411288893,0.0021021111300808886,0.7065919764977777,0.032485905895132706,0.009352395997827442,0.6287325040556262,0.051163373723240396,0.00915222646704913,0.512729774064377,0.00011655198219377308,0.00011655198219377308,1.3711997905149773
38660,0.00513296164001748,0.002102396521197029,0.7066879062847156,0.032477348795351337,0.009353850704790275,0.6288302994816991,0.05115361845514297,0.009153884862625692,0.5128226813795906,0.00011658213794595776,0.00011658213794595776,1.3715545640700912
38670,0.0051312834071408865,0.0021026818207860497,0.7067838053062352,0.03246879388739431,0.00935530503914297,0.6289280698583508,0.05114386496455241,0.009155542956026087,0.5129155717661674,0.00011661229369814244,0.00011661229369814244,1.3719093376252052
38680,0.005129605712560911,0.0021029670288646458,0.7068796735679481,0.032460241170869264,0.009356759000952227,0.6290258151900656,0.0511341132512074,0.009157200747294739,0.513008445226596,0.0001166424494503271,0.0001166424494503271,1.3722641111803189
38690,0.005127928556179353,0.002103252145449511,0.7069755110754657,0.032451690645383856,0.009358212590284746,0.6291235354813274,0.05112436331484661,0.009158858236476074,0.5131013017633655,0.00011667260520251179,0.00011667260520251179,1.3726188847354326
38700,0.005126251937898011,0.0021035371705573386,0.7070713178343995,0.032443142310545715,0.00935966580720723,0.6292212307366204,0.05111461515520872,0.009160515423614514,0.5131941413789645,0.00011670276095469647,0.00011670276095469647,1.3729736582905465
38710,0.005124575857618688,0.0021038221042048236,0.7071670938503609,0.0324345961659625,0.009361118651786378,0.6293189009604286,0.05110486877203241,0.009162172308754487,0.5132869640758816,0.00011673291670688115,0.00011673291670688115,1.3733284318456604
38720,0.005122900315243181,0.00210410694640866,0.7072628391289613,0.03242605221124184,0.00936257112408889,0.6294165461572362,0.05109512416505635,0.009163828891940418,0.513379769856606,0.00011676307245906581,0.00011676307245906581,1.3736832054007742
38730,0.00512122531067329,0.0021043916971855412,0.7073585536758121,0.03241751044599138,0.009364023224181468,0.6295141663315271,0.051085381334019214,0.00916548517321673,0.5134725587236263,0.00011679322821125049,0.00011679322821125049,1.374037978955888
38740,0.005119550843810815,0.002104676356552162,0.707454237496525,0.03240897086981877,0.009365474952130812,0.6296117614877856,0.051075640278659684,0.009167141152627852,0.5135653306794314,0.00011682338396343517,0.00011682338396343517,1.374392752511002
38750,0.005117876914557556,0.0021049609245252163,0.7075498905967113,0.032400433482331646,0.009366926308003622,0.6297093316304955,0.051065900998716426,0.009168796830218205,0.5136580857265101,0.00011685353971561984,0.00011685353971561984,1.3747475260661157
38760,0.005116203522815312,0.0021052454011213978,0.7076455129819823,0.03239189828313766,0.009368377291866601,0.6298068767641412,0.05105616349392813,0.009170452206032215,0.5137508238673509,0.00011688369546780452,0.00011688369546780452,1.3751022996212297
38770,0.005114530668485882,0.0021055297863574007,0.7077411046579497,0.03238336527184445,0.009369827903786446,0.6299043968932063,0.05104642776403347,0.009172107280114309,0.5138435451044431,0.0001169138512199892,0.0001169138512199892,1.3754570731763434
38780,0.005112858351471067,0.0021058140802499192,0.7078366656302248,0.032374834448059664,0.00937127814382986,0.6300018920221754,0.0510366938087711,0.00917376205250891,0.513936249440275,0.00011694400697217388,0.00011694400697217388,1.3758118467314573
38790,0.005111186571672666,0.0021060982828156475,0.7079321959044192,0.03236630581139094,0.009372728012063543,0.6300993621555323,0.05102696162787972,0.009175416523260444,0.5140289368773359,0.00011697416272435855,0.00011697416272435855,1.376166620286571
38800,0.005109515328992479,0.002106382394071279,0.7080276954861442,0.03235777936144592,0.009374177508554196,0.6301968072977611,0.05101723122109801,0.009177070692413336,0.5141216074181141,0.00011700431847654323,0.00011700431847654323,1.376521393841685
38810,0.005107844623332306,0.0021066664140335085,0.7081231643810112,0.03234925509783225,0.009375626633368519,0.6302942274533457,0.051007502588164624,0.009178724560012012,0.5142142610650987,0.0001170344742287279,0.0001170344742287279,1.3768761673967989
38820,0.005106174454593946,0.00210695034271903,0.7082186025946319,0.03234073302015758,0.009377075386573213,0.6303916226267705,0.05099777572881825,0.009180378126100895,0.5143068978207784,0.00011706462998091257,0.00011706462998091257,1.3772309409519126
38830,0.0051045048226791975,0.002107234180144537,0.7083140101326173,0.032332213128029544,0.009378523768234979,0.6304889928225196,0.05098805064279757,0.009182031390724411,0.5143995176876421,0.00011709478573309725,0.00011709478573309725,1.3775857145070265
38840,0.005102835727489862,0.0021075179263267243,0.7084093870005795,0.03232369542105579,0.009379971778420518,0.6305863380450767,0.05097832732984125,0.009183684353926986,0.5144921206681784,0.00011712494148528193,0.00011712494148528193,1.3779404880621402
38850,0.005101167168927738,0.002107801581282285,0.7085047332041294,0.03231517989884396,0.00938141941719653,0.6306836582989261,0.05096860578968797,0.009185337015753043,0.5145847067648764,0.00011715509723746661,0.00011715509723746661,1.3782952616172541
38860,0.005099499146894627,0.002108085145027914,0.7086000487488787,0.0323066665610017,0.009382866684629714,0.6307809535885521,0.0509588860220764,0.009186989376247009,0.5146772759802246,0.00011718525298965128,0.00011718525298965128,1.3786500351723678
38870,0.005097831661292325,0.0021083686175803053,0.7086953336404387,0.03229815540713665,0.009384313580786771,0.6308782239184383,0.05094916802674522,0.00918864143545331,0.514769828316712,0.00011721540874183596,0.00011721540874183596,1.3790048087274818
38880,0.0050961647120226355,0.0021086519989561526,0.7087905878844211,0.03228964643685645,0.009385760105734406,0.6309754692930692,0.050939451803433115,0.009190293193416368,0.5148623637768274,0.00011724556449402064,0.00011724556449402064,1.3793595822825957
38890,0.005094498298987357,0.00210893528917215,0.7088858114864369,0.03228113964976875,0.009387206259539314,0.6310726897169286,0.05092973735187875,0.00919194465018061,0.5149548823630593,0.0001172757202462053,0.0001172757202462053,1.3797143558377094
38900,0.005092832422088287,0.0021092184882449917,0.708981004452098,0.0322726350454812,0.009388652042268198,0.6311698851945007,0.0509200246718208,0.009193595805790461,0.515047384077897,0.00011730587599838999,0.00011730587599838999,1.3800691293928233
38910,0.005091167081227228,0.002109501596191372,0.7090761667870157,0.03226413262360143,0.009390097453987759,0.6312670557302694,0.050910313762997955,0.009195246660290344,0.5151398689238288,0.00011733603175057467,0.00011733603175057467,1.380423902947937
38920,0.005089502276305977,0.0021097846130279842,0.7091712984968014,0.03225563238373709,0.009391542494764697,0.6313642013287191,0.05090060462514888,0.009196897213724688,0.5152323369033439,0.00011736618750275935,0.00011736618750275935,1.380778676503051
38930,0.005087838007226337,0.0021100675387715232,0.7092663995870666,0.03224713432549582,0.009392987164665714,0.6314613219943336,0.05089089725801225,0.009198547466137916,0.5153247880189309,0.00011739634325494401,0.00011739634325494401,1.3811334500581647
38940,0.005086174273890104,0.0021103503734386827,0.7093614700634226,0.03223863844848526,0.009394431463757506,0.631558417731597,0.05088119166132674,0.009200197417574451,0.5154172222730785,0.00011742649900712869,0.00011742649900712869,1.3814882236132786
38950,0.005084511076199081,0.002110633117046157,0.7094565099314812,0.03223014475231307,0.00939587539210678,0.6316554885449935,0.05087148783483103,0.009201847068078722,0.5155096396682758,0.00011745665475931336,0.00011745665475931336,1.3818429971683923
38960,0.0050828484140550655,0.0021109157696106396,0.7095515191968536,0.03222165323658687,0.009397318949780234,0.6317525344390073,0.0508617857782638,0.009203496417695151,0.5156020402070113,0.00011748681051149804,0.00011748681051149804,1.3821977707235062
38970,0.005081186287359857,0.002111198331148825,0.7096464978651511,0.032213163900914325,0.009398762136844567,0.631849555418122,0.05085208549136372,0.009205145466468166,0.515694423891774,0.00011751696626368272,0.00011751696626368272,1.3825525442786202
38980,0.005079524696015256,0.002111480801677407,0.7097414459419855,0.03220467674490307,0.00940020495336648,0.6319465514868221,0.05084238697386947,0.009206794214442189,0.5157867907250526,0.0001175471220158674,0.0001175471220158674,1.382907317833734
38990,0.005077863639923062,0.00211176318121308,0.709836363432968,0.03219619176816074,0.009401647399412676,0.6320435226495915,0.050832690225519714,0.009208442661661646,0.5158791407093359,0.00011757727776805208,0.00011757727776805208,1.3832620913888478
39000,0.005076203118985075,0.002112045469772538,0.7099312503437102,0.03218770897029499,0.009403089475049854,0.6321404689109145,0.050822995246053146,0.009210090808170963,0.5159714738471127,0.00011760743352023675,0.00011760743352023675,1.3836168649439615
39010,0.005074543133103093,0.0021123276673724748,0.7100261066798235,0.032179228350913455,0.009404531180344714,0.6322373902752748,0.05081330203520843,0.009211738654014564,0.5160637901408719,0.00011763758927242143,0.00011763758927242143,1.3839716384990755
39020,0.005072883682178918,0.0021126097740295845,0.710120932446919,0.032170749909623785,0.009405972515363958,0.6323342867471567,0.05080361059272425,0.009213386199236876,0.5161560895931023,0.0001176677450246061,0.0001176677450246061,1.3843264120541894
39030,0.005071224766114347,0.0021128917897605616,0.7102157276506089,0.03216227364603363,0.009407413480174286,0.6324311583310442,0.05079392091833927,0.00921503344388232,0.5162483722062925,0.00011769790077679077,0.00011769790077679077,1.384681185609303
39040,0.005069566384811182,0.0021131737145820995,0.710310492296504,0.03215379955975062,0.009408854074842397,0.6325280050314216,0.05078423301179218,0.009216680387995327,0.5163406379829315,0.00011772805652897545,0.00011772805652897545,1.385035959164417
39050,0.005067908538171222,0.0021134555485108927,0.710405226390216,0.032145327650382395,0.009410294299434995,0.6326248268527727,0.05077454687282165,0.009218327031620316,0.5164328869255079,0.00011775821228116013,0.00011775821228116013,1.385390732719531
39060,0.0050662512260962675,0.0021137372915636353,0.7104999299373563,0.03213685791753661,0.009411734154018778,0.6327216237995816,0.05076486250116635,0.009219973374801717,0.5165251190365108,0.0001177883680333448,0.0001177883680333448,1.3857455062746447
39070,0.005064594448488115,0.002114018943757021,0.7105946029435364,0.03212839036082091,0.009413173638660448,0.6328183958763325,0.05075517989656497,0.009221619417583952,0.5166173343184287,0.00011781852378552948,0.00011781852378552948,1.3861002798297584
39080,0.005062938205248568,0.002114300505107744,0.7106892454143677,0.03211992497984292,0.009414612753426706,0.6329151430875095,0.05074549905875617,0.009223265160011448,0.5167095327737506,0.00011784867953771416,0.00011784867953771416,1.3864550533848723
39090,0.005061282496279422,0.0021145819756324988,0.7107838573554618,0.03211146177421031,0.009416051498384249,0.6330118654375965,0.05073581998747864,0.009224910602128628,0.5168017144049651,0.00011787883528989882,0.00011787883528989882,1.386809826939986
39100,0.005059627321482481,0.0021148633553479787,0.7108784387724298,0.0321030007435307,0.009417489873599782,0.6331085629310778,0.05072614268247105,0.009226555743979918,0.5168938792145612,0.0001179089910420835,0.0001179089910420835,1.3871646004951
39110,0.005057972680759542,0.0021151446442708786,0.7109729896708835,0.03209454188741176,0.009418927879140004,0.6332052355724372,0.05071646714347207,0.009228200585609745,0.5169860272050277,0.00011793914679426818,0.00011793914679426818,1.3875193740502139
39120,0.005056318574012404,0.0021154258424178917,0.7110675100564341,0.0320860852054611,0.009420365515071616,0.6333018833661589,0.05070679337022039,0.009229845127062531,0.5170781583788533,0.00011796930254645286,0.00011796930254645286,1.3878741476053278
39130,0.0050546650011428695,0.0021157069498057126,0.7111619999346932,0.03207763069728639,0.009421802781461316,0.633398506316727,0.050697121362454675,0.009231489368382704,0.5171702727385268,0.00011799945829863754,0.00011799945829863754,1.3882289211604415
39140,0.005053011962052736,0.0021159879664510352,0.7112564593112722,0.03206917836249526,0.009423239678375809,0.6334951044286257,0.0506874511199136,0.009233133309614686,0.517262370286537,0.00011802961405082222,0.00011802961405082222,1.3885836947155554
39150,0.0050513594566438036,0.002116268892370554,0.7113508881917827,0.03206072820069535,0.009424676205881792,0.6335916777063388,0.05067778264233585,0.009234776950802904,0.5173544510253728,0.00011805976980300689,0.00011805976980300689,1.3889384682706691
39160,0.005049707484817872,0.002116549727580962,0.7114452865818359,0.032052280211494324,0.009426112364045967,0.6336882261543506,0.05066811592946009,0.009236420291991782,0.5174465149575228,0.00011808992555519156,0.00011808992555519156,1.3892932418257828
39170,0.005048056046476741,0.0021168304720989546,0.7115396544870436,0.03204383439449981,0.009427548152935035,0.633784749777145,0.050658450981025005,0.009238063333225747,0.517538562085476,0.00011812008130737624,0.00011812008130737624,1.3896480153808968
39180,0.00504640514152221,0.002117111125941225,0.7116339919130168,0.032035390749319444,0.009428983572615696,0.6338812485792064,0.05064878779676927,0.009239706074549221,0.517630592411721,0.00011815023705956092,0.00011815023705956092,1.3900027889360107
39190,0.0050447547698560784,0.0021173916891244673,0.7117282988653671,0.032026949275560886,0.00943041862315465,0.6339777225650185,0.05063912637643155,0.009241348516006633,0.517722605938747,0.0001181803928117456,0.0001181803928117456,1.3903575624911246
39200,0.005043104931380146,0.0021176721616653757,0.7118225753497059,0.032018509972831774,0.009431853304618602,0.6340741717390656,0.05062946671975054,0.009242990657642405,0.5178146026690422,0.00011821054856393026,0.00011821054856393026,1.3907123360462383
39210,0.0050414556259962134,0.0021179525435806442,0.711916821371645,0.03201007284073974,0.009433287617074246,0.6341705961058316,0.050619808826464906,0.009244632499500964,0.517906582605096,0.00011824070431611494,0.00011824070431611494,1.3910671096013523
39220,0.005039806853606079,0.002118232834886967,0.7120110369367957,0.032001637878892444,0.009434721560588286,0.6342669956698006,0.05061015269631332,0.009246274041626732,0.5179985457493967,0.00011827086006829962,0.00011827086006829962,1.391421883156466
39230,0.005038158614111542,0.0021185130356010384,0.7121052220507692,0.03199320508689753,0.009436155135227423,0.6343633704354569,0.05060049832903447,0.00924791528406414,0.5180904921044336,0.0001183010158204843,0.0001183010158204843,1.39177665671158
39240,0.005036510907414404,0.002118793145739552,0.7121993767191771,0.031984774464362625,0.009437588341058355,0.6344597204072844,0.05059084572436701,0.009249556226857605,0.518182421672695,0.00011833117157266898,0.00011833117157266898,1.3921314302666938
39250,0.0050348637334164635,0.002119073165319202,0.7122935009476309,0.031976346010895385,0.009439021178147787,0.6345560455897672,0.05058119488204964,0.009251196870051558,0.5182743344566699,0.00011836132732485365,0.00011836132732485365,1.3924862038218075
39260,0.005033217092019519,0.0021193530943566822,0.7123875947417418,0.03196791972610344,0.009440453646562416,0.6346523459873892,0.05057154580182102,0.009252837213690423,0.5183662304588472,0.00011839148307703833,0.00011839148307703833,1.3928409773769215
39270,0.005031570983125374,0.002119632932868687,0.7124816581071216,0.031959495609594456,0.009441885746368945,0.6347486216046349,0.05056189848341984,0.009254477257818625,0.5184581096817157,0.00011842163882922301,0.00011842163882922301,1.3931957509320354
39280,0.005029925406635823,0.0021199126808719108,0.7125756910493817,0.03195107366097606,0.009443317477634073,0.634844872445988,0.050552252926584766,0.009256117002480588,0.518549972127764,0.00011845179458140768,0.00011845179458140768,1.3935505244871491
39290,0.005028280362452668,0.0021201923383830468,0.7126696935741333,0.0319426538798559,0.0094447488404245,0.6349410985159327,0.050542609131054475,0.009257756447720738,0.518641817799481,0.00011848195033359236,0.00011848195033359236,1.3939052980422628
39300,0.00502663585047771,0.00212047190541879,0.7127636656869881,0.03193423626584161,0.009446179834806927,0.6350372998189531,0.05053296709656764,0.009259395593583498,0.5187336466993557,0.00011851210608577704,0.00011851210608577704,1.3942600715973767
39310,0.005024991870612747,0.0021207513819958335,0.7128576073935574,0.03192582081854085,0.009447610460848058,0.6351334763595332,0.05052332682286295,0.009261034440113296,0.5188254588298765,0.0001185422618379617,0.0001185422618379617,1.3946148451524905
39320,0.0050233484227595795,0.002121030768130872,0.7129515186994527,0.031917407537561254,0.009449040718614589,0.6352296281421571,0.05051368830967907,0.009262672987354555,0.5189172541935325,0.00011857241759014638,0.00011857241759014638,1.3949696187076044
39330,0.005021705506820006,0.0021213100638405994,0.7130453996102855,0.031908996422510466,0.009450470608173223,0.635325755171309,0.05050405155675468,0.009264311235351702,0.5190090327928125,0.00011860257334233106,0.00011860257334233106,1.3953243922627183
39340,0.005020063122695827,0.00212158926914171,0.7131392501316671,0.03190058747299613,0.00945190012959066,0.6354218574514728,0.05049441656382844,0.009265949184149162,0.5191007946302051,0.00011863272909451574,0.00011863272909451574,1.3956791658178322
39350,0.005018421270288842,0.0021218683840508977,0.7132330702692092,0.031892180688625885,0.0094533292829336,0.6355179349871326,0.050484783330639056,0.009267586833791358,0.5191925397081993,0.00011866288484670042,0.00011866288484670042,1.396033939372946
39360,0.005016779949500849,0.002122147408584856,0.713326860028523,0.031883776069007386,0.009454758068268745,0.6356139877827728,0.05047515185692518,0.009269224184322716,0.5192842680292838,0.00011869304059888509,0.00011869304059888509,1.3963887129280599
39370,0.005015139160233651,0.00212242634276028,0.7134206194152202,0.03187537361374827,0.009456186485662797,0.635710015842877,0.0504655221424255,0.009270861235787662,0.5193759795959474,0.00011872319635106977,0.00011872319635106977,1.3967434864831736
39380,0.005013498902389047,0.0021227051865938627,0.7135143484349118,0.03186697332245618,0.009457614535182452,0.6358060191719295,0.050455894186878694,0.00927249798823062,0.519467674410679,0.00011875335210325444,0.00011875335210325444,1.3970982600382873
39390,0.005011859175868833,0.002122983940102299,0.7136080470932097,0.03185857519473875,0.009459042216894413,0.6359019977744143,0.05044626799002343,0.009274134441696015,0.5195593524759672,0.00011878350785543912,0.00011878350785543912,1.3974530335934012
39400,0.005010219980574812,0.0021232626033022826,0.7137017153957252,0.03185017923020365,0.009460469530865382,0.6359979516548155,0.05043664355159838,0.009275770596228273,0.519651013794301,0.0001188136636076238,0.0001188136636076238,1.3978078071485152
39410,0.0050085813164087835,0.0021235411762105076,0.7137953533480696,0.031841785428458495,0.009461896477162059,0.6360938808176173,0.05042702087134223,0.009277406451871818,0.519742658368169,0.00011884381935980848,0.00011884381935980848,1.398162580703629
39420,0.005006943183272545,0.002123819658843668,0.7138889609558547,0.03183339378911093,0.009463323055851142,0.6361897852673036,0.050417399948993656,0.009279042008671076,0.5198342862000602,0.00011887397511199314,0.00011887397511199314,1.3985173542587428
39430,0.0050053055810678985,0.002124098051218458,0.7139825382246916,0.03182500431176863,0.009464749266999336,0.6362856650083586,0.050407780784291326,0.009280677266670471,0.5199258972924633,0.00011890413086417782,0.00011890413086417782,1.3988721278138567
39440,0.005003668509696643,0.0021243763533515714,0.714076085160192,0.0318166169960392,0.009466175110673339,0.6363815200452664,0.05039816337697392,0.00928231222591443,0.5200174916478673,0.0001189342866163625,0.0001189342866163625,1.3992269013689704
39450,0.005002031969060578,0.0021246545652597025,0.7141696017679672,0.0318082318415303,0.00946760058693985,0.6364773503825109,0.050388547726780114,0.009283946886447379,0.5201090692687608,0.00011896444236854717,0.00011896444236854717,1.3995816749240841
39460,0.005000395959061502,0.002124932686959545,0.7142630880536286,0.03179984884784958,0.009469025695865572,0.6365731560245762,0.05037893383344859,0.009285581248313737,0.5202006301576323,0.00011899459812073185,0.00011899459812073185,1.399936448479198
39470,0.004998760479601216,0.0021252107184677937,0.7143565440227877,0.031791468014604675,0.009470450437517207,0.6366689369759465,0.05036932169671802,0.009287215311557935,0.5202921743169712,0.00011902475387291653,0.00011902475387291653,1.400291222034312
39480,0.0049971255305815195,0.0021254886598011426,0.7144499696810563,0.03178308934140323,0.009471874811961453,0.6367646932411061,0.05035971131632707,0.009288849076224395,0.5203837017492658,0.00011905490962510121,0.00011905490962510121,1.400645995589426
39490,0.004995491111904212,0.0021257665109762846,0.7145433650340451,0.031774712827852894,0.009473298819265012,0.6368604248245385,0.05035010269201443,0.009290482542357544,0.5204752124570052,0.00011908506537728589,0.00011908506537728589,1.4010007691445399
39500,0.004993857223471092,0.0021260442720099147,0.7146367300873662,0.03176633847356129,0.009474722459494581,0.636956131730728,0.05034049582351877,0.009292115710001806,0.5205667064426782,0.00011911522112947056,0.00011911522112947056,1.4013555426996536
39510,0.004992223865183961,0.002126321942918727,0.7147300648466309,0.031757966278136096,0.009476145732716866,0.637051813964159,0.050330890710578766,0.009293748579201606,0.5206581837087734,0.00011914537688165522,0.00011914537688165522,1.4017103162547673
39520,0.004990591036944618,0.0021265995237194153,0.7148233693174505,0.031749596241184924,0.009477568638998565,0.6371474715293152,0.0503212873529331,0.00929538115000137,0.5207496442577799,0.0001191755326338399,0.0001191755326338399,1.4020650898098812
39530,0.004988958738654863,0.002126877014428674,0.7149166435054366,0.03174122836231543,0.009478991178406379,0.6372431044306809,0.05031168575032044,0.009297013422445523,0.5208410880921861,0.00011920568838602458,0.00011920568838602458,1.402419863364995
39540,0.004987326970216493,0.0021271544150631965,0.7150098874162004,0.03173286264113526,0.009480413351007008,0.6373387126727399,0.05030208590247946,0.009298645396578488,0.5209325152144811,0.00011923584413820926,0.00011923584413820926,1.4027746369201088
39550,0.004985695731531311,0.0021274317256396776,0.7151031010553537,0.03172449907725205,0.009481835156867154,0.6374342962599767,0.05029248780914884,0.009300277072444693,0.5210239256271537,0.00011926599989039394,0.00011926599989039394,1.4031294104752228
39560,0.004984065022501116,0.002127708946174811,0.7151962844285079,0.03171613767027345,0.009483256596053516,0.637529855196875,0.050282891470067266,0.009301908450088561,0.5211153193326925,0.00011929615564257861,0.00011929615564257861,1.4034841840303365
39570,0.004982434843027707,0.0021279860766852906,0.7152894375412742,0.0317077784198071,0.009484677668632795,0.6376253894879189,0.0502732968849734,0.00930353952955452,0.5212066963335865,0.00011932631139476329,0.00011932631139476329,1.4038389575854504
39580,0.004980805193012882,0.0021282631171878107,0.7153825603992641,0.03169942132546064,0.009486098374671693,0.6377208991375928,0.050263704053605925,0.00930517031088699,0.5212980566323244,0.00011935646714694797,0.00011935646714694797,1.4041937311405643
39590,0.004979176072358444,0.002128540067699065,0.715475653008089,0.03169106638684173,0.00948751871423691,0.6378163841503804,0.050254112975703515,0.0093068007941304,0.521389400231395,0.00011938662289913264,0.00011938662289913264,1.404548504695678
39600,0.004977547480966189,0.002128816928235748,0.7155687153733606,0.03168271360355799,0.009488938687395145,0.637911844530766,0.050244523651004847,0.009308430979329175,0.5214807271332871,0.00011941677865131732,0.00011941677865131732,1.4049032782507918
39610,0.004975919418737921,0.0021290936988145543,0.7156617475006904,0.03167436297521708,0.0094903582942131,0.6380072802832335,0.05023493607924859,0.009310060866527737,0.5215720373404895,0.000119446934403502,0.000119446934403502,1.4052580518059057
39620,0.004974291885575436,0.0021293703794521765,0.7157547493956895,0.031666014501426636,0.009491777534757474,0.6381026914122672,0.050225350260173426,0.009311690455770514,0.521663330855491,0.00011947709015568666,0.00011947709015568666,1.4056128253610194
39630,0.004972664881380535,0.00212964697016531,0.7158477210639695,0.0316576681817943,0.009493196409094972,0.638198077922351,0.050215766193518044,0.009313319747101931,0.5217546076807804,0.00011950724590787134,0.00011950724590787134,1.4059675989161333
39640,0.004971038406055017,0.0021299234709706476,0.715940662511142,0.031649324015927724,0.00949461491729229,0.6382934398179689,0.050206183879021093,0.009314948740566412,0.5218458678188467,0.00011953740166005602,0.00011953740166005602,1.4063223724712473
39650,0.004969412459500683,0.0021301998818848847,0.7160335737428183,0.03164098200343454,0.00949603305941613,0.6383887771036052,0.05019660331642127,0.009316577436208381,0.5219371112721782,0.00011956755741224069,0.00011956755741224069,1.406677146026361
39660,0.004967787041619331,0.0021304762029247144,0.7161264547646098,0.031632642143922404,0.009497450835533192,0.6384840897837439,0.050187024505457235,0.009318205834072267,0.5220283380432643,0.00011959771316442537,0.00011959771316442537,1.4070319195814749
39670,0.004966162152312762,0.0021307524341068313,0.7162193055821281,0.03162430443699896,0.00949886824571018,0.6385793778628692,0.05017744744586768,0.009319833934202491,0.5221195481345933,0.00011962786891661005,0.00011962786891661005,1.4073866931365888
39680,0.004964537791482775,0.002131028575447929,0.7163121262009844,0.03161596888227183,0.009500285290013791,0.6386746413454649,0.05016787213739128,0.00932146173664348,0.5222107415486543,0.00011965802466879473,0.00011965802466879473,1.4077414666917025
39690,0.004962913959031169,0.002131304626964702,0.7164049166267906,0.03160763547934868,0.009501701968510726,0.6387698802360151,0.0501582985797667,0.00932308924143966,0.522301918287936,0.00011968818042097941,0.00011968818042097941,1.4080962402468165
39700,0.004961290654859745,0.002131580588673844,0.7164976768651576,0.03159930422783715,0.009503118281267688,0.6388650945390041,0.05014872677273262,0.009324716448635452,0.5223930783549273,0.00011971833617316408,0.00011971833617316408,1.4084510138019302
39710,0.004959667878870302,0.0021318564605920494,0.7165904069216973,0.031590975127344864,0.009504534228351375,0.6389602842589158,0.050139156716027714,0.009326343358275285,0.5224842217521168,0.00011974849192534876,0.00011974849192534876,1.408805787357044
39720,0.004958045630964639,0.002132132242736012,0.7166831068020207,0.031582648177479494,0.009505949809828489,0.6390554494002345,0.05012958840939067,0.009327969970403584,0.5225753484819935,0.00011977864767753342,0.00011977864767753342,1.4091605609121578
39730,0.004956423911044557,0.002132407935122426,0.7167757765117398,0.03157432337784866,0.00950736502576573,0.6391505899674439,0.05012002185256015,0.009329596285064773,0.5226664585470461,0.0001198088034297181,0.0001198088034297181,1.4095153344672717
39740,0.004954802719011854,0.0021326835377679853,0.7168684160564657,0.031566000728060026,0.009508779876229799,0.6392457059650284,0.05011045704527484,0.009331222302303276,0.5227575519497634,0.00011983895918190278,0.00011983895918190278,1.4098701080223857
39750,0.004953182054768331,0.0021329590506893844,0.7169610254418098,0.031557680227721215,0.009510194361287395,0.6393407973974718,0.0501008939872734,0.009332848022163519,0.5228486286926342,0.00011986911493408746,0.00011986911493408746,1.4102248815774994
39760,0.004951561918215787,0.0021332344739033167,0.7170536046733837,0.031549361876439884,0.009511608481005223,0.6394358642692587,0.05009133267829453,0.009334473444689928,0.5229396887781472,0.00011989927068627213,0.00011989927068627213,1.410579655132613
39770,0.004949942309256022,0.002133509807426477,0.7171461537567989,0.03154104567382367,0.009513022235449978,0.6395309065848724,0.050081773118076885,0.009336098569926926,0.5230307322087914,0.00011992942643845681,0.00011992942643845681,1.410934428687727
39780,0.004948323227790836,0.0021337850512755585,0.7172386726976666,0.03153273161948022,0.009514435624688365,0.6396259243487975,0.05007221530635915,0.009337723397918942,0.5231217589870555,0.00011995958219064149,0.00011995958219064149,1.411289202242841
39790,0.0049467046737220275,0.0021340602054672557,0.7173311615015986,0.03152441971301718,0.009515848648787082,0.6397209175655181,0.05006265924288,0.009339347928710396,0.5232127691154284,0.00011998973794282615,0.00011998973794282615,1.4116439757979546
39800,0.0049450866469513965,0.002134335270018263,0.717423620174206,0.03151610995404218,0.009517261307812832,0.639815886239518,0.05005310492737812,0.009340972162345716,0.5233037625963987,0.00012001989369501084,0.00012001989369501084,1.4119987493530686
39810,0.004943469147380744,0.0021346102449452745,0.7175160487211006,0.03150780234216288,0.009518673601832311,0.6399108303752814,0.050043552359592174,0.009342596098869328,0.5233947394324553,0.00012005004944719552,0.00012005004944719552,1.4123535229081825
39820,0.004941852174911866,0.0021348851302649833,0.7176084471478935,0.031499496876986915,0.009520085530912227,0.6400057499772924,0.05003400153926084,0.009344219738325655,0.5234856996260872,0.0001200802051993802,0.0001200802051993802,1.4127082964632962
39830,0.004940235729446567,0.002135159925994084,0.7177008154601964,0.03149119355812194,0.009521497095119274,0.6401006450500352,0.05002445246612279,0.009345843080759123,0.5235766431797828,0.00012011036095156486,0.00012011036095156486,1.4130630700184101
39840,0.004938619810886644,0.002135434632149271,0.7177931536636205,0.03148289238517557,0.009522908294520155,0.6401955155979936,0.050014905139916715,0.009347466126214156,0.5236675700960312,0.00012014051670374954,0.00012014051670374954,1.4134178435735238
39850,0.004937004419133896,0.002135709248747238,0.7178854617637773,0.03147459335775548,0.00952431912918157,0.6402903616256517,0.050005359560381275,0.00934908887473518,0.5237584803773211,0.00012017067245593421,0.00012017067245593421,1.4137726171286376
39860,0.004935389554090125,0.0021359837758046793,0.7179777397662787,0.031466296475469294,0.009525729599170222,0.6403851831374938,0.04999581572725516,0.00935071132636662,0.5238493740261413,0.00012020082820811889,0.00012020082820811889,1.4141273906837515
39870,0.004933775215657127,0.002136258213338289,0.7180699876767357,0.031458001737924665,0.009527139704552809,0.6404799801380039,0.04998627364027703,0.009352333481152903,0.5239402510449807,0.00012023098396030357,0.00012023098396030357,1.4144821642388654
39880,0.004932161403736706,0.0021365325613647607,0.7181622055007598,0.031449709144729235,0.009528549445396033,0.6405747526316661,0.049976733299185574,0.00935395533913845,0.5240311114363277,0.00012026113971248825,0.00012026113971248825,1.4148369377939793
39890,0.004930548118230658,0.0021368068199007885,0.7182543932439625,0.031441418695490636,0.009529958821766594,0.6406695006229641,0.04996719470371946,0.00935557690036769,0.5241219552026717,0.00012029129546467293,0.00012029129546467293,1.4151917113490933
39900,0.004928935359040785,0.0021370809889630672,0.7183465509119554,0.03143313038981653,0.009531367833731192,0.6407642241163826,0.049957657853617374,0.009357198164885044,0.524212782346501,0.0001203214512168576,0.0001203214512168576,1.415546484904207
39910,0.004927323126068885,0.00213735506856829,0.7184386785103496,0.03142484422731455,0.009532776481356529,0.6408589231164052,0.04994812274861798,0.009358819132734942,0.5243035928703049,0.00012035160696904227,0.00012035160696904227,1.4159012584593207
39920,0.0049257114192167595,0.0021376290587331514,0.7185307760447567,0.03141656020759234,0.009534184764709304,0.6409535976275161,0.049938589388459964,0.009360439803961805,0.5243943867765718,0.00012038176272122695,0.00012038176272122695,1.4162560320144346
39930,0.004924100238386206,0.0021379029594743456,0.7186228435207884,0.03140827833025754,0.00953559268385622,0.6410482476541997,0.04992905777288199,0.00936206017861006,0.5244851640677904,0.00012041191847341162,0.00012041191847341162,1.4166108055695483
39940,0.004922489583479026,0.002138176770808566,0.7187148809440558,0.0313999985949178,0.009537000238863976,0.6411428732009394,0.049919527901622754,0.009363680256724129,0.5245759247464499,0.0001204420742255963,0.0001204420742255963,1.4169655791246623
39950,0.004920879454397018,0.0021384504927525077,0.7188068883201706,0.03139172100118076,0.009538407429799273,0.64123747427222,0.04990999977442091,0.009365300038348442,0.5246666688150388,0.00012047222997778098,0.00012047222997778098,1.4173203526797762
39960,0.004919269851041981,0.002138724125322864,0.7188988656547441,0.03138344554865407,0.00953981425672881,0.641332050872525,0.04990047339101515,0.009366919523527422,0.5247573962760461,0.00012050238572996566,0.00012050238572996566,1.4176751262348901
39970,0.004917660773315717,0.002138997668536329,0.7189908129533877,0.031375172236945366,0.00954122071971929,0.6414266030063388,0.04989094875114414,0.009368538712305495,0.5248481071319605,0.00012053254148215033,0.00012053254148215033,1.4180298997900038
39980,0.004916052221120024,0.0021392711224095967,0.7190827302217131,0.03136690106566229,0.009542626818837413,0.6415211306781453,0.04988142585454656,0.009370157604727083,0.5249388013852708,0.00012056269723433501,0.00012056269723433501,1.4183846733451175
39990,0.004914444194356701,0.0021395444869593615,0.7191746174653315,0.03135863203441249,0.00954403255414988,0.6416156338924288,0.04987190470096108,0.009371776200836613,0.5250294790384656,0.00012059285298651967,0.00012059285298651967,1.4187394469002315
40000,0.004912836692927549,0.0021398177622023173,0.7192664746898545,0.03135036514280361,0.009545437925723389,0.6417101126536731,0.04986238529012639,0.009373394500678511,0.5251201400940343,0.00012062300873870435,0.00012062300873870435,1.4190942204553452
40010,0.004911229716734368,0.002140090948155158,0.7193583019008933,0.03134210039044329,0.009546842933624643,0.6418045669663625,0.04985286762178116,0.0093750125042972,0.525210784554465,0.00012065316449088903,0.00012065316449088903,1.419448994010459
40020,0.004909623265678956,0.0021403640448345784,0.7194500991040599,0.03133383777693917,0.009548247577920343,0.6418989968349809,0.04984335169566406,0.009376630211737107,0.5253014124222469,0.00012068332024307371,0.00012068332024307371,1.419803767565573
40030,0.0049080173396631125,0.0021406370522572713,0.7195418663049651,0.0313255773018989,0.009549651858677188,0.6419934022640125,0.04983383751151377,0.009378247623042657,0.5253920236998687,0.0001207134759952584,0.0001207134759952584,1.420158541120687
40040,0.004906411938588639,0.002140909970439932,0.7196336035092208,0.031317318964930126,0.00955105577596188,0.6420877832579415,0.04982432506906897,0.009379864738258272,0.5254826183898191,0.00012074363174744307,0.00012074363174744307,1.4205133146758007
40050,0.004904807062357335,0.0021411827993992535,0.7197253107224381,0.031309062765640494,0.009552459329841119,0.6421821398212516,0.049814814368068325,0.009381481557428382,0.5255731964945872,0.00012077378749962773,0.00012077378749962773,1.4208680882309144
40060,0.004903202710870999,0.002141455539151931,0.7198169879502289,0.03130080870363763,0.009553862520381606,0.6422764719584272,0.049805305408250525,0.009383098080597408,0.5256637580166615,0.00012080394325181241,0.00012080394325181241,1.4212228617860283
40070,0.00490159888403143,0.0021417281897146575,0.7199086351982041,0.031292556778529185,0.009555265347650041,0.6423707796739522,0.049795798189354236,0.009384714307809778,0.5257543029585311,0.00012083409900399709,0.00012083409900399709,1.421577635341142
40080,0.004899995581740429,0.0021420007511041275,0.7200002524719756,0.031284306989922815,0.009556667811713123,0.6424650629723108,0.04978629271111813,0.009386330239109914,0.5258448313226842,0.00012086425475618177,0.00012086425475618177,1.421932408896256
40090,0.004898392803899796,0.002142273223337035,0.7200918397771545,0.03127605933742615,0.009558069912637556,0.6425593218579868,0.0497767889732809,0.009387945874542244,0.5259353431116104,0.00012089441050836645,0.00012089441050836645,1.4222871824513699
40100,0.004896790550411329,0.0021425456064300746,0.7201833971193526,0.031267813820646834,0.00955947165049004,0.6426535563354648,0.049767286975581214,0.009389561214151191,0.5260258383277978,0.00012092456626055113,0.00012092456626055113,1.4226419560064838
40110,0.00489518882117683,0.0021428179003999395,0.7202749245041813,0.03125957043919252,0.009560873025337273,0.6427477664092284,0.04975778671775774,0.009391176257981183,0.5261163169737357,0.00012095472201273581,0.00012095472201273581,1.4229967295615977
40120,0.004893587616098096,0.0021430901052633244,0.7203664219372519,0.031251329192670846,0.009562274037245959,0.6428419520837618,0.049748288199549164,0.00939279100607664,0.5262067790519127,0.00012098487776492047,0.00012098487776492047,1.4233515031167114
40130,0.004891986935076928,0.002143362221036923,0.7204578894241758,0.03124309008068945,0.009563674686282796,0.6429361133635492,0.04973879142069415,0.009394405458481992,0.5262972245648174,0.00012101503351710514,0.00012101503351710514,1.4237062766718251
40140,0.004890386778015125,0.0021436342477374293,0.7205493269705644,0.031234853102855977,0.009565074972514485,0.6430302502530745,0.04972929638093139,0.009396019615241662,0.526387653514939,0.00012104518926928982,0.00012104518926928982,1.4240610502269389
40150,0.004888787144814488,0.0021439061853815375,0.7206407345820293,0.03122661825877808,0.009566474896007728,0.6431243627568219,0.049719803079999556,0.009397633476400075,0.5264780659047661,0.0001210753450214745,0.0001210753450214745,1.4244158237820528
40160,0.004887188035376816,0.0021441780339859417,0.720732112264182,0.03121838554806339,0.009567874456829226,0.6432184508792756,0.049710311517637315,0.009399247042001655,0.5265684617367874,0.00012110550077365918,0.00012110550077365918,1.4247705973371667
40170,0.004885589449603907,0.0021444497935673365,0.7208234600226341,0.031210154970319565,0.009569273655045677,0.6433125146249193,0.04970082169358334,0.00940086031209083,0.5266588410134919,0.00012113565652584386,0.00012113565652584386,1.4251253708922806
40180,0.004883991387397563,0.002144721464142415,0.7209147778629965,0.03120192652515423,0.009570672490723783,0.6434065539982375,0.04969133360757633,0.009402473286712022,0.5267492037373682,0.00012116581227802854,0.00012116581227802854,1.4254801444473946
40190,0.004882393848659582,0.0021449930457278716,0.7210060657908812,0.031193700212175046,0.009572070963930245,0.6435005690037139,0.04968184725935494,0.009404085965909659,0.5268395499109052,0.00012119596803021319,0.00012119596803021319,1.425834918002508
40200,0.004880796833291765,0.0021452645383404005,0.7210973238118993,0.031185476030989638,0.009573469074731764,0.6435945596458327,0.04967236264865785,0.009405698349728164,0.5269298795365918,0.00012122612378239787,0.00012122612378239787,1.426189691557622
40210,0.00487920034119591,0.0021455359419966956,0.7211885519316623,0.03117725398120567,0.009574866823195038,0.6436885259290781,0.04966287977522374,0.009407310438211962,0.5270201926169166,0.00012125627953458255,0.00012125627953458255,1.426544465112736
40220,0.004877604372273819,0.0021458072567134513,0.7212797501557819,0.031169034062430774,0.009576264209386771,0.6437824678579341,0.049653398638791285,0.009408922231405478,0.5271104891543685,0.00012128643528676723,0.00012128643528676723,1.4268992386678496
40230,0.00487600892642729,0.0021460784825073614,0.7213709184898693,0.03116081627427259,0.009577661233373662,0.6438763854368847,0.04964391923909916,0.00941053372935314,0.5272007691514364,0.00012131659103895191,0.00012131659103895191,1.4272540122229636
40240,0.004874414003558122,0.00214634961939512,0.721462056939536,0.03115260061633877,0.009579057895222412,0.6439702786704141,0.04963444157588604,0.00941214493209937,0.5272910326106091,0.00012134674679113659,0.00012134674679113659,1.4276087857780775
40250,0.004872819603568116,0.002146620667393421,0.7215531655103935,0.031144387088236955,0.00958045419499972,0.6440641475630063,0.04962496564889061,0.009413755839688594,0.527381279534375,0.00012137690254332127,0.00012137690254332127,1.4279635593331914
40260,0.004871225726359071,0.0021468916265189584,0.7216442442080532,0.03113617568957478,0.009581850132772289,0.6441579921191454,0.04961549145785153,0.009415366452165237,0.5274715099252234,0.00012140705829550595,0.00012140705829550595,1.4283183328883051
40270,0.004869632371832787,0.0021471624967884266,0.7217352930381266,0.031127966419959904,0.009583245708606818,0.6442518123433154,0.04960601900250748,0.009416976769573725,0.5275617237856428,0.0001214372140476906,0.0001214372140476906,1.4286731064434188
40280,0.0048680395398910635,0.0021474332782185196,0.721826312006225,0.03111975927899996,0.009584640922570008,0.6443456082400004,0.04959654828259716,0.009418586791958481,0.5276519211181221,0.00012146736979987529,0.00012146736979987529,1.4290278799985328
40290,0.0048664472304356995,0.0021477039708259317,0.7219173011179602,0.03111155426630259,0.009586035774728562,0.6444393798136848,0.049587079297859216,0.00942019651936393,0.5277421019251501,0.00012149752555205997,0.00012149752555205997,1.4293826535536465
40300,0.004864855443368496,0.002147974574627356,0.7220082603789432,0.031103351381475443,0.009587430265149176,0.644533127068852,0.04957761204803233,0.009421805951834502,0.5278322662092158,0.00012152768130424465,0.00012152768130424465,1.4297374271087604
40310,0.004863264178591252,0.0021482450896394877,0.7220991897947857,0.031095150624126162,0.009588824393898555,0.6446268500099868,0.049568146532855184,0.009423415089414616,0.5279224139728076,0.00012155783705642933,0.00012155783705642933,1.4300922006638743
40320,0.004861673436005767,0.00214851551587902,0.7221900893710992,0.031086951993862386,0.009590218161043397,0.6447205486415728,0.04955868275206646,0.0094250239321487,0.5280125452184146,0.000121587992808614,0.000121587992808614,1.4304469742189883
40330,0.004860083215513839,0.002148785853362648,0.7222809591134951,0.031078755490291758,0.009591611566650404,0.6448142229680942,0.049549220705404816,0.009426632480081179,0.5281026599485255,0.00012161814856079867,0.00012161814856079867,1.430801747774102
40340,0.00485849351701727,0.0021490561021070644,0.7223717990275846,0.03107056111302193,0.009593004610786274,0.6449078729940352,0.04953976039260894,0.009428240733256477,0.528192758165629,0.00012164830431298334,0.00012164830431298334,1.4311565213292157
40350,0.004856904340417859,0.0021493262621289644,0.7224626091189795,0.031062368861660535,0.009594397293517711,0.6450014987238797,0.04953030181341751,0.00942984869171902,0.528282839872214,0.00012167846006516802,0.00012167846006516802,1.4315112948843296
40360,0.0048553156856174055,0.0021495963334450417,0.7225533893932912,0.031054178735815226,0.009595789614911414,0.6450951001621117,0.04952084496756921,0.009431456355513233,0.5283729050707694,0.0001217086158173527,0.0001217086158173527,1.4318660684394433
40370,0.004853727552517711,0.00214986631607199,0.722644139856131,0.03104599073509364,0.009597181575034083,0.6451886773132155,0.04951138985480269,0.00943306372468354,0.5284629537637838,0.00012173877156953738,0.00012173877156953738,1.4322208419945572
40380,0.0048521399410205715,0.0021501362100265035,0.7227348605131103,0.031037804859103423,0.009598573173952421,0.6452822301816753,0.04950193647485664,0.009434670799274368,0.5285529859537461,0.00012176892732172206,0.00012176892732172206,1.4325756155496712
40390,0.0048505528510277875,0.0021504060153252763,0.7228255513698407,0.031029621107452214,0.009599964411733126,0.6453757587719748,0.04949248482746975,0.00943627757933014,0.528643001643145,0.00012179908307390673,0.00012179908307390673,1.4329303891047849
40400,0.004848966282441162,0.002150675731985003,0.7229162124319337,0.031021439479747663,0.009601355288442899,0.6454692630885981,0.04948303491238067,0.009437884064895282,0.5287330008344696,0.0001218292388260914,0.0001218292388260914,1.4332851626598988
40410,0.00484738023516249,0.002150945360022377,0.7230068437050007,0.03101325997559741,0.009602745804148442,0.6455627431360296,0.0494735867293281,0.009439490256014222,0.5288229835302085,0.00012185939457827607,0.00012185939457827607,1.4336399362150125
40420,0.004845794709093576,0.0021512148994540926,0.723097445194653,0.0310050825946091,0.009604135958916455,0.6456561989187531,0.04946414027805069,0.00944109615273138,0.5289129497328504,0.00012188955033046075,0.00012188955033046075,1.4339947097701264
40430,0.004844209704136215,0.002151484350296844,0.7231880169065021,0.030996907336390375,0.009605525752813638,0.6457496304412529,0.049454695558287146,0.009442701755091184,0.5290028994448842,0.00012191970608264543,0.00012191970608264543,1.4343494833252404
40440,0.004842625220192209,0.002151753712567325,0.7232785588461598,0.030988734200548877,0.009606915185906693,0.6458430377080129,0.04944525256977612,0.009444307063138056,0.5290928326687987,0.00012194986183483011,0.00012194986183483011,1.434704256880354
40450,0.004841041257163357,0.00215202298628223,0.7233690710192369,0.03098056318669225,0.00960830425826232,0.6459364207235172,0.0494358113122563,0.009445912076916427,0.5291827494070828,0.00012198001758701479,0.00012198001758701479,1.435059030435468
40460,0.00483945781495146,0.002152292171458252,0.7234595534313452,0.030972394294428142,0.009609692969947218,0.6460297794922498,0.049426371785466355,0.009447516796470717,0.5292726496622251,0.00012201017333919947,0.00012201017333919947,1.435413803990582
40470,0.004837874893458316,0.002152561268112087,0.7235500060880964,0.03096422752336419,0.00961108132102809,0.646123114018695,0.04941693398914497,0.009449121221845352,0.5293625334367144,0.00012204032909138414,0.00012204032909138414,1.4357685775456956
40480,0.004836292492585725,0.0021528302762604274,0.7236404289951016,0.030956062873108044,0.009612469311571635,0.6462164243073367,0.04940749792303081,0.00945072535308476,0.5294524007330398,0.00012207048484356883,0.00012207048484356883,1.4361233511008098
40490,0.004834710612235487,0.0021530991959199676,0.7237308221579721,0.03094790034326734,0.009613856941644554,0.646309710362659,0.049398063586862564,0.009452329190233361,0.5295422515536897,0.00012210064059575349,0.00012210064059575349,1.4364781246559233
40500,0.004833129252309403,0.0021533680271074024,0.72382118558232,0.030939739933449728,0.009615244211313548,0.646402972189146,0.049388630980378906,0.009453932733335585,0.5296320859011532,0.00012213079634793817,0.00012213079634793817,1.4368328982110372
40510,0.004831548412709269,0.002153636769839425,0.7239115192737562,0.03093158164326285,0.009616631120645319,0.6464962097912819,0.0493792001033185,0.009455535982435852,0.529721903777919,0.00012216095210012285,0.00012216095210012285,1.437187671766151
40520,0.004829968093336887,0.00215390542413273,0.7240018232378924,0.030923425472314345,0.009618017669706564,0.6465894231735504,0.04936977095542003,0.009457138937578593,0.5298117051864758,0.00012219110785230753,0.00012219110785230753,1.4375424453212649
40530,0.0048283882940940576,0.0021541739900040107,0.7240920974803396,0.03091527142021186,0.009619403858563986,0.6466826123404359,0.049360343536422165,0.009458741598808228,0.5299014901293125,0.00012222126360449218,0.00012222126360449218,1.4378972188763786
40540,0.004826809014882578,0.0021544424674699624,0.72418234200671,0.030907119486563037,0.009620789687284286,0.6467757772964224,0.049350917846063595,0.009460343966169186,0.5299912586089179,0.00012225141935667686,0.00012225141935667686,1.4382519924314923
40550,0.004825230255604249,0.002154710856547278,0.7242725568226145,0.03089896967097552,0.009622175155934163,0.6468689180459941,0.04934149388408299,0.00946194603970589,0.5300810106277809,0.00012228157510886154,0.00012228157510886154,1.4386067659866062
40560,0.0048236520161608724,0.0021549791572526523,0.7243627419336646,0.030890821973056953,0.00962356026458032,0.6469620345936348,0.04933207165021901,0.009463547819462764,0.5301707461883901,0.00012231173086104622,0.00012231173086104622,1.4389615395417201
40570,0.004822074296454244,0.0021552473696027793,0.724452897345472,0.03088267639241498,0.009624945013289456,0.6470551269438288,0.04932265114421036,0.009465149305484236,0.5302604652932345,0.0001223418866132309,0.0001223418866132309,1.439316313096834
40580,0.0048204970963861655,0.0021555154936143527,0.7245430230636479,0.030874532928657245,0.009626329402128271,0.6471481951010601,0.04931323236579569,0.00946675049781473,0.5303501679448028,0.00012237204236541558,0.00012237204236541558,1.439671086651948
40590,0.004818920415858437,0.0021557835293040664,0.7246331190938037,0.030866391581391386,0.009627713431163466,0.6472412390698128,0.0493038153147137,0.009468351396498669,0.5304398541455837,0.00012240219811760026,0.00012240219811760026,1.4400258602070617
40600,0.004817344254772857,0.002156051476688615,0.7247231854415512,0.030858252350225053,0.009629097100461743,0.6473342588545707,0.04929439999070304,0.009469952001580479,0.5305295238980661,0.00012243235386978494,0.00012243235386978494,1.4403806337621756
40610,0.0048157686130312245,0.0021563193357846924,0.7248132221125017,0.03085011523476589,0.009630480410089801,0.6474272544598184,0.049284986393502414,0.009471552313104587,0.5306191772047387,0.0001224625096219696,0.0001224625096219696,1.440735407317289
40620,0.004814193490535341,0.0021565871066089926,0.7249032291122665,0.030841980234621535,0.009631863360114342,0.6475202258900397,0.049275574522850474,0.009473152331115417,0.5307088140680906,0.00012249266537415427,0.00012249266537415427,1.441090180872403
40630,0.0048126188871870056,0.0021568547891782095,0.7249932064464569,0.030833847349399635,0.009633245950602064,0.6476131731497184,0.04926616437848591,0.009474752055657393,0.5307984344906103,0.00012252282112633895,0.00012252282112633895,1.441444954427517
40640,0.004811044802888017,0.0021571223835090375,0.7250831541206848,0.030825716578707828,0.009634628181619672,0.6477060962433392,0.049256755960147384,0.009476351486774942,0.5308880384747867,0.0001225529768785236,0.0001225529768785236,1.4417997279826305
40650,0.004809471237540176,0.002157389889618171,0.7251730721405616,0.030817587922153764,0.009636010053233862,0.6477989951753855,0.04924734926757359,0.009477950624512487,0.5309776260231085,0.00012258313263070828,0.00012258313263070828,1.4421545015377444
40660,0.004807898191045282,0.0021576573075223027,0.7252629605116984,0.030809461379345086,0.009637391565511338,0.647891869950342,0.04923794430050319,0.009479549468914454,0.5310671971380647,0.00012261328838289296,0.00012261328838289296,1.4425092750928583
40670,0.004806325663305133,0.002157924637238128,0.7253528192397068,0.030801336949889433,0.009638772718518799,0.6479847205726923,0.04922854105867487,0.00948114802002527,0.531156751822144,0.00012264344413507764,0.00012264344413507764,1.4428640486479722
40680,0.004804753654221531,0.00215819187878234,0.7254426483301983,0.03079321463339445,0.009640153512322946,0.6480775470469207,0.0492191395418273,0.009482746277889356,0.5312462900778351,0.00012267359988726232,0.00012267359988726232,1.4432188222030862
40690,0.004803182163696275,0.002158459032171634,0.7255324477887845,0.030785094429467783,0.00964153394699048,0.6481703493775112,0.04920973974969916,0.009484344242551141,0.5313358119076269,0.000122703755639447,0.000122703755639447,1.4435735957581999
40700,0.004801611191631164,0.002158726097422703,0.7256222176210765,0.030776976337717074,0.0096429140225881,0.6482631275689479,0.04920034168202912,0.009485941914055046,0.5314253173140082,0.00012273391139163168,0.00012273391139163168,1.4439283693133138
40710,0.0048000407379279976,0.002158993074552241,0.7257119578326859,0.030768860357749964,0.009644293739182509,0.6483558816257147,0.049190945338555864,0.009487539292445502,0.5315148062994679,0.00012276406714381636,0.00012276406714381636,1.4442831428684277
40720,0.0047984708024885765,0.0021592599635769424,0.7258016684292243,0.0307607464891741,0.009645673096840404,0.6484486115522959,0.04918155071901806,0.009489136377766928,0.5316042788664945,0.00012279422289600104,0.00012279422289600104,1.4446379164235417
40730,0.0047969013852147,0.0021595267645135017,0.7258913494163031,0.030752634731597124,0.009647052095628491,0.6485413173531758,0.049172157823154386,0.009490733170063752,0.5316937350175771,0.0001228243786481857,0.0001228243786481857,1.4449926899786552
40740,0.004795332486008165,0.0021597934773786125,0.7259810007995334,0.03074452508462668,0.009648430735613467,0.648633999032838,0.04916276665070352,0.009492329669380399,0.5317831747552044,0.00012285453440037038,0.00012285453440037038,1.445347463533769
40750,0.004793764104770776,0.0021600601021889688,0.7260706225845274,0.030736417547870407,0.009649809016862033,0.6487266565957669,0.04915337720140414,0.009493925875761294,0.5318725980818652,0.00012288469015255506,0.00012288469015255506,1.445702237088883
40760,0.004792196241404329,0.0021603266389612647,0.7261602147768956,0.030728312120935956,0.009651186939440889,0.6488192900464462,0.049143989474994924,0.00949552178925086,0.5319620050000483,0.00012291484590473974,0.00012291484590473974,1.4460570106439967
40770,0.004790628895810625,0.0021605930877121944,0.7262497773822502,0.030720208803430966,0.009652564503416738,0.6489118993893604,0.04913460347121454,0.009497117409893526,0.5320513955122423,0.00012294500165692442,0.00012294500165692442,1.4464117841991107
40780,0.0047890620678914635,0.002160859448458452,0.7263393104062024,0.03071210759496308,0.009653941708856278,0.6490044846289934,0.049125219189801665,0.009498712737733716,0.5321407696209365,0.00012297515740910907,0.00012297515740910907,1.4467665577542244
40790,0.004787495757548644,0.002161125721216731,0.7264288138543633,0.03070400849513994,0.009655318555826211,0.6490970457698292,0.04911583663049498,0.00950030777281585,0.5322301273286191,0.00012300531316129375,0.00012300531316129375,1.447121331309338
40800,0.004785929964683966,0.0021613919060037264,0.726518287732345,0.0306959115035692,0.009656695044393239,0.6491895828163521,0.04910645579303315,0.009501902515184362,0.5323194686377793,0.00012303546891347843,0.00012303546891347843,1.447476104864452
40810,0.004784364689199228,0.002161658002836132,0.7266077320457586,0.03068781661985849,0.009658071174624059,0.6492820957730459,0.04909707667715487,0.00950349696488367,0.5324087935509059,0.0001230656246656631,0.0001230656246656631,1.447830878419566
40820,0.004782799930996233,0.0021619240117306407,0.7266971468002154,0.030679723843615458,0.009659446946585375,0.6493745846443949,0.049087699282598804,0.0095050911219582,0.5324981020704874,0.0001230957804178478,0.0001230957804178478,1.4481856519746799
40830,0.004781235689976779,0.002162189932703948,0.726786532001327,0.03067163317444775,0.009660822360343884,0.6494670494348829,0.049078323609103636,0.00950668498645238,0.5325873941990128,0.00012312593617003247,0.00012312593617003247,1.4485404255297936
40840,0.0047796719660426635,0.002162455765772748,0.7268758876547052,0.030663544611963005,0.009662197415966292,0.6495594901489943,0.049068949656408026,0.009508278558410632,0.532676669938971,0.00012315609192221715,0.00012315609192221715,1.4488951990849075
40850,0.004778108759095689,0.0021627215109537336,0.7269652137659608,0.030655458155768874,0.009663572113519293,0.6496519067912129,0.04905957742425067,0.009509871837877383,0.5327659292928506,0.00012318624767440183,0.00012318624767440183,1.4492499726400214
40860,0.004776546069037654,0.0021629871682635996,0.7270545103407057,0.030647373805472992,0.009664946453069593,0.649744299366023,0.04905020691237022,0.00951146482489706,0.5328551722631406,0.0001232164034265865,0.0001232164034265865,1.4496047461951354
40870,0.004774983895770357,0.00216325273771904,0.7271437773845512,0.030639291560683003,0.009666320434683892,0.6498366678779086,0.04904083812050537,0.009513057519514083,0.5329443988523296,0.00012324655917877116,0.00012324655917877116,1.4499595197502488
40880,0.0047734222391956,0.0021635182193367485,0.7272330149031088,0.030631211421006554,0.009667694058428888,0.6499290123313537,0.0490314710483948,0.00951464992177288,0.5330336090629065,0.00012327671493095584,0.00012327671493095584,1.4503142933053628
40890,0.004771861099215182,0.0021637836131334198,0.7273222229019897,0.030623133386051295,0.009669067324371283,0.6500213327308425,0.049022105695777175,0.009516242031717878,0.53312280289736,0.00012330687068314052,0.00012330687068314052,1.4506690668604767
40900,0.004770300475730901,0.0021640489191257477,0.7274114013868058,0.03061505745542486,0.009670440232577777,0.6501136290808589,0.049012742062391174,0.009517833849393498,0.5332119803581792,0.0001233370264353252,0.0001233370264353252,1.4510238404155906
40910,0.004768740368644556,0.0021643141373304258,0.7275005503631683,0.030606983628734888,0.009671812783115071,0.650205901385887,0.049003380147975464,0.009519425374844168,0.5333011414478525,0.00012336718218750988,0.00012336718218750988,1.4513786139707043
40920,0.004767180777857951,0.0021645792677641488,0.7275896698366886,0.03059891190558903,0.009673184976049867,0.6502981496504111,0.048994019952268736,0.009521016608114313,0.5333902861688691,0.00012339733793969456,0.00012339733793969456,1.4517333875258183
40930,0.004765621703272883,0.0021648443104436105,0.7276787598129782,0.030590842285594933,0.009674556811448864,0.6503903738789152,0.04898466147500967,0.009522607549248354,0.5334794145237173,0.00012342749369187922,0.00012342749369187922,1.4520881610809317
40940,0.00476406314479115,0.002165109265385505,0.7277678202976486,0.030582774768360237,0.009675928289378763,0.6504825740758831,0.04897530471593692,0.009524198198290722,0.5335685265148864,0.0001234576494440639,0.0001234576494440639,1.4524429346360457
40950,0.004762505102314555,0.0021653741326065263,0.7278568512963113,0.03057470935349258,0.009677299409906264,0.6505747502457991,0.04896594967478918,0.009525788555285837,0.5336576221448648,0.00012348780519624858,0.00012348780519624858,1.4527977081911596
40960,0.004760947575744895,0.0021656389121233683,0.7279458528145776,0.03056664604059961,0.00967867017309807,0.6506669023931474,0.048956596351305115,0.009527378620278127,0.5337467014161416,0.00012351796094843326,0.00012351796094843326,1.4531524817462735
40970,0.004759390564983971,0.0021659036039527258,0.7280348248580589,0.03055858482928897,0.009680040579020877,0.6507590305224118,0.04894724474522341,0.009528968393312017,0.5338357643312055,0.00012354811670061794,0.00012354811670061794,1.4535072553013875
40980,0.0047578340699335805,0.0021661682081112917,0.7281237674323668,0.030550525719168303,0.00968141062774139,0.6508511346380765,0.048937894856282735,0.009530557874431932,0.5339248108925452,0.00012357827245280262,0.00012357827245280262,1.4538620288565012
40990,0.004756278090495527,0.002166432724615761,0.7282126805431128,0.030542468709845255,0.009682780319326309,0.6509432147446257,0.048928546684221766,0.009532147063682297,0.5340138411026497,0.0001236084282049873,0.0001236084282049873,1.454216802411615
41000,0.004754722626571608,0.0021666971534828276,0.7283015641959083,0.030534413800927467,0.009684149653842332,0.6510352708465432,0.048919200228779186,0.009533735961107535,0.5341028549640076,0.00012363858395717198,0.00012363858395717198,1.454571575966729
41010,0.004753167678063622,0.002166961494729185,0.7283904183963645,0.030526360992022585,0.009685518631356162,0.6511273029483133,0.04890985548969367,0.009535324566752074,0.5341918524791077,0.00012366873970935663,0.00012366873970935663,1.4549263495218425
41020,0.00475161324487337,0.0021672257483715276,0.7284792431500933,0.030518310282738246,0.009686887251934501,0.6512193110544202,0.048900512466703884,0.009536912880660338,0.5342808336504391,0.0001236988954615413,0.0001236988954615413,1.4552811230769565
41030,0.004750059326902652,0.00216748991442655,0.7285680384627059,0.0305102616726821,0.009688255515644046,0.6513112951693475,0.04889117115954851,0.009538500902876751,0.5343697984804903,0.000123729051213726,0.000123729051213726,1.4556358966320704
41040,0.004748505924053266,0.0021677539929109454,0.7286568043398136,0.030502215161461784,0.009689623422551499,0.6514032552975797,0.04888183156796623,0.009540088633445739,0.53445874697175,0.00012375920696591067,0.00012375920696591067,1.4559906701871843
41050,0.004746953036227013,0.0021680179838414085,0.728745540787028,0.03049417074868495,0.009690990972723561,0.6514951914436007,0.048872493691695704,0.009541676072411728,0.5345476791267074,0.00012378936271809535,0.00012378936271809535,1.456345443742298
41060,0.004745400663325693,0.0021682818872346328,0.7288342478099605,0.030486128433959238,0.009692358166226931,0.6515871036118944,0.048863157530475626,0.00954326321981914,0.534636594947851,0.00012381951847028,0.00012381951847028,1.4567002172974117
41070,0.004743848805251105,0.002168545703107313,0.7289229254142228,0.03047808821689229,0.009693725003128314,0.6516789918069454,0.048853823084044665,0.009544850075712404,0.5347254944376697,0.00012384967422246468,0.00012384967422246468,1.4570549908525257
41080,0.004742297461905048,0.0021688094314761424,0.729011573605426,0.030470050097091746,0.009695091483494405,0.6517708560332373,0.048844490352141494,0.009546436640135943,0.5348143775986522,0.00012387982997464936,0.00012387982997464936,1.4574097644076394
41090,0.004740746633189322,0.002169073072357816,0.7291001923891819,0.030462014074165253,0.00969645760739191,0.6518626962952544,0.04883515933450479,0.009548022913134183,0.5349032444332875,0.00012390998572683404,0.00012390998572683404,1.4577645379627533
41100,0.004739196319005727,0.002169336625769027,0.7291887817711015,0.030453980147720456,0.009697823374887525,0.6519545125974805,0.048825830030873235,0.009549608894751548,0.5349920949440644,0.00012394014147901872,0.00012394014147901872,1.4581193115178672
41110,0.004737646519256063,0.00216960009172647,0.7292773417567966,0.030445948317364996,0.009699188786047953,0.6520463049444001,0.048816502440985496,0.009551194585032462,0.5350809291334713,0.0001239702972312034,0.0001239702972312034,1.4584740850729812
41120,0.004736097233842129,0.0021698634702468386,0.7293658723518784,0.030437918582706523,0.009700553840939893,0.6521380733404969,0.04880717656458026,0.009552779984021355,0.5351697470039974,0.00012400045298338808,0.00012400045298338808,1.458828858628095
41130,0.004734548462665724,0.0021701267613468272,0.7294543735619586,0.030429890943352668,0.00970191853963005,0.6522298177902554,0.04879785240139619,0.009554365091762645,0.5352585485581314,0.00012403060873557276,0.00012403060873557276,1.4591836321832088
41140,0.004733000205628649,0.00217038996504313,0.7295428453926487,0.030421865398911084,0.009703282882185117,0.6523215382981591,0.04878852995117197,0.009555949908300762,0.535347333798362,0.00012406076448775744,0.00012406076448775744,1.4595384057383227
41150,0.0047314524626327036,0.002170653081352441,0.72963128784956,0.030413841948989412,0.009704646868671802,0.6524132348686925,0.04877920921364627,0.009557534433680131,0.5354361027271782,0.0001240909202399421,0.0001240909202399421,1.4598931792934362
41160,0.004729905233579686,0.002170916110291454,0.7297197009383039,0.03040582059319529,0.009706010499156802,0.6525049075063396,0.04876989018855778,0.009559118667945175,0.5355248553470686,0.00012412107599212678,0.00012412107599212678,1.4602479528485501
41170,0.004728358518371398,0.0021711790518768627,0.7298080846644917,0.030397801331136377,0.00970737377370682,0.6525965562155843,0.04876057287564516,0.00956070261114032,0.5356135916605221,0.00012415123174431146,0.00012415123174431146,1.460602726403664
41180,0.004726812316909638,0.0021714419061253623,0.7298964390337351,0.0303897841624203,0.009708736692388552,0.652688181000911,0.048751257274647096,0.009562286263309992,0.5357023116700276,0.00012418138749649614,0.00012418138749649614,1.460957499958778
41190,0.0047252666290962045,0.002171704673053646,0.7299847640516456,0.030381769086654707,0.009710099255268702,0.6527797818668034,0.04874194338530226,0.009563869624498613,0.5357910153780736,0.00012421154324868082,0.00012421154324868082,1.461312273513892
41200,0.004723721454832899,0.0021719673526784077,0.7300730597238344,0.030373756103447246,0.009711461462413971,0.6528713588177458,0.04873263120734933,0.009565452694750612,0.5358797027871491,0.00012424169900086547,0.00012424169900086547,1.4616670470690054
41210,0.00472217679402152,0.002172229945016342,0.7301613260559132,0.030365745212405558,0.009712823313891058,0.6529629118582223,0.04872332074052698,0.009567035474110412,0.5359683738997431,0.00012427185475305015,0.00012427185475305015,1.4620218206241193
41220,0.004720632646563868,0.002172492450084143,0.7302495630534933,0.03035773641313728,0.009714184809766664,0.6530544409927168,0.04871401198457388,0.009568617962622438,0.5360570287183438,0.00012430201050523483,0.00012430201050523483,1.4623765941792333
41230,0.004719089012361741,0.0021727548678985046,0.7303377707221863,0.030349729705250066,0.009715545950107492,0.6531459462257136,0.048704704939228724,0.009570200160331114,0.5361456672454405,0.0001243321662574195,0.0001243321662574195,1.462731367734347
41240,0.004717545891316941,0.0021730171984761203,0.7304259490676034,0.030341725088351548,0.009716906734980239,0.6532374275616967,0.048695399604230166,0.00957178206728087,0.5362342894835221,0.0001243623220096042,0.0001243623220096042,1.463086141289461
41250,0.004716003283331266,0.0021732794418336853,0.7305140980953563,0.030333722562049383,0.009718267164451608,0.65332888500515,0.048686095979316904,0.009573363683516124,0.5363228954350769,0.00012439247776178887,0.00012439247776178887,1.4634409148445748
41260,0.004714461188306518,0.002173541597987893,0.7306022178110564,0.030325722125951207,0.009719627238588298,0.6534203185605577,0.04867679406422759,0.009574945009081307,0.5364114851025942,0.00012442263351397355,0.00012442263351397355,1.4637956883996888
41270,0.004712919606144492,0.002173803666955437,0.7306903082203149,0.03031772377966466,0.00972098695745701,0.653511728232404,0.04866749385870092,0.009576526044020841,0.5365000584885625,0.00012445278926615823,0.00012445278926615823,1.4641504619548025
41280,0.004711378536746992,0.002174065648753012,0.7307783693287435,0.03030972752279739,0.009722346321124446,0.6536031140251728,0.048658195362475565,0.009578106788379151,0.5365886155954707,0.0001244829450183429,0.0001244829450183429,1.4645052355099164
41290,0.004709837980015816,0.002174327543397312,0.7308664011419537,0.03030173335495704,0.009723705329657306,0.6536944759433483,0.0486488985752902,0.009579687242200664,0.5366771564258075,0.00012451310077052756,0.00012451310077052756,1.46486000906503
41300,0.004708297935852762,0.002174589350905031,0.7309544036655565,0.030293741275751254,0.00972506398312229,0.6537858139914143,0.048639603496883496,0.009581267405529802,0.5367656809820618,0.00012454325652271224,0.00012454325652271224,1.4652147826201438
41310,0.004706758404159633,0.002174851071292863,0.731042376905164,0.030285751284787676,0.009726422281586097,0.6538771281738551,0.04863031012699413,0.009582847278410994,0.5368541892667223,0.00012457341227489692,0.00012457341227489692,1.4655695561752577
41320,0.0047052193848382265,0.002175112704577502,0.7311303208663872,0.03027776338167394,0.009727780225115432,0.653968418495155,0.048621018465360794,0.009584426860888664,0.5369426812822782,0.0001246035680270816,0.0001246035680270816,1.4659243297303717
41330,0.004703680877790342,0.0021753742507756423,0.7312182355548377,0.03026977756601771,0.009729137813776993,0.6540596849597977,0.04861172851172214,0.009586006153007235,0.5370311570312176,0.00012463372377926628,0.00012463372377926628,1.4662791032854856
41340,0.00470214288291778,0.002175635709903978,0.7313061209761269,0.03026179383742661,0.00973049504763748,0.6541509275722674,0.04860244026581685,0.009587585154811132,0.5371196165160298,0.00012466387953145093,0.00012466387953145093,1.466633876840599
41350,0.004700605400122342,0.0021758970819792025,0.7313939771358663,0.030253812195508288,0.009731851926763593,0.6542421463370481,0.04859315372738361,0.009589163866344782,0.5372080597392035,0.00012469403528363561,0.00012469403528363561,1.466988650395713
41360,0.0046990684293058225,0.0021761583670180107,0.7314818040396674,0.030245832639870393,0.009733208451222036,0.6543333412586242,0.0485838688961611,0.009590742287652611,0.5372964867032276,0.0001247241910358203,0.0001247241910358203,1.467343423950827
41370,0.004697531970370025,0.0021764195650370963,0.7315696016931416,0.03023785517012056,0.009734564621079507,0.6544245123414794,0.048574585771887974,0.009592320418779042,0.5373848974105906,0.00012475434678800497,0.00012475434678800497,1.4676981975059409
41380,0.004695996023216749,0.0021766806760531534,0.7316573701019002,0.030229879785866443,0.009735920436402708,0.6545156595900979,0.04856530435430293,0.009593898259768498,0.5374732918637815,0.00012478450254018965,0.00012478450254018965,1.4680529710610546
41390,0.004694460587747793,0.0021769417000828757,0.7317451092715548,0.030221906486715678,0.009737275897258337,0.6546067830089638,0.04855602464314463,0.009595475810665409,0.5375616700652891,0.00012481465829237433,0.00012481465829237433,1.4684077446161685
41400,0.004692925663864957,0.002177202637142958,0.7318328192077168,0.03021393527227591,0.009738631003713097,0.6546978826025611,0.048546746638151755,0.009597053071514199,0.5376500320176022,0.00012484481404455901,0.00012484481404455901,1.4687625181712824
41410,0.0046913912514700415,0.0021774634872500937,0.7319204999159978,0.030205966142154782,0.009739985755833689,0.654788958375374,0.04853747033906299,0.00959863004235929,0.5377383777232095,0.0001248749697967437,0.0001248749697967437,1.4691172917263964
41420,0.004689857350464845,0.002177724250420977,0.732008151402009,0.03019799909595994,0.009741340153686813,0.6548800103318865,0.048528195745616995,0.009600206723245108,0.5378267071845999,0.00012490512554892837,0.00012490512554892837,1.46947206528151
41430,0.004688323960751167,0.0021779849266723023,0.732095773671362,0.030190034133299022,0.009742694197339169,0.6549710384765827,0.04851892285755245,0.00960178311421608,0.5379150204042622,0.00012493528130111303,0.00012493528130111303,1.4698268388366238
41440,0.004686791082230807,0.0021782455160207635,0.7321833667296683,0.03018207125377968,0.009744047886857456,0.6550620428139465,0.04850965167460804,0.00960335921531663,0.5380033173846852,0.0001249654370532977,0.0001249654370532977,1.4701816123917377
41450,0.004685258714805567,0.0021785060184830543,0.7322709305825392,0.030174110457009545,0.009745401222308379,0.6551530233484624,0.04850038219652243,0.009604935026591183,0.5380915981283575,0.0001249955928054824,0.0001249955928054824,1.4705363859468514
41460,0.0046837268583772435,0.0021787664340758694,0.7323584652355862,0.03016615174259628,0.009746754203758635,0.6552439800846139,0.04849111442303431,0.009606510548084165,0.5381798626377684,0.00012502574855766707,0.00012502574855766707,1.4708911595019654
41470,0.004682195512847638,0.002179026762815902,0.7324459706944207,0.030158195110147504,0.009748106831274927,0.6553349130268857,0.04848184835388234,0.009608085779839999,0.5382681109154062,0.00012505590430985175,0.00012505590430985175,1.4712459330570793
41480,0.004680664678118549,0.002179287004719847,0.7325334469646544,0.030150240559270878,0.009749459104923953,0.6554258221797614,0.048472583988805204,0.009609660721903113,0.5383563429637598,0.0001250860600620364,0.0001250860600620364,1.4716007066121928
41490,0.004679134354091778,0.0021795471598043984,0.7326208940518986,0.03014228808957404,0.009750811024772415,0.6555167075477253,0.04846332132754158,0.009611235374317928,0.538444558785318,0.00012511621581422108,0.00012511621581422108,1.4719554801673067
41500,0.004677604540669124,0.0021798072280862497,0.7327083119617646,0.03013433770066463,0.009752162590887015,0.6556075691352614,0.048454060369830146,0.009612809737128874,0.53853275838257,0.00012514637156640576,0.00012514637156640576,1.4723102537224206
41510,0.004676075237752384,0.002180067209582095,0.7327957006998638,0.0301263893921503,0.009753513803334451,0.6556984069468538,0.048444801115409566,0.009614383810380371,0.5386209417580039,0.00012517652731859044,0.00012517652731859044,1.4726650272775346
41520,0.004674546445243361,0.002180327104308629,0.732883060271808,0.030118443163638688,0.009754864662181426,0.6557892209869866,0.048435543564018524,0.009615957594116847,0.5387091089141091,0.00012520668307077512,0.00012520668307077512,1.4730198008326483
41530,0.004673018163043854,0.0021805869122825455,0.7329703906832085,0.030110499014737432,0.009756215167494638,0.6558800112601437,0.0484262877153957,0.009617531088382729,0.5387972598533741,0.0001252368388229598,0.0001252368388229598,1.4733745743877622
41540,0.0046714903910556604,0.0021808466335205383,0.7330576919396766,0.030102556945054183,0.009757565319340791,0.6559707777708094,0.04841703356927976,0.00961910429322244,0.5388853945782879,0.00012526699457514448,0.00012526699457514448,1.4737293479428761
41550,0.004669963129180583,0.0021811062680393016,0.7331449640468239,0.030094616954196587,0.009758915117786583,0.6560615205234676,0.04840778112540939,0.009620677208680402,0.538973513091339,0.00012529715032732916,0.00012529715032732916,1.47408412149799
41560,0.0046684363773204195,0.002181365815855529,0.7332322070102618,0.030086679041772278,0.009760264562898715,0.6561522395226026,0.04839853038352326,0.009622249834801044,0.5390616153950165,0.00012532730607951384,0.00012532730607951384,1.474438895053104
41570,0.00466691013537697,0.002181625276985916,0.733319420835602,0.03007874320738891,0.009761613654743888,0.6562429347726982,0.04838928134336004,0.00962382217162879,0.539149701491809,0.0001253574618316985,0.0001253574618316985,1.4747936686082175
41580,0.004665384403252032,0.002181884651447155,0.7334066055284555,0.030070809450654115,0.009762962393388802,0.6563336062782388,0.04838003400465842,0.009625394219208066,0.5392377713842054,0.00012538761758388317,0.00012538761758388317,1.4751484421633314
41590,0.004663859180847409,0.002182143939255941,0.7334937610944338,0.030062877771175545,0.00976431077890016,0.6564242540437081,0.048370788367157073,0.009626965977583295,0.5393258250746944,0.00012541777333606785,0.00012541777333606785,1.4755032157184453
41600,0.0046623344680649,0.002182403140428968,0.7335808875391489,0.030054948168560844,0.009765658811344658,0.6565148780735903,0.04836154443059466,0.009628537446798905,0.539413862565765,0.00012544792908825253,0.00012544792908825253,1.475857989273559
41610,0.0046608102648063015,0.002182662254982929,0.7336679848682114,0.030047020642417648,0.009767006490789001,0.6566054783723698,0.04835230219470989,0.009630108626899316,0.5395018838599056,0.0001254780848404372,0.0001254780848404372,1.4762127628286728
41620,0.0046592865709734164,0.00218292128293452,0.7337550530872337,0.030039095192353607,0.00976835381729989,0.6566960549445303,0.048343061659241404,0.009631679517928959,0.5395898889596055,0.00012550824059262187,0.00012550824059262187,1.4765675363837865
41630,0.004657763386468043,0.002183180224300433,0.7338420922018262,0.030031171817976356,0.009769700790944021,0.656786607794556,0.04833382282392789,0.009633250119932256,0.5396778778673533,0.00012553839634480655,0.00012553839634480655,1.4769223099389004
41640,0.004656240711191981,0.0021834390790973638,0.7339291022176013,0.03002325051889355,0.009771047411788098,0.6568771369269308,0.048324585688508025,0.009634820432953632,0.5397658505856376,0.00012556855209699123,0.00012556855209699123,1.4772770834940143
41650,0.00465471854504703,0.0021836978473420057,0.7340160831401699,0.030015331294712823,0.009772393679898822,0.6569676423461392,0.04831535025272049,0.009636390457037514,0.5398538071169475,0.0001255987078491759,0.0001255987078491759,1.4776318570491283
41660,0.0046531968879349895,0.0021839565290510525,0.7341030349751435,0.03000741414504183,0.009773739595342891,0.6570581240566649,0.048306116516303954,0.009637960192228325,0.5399417474637717,0.0001256288636013606,0.0001256288636013606,1.4779866306042422
41670,0.004651675739757659,0.0021842151242411987,0.7341899577281339,0.0299994990694882,0.009775085158187008,0.657148582062992,0.048296884478997104,0.00963952963857049,0.5400296716285989,0.00012565901935354527,0.00012565901935354527,1.4783414041593559
41680,0.0046501551004168385,0.002184473632929138,0.7342768514047522,0.029991586067659587,0.009776430368497874,0.6572390163696049,0.0482876541405386,0.009641098796108437,0.540117579613918,0.00012568917510572995,0.00012568917510572995,1.4786961777144698
41690,0.004648634969814328,0.0021847320551315647,0.73436371601061,0.02998367513916362,0.009777775226342187,0.6573294269809873,0.048278425500667126,0.009642667664886586,0.5402054714222176,0.00012571933085791463,0.00012571933085791463,1.4790509512695837
41700,0.004647115347851926,0.002184990390865173,0.7344505515513186,0.029975766283607964,0.009779119731786648,0.6574198139016233,0.04826919855912136,0.009644236244949367,0.540293347055987,0.0001257494866100993,0.0001257494866100993,1.4794057248246977
41710,0.0046455962344314344,0.002185248640146657,0.7345373580324897,0.029967859500600248,0.00978046388489796,0.6575101771359972,0.04825997331563997,0.009645804536341201,0.5403812065177144,0.00012577964236228396,0.00012577964236228396,1.4797604983798112
41720,0.004644077629454651,0.00218550680299271,0.7346241354597344,0.02995995478974812,0.009781807685742822,0.657600516688593,0.048250749769961646,0.009647372539106518,0.540469049809889,0.00012580979811446864,0.00012580979811446864,1.480115271934925
41730,0.004642559532823375,0.002185764879420027,0.7347108838386646,0.02995205215065922,0.009783151134387935,0.6576908325638947,0.04824152792182505,0.009648940253289738,0.5405568769349993,0.00012583995386665332,0.00012583995386665332,1.480470045490039
41740,0.004641041944439407,0.0021860228694453015,0.7347976031748912,0.029944151582941197,0.009784494230899998,0.6577811247663864,0.04823230777096887,0.009650507678935289,0.5406446878955344,0.00012587010961883797,0.00012587010961883797,1.4808248190451525
41750,0.004639524864204547,0.002186280773085228,0.7348842934740261,0.029936253086201688,0.009785836975345717,0.6578713933005523,0.048223089317131776,0.009652074816087597,0.540732482693983,0.00012590026537102265,0.00012590026537102265,1.4811795926002664
41760,0.0046380082920205925,0.0021865385903565,0.7349709547416805,0.02992835666004834,0.009787179367791785,0.6579616381708762,0.04821387256005244,0.009653641664791083,0.5408202613328338,0.00012593042112320733,0.00012593042112320733,1.4815343661553804
41770,0.004636492227789346,0.002186796321275812,0.735057586983466,0.029920462304088798,0.009788521408304907,0.6580518593818424,0.04820465749946954,0.009655208225090176,0.5409080238145757,0.000125960576875392,0.000125960576875392,1.481889139710494
41780,0.004634976671412607,0.0021870539658598574,0.735144190204994,0.029912570017930698,0.009789863096951783,0.6581420569379348,0.04819544413512176,0.0096567744970293,0.5409957701416975,0.0001259907326275767,0.0001259907326275767,1.482243913265608
41790,0.004633461622792172,0.002187311524125331,0.735230764411876,0.029904679801181694,0.009791204433799114,0.6582322308436378,0.04818623246674776,0.009658340480652878,0.541083500316688,0.00012602088837976137,0.00012602088837976137,1.482598686820722
41800,0.004631947081829844,0.002187568996088927,0.7353173096097234,0.029896791653449422,0.009792545418913601,0.6583223811034353,0.04817702249408624,0.009659906176005338,0.5411712143420357,0.00012605104413194605,0.00012605104413194605,1.4829534603758359
41810,0.00463043304842742,0.002187826381767339,0.7354038258041474,0.029888905574341526,0.009793886052361943,0.6584125077218113,0.048167814216875854,0.009661471583131102,0.5412589122202298,0.00012608119988413073,0.00012608119988413073,1.4833082339309498
41820,0.004628919522486702,0.0021880836811772613,0.7354903130007601,0.029881021563465653,0.009795226334210842,0.6585026107032498,0.048158607634855286,0.0096630367020746,0.5413465939537592,0.0001261113556363154,0.0001261113556363154,1.4836630074860635
41830,0.004627406503909488,0.0021883408943353874,0.7355767712051722,0.029873139620429444,0.009796566264526997,0.658592690052235,0.04814940274776321,0.00966460153288025,0.541434259545112,0.0001261415113885001,0.0001261415113885001,1.4840177810411774
41840,0.0046258939925975795,0.002188598021258412,0.7356632004229956,0.02986525974484054,0.00979790584337711,0.658682745773251,0.04814019955533831,0.009666166075592484,0.5415219089967778,0.00012617166714068475,0.00012617166714068475,1.484372554596291
41850,0.004624381988452773,0.0021888550619630293,0.7357496006598417,0.029857381936306597,0.009799245070827882,0.6587727778707818,0.048130998057319255,0.009667730330255723,0.541609542311245,0.00012620182289286943,0.00012620182289286943,1.4847273281514048
41860,0.004622870491376871,0.0021891120164659324,0.7358359719213218,0.029849506194435244,0.009800583946946013,0.6588627863493117,0.04812179825344472,0.009669294296914394,0.5416971594910024,0.0001262319786450541,0.0001262319786450541,1.4850821017065188
41870,0.004621359501271672,0.0021893688847838162,0.7359223142130474,0.029841632518834125,0.009801922471798202,0.6589527712133244,0.048112600143453386,0.009670857975612922,0.541784760538539,0.00012626213439723879,0.00012626213439723879,1.4854368752616327
41880,0.004619849018038975,0.0021896256669333746,0.7360086275406301,0.029833760909110888,0.009803260645451152,0.6590427324673043,0.048103403727083924,0.00967242136639573,0.5418723454563434,0.00012629229014942344,0.00012629229014942344,1.4857916488167462
41890,0.004618339041580582,0.0021898823629313015,0.7360949119096811,0.029825891364873177,0.009804598467971562,0.6591326701157352,0.04809420900407501,0.009673984469307246,0.5419599142469046,0.00012632244590160812,0.00012632244590160812,1.4861464223718601
41900,0.00461682957179829,0.002190138972794291,0.7361811673258121,0.029818023885728635,0.009805935939426134,0.6592225841631014,0.04808501597416533,0.009675547284391892,0.5420474669127111,0.0001263526016537928,0.0001263526016537928,1.486501195926974
41910,0.0046153206085939,0.0021903954965390377,0.7362673937946345,0.029810158471284903,0.009807273059881568,0.6593124746138869,0.04807582463709355,0.009677109811694095,0.5421350034562519,0.00012638275740597748,0.00012638275740597748,1.486855969482088
41920,0.004613812151869212,0.0021906519341822347,0.7363535913217596,0.02980229512114963,0.009808609829404565,0.6594023414725758,0.04806663499259834,0.00967867205125828,0.5422225238800157,0.00012641291315816216,0.00012641291315816216,1.4872107430372017
41930,0.004612304201526023,0.0021909082857405767,0.7364397599127989,0.029794433834930453,0.009809946248061826,0.6594921847436521,0.048057447040418394,0.009680234003128872,0.5423100281864914,0.00012644306891034684,0.00012644306891034684,1.4875655165923156
41940,0.004610796757466137,0.0021911645512307574,0.7365258995733637,0.029786574612235016,0.00981128231592005,0.6595820044315999,0.048048260780292375,0.009681795667350295,0.5423975163781678,0.00012647322466253152,0.00012647322466253152,1.4879202901474295
41950,0.0046092898195913504,0.002191420730669471,0.7366120103090659,0.029778717452670973,0.009812618033045936,0.6596718005409031,0.048039076211958964,0.009683357043966974,0.5424849884575336,0.0001265033804147162,0.0001265033804147162,1.4882750637025435
41960,0.004607783387803463,0.002191676824073412,0.7366980921255165,0.029770862355845952,0.00981395339950619,0.6597615730760463,0.04802989333515683,0.009684918133023336,0.5425724444270776,0.00012653353616690088,0.00012653353616690088,1.4886298372576572
41970,0.004606277462004275,0.002191932831459274,0.7367841450283272,0.0297630093213676,0.00981528841536751,0.6598513220415132,0.04802071214962466,0.009686478934563805,0.5426598842892888,0.00012656369191908553,0.00012656369191908553,1.488984610812771
41980,0.0046047720420955875,0.0021921887528437507,0.7368701690231094,0.02975515834884357,0.009816623080696595,0.6599410474417878,0.04801153265510112,0.009688039448632807,0.5427473080466558,0.0001265938476712702,0.0001265938476712702,1.4893393843678848
41990,0.004603267127979198,0.002192444588243537,0.7369561641154746,0.029747309437881498,0.009817957395560148,0.6600307492813544,0.0480023548513249,0.009689599675274765,0.5428347157016675,0.0001266240034234549,0.0001266240034234549,1.4896941579229985
42000,0.004601762719556906,0.0021927003376753266,0.7370421303110342,0.02973946258808903,0.009819291360024868,0.660120427564697,0.04799317873803465,0.009691159614534105,0.5429221072568126,0.00012665415917563957,0.00012665415917563957,1.4900489314781125
42010,0.0046002588167305125,0.0021929560011558135,0.7371280676153995,0.029731617799073802,0.009820624974157456,0.6602100822962994,0.047984004314969075,0.009692719266455254,0.5430094827145802,0.00012668431492782425,0.00012668431492782425,1.4904037050332264
42020,0.004598755419401818,0.0021932115787016916,0.737213976034182,0.029723775070443468,0.009821958238024613,0.6602997134806462,0.047974831581866835,0.009694278631082635,0.5430968420774586,0.00012671447068000893,0.00012671447068000893,1.4907584785883403
42030,0.004597252527472621,0.002193467070329655,0.7372998555729933,0.029715934401805665,0.00982329115169304,0.660389321122221,0.04796566053846661,0.009695837708460673,0.5431841853479369,0.0001267446264321936,0.0001267446264321936,1.4911132521434542
42040,0.004595750140844719,0.0021937224760563982,0.7373857062374448,0.029708095792768043,0.009824623715229436,0.6604789052255081,0.04795649118450708,0.009697396498633794,0.5432715125285039,0.0001267747821843783,0.0001267747821843783,1.491468025698568
42050,0.004594248259419915,0.002193977795898615,0.7374715280331477,0.029700259242938235,0.009825955928700503,0.6605684657949917,0.047947323519726914,0.009698955001646423,0.5433588236216483,0.00012680493793656294,0.00012680493793656294,1.4918227992536817
42060,0.004592746883100008,0.0021942330298729993,0.737557320965714,0.029692424751923893,0.00982728779217294,0.6606580028351555,0.04793815754386479,0.009700513217542983,0.5434461186298589,0.00012683509368874762,0.00012683509368874762,1.4921775728087954
42070,0.004591246011786795,0.0021944881779962454,0.7376430850407547,0.02968459231933266,0.009828619305713451,0.660747516350484,0.047928993256659384,0.009702071146367902,0.5435333975556248,0.0001268652494409323,0.0001268652494409323,1.4925323463639093
42080,0.004589745645382079,0.002194743240285047,0.7377288202638813,0.029676761944772173,0.009829950469388733,0.6608370063454609,0.04791983065784937,0.009703628788165605,0.5436206604014345,0.00012689540519311698,0.00012689540519311698,1.4928871199190232
42090,0.0045882457837876575,0.002194998216756099,0.7378145266407055,0.02966893362785008,0.009831281283265488,0.6609264728245705,0.04791066974717343,0.009705186142980514,0.5437079071697768,0.00012692556094530166,0.00012692556094530166,1.4932418934741372
42100,0.0045867464269053315,0.0021952531074260944,0.7379002041768383,0.02966110736817402,0.009832611747410418,0.6610159157922969,0.047901510524370236,0.009706743210857058,0.5437951378631406,0.00012695571669748634,0.00012695571669748634,1.493596667029251
42110,0.0045852475746368995,0.0021955079123117277,0.7379858528778915,0.029653283165351645,0.009833941861890223,0.6611053352531241,0.04789235298917847,0.009708299991839657,0.5438823524840144,0.00012698587244967102,0.00012698587244967102,1.4939514405843648
42120,0.0045837492268841614,0.0021957626314296932,0.7380714727494767,0.029645461018990592,0.009835271626771601,0.6611947312115362,0.04788319714133679,0.009709856485972742,0.5439695510348875,0.0001270160282018557,0.0001270160282018557,1.4943062141394787
42130,0.004582251383548917,0.0021960172647966848,0.7381570637972048,0.02963764092869851,0.009836601042121257,0.6612841036720172,0.0478740429805839,0.009711412693300735,0.5440567335182485,0.00012704618395404038,0.00012704618395404038,1.4946609876945927
42140,0.004580754044532967,0.0021962718124293964,0.7382426260266878,0.029629822894083033,0.009837930108005887,0.6613734526390511,0.04786489050665845,0.00971296861386806,0.544143899936586,0.00012707633970622504,0.00012707633970622504,1.4950157612497061
42150,0.0045792572097381095,0.002196526274344522,0.7383281594435366,0.029622006914751815,0.009839258824492193,0.6614627781171222,0.04785573971929913,0.009714524247719144,0.544231050292389,0.00012710649545840972,0.00012710649545840972,1.49537053480482
42160,0.004577760879066145,0.002196780650558756,0.7384136640533633,0.02961419299031249,0.00984058719164688,0.6615520801107145,0.04784659061824462,0.009716079594898413,0.5443181845881464,0.0001271366512105944,0.0001271366512105944,1.495725308359934
42170,0.0045762650524188726,0.0021970349410887925,0.738499139861779,0.02960638112037271,0.009841915209536641,0.661641358624312,0.047837443203233576,0.009717634655450289,0.5444053028263467,0.00012716680696277905,0.00012716680696277905,1.4960800819150475
42180,0.004574769729698091,0.002197289145951325,0.738584586874395,0.029598571304540112,0.009843242878228183,0.6617306136623988,0.0478282974740047,0.009719189429419198,0.5444924050094788,0.00012719696271496373,0.00012719696271496373,1.4964348554701614
42190,0.004573274910805602,0.0021975432651630484,0.738670005096823,0.029590763542422342,0.009844570197788205,0.6618198452294591,0.04781915343029665,0.009720743916849567,0.5445794911400318,0.0001272271184671484,0.0001272271184671484,1.4967896290252753
42200,0.004571780595643204,0.002197797298740656,0.7387553945346742,0.029582957833627042,0.009845897168283406,0.6619090533299767,0.0478100110718481,0.00972229811778582,0.5446665612204941,0.0001272572742193331,0.0001272572742193331,1.4971444025803893
42210,0.004570286784112698,0.002198051246700842,0.7388407551935603,0.029575154177761857,0.009847223789780486,0.6619982379684359,0.04780087039839774,0.00972385203227238,0.5447536152533546,0.00012728742997151777,0.00012728742997151777,1.497499176135503
42220,0.004568793476115881,0.002198305109060301,0.7389260870790927,0.02956735257443443,0.00984855006234615,0.6620873991493209,0.047791731409684235,0.009725405660353677,0.5448406532411024,0.00012731758572370245,0.00012731758572370245,1.497853949690617
42230,0.004567300671554556,0.002198558885835726,0.7390113901968827,0.029559553023252402,0.009849875986047094,0.6621765368771154,0.047782594105446274,0.009726959002074131,0.5449276751862259,0.00012734774147588713,0.00012734774147588713,1.4982087232457308
42240,0.004565808370330519,0.0021988125770438125,0.739096664552542,0.02955175552382342,0.009851201560950021,0.6622656511563039,0.04777345848542251,0.00972851205747817,0.545014681091214,0.0001273778972280718,0.0001273778972280718,1.4985634968008448
42250,0.004564316572345572,0.0021990661827012534,0.7391819101516817,0.029543960075755125,0.00985252678712163,0.6623547419913701,0.047764324549351644,0.009730064826610218,0.5451016709585556,0.0001274080529802565,0.0001274080529802565,1.4989182703559587
42260,0.004562825277501514,0.002199319702824743,0.7392671269999136,0.02953616667865517,0.009853851664628623,0.6624438093867981,0.04775519229697234,0.0097316173095147,0.5451886447907395,0.00012743820873244117,0.00012743820873244117,1.4992730439110724
42270,0.004561334485700145,0.002199573137430976,0.739352315102849,0.02952837533213118,0.009855176193537702,0.6625328533470723,0.04774606172802327,0.00973316950623604,0.5452756025902544,0.00012746836448462585,0.00012746836448462585,1.4996278174661863
42280,0.004559844196843264,0.0021998264865366454,0.7394374744660993,0.029520586035790813,0.009856500373915564,0.6626218738766765,0.047736932842243125,0.009734721416818666,0.5453625443595892,0.0001274985202368105,0.0001274985202368105,1.4999825910212998
42290,0.004558354410832671,0.0022000797501584464,0.739522605095276,0.029512798789241707,0.009857824205828912,0.6627108709800948,0.04772780563937057,0.009736273041307001,0.5454494701012326,0.00012752867598899518,0.00012752867598899518,1.5003373645764138
42300,0.0045568651275701665,0.0022003329283130724,0.7396077069959908,0.029505013592091504,0.009859147689344447,0.6627998446618115,0.04771868011914427,0.00973782437974547,0.5455363798176734,0.00012755883174117986,0.00012755883174117986,1.5006921381315277
42310,0.004555376346957549,0.0022005860210172175,0.7396927801738545,0.029497230443947853,0.009860470824528868,0.6628887949263104,0.047709556281302926,0.009739375432178501,0.5456232735114006,0.00012758898749336454,0.00012758898749336454,1.5010469116866416
42320,0.0045538880688966174,0.002200839028287576,0.7397778246344793,0.029489449344418394,0.009861793611448875,0.6629777217780756,0.047700434125585195,0.009740926198650515,0.5457101511849028,0.0001276191432455492,0.0001276191432455492,1.501401685241755
42330,0.004552400293289173,0.002201091950140841,0.7398628403834759,0.02948167029311077,0.009863116050171171,0.6630666252215913,0.04769131365172976,0.009742476679205938,0.5457970128406688,0.00012764929899773388,0.00012764929899773388,1.501756458796869
42340,0.004550913020037016,0.002201344786593708,0.7399478274264565,0.02947389328963262,0.009864438140762457,0.6631555052613415,0.047682194859475294,0.009744026873889198,0.5458838584811876,0.00012767945474991856,0.00012767945474991856,1.502111232351983
42350,0.004549426249041944,0.0022015975376628704,0.740032785769032,0.0294661183335916,0.00986575988328943,0.6632443619018102,0.04767307774856048,0.009745576782744717,0.5459706881089477,0.00012770961050210324,0.00012770961050210324,1.502466005907097
42360,0.004547939980205756,0.002201850203365022,0.740117715416814,0.029458345424595342,0.009867081277818796,0.663333195147482,0.04766396231872398,0.00974712640581692,0.5460575017264381,0.00012773976625428792,0.00012773976625428792,1.5028207794622106
42370,0.0045464542134302545,0.0022021027837168575,0.7402026163754143,0.029450574562251492,0.009868402324417248,0.6634220050028401,0.04765484856970449,0.009748675743150234,0.5461442993361476,0.0001277699220064726,0.0001277699220064726,1.5031755530173245
42380,0.004544968948617237,0.00220235527873507,0.7402874886504437,0.029442805746167696,0.009869723023151495,0.6635107914723694,0.047645736501240675,0.009750224794789084,0.5462310809405649,0.00012780007775865728,0.00012780007775865728,1.5035303265724385
42390,0.004543484185668505,0.002202607688436355,0.7403723322475141,0.0294350389759516,0.00987104337408823,0.6635995545605532,0.04763662611307121,0.009751773560777891,0.5463178465421787,0.00012783023351084193,0.00012783023351084193,1.503885100127552
42400,0.004541999924485856,0.002202860012837405,0.7404571471722369,0.02942727425121084,0.00987236337729416,0.6636882942718761,0.04762751740493477,0.009753322041161087,0.5464045961434782,0.0001278603892630266,0.0001278603892630266,1.5042398736826659
42410,0.004540516164971092,0.002203112251954915,0.7405419334302235,0.029419511571553064,0.009873683032835982,0.6637770106108222,0.04761841037657003,0.009754870235983091,0.5464913297469519,0.0001278905450152113,0.0001278905450152113,1.5045946472377798
42420,0.00453903290702601,0.002203364405805579,0.7406266910270853,0.02941175093658591,0.009875002340780398,0.6638657035818754,0.047609305027715675,0.009756418145288333,0.5465780473550887,0.00012792070076739597,0.00012792070076739597,1.5049494207928937
42430,0.004537550150552411,0.0022036164744060906,0.7407114199684338,0.029403992345917028,0.009876321301194107,0.6639543731895197,0.047600201358110376,0.009757965769121232,0.5466647489703771,0.00012795085651958065,0.00012795085651958065,1.5053041943480074
42440,0.004536067895452096,0.0022038684577731444,0.7407961202598805,0.029396235799154062,0.009877639914143812,0.6640430194382393,0.047591099367492805,0.00975951310752622,0.5467514345953065,0.00012798101227176533,0.00012798101227176533,1.5056589679031214
42450,0.0045345861416268615,0.0022041203559234343,0.7408807919070367,0.02938848129590465,0.009878958179696211,0.6641316423325183,0.04758199905560165,0.009761060160547718,0.5468381042323652,0.00012801116802395,0.00012801116802395,1.5060137414582353
42460,0.004533104888978509,0.0022043721688736542,0.7409654349155139,0.02938072883577644,0.009880276097918007,0.6642202418768407,0.04757290042217557,0.00976260692823015,0.546924757884042,0.0001280413237761347,0.0001280413237761347,1.5063685150133492
42470,0.004531624137408839,0.002204623896640498,0.7410500492909237,0.02937297841837707,0.0098815936688759,0.6643088180756906,0.04756380346695325,0.009764153410617945,0.5470113955528261,0.00012807147952831934,0.00012807147952831934,1.5067232885684627
42480,0.00453014388681965,0.00220487553924066,0.7411346350388773,0.02936523004331419,0.00988291089263659,0.6643973709335522,0.04755470818967337,0.009765699607755526,0.5470980172412059,0.00012810163528050402,0.00012810163528050402,1.5070780621235766
42490,0.004528664137112741,0.0022051270966908345,0.7412191921649863,0.02935748371019544,0.009884227769266778,0.6644859004549093,0.0475456145900746,0.009767245519687317,0.5471846229516705,0.0001281317910326887,0.0001281317910326887,1.5074328356786906
42500,0.004527184888189914,0.002205378569007715,0.741303720674862,0.029349739418628465,0.009885544298833164,0.6645744066442463,0.04753652266789561,0.009768791146457742,0.5472712126867082,0.00012816194678487338,0.00012816194678487338,1.5077876092338045
42510,0.004525706139952966,0.002205629956207996,0.7413882205741162,0.029341997168220904,0.009886860481402448,0.6646628895060468,0.0475274324228751,0.009770336488111231,0.5473577864488085,0.00012819210253705806,0.00012819210253705806,1.5081423827889182
42520,0.0045242278923036975,0.002205881258308372,0.7414726918683603,0.029334256958580406,0.009888176317041333,0.6647513490447954,0.04751834385475172,0.009771881544692206,0.5474443442404597,0.00012822225828924274,0.00012822225828924274,1.5084971563440321
42530,0.004522750145143908,0.0022061324753255363,0.7415571345632055,0.02932651878931461,0.009889491805816518,0.6648397852649759,0.04750925696326415,0.00977342631624509,0.5475308860641507,0.00012825241404142742,0.00012825241404142742,1.508851929899146
42540,0.004521272898375398,0.0022063836072761826,0.741641548664263,0.029318782660031163,0.009890806947794706,0.6649281981710725,0.04750017174815108,0.009774970802814312,0.5476174119223705,0.00012828256979361208,0.00012828256979361208,1.5092067034542596
42550,0.004519796151899968,0.0022066346541770063,0.7417259341771449,0.029311048570337707,0.009892121743042593,0.6650165877675691,0.047491088209151176,0.009776515004444297,0.5477039218176076,0.00012831272554579676,0.00012831272554579676,1.5095614770093735
42560,0.004518319905619414,0.0022068856160447,0.7418102911074621,0.02930331651984188,0.009893436191626883,0.6651049540589501,0.047482006346003115,0.009778058921179469,0.5477904157523512,0.00012834288129798144,0.00012834288129798144,1.5099162505644874
42570,0.004516844159435539,0.002207136492895959,0.7418946194608265,0.02929558650815134,0.009894750293614276,0.6651932970496991,0.047472926158445575,0.009779602553064249,0.5478768937290897,0.00012837303705016612,0.00012837303705016612,1.5102710241196013
42580,0.004515368913250142,0.0022073872847474764,0.7419789192428491,0.029287858534873715,0.009896064049071472,0.6652816167443006,0.047463847646217236,0.00978114590014307,0.5479633557503121,0.0001284031928023508,0.0001284031928023508,1.510625797674715
42590,0.004513894166965022,0.002207637991615947,0.7420631904591418,0.029280132599616655,0.009897377458065171,0.6653699131472384,0.04745477080905676,0.009782688962460349,0.5480498018185069,0.00012843334855453548,0.00012843334855453548,1.510980571229829
42600,0.004512419920481978,0.0022078886135180643,0.7421474331153157,0.0292724087019878,0.009898690520662076,0.6654581862629966,0.04744569564670283,0.009784231740060515,0.5481362319361633,0.00012846350430672016,0.00012846350430672016,1.511335344784943
42610,0.004510946173702811,0.0022081391504705228,0.7422316472169824,0.0292646868415948,0.009900003236928885,0.6655464360960595,0.04743662215889413,0.009785774232987994,0.54822264610577,0.0001284936600589048,0.0001284936600589048,1.5116901183400564
42620,0.004509472926529321,0.002208389602490016,0.7423158327697533,0.029256967018045296,0.0099013156069323,0.6656346626509109,0.047427550345369336,0.00978731644128721,0.5483090443298158,0.0001285238158110895,0.0001285238158110895,1.5120448918951703
42630,0.004508000178863306,0.0022086399695932387,0.7423999897792397,0.029249249230946933,0.009902627630739024,0.6657228659320351,0.047418480205867114,0.009788858365002588,0.5483954266107892,0.00012855397156327417,0.00012855397156327417,1.5123996654502843
42640,0.0045065279306065655,0.0022088902517968844,0.7424841182510535,0.029241533479907343,0.009903939308415753,0.665811045943916,0.04740941174012614,0.009790400004178555,0.5484817929511795,0.00012858412731545885,0.00012858412731545885,1.5127544390053982
42650,0.004505056181660901,0.002209140449117647,0.7425682181908057,0.029233819764534184,0.009905250640029192,0.6658992026910381,0.047400344947885094,0.00979194135885953,0.5485681433534751,0.00012861428306764353,0.00012861428306764353,1.513109212560512
42660,0.004503584931928111,0.0022093905615722218,0.7426522896041081,0.02922610808443509,0.009906561625646036,0.6659873361778846,0.04739127982888265,0.009793482429089947,0.5486544778201651,0.0001286444388198282,0.0001286444388198282,1.5134639861156258
42670,0.0045021141813099946,0.0022096405891773013,0.7427363324965719,0.02921839843921771,0.009907872265332992,0.6660754464089405,0.047382216382857494,0.009795023214914223,0.5487407963537381,0.0001286745945720129,0.0001286745945720129,1.5138187596707398
42680,0.004500643929708353,0.0022098905319495807,0.7428203468738085,0.029210690828489688,0.009909182559156755,0.6661635333886893,0.04737315460954829,0.009796563716376789,0.5488270989566829,0.00012870475032419757,0.00012870475032419757,1.5141735332258537
42690,0.004499174177024985,0.0022101403899057533,0.7429043327414295,0.02920298525185866,0.00991049250718403,0.6662515971216154,0.047364094508693715,0.009798103933522066,0.5489133856314883,0.00012873490607638222,0.00012873490607638222,1.5145283067809672
42700,0.004497704923161689,0.002210390163062513,0.7429882901050464,0.029195281708932277,0.009911802109481515,0.6663396376122026,0.047355036080032456,0.00979964386639448,0.5489996563806432,0.0001287650618285669,0.0001287650618285669,1.514883080336081
42710,0.004496236168020268,0.0022106398514365553,0.7430722189702705,0.029187580199318178,0.009913111366115912,0.6664276548649352,0.04734597932330317,0.009801183515038458,0.5490859112066363,0.00012879521758075158,0.00012879521758075158,1.515237853891195
42720,0.004494767911502518,0.0022108894550445725,0.7431561193427133,0.02917988072262401,0.009914420277153922,0.6665156488842972,0.04733692423824455,0.009802722879498424,0.5491721501119565,0.00012882537333293626,0.00012882537333293626,1.515592627446309
42730,0.0044933001535102405,0.0022111389739032598,0.7432399912279865,0.029172183278457414,0.009915728842662242,0.6666036196747726,0.04732787082459527,0.009804261959818802,0.5492583730990926,0.00012885552908512091,0.00012885552908512091,1.5159474010014224
42740,0.004491832893945235,0.0022113884080293108,0.743323834631701,0.02916448786642603,0.009917037062707577,0.6666915672408453,0.047318819082094,0.009805800756044017,0.5493445801705332,0.0001288856848373056,0.0001288856848373056,1.5163021745565364
42750,0.004490366132709301,0.0022116377574394196,0.7434076495594687,0.029156794486137512,0.009918344937356625,0.6667794915869999,0.04730976901047942,0.009807339268218496,0.5494307713287674,0.00012891584058949028,0.00012891584058949028,1.51665694811165
42760,0.004488899869704237,0.0022118870221502804,0.7434914360169008,0.02914910313719949,0.00991965246667609,0.6668673927177202,0.0473007206094902,0.009808877496386663,0.5495169465762836,0.00012894599634167496,0.00012894599634167496,1.517011721666764
42770,0.004487434104831845,0.002212136202178587,0.7435751940096091,0.02914141381921962,0.009920959650732667,0.66695527063749,0.04729167387886502,0.009810415440592943,0.549603105915571,0.00012897615209385964,0.00012897615209385964,1.517366495221878
42780,0.004485968837993922,0.002212385297541034,0.7436589235432046,0.029133726531805536,0.009922266489593061,0.6670431253507939,0.04728262881834256,0.009811953100881763,0.5496892493491183,0.00012900630784604432,0.00012900630784604432,1.5177212687769919
42790,0.00448450406909227,0.0022126343082543147,0.743742624623299,0.029126041274564887,0.009923572983323973,0.6671309568621158,0.04727358542766149,0.009813490477297545,0.5497753768794142,0.000129036463598229,0.000129036463598229,1.5180760423321058
42800,0.004483039798028688,0.002212883234335124,0.7438262972555038,0.02911835804710531,0.009924879131992099,0.6672187651759393,0.04726454370656049,0.009815027569884715,0.5498614885089476,0.00012906661935041368,0.00012906661935041368,1.5184308158872195
42810,0.004481576024704974,0.002213132075800155,0.7439099414454301,0.029110676849034456,0.009926184935664144,0.6673065502967491,0.04725550365477823,0.009816564378687699,0.5499475842402072,0.00012909677510259836,0.00012909677510259836,1.5187855894423334
42820,0.00448011274902293,0.0022133808326661023,0.7439935571986898,0.02910299767995997,0.009927490394406808,0.667394312229029,0.047246465272053395,0.009818100903750921,0.5500336640756818,0.00012912693085478304,0.00012912693085478304,1.5191403629974474
42830,0.004478649970884354,0.00221362950494966,0.744077144520894,0.029095320539489482,0.00992879550828679,0.6674820509772631,0.047237428558124656,0.009819637145118805,0.5501197280178602,0.0001291570866069677,0.0001291570866069677,1.5194951365525609
42840,0.004477187690191047,0.002213878092667523,0.7441607034176546,0.02908764542723065,0.009930100277370792,0.6675697665459356,0.04722839351273069,0.00982117310283578,0.5502057760692314,0.00012918724235915237,0.00012918724235915237,1.5198499101076748
42850,0.004475725906844807,0.0022141265958363836,0.7442442338945827,0.029079972342791107,0.009931404701725514,0.6676574589395303,0.04721936013561017,0.009822708776946267,0.5502918082322839,0.00012921739811133705,0.00012921739811133705,1.5202046836627887
42860,0.004474264620747435,0.002214375014472937,0.7443277359572897,0.029072301285778507,0.009932708781417656,0.6677451281625314,0.047210328426501774,0.009824244167494695,0.5503778245095067,0.00012924755386352173,0.00012924755386352173,1.5205594572179026
42870,0.00447280383180073,0.0022146233485938766,0.7444112096113871,0.02906463225580048,0.009934012516513921,0.6678327742194232,0.04720129838514418,0.009825779274525485,0.5504638249033885,0.00012927770961570638,0.00012927770961570638,1.5209142307730161
42880,0.00447134353990649,0.002214871598215897,0.7444946548624863,0.02905696525246468,0.009935315907081006,0.6679203971146893,0.047192270011276065,0.009827314098083066,0.5505498094164183,0.00012930786536789106,0.00012930786536789106,1.52126900432813
42890,0.004469883744966518,0.0022151197633556927,0.7445780717161992,0.029049300275378748,0.009936618953185615,0.6680079968528143,0.04718324330463611,0.00982884863821186,0.5506357780510845,0.00012933802112007574,0.00012933802112007574,1.521623777883244
42900,0.004468424446882613,0.0022153678440299564,0.7446614601781365,0.029041637324150327,0.009937921654894447,0.6680955734382821,0.04717421826496297,0.009830382894956292,0.5507217308098763,0.00012936817687226042,0.00012936817687226042,1.5219785514383577
42910,0.0044669656455565716,0.0022156158402553833,0.7447448202539103,0.029033976398387062,0.009939224012274202,0.6681831268755765,0.04716519489199534,0.009831916868360789,0.5508076676952823,0.0001293983326244451,0.0001293983326244451,1.5223333249934716
42920,0.004465507340890197,0.002215863752048667,0.7448281519491318,0.029026317497696588,0.009940526025391583,0.668270657169182,0.047156173185471884,0.009833450558469776,0.5508935887097913,0.00012942848837662978,0.00012942848837662978,1.5226880985485856
42930,0.004464049532785286,0.0022161115794265018,0.7449114552694123,0.029018660621686558,0.009941827694313288,0.6683581643235822,0.04714715314513129,0.009834983965327677,0.5509794938558923,0.00012945864412881446,0.00012945864412881446,1.5230428721036995
42940,0.004462592221143641,0.0022163593224055816,0.7449947302203634,0.029011005769964612,0.009943129019106017,0.6684456483432616,0.047138134770712235,0.009836517088978917,0.5510653831360739,0.00012948879988099914,0.00012948879988099914,1.5233976456588134
42950,0.004461135405867059,0.0022166069810026006,0.7450779768075968,0.029003352942138398,0.009944429999836475,0.668533109232704,0.047129118061953384,0.009838049929467923,0.5511512565528247,0.00012951895563318382,0.00012951895563318382,1.5237524192139271
42960,0.004459679086857342,0.0022168545552342525,0.7451611950367235,0.028995702137815552,0.009945730636571358,0.6686205469963937,0.047120103018593415,0.009839582486839117,0.5512371141086341,0.00012954911138536847,0.00012954911138536847,1.5241071927690408
42970,0.004458223264016288,0.002217102045117232,0.7452443849133552,0.02898805335660372,0.00994703092937737,0.6687079616388146,0.04711108964037101,0.009841114761136926,0.5513229558059902,0.00012957926713755315,0.00012957926713755315,1.5244619663241545
42980,0.004456767937245696,0.0022173494506682323,0.7453275464431032,0.028980406598110547,0.00994833087832121,0.6687953531644509,0.04710207792702484,0.009842646752405775,0.5514087816473823,0.00012960942288973783,0.00012960942288973783,1.5248167398792685
42990,0.004455313106447369,0.002217596771903948,0.7454106796315791,0.028972761861943676,0.009949630483469578,0.6688827215777866,0.04709306787829358,0.009844178460690089,0.5514945916352991,0.00012963957864192251,0.00012963957864192251,1.5251715134343824
43000,0.004453858771523102,0.0022178440088410733,0.7454937844843943,0.028965119147710744,0.009950929744889175,0.6689700668833058,0.04708405949391591,0.009845709886034292,0.5515803857722292,0.0001296697343941072,0.0001296697343941072,1.5255262869894963
43010,0.004452404932374698,0.0022180911614963017,0.7455768610071601,0.028957478455019406,0.009952228662646704,0.6690573890854925,0.04707505277363051,0.009847241028482811,0.5516661640606617,0.00012969989014629185,0.00012969989014629185,1.5258810605446098
43020,0.004450951588903957,0.002218338229886328,0.7456599092054884,0.0289498397834773,0.009953527236808861,0.6691446881888309,0.04706604771717605,0.009848771888080069,0.5517519265030851,0.00012973004589847653,0.00012973004589847653,1.5262358340997237
43030,0.004449498741012676,0.0022185852140278457,0.7457429290849902,0.028942203132692065,0.009954825467442351,0.669231964197805,0.0470570443242912,0.009850302464870493,0.5518376731019884,0.0001297602016506612,0.0001297602016506612,1.5265906076548377
43040,0.004448046388602656,0.002218832113937549,0.745825920651277,0.02893456850227135,0.009956123354613872,0.6693192171168989,0.04704804259471465,0.009851832758898508,0.5519234038598604,0.0001297903574028459,0.0001297903574028459,1.5269453812099516
43050,0.004446594531575697,0.002219078929632132,0.7459088839099602,0.0289269358918228,0.009957420898390126,0.6694064469505966,0.04703904252818507,0.009853362770208537,0.5520091187791897,0.00012982051315503057,0.00012982051315503057,1.5273001547650653
43060,0.004445143169833599,0.0022193256611282887,0.7459918188666516,0.028919305300954056,0.009958718098837813,0.6694936537033822,0.04703004412444113,0.009854892498845004,0.5520948178624652,0.00012985066890721525,0.00012985066890721525,1.5276549283201792
43070,0.0044436923032781595,0.0022195723084427136,0.7460747255269624,0.028911676729272758,0.009960014956023633,0.66958083737974,0.04702104738322151,0.00985642194485234,0.5521805011121759,0.00012988082465939993,0.00012988082465939993,1.5280097018752932
43080,0.00444224193181118,0.0022198188715921,0.7461576038965041,0.028904050176386552,0.009961311470014288,0.6696679979841538,0.0470120523042649,0.009857951108274966,0.5522661685308103,0.0001299109804115846,0.0001299109804115846,1.528364475430407
43090,0.00444079205533446,0.0022200653505931424,0.7462404539808881,0.028896425641903083,0.009962607640876479,0.6697551355211078,0.04700305888730995,0.009859479989157306,0.5523518201208575,0.0001299411361637693,0.0001299411361637693,1.5287192489855208
43100,0.004439342673749799,0.0022203117454625346,0.7463232757857258,0.02888880312542999,0.009963903468676904,0.6698422499950859,0.04699406713209535,0.009861008587543787,0.552437455884806,0.00012997129191595394,0.00012997129191595394,1.5290740225406345
43110,0.004437893786958995,0.0022205580562169713,0.7464060693166289,0.028881182626574922,0.009965198953482265,0.6699293414105724,0.046985077038359774,0.009862536903478835,0.5525230758251448,0.00013000144766813862,0.00013000144766813862,1.5294287960957484
43120,0.004436445394863851,0.0022208042828731457,0.7464888345792086,0.028873564144945518,0.009966494095359263,0.6700164097720511,0.046976088605841904,0.009864064937006874,0.5526086799443626,0.0001300316034203233,0.0001300316034203233,1.5297835696508622
43130,0.004434997497366163,0.002221050425447753,0.7465715715790765,0.028865947680149426,0.0099677888943746,0.6701034550840067,0.046967101834280406,0.009865592688172328,0.5526942682449483,0.00013006175917250798,0.00013006175917250798,1.530138343205976
43140,0.004433550094367734,0.002221296483957486,0.7466542803218439,0.028858333231794285,0.009969083350594973,0.6701904773509224,0.04695811672341397,0.009867120157019623,0.5527798407293906,0.00013009191492469266,0.00013009191492469266,1.53049311676109
43150,0.004432103185770361,0.0022215424584190392,0.7467369608131224,0.028850720799487743,0.009970377464087085,0.670277476577283,0.04694913327298125,0.009868647343593185,0.5528653974001784,0.0001301220706768773,0.0001301220706768773,1.5308478903162035
43160,0.004430656771475845,0.002221788348849107,0.7468196130585233,0.028843110382837437,0.009971671234917639,0.6703644527675723,0.046940151482720946,0.009870174247937437,0.5529509382598005,0.000130152226429062,0.000130152226429062,1.5312026638713174
43170,0.004429210851385985,0.0022220341552643833,0.7469022370636582,0.028835501981451017,0.009972964663153328,0.6704514059262741,0.04693117135237172,0.009871700870096804,0.5530364633107454,0.00013018238218124667,0.00013018238218124667,1.5315574374264314
43180,0.004427765425402581,0.0022222798776815617,0.7469848328341383,0.02882789559493612,0.009974257748860862,0.6705383360578729,0.04692219288167226,0.009873227210115713,0.5531219725555022,0.00013021253793343135,0.00013021253793343135,1.5319122109815453
43190,0.004426320493427433,0.002222525516117337,0.7470674003755754,0.028820291222900397,0.009975550492106935,0.6706252431668527,0.04691321607036122,0.00987475326803859,0.5532074659965596,0.00013024269368561603,0.00013024269368561603,1.532266984536659
43200,0.004424876055362339,0.002222771070588403,0.7471499396935807,0.02881268886495149,0.009976842892958249,0.6707121272576974,0.0469042409181773,0.009876279043909857,0.5532929436364066,0.0001302728494378007,0.0001302728494378007,1.532621758091773
43210,0.004423432111109101,0.0022230165411114534,0.7472324507937658,0.02880508852069703,0.009978134951481508,0.6707989883348912,0.04689526742485915,0.00987780453777394,0.5533784054775317,0.0001303030051899854,0.0001303030051899854,1.5329765316468869
43220,0.0044219886605695174,0.0022232619277031828,0.747314933681742,0.028797490189744673,0.009979426667743407,0.670885826402918,0.046886295590145476,0.009879329749675266,0.5534638515224238,0.00013033316094217007,0.00013033316094217007,1.5333313052020008
43230,0.004420545703645388,0.0022235072303802847,0.7473973883631209,0.02878989387170206,0.009980718041810652,0.6709726414662622,0.046877325413774935,0.009880854679658258,0.5535492817735719,0.00013036331669435475,0.00013036331669435475,1.5336860787571147
43240,0.004419103240238512,0.0022237524491594534,0.7474798148435137,0.02878229956617684,0.00998200907374994,0.6710594335294077,0.04686835689548621,0.009882379327767343,0.5536346962334646,0.0001303934724465394,0.0001303934724465394,1.5340408523122282
43250,0.00441766127025069,0.0022239975840573833,0.7475622131285322,0.028774707272776645,0.009983299763627973,0.6711462025968384,0.04685939003501797,0.009883903694046943,0.5537200949045906,0.00013042362819872409,0.00013042362819872409,1.5343956258673421
43260,0.00441621979358372,0.002224242635090768,0.7476445832237875,0.028767116991109124,0.009984590111511451,0.6712329486730386,0.0468504248321089,0.009885427778541485,0.553805477789439,0.00013045378395090877,0.00013045378395090877,1.534750399422456
43270,0.004414778810139403,0.002224487602276302,0.7477269251348914,0.02875952872078192,0.009985880117467077,0.6713196717624924,0.04684146128649766,0.009886951581295395,0.5538908448904983,0.00013048393970309345,0.00013048393970309345,1.5351051729775698
43280,0.004413338319819539,0.002224732485630679,0.7478092388674551,0.028751942461402676,0.009987169781561547,0.6714063718696838,0.04683249939792295,0.009888475102353095,0.5539761962102574,0.0001305140954552781,0.0001305140954552781,1.5354599465326835
43290,0.004411898322525927,0.0022249772851705932,0.7478915244270901,0.028744358212579042,0.009988459103861565,0.6714930489990968,0.04682353916612343,0.009889998341759014,0.5540615317512052,0.00013054425120746278,0.00013054425120746278,1.5358147200877974
43300,0.004410458818160366,0.0022252220009127384,0.7479737818194079,0.02873677597391865,0.009989748084433831,0.6715797031552154,0.046814580590837776,0.009891521299557575,0.5541468515158305,0.00013057440695964746,0.00013057440695964746,1.536169493642911
43310,0.004409019806624656,0.002225466632873809,0.7480560110500198,0.028729195745029152,0.009991036723345047,0.6716663343425241,0.04680562367180467,0.009893043975793204,0.5542321555066221,0.00013060456271183214,0.00013060456271183214,1.536524267198025
43320,0.004407581287820597,0.002225711181070499,0.7481382121245373,0.028721617525518182,0.009992325020661911,0.6717529425655066,0.04679666840876279,0.009894566370510323,0.5543174437260685,0.00013063471846401682,0.00013063471846401682,1.536879040753139
43330,0.004406143261649989,0.0022259556455195024,0.7482203850485722,0.028714041314993395,0.009993612976451124,0.671839527828647,0.0467877148014508,0.009896088483753361,0.5544027161766589,0.0001306648742162015,0.0001306648742162015,1.537233814308253
43340,0.004404705728014631,0.0022262000262375133,0.7483025298277355,0.02870646711306243,0.00999490059077939,0.6719260901364295,0.046778762849607386,0.00989761031556674,0.5544879728608819,0.00013069502996838618,0.00013069502996838618,1.5375885878633666
43350,0.004403268686816323,0.0022264443232412256,0.7483846464676388,0.028698894919332932,0.009996187863713405,0.6720126294933381,0.046769812552971225,0.009899131865994889,0.5545732137812263,0.00013072518572057086,0.00013072518572057086,1.5379433614184805
43360,0.004401832137956864,0.0022266885365473336,0.7484667349738936,0.028691324733412536,0.009997474795319872,0.6720991459038569,0.04676086391128099,0.009900653135082229,0.5546584389401809,0.00013075534147275554,0.00013075534147275554,1.5382981349735945
43370,0.004400396081338054,0.0022269326661725312,0.7485487953521113,0.028683756554908894,0.009998761385665491,0.6721856393724699,0.046751916924275355,0.009902174122873187,0.5547436483402345,0.00013078549722494022,0.00013078549722494022,1.5386529085287084
43380,0.004398960516861693,0.0022271767121335127,0.7486308276079034,0.028676190383429643,0.010000047634816963,0.6722721099036613,0.046742971591693,0.00990369482941219,0.5548288419838762,0.00013081565297712487,0.00013081565297712487,1.5390076820838219
43390,0.00439752544442958,0.002227420674446972,0.7487128317468814,0.028668626218582433,0.010001333542840989,0.6723585575019151,0.046734027913272594,0.009905215254743657,0.5549140198735942,0.00013084580872930955,0.00013084580872930955,1.5393624556389358
43400,0.004396090863943516,0.0022276645531296027,0.7487948077746563,0.028661064059974907,0.010002619109804267,0.6724449821717153,0.04672508588875282,0.009906735398912018,0.5549991820118778,0.00013087596448149423,0.00013087596448149423,1.5397172291940497
43410,0.0043946567753052985,0.0022279083481981,0.7488767556968402,0.028653503907214703,0.010003904335773502,0.6725313839175462,0.04671614551787235,0.009908255261961697,0.5550843284012155,0.0001309061202336789,0.0001309061202336789,1.5400720027491637
43420,0.004393223178416729,0.0022281520596691565,0.748958675519044,0.028645945759909475,0.010005189220815391,0.6726177627438917,0.04670720680036987,0.00990977484393712,0.5551694590440963,0.00013093627598586357,0.00013093627598586357,1.5404267763042772
43430,0.004391790073179607,0.0022283956875594675,0.7490405672468798,0.028638389617666852,0.010006473764996637,0.6727041186552359,0.04669826973598404,0.009911294144882711,0.555254573943009,0.00013096643173804825,0.00013096643173804825,1.540781549859391
43440,0.004390357459495731,0.0022286392318857265,0.7491224308859584,0.028630835480094485,0.01000775796838394,0.6727904516560631,0.046689334324453546,0.009912813164842896,0.5553396731004423,0.00013099658749023293,0.00013099658749023293,1.5411363234145048
43450,0.0043889253372669,0.0022288826926646277,0.7492042664418915,0.028623283346800015,0.010009041831044,0.6728767617508572,0.046680400565517054,0.009914331903862098,0.555424756518885,0.0001310267432424176,0.0001310267432424176,1.5414910969696187
43460,0.004387493706394916,0.002229126069912865,0.7492860739202908,0.028615733217391092,0.010010325353043517,0.6729630489441019,0.04667146845891326,0.009915850361984745,0.5555098242008261,0.00013105689899460229,0.00013105689899460229,1.5418458705247327
43470,0.004386062566781578,0.0022293693636471325,0.7493678533267671,0.02860818509147535,0.010011608534449193,0.6730493132402818,0.04666253800438082,0.009917368539255258,0.5555948761487539,0.00013108705474678697,0.00013108705474678697,1.5422006440798466
43480,0.004384631918328684,0.0022296125738841244,0.7494496046669326,0.02860063896866044,0.010012891375327727,0.6731355546438806,0.04665360920165842,0.009918886435718066,0.5556799123651577,0.00013111721049897165,0.00013111721049897165,1.5425554176349605
43490,0.004383201760938035,0.0022298557006405345,0.7495313279463981,0.028593094848554004,0.01001417387574582,0.6732217731593829,0.046644682050484734,0.009920404051417593,0.5557649328525263,0.00013114736625115633,0.00013114736625115633,1.5429101911900742
43500,0.004381772094511431,0.0022300987439330573,0.7496130231707755,0.02858555273076368,0.010015456035770177,0.6733079687912724,0.04663575655059844,0.009921921386398263,0.5558499376133481,0.000131177522003341,0.000131177522003341,1.5432649647451882
43510,0.0043803429189506705,0.0022303417037783865,0.7496946903456762,0.02857801261489712,0.010016737855467493,0.673394141544033,0.046626832701738216,0.0099234384407045,0.5559349266501121,0.00013120767775552566,0.00013120767775552566,1.5436197383003019
43520,0.004378914234157554,0.0022305845801932163,0.7497763294767112,0.02857047450056196,0.010018019334904468,0.673480291422149,0.04661791050364272,0.009924955214380735,0.5560198999653073,0.00013123783350771034,0.00013123783350771034,1.5439745118554156
43530,0.004377486040033881,0.002230827373194241,0.7498579405694927,0.028562938387365847,0.010019300474147808,0.6735664184301047,0.04660898995605066,0.009926471707471386,0.5561048575614223,0.00013126798925989502,0.00013126798925989502,1.5443292854105295
43540,0.004376058336481449,0.002231070082798154,0.7499395236296316,0.028555404274916422,0.01002058127326421,0.6736525225723838,0.04660007105870068,0.009927987920020882,0.5561897994409457,0.0001312981450120797,0.0001312981450120797,1.5446840589656434
43550,0.0043746311234020615,0.00223131270902165,0.7500210786627395,0.02854787216282133,0.010021861732320376,0.6737386038534705,0.04659115381133148,0.009929503852073645,0.5562747256063667,0.00013132830076426438,0.00013132830076426438,1.5450388325207574
43560,0.004373204400697515,0.002231555251881423,0.7501026056744278,0.02854034205068822,0.010023141851383005,0.673824662277849,0.04658223821368172,0.009931019503674105,0.556359636060174,0.00013135845651644906,0.00013135845651644906,1.545393606075871
43570,0.004371778168269612,0.0022317977113941664,0.750184104670308,0.028532813938124724,0.010024421630518799,0.6739106978500032,0.04657332426549009,0.009932534874866682,0.5564445308048561,0.0001313886122686337,0.0001313886122686337,1.5457483796309848
43580,0.004370352426020151,0.002232040087576575,0.7502655756559916,0.028525287824738493,0.01002570106979446,0.6739967105744173,0.046564411966495245,0.009934049965695805,0.5565294098429022,0.0001314187680208184,0.0001314187680208184,1.5461031531860987
43590,0.004368927173850928,0.0022322823804453427,0.7503470186370899,0.02851776371013717,0.010026980169276684,0.6740827004555753,0.046555501316435884,0.009935564776205897,0.5566142731768009,0.00013144892377300307,0.00013144892377300307,1.5464579267412124
43600,0.004367502411663749,0.0022325245900171632,0.7504284336192145,0.028510241593928395,0.010028258929032176,0.6741686674979613,0.04654659231505067,0.009937079306441384,0.5566991208090412,0.00013147907952518775,0.00013147907952518775,1.5468127002963263
43610,0.004366078139360409,0.0022327667163087313,0.7505098206079768,0.028502721475719812,0.010029537349127635,0.6742546117060594,0.04653768496207828,0.00993859355644669,0.5567839527421115,0.00013150923527737243,0.00013150923527737243,1.5471674738514403
43620,0.004364654356842709,0.00223300875933674,0.7505911796089882,0.028495203355119073,0.01003081542962976,0.6743405330843536,0.0465287792572574,0.009940107526266239,0.5568687689785008,0.0001315393910295571,0.0001315393910295571,1.5475222474065542
43630,0.004363231064012449,0.002233250719117884,0.7506725106278601,0.02848768723173381,0.010032093170605254,0.674426431637328,0.04651987520032669,0.00994162121594446,0.5569535695206981,0.0001315695467817418,0.0001315695467817418,1.5478770209616681
43640,0.004361808260771429,0.0022334925956688577,0.7507538136702042,0.02848017310517167,0.01003337057212082,0.6745123073694668,0.04651097279102484,0.009943134625525775,0.5570383543711918,0.00013159970253392644,0.00013159970253392644,1.5482317945167816
43650,0.004360385947021447,0.0022337343890063547,0.7508350887416319,0.0284726609750403,0.010034647634243152,0.6745981602852538,0.04650207202909051,0.00994464775505461,0.5571231235324712,0.00013162985828611112,0.00013162985828611112,1.5485865680718955
43660,0.004358964122664304,0.002233976099147069,0.7509163358477542,0.028465150840947338,0.010035924357038956,0.6746839903891734,0.0464931729142624,0.009946160604575389,0.5572078770070246,0.0001316600140382958,0.0001316600140382958,1.5489413416270092
43670,0.004357542787601799,0.002234217726107695,0.7509975549941831,0.02845764270250043,0.010037200740574929,0.6747697976857093,0.04648427544627917,0.009947673174132539,0.5572926147973412,0.00013169016979048048,0.00013169016979048048,1.5492961151821232
43680,0.004356121941735732,0.002234459269904926,0.7510787461865296,0.02845013655930722,0.010038476784917774,0.674855582179346,0.04647537962487949,0.009949185463770483,0.5573773369059094,0.00013172032554266516,0.00013172032554266516,1.549650888737237
43690,0.004354701584967903,0.0022347007305554573,0.7511599094304058,0.028442632410975353,0.010039752490134193,0.6749413438745674,0.04646648544980205,0.009950697473533648,0.5574620433352184,0.00013175048129484984,0.00013175048129484984,1.550005662292351
43700,0.004353281717200111,0.002234942108075982,0.7512410447314225,0.028435130257112466,0.010041027856290883,0.6750270827758575,0.04645759292078552,0.009952209203466459,0.5575467340877568,0.00013178063704703452,0.00013178063704703452,1.550360435847465
43710,0.004351862338334156,0.0022351834024831943,0.7513221520951914,0.028427630097326212,0.010042302883454547,0.6751127988877005,0.04644870203756858,0.00995372065361334,0.5576314091660135,0.00013181079279921918,0.00013181079279921918,1.5507152094025785
43720,0.004350443448271837,0.0022354246137937885,0.7514032315273238,0.028420131931224227,0.010043577571691885,0.6751984922145804,0.0464398127998899,0.009955231824018715,0.557716068572477,0.00013184094855140386,0.00013184094855140386,1.5510699829576924
43730,0.004349025046914954,0.0022356657420244583,0.7514842830334314,0.02841263575841416,0.010044851921069596,0.6752841627609812,0.046430925207488156,0.00995674271472701,0.5578007123096363,0.00013187110430358854,0.00013187110430358854,1.5514247565128063
43740,0.004347607134165307,0.002235906787191898,0.7515653066191254,0.02840514157850365,0.010046125931654382,0.6753698105313869,0.046422039260102035,0.009958253325782651,0.5578853403799805,0.00013190126005577322,0.00013190126005577322,1.55177953006792
43750,0.004346189709924696,0.0022361477493128023,0.7516463022900175,0.028397649391100333,0.010047399603512946,0.6754554355302821,0.0464131549574702,0.009959763657230064,0.5579699527859979,0.0001319314158079579,0.0001319314158079579,1.552134303623034
43760,0.004344772774094919,0.0022363886284038643,0.751727270051719,0.02839015919581187,0.010048672936711984,0.67554103776215,0.04640427229933133,0.009961273709113672,0.5580545495301777,0.00013196157156014258,0.00013196157156014258,1.5524890771781479
43770,0.004343356326577777,0.0022366294244817787,0.7518082099098415,0.028382670992245892,0.0100499459313182,0.6756266172314755,0.0463953912854241,0.0099627834814779,0.5581391306150084,0.00013199172731232726,0.00013199172731232726,1.5528438507332618
43780,0.00434194036727507,0.0022368701375632388,0.7518891218699962,0.028375184780010047,0.010051218587398294,0.6757121739427424,0.04638651191548719,0.009964292974367175,0.558223696042979,0.00013202188306451194,0.00013202188306451194,1.5531986242883755
43790,0.004340524896088596,0.0022371107676649395,0.7519700059377947,0.028367700558711975,0.010052490905018967,0.6757977079004346,0.046377634189259276,0.00996580218782592,0.5583082458165782,0.0001320520388166966,0.0001320520388166966,1.5535533978434892
43800,0.004339109912920155,0.002237351314803574,0.7520508621188483,0.028360218327959326,0.010053762884246918,0.6758832191090364,0.04636875810647903,0.009967311121898562,0.5583927799382947,0.00013208219456888127,0.00013208219456888127,1.5539081713986032
43810,0.004337695417671549,0.002237591778995837,0.7521316904187687,0.028352738087359736,0.010055034525148847,0.6759687075730316,0.046359883666885135,0.009968819776629525,0.5584772984106177,0.00013211235032106595,0.00013211235032106595,1.5542629449537169
43820,0.004336281410244575,0.0022378321602584228,0.7522124908431672,0.02834525983652085,0.010056305827791458,0.6760541732969046,0.04635101087021626,0.009970328152063234,0.5585618012360355,0.00013214250607325063,0.00013214250607325063,1.5546177185088308
43830,0.004334867890541033,0.002238072458608025,0.7522932633976555,0.028337783575050318,0.010057576792241448,0.6761396162851393,0.04634213971621108,0.009971836248244112,0.5586462884170371,0.0001321726618254353,0.0001321726618254353,1.5549724920639447
43840,0.004333454858462725,0.0022383126740613372,0.7523740080878444,0.028330309302555774,0.010058847418565522,0.6762250365422198,0.046333270204608284,0.00997334406521659,0.5587307599561114,0.00013220281757761996,0.00013220281757761996,1.5553272656190582
43850,0.004332042313911447,0.0022385528066350547,0.7524547249193461,0.028322837018644867,0.010060117706830376,0.6763104340726301,0.046324402335146536,0.009974851603025086,0.5588152158557472,0.00013223297332980464,0.00013223297332980464,1.5556820391741721
43860,0.004330630256789001,0.0022387928563458704,0.7525354138977716,0.028315366722925242,0.01006138765710271,0.6763958088808545,0.04631553610756452,0.00997635886171403,0.558899656118433,0.00013226312908198932,0.00013226312908198932,1.556036812729286
43870,0.004329218686997186,0.002239032823210479,0.7526160750287324,0.028307898415004536,0.010062657269449231,0.6764811609713768,0.046306671521600895,0.009977865841327845,0.5589840807466581,0.000132293284834174,0.000132293284834174,1.5563915862844
43880,0.004327807604437801,0.0022392727072455742,0.7526967083178401,0.028300432094490395,0.010063926543936636,0.6765664903486813,0.04629780857699435,0.009979372541910957,0.5590684897429108,0.00013232344058635868,0.00013232344058635868,1.5567463598395137
43890,0.0043263970090126475,0.00223951250846785,0.7527773137707059,0.028292967760990467,0.010065195480631624,0.6766517970172519,0.046288947273483566,0.009980878963507791,0.5591528831096801,0.00013235359633854336,0.00013235359633854336,1.5571011333946276
43900,0.004324986900623523,0.0022397522268940017,0.7528578913929417,0.02828550541411239,0.010066464079600896,0.6767370809815727,0.04628008761080721,0.009982385106162771,0.559237260849455,0.00013238375209072804,0.00013238375209072804,1.5574559069497416
43910,0.004323577279172229,0.0022399918625407213,0.7529384411901584,0.028278045053463808,0.010067732340911155,0.6768223422461279,0.046271229588703965,0.009983890969920323,0.559321622964724,0.00013241390784291272,0.00013241390784291272,1.5578106805048555
43920,0.004322168144560564,0.0022402314154247047,0.7530189631679679,0.028270586678652367,0.010069000264629101,0.6769075808154017,0.0462623732069125,0.009985396554824872,0.559405969457976,0.0001324440635950974,0.0001324440635950974,1.5581654540599694
43930,0.004320759496690328,0.002240470885562645,0.7530994573319815,0.02826313028928571,0.010070267850821431,0.6769927966938777,0.04625351846517149,0.009986901860920844,0.5594903003316999,0.00013247421934728206,0.00013247421934728206,1.558520227615083
43940,0.00431935133546332,0.0022407102729712363,0.7531799236878105,0.02825567588497148,0.010071535099554852,0.6770779898860404,0.046244665363219625,0.009988406888252662,0.5595746155883845,0.00013250437509946674,0.00013250437509946674,1.5588750011701968
43950,0.004317943660781341,0.0022409495776671727,0.7532603622410664,0.028248223465317315,0.010072802010896059,0.6771631603963736,0.046235813900795564,0.009989911636864753,0.5596589152305184,0.00013253453085165142,0.00013253453085165142,1.5592297747253108
43960,0.00431653647254619,0.0022411887996671483,0.7533407729973608,0.02824077302993087,0.010074068584911755,0.6772483082293616,0.04622696407763799,0.00999141610680154,0.5597431992605905,0.0001325646866038361,0.0001325646866038361,1.5595845482804245
43970,0.0043151297706596654,0.0022414279389878573,0.753421155962305,0.02823332457841978,0.010075334821668641,0.6773334333894884,0.04621811589348558,0.009992920298107449,0.5598274676810896,0.00013259484235602078,0.00013259484235602078,1.5599393218355384
43980,0.004313723555023569,0.002241666995645994,0.7535015111415104,0.028225878110391688,0.010076600721233415,0.6774185358812379,0.04620926934807701,0.009994424210826906,0.5599117204945046,0.00013262499810820543,0.00013262499810820543,1.560294095390652
43990,0.004312317825539699,0.002241905969658252,0.7535818385405888,0.02821843362545424,0.010077866283672781,0.6775036157090945,0.04620042444115095,0.009995927845004336,0.5599959577033241,0.0001326551538603901,0.0001326551538603901,1.5606488689457658
44000,0.004310912582109854,0.002242144861041325,0.7536621381651513,0.02821099112321508,0.010079131509053438,0.677588672877542,0.046191581172446095,0.009997431200684161,0.5600801793100371,0.0001326853096125748,0.0001326853096125748,1.5610036425008798
44010,0.004309507824635836,0.0022423836698119083,0.7537424100208094,0.02820355060328185,0.010080396397442088,0.6776737073910647,0.046182739541701094,0.009998934277910812,0.5601643853171323,0.00013271546536475947,0.00013271546536475947,1.5613584160559937
44020,0.004308103553019443,0.002242622395986695,0.7538226541131747,0.028196112065262194,0.01008166094890543,0.6777587192541464,0.04617389954865464,0.01000043707672871,0.5602485757270985,0.00013274562111694415,0.00013274562111694415,1.5617131896111076
44030,0.0043066997671624765,0.0022428610395823795,0.7539028704478586,0.028188675508763757,0.010082925163510163,0.6778437084712714,0.046165061193045406,0.010001939597182279,0.5603327505424246,0.00013277577686912883,0.00013277577686912883,1.5620679631662213
44040,0.004305296466966735,0.0022430996006156554,0.7539830590304722,0.028181240933394178,0.010084189041322992,0.6779286750469238,0.04615622447461206,0.010003441839315947,0.5604169097655993,0.0001328059326213135,0.0001328059326213135,1.5624227367213352
44050,0.004303893652334018,0.0022433380791032176,0.7540632198666277,0.028173808338761104,0.010085452582410614,0.6780136189855874,0.0461473893930933,0.010004943803174137,0.5605010533991114,0.0001328360883734982,0.0001328360883734982,1.5627775102764492
44060,0.004302491323166124,0.0022435764750617596,0.7541433529619359,0.028166377724472183,0.010086715786839732,0.6780985402917465,0.04613855594822777,0.010006445488801275,0.5605851814454496,0.00013286624412568284,0.00013286624412568284,1.5631322838315627
44070,0.004301089479364855,0.0022438147885079753,0.7542234583220084,0.028158949090135048,0.010087978654677046,0.6781834389698853,0.04612972413975418,0.010007946896241788,0.560669293907103,0.00013289639987786752,0.00013289639987786752,1.5634870573866766
44080,0.004299688120832009,0.002244053019458559,0.7543035359524568,0.028151522435357346,0.010089241185989254,0.6782683150244875,0.04612089396741118,0.010009448025540095,0.56075339078656,0.0001329265556300522,0.0001329265556300522,1.5638418309417905
44090,0.004298287247469387,0.002244291167930205,0.7543835858588924,0.028144097759746724,0.01009050338084306,0.6783531684600376,0.04611206543093746,0.01001094887674063,0.5608374720863099,0.00013295671138223688,0.00013295671138223688,1.5641966044969045
44100,0.004296886859178787,0.0022445292339396067,0.7544636080469266,0.028136675062910822,0.010091765239305162,0.6784379992810192,0.046103238530071686,0.01001244944988781,0.5609215378088409,0.00013298686713442156,0.00013298686713442156,1.5645513780520182
44110,0.004295486955862009,0.002244767217503459,0.754543602522171,0.028129254344457285,0.010093026761442265,0.6785228074919168,0.04609441326455255,0.010013949745026065,0.5610055879566423,0.00013301702288660624,0.00013301702288660624,1.564906151607132
44120,0.004294087537420854,0.0022450051186384554,0.7546235692902371,0.028121835603993756,0.010094287947321064,0.6786075930972143,0.046085589634118705,0.010015449762199818,0.5610896225322027,0.0001330471786387909,0.0001330471786387909,1.5652609251622458
44130,0.00429268860375712,0.0022452429373612903,0.7547035083567362,0.02811441884112788,0.010095548797008263,0.6786923561013957,0.04607676763850884,0.010016949501453494,0.5611736415380109,0.00013307733439097558,0.00013307733439097558,1.5656156987173595
44140,0.004291290154772608,0.002245480673688657,0.7547834197272797,0.0281070040554673,0.010096809310570562,0.6787770965089452,0.046067947277461635,0.010018448962831519,0.5612576449765557,0.00013310749014316026,0.00013310749014316026,1.5659704722724734
44150,0.004289892190369116,0.002245718327637251,0.7548633034074792,0.028099591246619655,0.010098069488074662,0.678861814324347,0.04605912855071576,0.010019948146378316,0.5613416328503259,0.00013313764589534494,0.00013313764589534494,1.5663252458275874
44160,0.004288494710448445,0.002245955899223765,0.7549431594029461,0.028092180414192595,0.010099329329587261,0.6789465095520847,0.0460503114580099,0.010021447052138316,0.5614256051618104,0.00013316780164752962,0.00013316780164752962,1.5666800193827013
44170,0.004287097714912394,0.0022461933884648936,0.7550229877192919,0.028084771557793757,0.010100588835175063,0.6790311821966428,0.046041495999082714,0.010022945680155937,0.5615095619134979,0.0001331979573997143,0.0001331979573997143,1.5670347929378152
44180,0.004285701203662763,0.0022464307953773306,0.7551027883621279,0.028077364677030793,0.010101848004904768,0.6791158322625053,0.046032682173672894,0.010024444030475605,0.561593503107877,0.00013322811315189898,0.00013322811315189898,1.567389566492929
44190,0.004284305176601354,0.0022466681199777706,0.7551825613370656,0.02806995977151134,0.010103106838843075,0.6792004597541562,0.046023869981519104,0.01002594210314175,0.561677428747437,0.00013325826890408366,0.00013325826890408366,1.5677443400480429
44200,0.004282909633629961,0.0022469053622829072,0.7552623066497166,0.028062556840843036,0.010104365337056685,0.6792850646760795,0.04601505942236003,0.010027439898198792,0.5617613388346663,0.0001332884246562683,0.0001332884246562683,1.5680991136031566
44210,0.004281514574650388,0.0022471425223094346,0.7553420243056922,0.02805515588463354,0.010105623499612302,0.6793696470327597,0.04600625049593434,0.010028937415691158,0.5618452333720537,0.000133318580408453,0.000133318580408453,1.5684538871582703
44220,0.004280119999564433,0.002247379600074047,0.755421714310604,0.028047756902490478,0.010106881326576621,0.6794542068286804,0.045997443201980716,0.010030434655663275,0.5619291123620883,0.00013334873616063767,0.00013334873616063767,1.5688086607133842
44230,0.004278725908273896,0.0022476165955934383,0.7555013766700633,0.028040359894021507,0.010108138818016347,0.6795387440683258,0.04598863754023783,0.010031931618159566,0.5620129758072586,0.00013337889191282235,0.00013337889191282235,1.5691634342684981
44240,0.004277332300680578,0.0022478535088843025,0.7555810113896814,0.028032964858834265,0.010109395973998177,0.6796232587561799,0.045979833510444365,0.010033428303224455,0.5620968237100535,0.00013340904766500703,0.00013340904766500703,1.569518207823612
44250,0.004275939176686276,0.002248090339963334,0.7556606184750702,0.02802557179653639,0.010110652794588816,0.679707750896727,0.04597103111233899,0.01003492471090237,0.562180656072962,0.0001334392034171917,0.0001334392034171917,1.5698729813787258
44260,0.004274546536192792,0.002248327088847226,0.7557401979318407,0.028018180706735535,0.010111909279854961,0.6797922204944511,0.04596223034566038,0.010036420841237733,0.5622644728984725,0.00013346935916937636,0.00013346935916937636,1.5702277549338395
44270,0.004273154379101923,0.0022485637555526737,0.7558197497656045,0.02801079158903934,0.010113165429863315,0.6798766675538362,0.045953431210147215,0.010037916694274972,0.5623482741890741,0.00013349951492156104,0.00013349951492156104,1.5705825284889534
44280,0.004271762705315472,0.0022488003400963704,0.7558992739819731,0.02800340444305545,0.010114421244680576,0.6799610920793664,0.04594463370553817,0.01003941227005851,0.5624320599472554,0.00013352967067374572,0.00013352967067374572,1.5709373020440671
44290,0.0042703715147352364,0.0022490368424950102,0.755978770586558,0.027996019268391504,0.010115676724373447,0.6800454940755257,0.045935837831571916,0.010040907568632771,0.5625158301755054,0.0001335598264259304,0.0001335598264259304,1.571292075599181
44300,0.004268980807263017,0.002249273262765288,0.7560582395849706,0.027988636064655147,0.010116931869008628,0.6801298735467984,0.04592704358798714,0.010042402590042184,0.5625995848763129,0.00013358998217811508,0.00013358998217811508,1.571646849154295
44310,0.0042675905828006115,0.002249509600923897,0.7561376809828224,0.027981254831454028,0.01011818667865282,0.6802142304976684,0.04591825097452251,0.01004389733433117,0.5626833240521665,0.00013362013793029976,0.00013362013793029976,1.572001622709409
44320,0.004266200841249821,0.002249745856987531,0.7562170947857246,0.02797387556839578,0.01011944115337272,0.6802985649326198,0.0459094599909167,0.010045391801544158,0.5627670477055551,0.00013365029368248444,0.00013365029368248444,1.5723563962645228
44330,0.0042648115825124466,0.0022499820309728846,0.7562964809992888,0.02796649827508805,0.010120695293235034,0.6803828768561366,0.0459006706369084,0.01004688599172557,0.5628507558389675,0.00013368044943466912,0.00013368044943466912,1.5727111698196365
44340,0.004263422806490285,0.002250218122896652,0.7563758396291267,0.027959122951138487,0.010121949098306458,0.680467166272703,0.04589188291223627,0.010048379904919833,0.5629344484548926,0.00013371060518685377,0.00013371060518685377,1.5730659433747503
44350,0.004262034513085137,0.0022504541327755274,0.7564551706808494,0.02795174959615473,0.010123202568653698,0.6805514331868032,0.04588309681663899,0.010049873541171369,0.563018125555819,0.00013374076093903845,0.00013374076093903845,1.573420716929864
44360,0.0042606467021988025,0.002250690060626204,0.7565344741600685,0.02794437820974443,0.010124455704343449,0.6806356776029208,0.045874312349855235,0.010051366900524607,0.5631017871442358,0.00013377091669122313,0.00013377091669122313,1.573775490484978
44370,0.004259259373733082,0.0022509259064653767,0.7566137500723955,0.027937008791515214,0.010125708505442416,0.6807198995255405,0.04586552951162369,0.01005285998302397,0.5631854332226315,0.00013380107244340781,0.00013380107244340781,1.5741302640400918
44380,0.004257872527589773,0.002251161670309739,0.7566929984234416,0.02792964134107474,0.010126960972017297,0.680804098959146,0.04585674830168302,0.010054352788713883,0.5632690637934948,0.0001338312281955925,0.0001338312281955925,1.5744850375952057
44390,0.004256486163670677,0.0022513973521759855,0.7567722192188185,0.027922275858030646,0.010128213104134792,0.6808882759082212,0.04584796871977191,0.010055845317638772,0.563352678859315,0.00013386138394777717,0.00013386138394777717,1.5748398111503197
44400,0.004255100281877594,0.0022516329520808095,0.7568514124641377,0.027914912341990575,0.010129464901861604,0.6809724303772505,0.045839190765629034,0.010057337569843061,0.5634362784225805,0.00013389153969996183,0.00013389153969996183,1.5751945847054332
44410,0.004253714882112321,0.002251868470040906,0.7569305781650104,0.027907550792562172,0.010130716365264433,0.6810565623707181,0.045830414438993064,0.010058829545371175,0.5635198624857801,0.0001339216954521465,0.0001339216954521465,1.575549358260547
44420,0.004252329964276659,0.0022521039060729685,0.7570097163270482,0.02790019120935308,0.010131967494409979,0.6811406718931077,0.04582163973960268,0.01006032124426754,0.5636034310514029,0.0001339518512043312,0.0001339518512043312,1.575904131815661
44430,0.004250945528272409,0.002252339260193691,0.7570888269558625,0.027892833591970943,0.010133218289364941,0.6812247589489034,0.045812866667196556,0.010061812666576582,0.5636869841219374,0.00013398200695651587,0.00013398200695651587,1.5762589053707747
44440,0.00424956157400137,0.002252574532419768,0.7571679100570647,0.027885477940023405,0.010134468750196024,0.6813088235425897,0.045804095221513366,0.010063303812342725,0.5637705216998725,0.00013401216270870055,0.00013401216270870055,1.5766136789258887
44450,0.00424817810136534,0.002252809722767893,0.7572469656362665,0.027878124253118104,0.010135718876969926,0.6813928656786503,0.04579532540229179,0.010064794681610393,0.5638540437876971,0.00013404231846088523,0.00013404231846088523,1.5769684524810026
44460,0.00424679511026612,0.0022530448312547604,0.757325993699079,0.02787077253086269,0.010136968669753344,0.6814768853615693,0.0457865572092705,0.010066285274424012,0.5639375503878998,0.0001340724742130699,0.0001340724742130699,1.5773232260361165
44470,0.0042454126006055085,0.002253279857897064,0.7574049942511139,0.027863422772864802,0.010138218128612986,0.6815608825958309,0.045777790642188176,0.010067775590828007,0.5640210415029696,0.0001341026299652546,0.0001341026299652546,1.5776779995912302
44480,0.004244030572285307,0.0022535148027114983,0.7574839672979825,0.02785607497873209,0.010139467253615548,0.6816448573859192,0.04576902570078349,0.010069265630866804,0.5641045171353952,0.00013413278571743924,0.00013413278571743924,1.578032773146344
44490,0.004242649025207315,0.002253749665714757,0.7575629128452964,0.02784872914807219,0.010140716044827731,0.681728809736318,0.04576026238479512,0.010070755394584827,0.5641879772876653,0.00013416294146962392,0.00013416294146962392,1.5783875467014579
44500,0.004241267959273331,0.0022539844469235343,0.757641830898667,0.027841385280492747,0.010141964502316237,0.6818127396515116,0.04575150069396175,0.010072244882026501,0.564271421962269,0.0001341930972218086,0.0001341930972218086,1.5787423202565716
44510,0.004239887374385154,0.0022542191463545244,0.7577207214637056,0.027834043375601407,0.010143212626147764,0.6818966471359841,0.04574274062802204,0.01007373409323625,0.5643548511616947,0.00013422325297399328,0.00013422325297399328,1.5790970938116855
44520,0.004238507270444586,0.002254453764024421,0.7577995845460238,0.02782670343300581,0.010144460416389015,0.6819805321942194,0.04573398218671468,0.010075223028258503,0.5644382648884315,0.00013425340872617793,0.00013425340872617793,1.5794518673667992
44530,0.004237127647353425,0.0022546882999499186,0.757878420151233,0.027819365452313602,0.01014570787310669,0.6820643948307018,0.045725225369778334,0.01007671168713768,0.5645216631449681,0.00013428356447836261,0.00013428356447836261,1.579806640921913
44540,0.0042357485050134695,0.0022549227541477108,0.7579572282849447,0.027812029433132428,0.01014695499636749,0.6821482350499152,0.04571647017695169,0.010078200069918209,0.5646050459337932,0.0001343137202305473,0.0001343137202305473,1.5801614144770268
44550,0.004234369843326522,0.0022551571266344918,0.7580360089527702,0.02780469537506993,0.010148201786238115,0.6822320528563438,0.04570771660797342,0.010079688176644517,0.5646884132573958,0.00013434387598273197,0.00013434387598273197,1.5805161880321408
44560,0.004232991662194381,0.002255391417426956,0.7581147621603213,0.027797363277733748,0.010149448242785266,0.6823158482544716,0.04569896466258219,0.010081176007361026,0.5647717651182648,0.00013437403173491665,0.00013437403173491665,1.5808709615872547
44570,0.004231613961518844,0.002255625626541797,0.7581934879132091,0.02779003314073153,0.010150694366075644,0.6823996212487826,0.045690214340516684,0.010082663562112161,0.5648551015188886,0.00013440418748710133,0.00013440418748710133,1.5812257351423684
44580,0.004230236741201715,0.0022558597539957094,0.7582721862170452,0.027782704963670916,0.010151940156175947,0.6824833718437611,0.04568146564151559,0.010084150840942347,0.5649384224617562,0.00013443434323928601,0.00013443434323928601,1.5815805086974823
44590,0.004228860001144789,0.0022560937998053867,0.7583508570774409,0.027775378746159547,0.01015318561315288,0.682567100043891,0.045672718565317565,0.010085637843896012,0.5650217279493563,0.0001344644989914707,0.0001344644989914707,1.5819352822525963
44600,0.004227483741249869,0.002256327763987523,0.7584295005000077,0.027768054487805074,0.01015443073707314,0.6826508058536563,0.045663973111661295,0.010087124571017578,0.5651050179841781,0.00013449465474365537,0.00013449465474365537,1.5822900558077102
44610,0.0042261079614187525,0.002256561646558813,0.7585081164903571,0.02776073218821514,0.010155675528003429,0.6827344892775413,0.04565522928028545,0.01008861102235147,0.5651882925687098,0.00013452481049584005,0.00013452481049584005,1.5826448293628241
44620,0.004224732661553241,0.0022567954475359495,0.7585867050541006,0.027753411846997388,0.010156919986010447,0.6828181503200299,0.045646487070928714,0.010090097197942117,0.5652715517054407,0.0001345549662480247,0.0001345549662480247,1.5829996029179376
44630,0.0042233578415551325,0.0022570291669356283,0.7586652661968497,0.027746093463759454,0.010158164111160897,0.6829017889856065,0.04563774648332976,0.010091583097833938,0.5653547953968593,0.0001345851220002094,0.0001345851220002094,1.5833543764730516
44640,0.004221983501326227,0.002257262804774542,0.7587437999242157,0.027738777038108984,0.010159407903521475,0.6829854052787545,0.04562900751722726,0.010093068722071365,0.5654380236454546,0.00013461527775239407,0.00013461527775239407,1.5837091500281655
44650,0.004220609640768326,0.0022574963610693852,0.7588223062418101,0.027731462569653628,0.010160651363158886,0.6830689992039586,0.04562027017235989,0.010094554070698817,0.5655212364537152,0.00013464543350457875,0.00013464543350457875,1.5840639235832792
44660,0.004219236259783226,0.0022577298358368524,0.7589007851552444,0.027724150058001017,0.01016189449013983,0.6831525707657028,0.04561153444846633,0.010096039143760721,0.5656044338241301,0.00013467558925676343,0.00013467558925676343,1.5844186971383931
44670,0.004217863358272729,0.002257963229093637,0.7589792366701299,0.02771683950275881,0.010163137284531006,0.6832361199684708,0.04560280034528526,0.010097523941301503,0.5656876157591878,0.00013470574500894808,0.00013470574500894808,1.5847734706935066
44680,0.0042164909361386334,0.002258196540856433,0.7590576607920784,0.02770953090353464,0.010164379746399114,0.6833196468167471,0.04559406786255534,0.010099008463365589,0.5657707822613776,0.00013473590076113276,0.00013473590076113276,1.5851282442486205
44690,0.004215118993282739,0.0022584297711419348,0.7591360575267007,0.027702224259936153,0.010165621875810856,0.6834031513150155,0.04558533700001527,0.010100492709997402,0.5658539333331878,0.00013476605651331744,0.00013476605651331744,1.5854830178037345
44700,0.0042137475296068466,0.002258662919966837,0.7592144268796089,0.027694919571570997,0.010166863672832933,0.6834866334677602,0.0455766077574037,0.010101976681241367,0.5659370689771074,0.00013479621226550212,0.00013479621226550212,1.5858377913588484
44710,0.004212376545012755,0.0022588959873478323,0.7592927688564142,0.027687616838046804,0.010168105137532045,0.6835700932794652,0.045567880134459324,0.010103460377141913,0.5660201891956255,0.0001348263680176868,0.0001348263680176868,1.5861925649139623
44720,0.004211006039402263,0.002259128973301616,0.759371083462728,0.02768031605897123,0.010169346269974892,0.6836535307546145,0.04555915413092081,0.01010494379774346,0.5661032939912302,0.00013485652376987148,0.00013485652376987148,1.586547338469076
44730,0.004209636012677173,0.0022593618778448815,0.7594493707041617,0.02767301723395191,0.010170587070228177,0.6837369458976925,0.045550429746526844,0.010106426943090434,0.5661863833664108,0.00013488667952205616,0.00013488667952205616,1.58690211202419
44740,0.0042082664647392805,0.0022595947009943227,0.7595276305863269,0.027665720362596492,0.010171827538358599,0.6838203387131829,0.04554170698101609,0.010107909813227262,0.5662694573236562,0.0001349168352742408,0.0001349168352742408,1.5872568855793037
44750,0.004206897395490388,0.002259827442766635,0.7596058631148351,0.027658425444512618,0.010173067674432858,0.6839037092055702,0.04553298583412723,0.010109392408198367,0.5663525158654548,0.0001349469910264255,0.0001349469910264255,1.5876116591344174
44760,0.004205528804832295,0.0022600601031785104,0.7596840682952976,0.02765113247930793,0.010174307478517655,0.683987057379338,0.04552426630559894,0.010110874728048176,0.5664355589942957,0.00013497714677861017,0.00013497714677861017,1.5879664326895313
44770,0.004204160692666801,0.0022602926822466447,0.7597622461333259,0.027643841466590074,0.01017554695067969,0.6840703832389706,0.0455155483951699,0.010112356772821116,0.5665185867126675,0.00013500730253079485,0.00013500730253079485,1.5883212062446452
44780,0.004202793058895704,0.002260525179987731,0.7598403966345314,0.027636552405966693,0.010176786090985665,0.6841536867889522,0.045506832102578776,0.010113838542561607,0.5666015990230592,0.00013503745828297953,0.00013503745828297953,1.5886759797997592
44790,0.004201425903420805,0.0022607575964184636,0.7599185198045256,0.027629265297045427,0.01017802489950228,0.6842369680337668,0.04549811742756425,0.010115320037314076,0.5666845959279594,0.0001350676140351642,0.0001350676140351642,1.5890307533548729
44800,0.004200059226143905,0.002260989931555537,0.7599966156489198,0.027621980139433924,0.010179263376296236,0.6843202269778982,0.04548940436986499,0.01011680125712295,0.5667675774298572,0.0001350977697873489,0.0001350977697873489,1.5893855269099868
44810,0.004198693026966801,0.0022612221854156444,0.7600746841733258,0.027614696932739824,0.010180501521434234,0.6844034636258307,0.045480692929219683,0.01011828220203265,0.5668505435312409,0.00013512792553953355,0.00013512792553953355,1.5897403004651005
44820,0.004197327305791294,0.0022614543580154805,0.7601527253833547,0.027607415676570768,0.010181739334982972,0.6844866779820485,0.045471983105367,0.010119762872087608,0.5669334942345998,0.00013515808129171823,0.00013515808129171823,1.5900950740202142
44830,0.0041959620625191835,0.002261686449371739,0.7602307392846182,0.02760013637053441,0.010182976817009153,0.6845698700510354,0.04546327489804562,0.010121243267332242,0.5670164295424225,0.0001351882370439029,0.0001351882370439029,1.5904498475753281
44840,0.0041945972970522695,0.0022619184595011146,0.7603087258827275,0.02759285901423838,0.010184213967579478,0.6846530398372758,0.04545456830699422,0.01012272338781098,0.5670993494571978,0.00013521839279608759,0.00013521839279608759,1.590804621130442
44850,0.004193233009292351,0.002262150388420301,0.7603866851832943,0.027585583607290333,0.010185450786760645,0.6847361873452533,0.04544586333195147,0.010124203233568246,0.5671822539814143,0.00013524854854827227,0.00013524854854827227,1.591159394685556
44860,0.004191869199141227,0.002262382236145992,0.76046461719193,0.02757831014929791,0.010186687274619358,0.6848193125794526,0.04543715997265605,0.010125682804648468,0.5672651431175613,0.00013527870430045695,0.00013527870430045695,1.59151416824067
44870,0.0041905058665007,0.0022626140026948817,0.7605425219142459,0.027571038639868744,0.010187923431222316,0.6849024155443573,0.04542845822884664,0.01012716210109607,0.5673480168681272,0.00013530886005264163,0.00013530886005264163,1.5918689417957836
44880,0.004189143011272566,0.002262845688083664,0.7606203993558535,0.027563769078610488,0.010189159256636219,0.6849854962444516,0.0454197581002619,0.010128641122955473,0.5674308752356007,0.0001353390158048263,0.0001353390158048263,1.5922237153508976
44890,0.004187780633358626,0.002263077292329034,0.7606982495223643,0.027556501465130785,0.01019039475092777,0.6850685546842197,0.045411059586640524,0.010130119870271109,0.5675137182224711,0.00013536917155701096,0.00013536917155701096,1.592578488906011
44900,0.004186418732660682,0.0022633088154476845,0.7607760724193897,0.02754923579903728,0.010191629914163666,0.6851515908681455,0.04540236268772118,0.010131598343087397,0.5675965458312268,0.00013539932730919564,0.00013539932730919564,1.592933262461125
44910,0.00418505730908053,0.0022635402574563103,0.7608538680525413,0.02754197207993761,0.01019286474641061,0.6852346048007132,0.04539366740324255,0.010133076541448764,0.5676793580643565,0.00013542948306138032,0.00013542948306138032,1.593288036016239
44920,0.004183696362519971,0.002263771618371605,0.7609316364274302,0.02753471030743942,0.010194099247735301,0.6853175964864067,0.0453849737329433,0.010134554465399636,0.5677621549243493,0.000135459638813565,0.000135459638813565,1.5936428095713528
44930,0.004182335892880806,0.0022640028982102633,0.7610093775496682,0.027527450481150358,0.01019533341820444,0.6854005659297102,0.045376281676562116,0.010136032114984438,0.567844936413694,0.00013548979456574968,0.00013548979456574968,1.5939975831264668
44940,0.004180975900064833,0.002264234096988979,0.7610870914248669,0.027520192600678065,0.010196567257884731,0.6854835131351079,0.04536759123383767,0.010137509490247595,0.5679277025348793,0.00013551995031793436,0.00013551995031793436,1.5943523566815805
44950,0.004179616383973853,0.002264465214724446,0.7611647780586372,0.027512936665630188,0.01019780076684287,0.6855664381070836,0.04535890240450863,0.01013898659123353,0.5680104532903938,0.000135550106070119,0.000135550106070119,1.5947071302366942
44960,0.004178257344509663,0.0022646962514333577,0.7612424374565908,0.027505682675614367,0.01019903394514556,0.6856493408501215,0.04535021518831368,0.010140463417986672,0.5680931886827267,0.0001355802618223037,0.0001355802618223037,1.5950619037918081
44970,0.004176898781574066,0.0022649272071324092,0.7613200696243392,0.027498430630238237,0.010200266792859503,0.6857322213687059,0.045341529584991505,0.010141939970551442,0.5681759087143665,0.00013561041757448837,0.00013561041757448837,1.5954166773469218
44980,0.004175540695068859,0.0022651580818382946,0.761397674567494,0.027491180529109455,0.010201499310051395,0.6858150796673206,0.04533284559428076,0.010143416248972269,0.5682586133878021,0.00013564057332667305,0.00013564057332667305,1.5957714509020358
44990,0.0041741830848958435,0.002265388875567707,0.7614752522916662,0.027483932371835655,0.01020273149678794,0.6858979157504497,0.04532416321592014,0.010144892253293574,0.5683413027055224,0.00013567072907885773,0.00013567072907885773,1.5961262244571497
45000,0.004172825950956818,0.0022656195883373415,0.7615528028024676,0.027476686158024486,0.01020396335313584,0.6859807296225774,0.04531548244964831,0.010146367983559786,0.568423976670016,0.0001357008848310424,0.0001357008848310424,1.5964809980122636
45010,0.004171469293153582,0.0022658502201638917,0.7616303261055097,0.02746944188728359,0.010205194879161791,0.6860635212881876,0.04530680329520395,0.010147843439815327,0.5685066352837718,0.0001357310405832271,0.0001357310405832271,1.5968357715673773
45020,0.004170113111387937,0.0022660807710640513,0.7617078222064038,0.027462199559220614,0.010206426074932499,0.6861462907517646,0.04529812575232573,0.010149318622104622,0.5685892785492785,0.00013576119633541177,0.00013576119633541177,1.5971905451224913
45030,0.00416875740556168,0.002266311241054515,0.7617852911107612,0.02745495917344319,0.01020765694051466,0.6862290380177921,0.04528944982075234,0.010150793530472099,0.5686719064690251,0.00013579135208759642,0.00013579135208759642,1.597545318677605
45040,0.004167402175576612,0.0022665416301519766,0.7618627328241937,0.027447720729558978,0.010208887475974976,0.6863117630907546,0.04528077550022244,0.010152268164962182,0.5687545190455005,0.0001358215078397811,0.0001358215078397811,1.5979000922327187
45050,0.004166047421334533,0.00226677193837313,0.7619401473523125,0.027440484227175606,0.01021011768138015,0.686394465975136,0.04527210279047472,0.010153742525619295,0.5688371162811929,0.00013585166359196578,0.00013585166359196578,1.5982548657878326
45060,0.004164693142737243,0.0022670021657346696,0.7620175347007292,0.027433249665900727,0.010211347556796879,0.6864771466754204,0.045263431691247843,0.010155216612487862,0.5689196981785918,0.00013588181934415046,0.00013588181934415046,1.5986096393429465
45070,0.004163339339686539,0.002267232312253289,0.7620948948750551,0.027426017045341977,0.010212577102291866,0.6865598051960917,0.0452547622022805,0.010156690425612312,0.5690022647401856,0.00013591197509633514,0.00013591197509633514,1.5989644128980605
45080,0.004161986012084224,0.0022674623779456826,0.7621722278809017,0.027418786365107008,0.010213806317931812,0.6866424415416342,0.045246094323311364,0.010158163965037065,0.569084815968463,0.0001359421308485198,0.0001359421308485198,1.599319186453174
45090,0.004160633159832095,0.0022676923628285445,0.7622495337238805,0.02741155762480346,0.010215035203783415,0.686725055716532,0.0452374280540791,0.010159637230806552,0.5691673518659133,0.00013597228660070448,0.00013597228660070448,1.5996739600082879
45100,0.0041592807828319525,0.0022679222669185688,0.7623268124096029,0.027404330824038974,0.010216263759913378,0.686807647725269,0.04522876339432238,0.010161110222965192,0.5692498724350248,0.00013600244235288916,0.00013600244235288916,1.6000287335634018
45110,0.004157928880985597,0.002268152090232449,0.7624040639436802,0.027397105962421193,0.0102174919863884,0.6868902175723294,0.04522010034377989,0.010162582941557415,0.5693323776782866,0.00013603259810507384,0.00013603259810507384,1.6003835071185157
45120,0.004156577454194827,0.00226838183278688,0.7624812883317242,0.027389883039557764,0.010218719883275183,0.6869727652621971,0.045211438902190315,0.010164055386627643,0.5694148675981873,0.00013606275385725852,0.00013606275385725852,1.6007382806736294
45130,0.004155226502361444,0.002268611494598555,0.7625584855793461,0.02738266205505633,0.010219947450640428,0.6870552907993563,0.04520277906929232,0.010165527558220302,0.5694973421972158,0.0001360929096094432,0.0001360929096094432,1.6010930542287434
45140,0.004153876025387245,0.0022688410756841687,0.7626356556921574,0.027375443008524528,0.010221174688550832,0.6871377941882911,0.04519412084482459,0.010166999456379817,0.5695798014778609,0.00013612306536162788,0.00013612306536162788,1.6014478277838573
45150,0.004152526023174032,0.0022690705760604153,0.7627127986757698,0.02736822589957001,0.010222401597073102,0.6872202754334857,0.04518546422852578,0.010168471081150616,0.5696622454426116,0.00013615322111381256,0.00013615322111381256,1.6018026013389712
45160,0.004151176495623603,0.002269299995743988,0.7627899145357943,0.02736101072780042,0.010223628176273931,0.6873027345394238,0.04517680922013459,0.010169942432577118,0.5697446740939561,0.00013618337686599724,0.00013618337686599724,1.602157374894085
45170,0.004149827442637758,0.0022695293347515817,0.7628670032778425,0.027353797492823392,0.010224854426220027,0.68738517151059,0.04516815581938968,0.010171413510703753,0.5698270874343839,0.00013621353261818192,0.00013621353261818192,1.6025121484491989
45180,0.004148478864118297,0.00226975859309989,0.762944064907526,0.027346586194246576,0.010226080346978084,0.6874675863514678,0.04515950402602974,0.010172884315574943,0.5699094854663834,0.00013624368837036657,0.00013624368837036657,1.6028669220043126
45190,0.0041471307599670205,0.002269987770805607,0.7630210994304562,0.027339376831677618,0.010227305938614808,0.6875499790665416,0.04515085383979342,0.010174354847235115,0.5699918681924434,0.00013627384412255125,0.00013627384412255125,1.6032216955594263
45200,0.004145783130085726,0.002270216867885427,0.7630981068522443,0.027332169404724153,0.010228531201196897,0.6876323496602954,0.04514220526041943,0.010175825105728694,0.5700742356150529,0.00013630399987473593,0.00013630399987473593,1.6035764691145402
45210,0.004144435974376215,0.0022704458843560444,0.7631750871785022,0.027324963912993834,0.010229756134791051,0.6877146981372134,0.045133558287646425,0.010177295091100106,0.5701565877367006,0.0001363341556269206,0.0001363341556269206,1.6039312426696541
45220,0.004143089292740286,0.002270674820234152,0.7632520404148411,0.027317760356094296,0.010230980739463973,0.6877970245017796,0.04512491292121308,0.010178764803393773,0.5702389245598752,0.00013636431137910526,0.00013636431137910526,1.6042860162247676
45230,0.004141743085079738,0.0022709036755364453,0.7633289665668723,0.027310558733633188,0.010232205015282362,0.687879328758478,0.04511626916085809,0.010180234242654122,0.5703212460870657,0.00013639446713128994,0.00013639446713128994,1.6046407897798816
45240,0.004140397351296373,0.002271132450279617,0.7634058656402073,0.027303359045218148,0.010233428962312916,0.6879616109117925,0.04510762700632011,0.010181703408925578,0.5704035523207607,0.00013642462288347462,0.00013642462288347462,1.6049955633349955
45250,0.0041390520912919886,0.0022713611444803625,0.7634827376404579,0.027296161290456825,0.010234652580622342,0.6880438709662078,0.04509898645733783,0.010183172302252567,0.5704858432634492,0.0001364547786356593,0.0001364547786356593,1.6053503368901094
45260,0.0041377073049683865,0.002271589758155375,0.7635595825732352,0.02728896546895686,0.010235875870277336,0.6881261089262074,0.04509034751364991,0.010184640922679511,0.5705681189176197,0.00013648493438784398,0.00013648493438784398,1.6057051104452231
45270,0.004136362992227364,0.0022718182913213487,0.7636364004441507,0.027281771580325895,0.010237098831344599,0.6882083247962755,0.04508171017499504,0.010186109270250841,0.5706503792857613,0.00013651509014002866,0.00013651509014002866,1.606059884000337
45280,0.004135019152970721,0.002272046743994978,0.763713191258816,0.027274579624171583,0.010238321463890834,0.6882905185808963,0.0450730744411119,0.010187577345010974,0.5707326243703627,0.00013654524589221334,0.00013654524589221334,1.606414657555451
45290,0.00413367578710026,0.0022722751161929565,0.7637899550228424,0.027267389600101555,0.010239543767982738,0.6883726902845537,0.045064440311739146,0.010189045147004342,0.5708148541739126,0.00013657540164439802,0.00013657540164439802,1.606769431110565
45300,0.004132332894517777,0.0022725034079319785,0.7638666917418414,0.02726020150772346,0.010240765743687015,0.6884548399117321,0.04505580778661548,0.010190512676275366,0.5708970686989001,0.00013660555739658268,0.00013660555739658268,1.6071242046656784
45310,0.004130990469169216,0.002272731620241234,0.7639434017617592,0.027253015334119213,0.010241987393199736,0.6885369676100662,0.04504717686231454,0.010191979933406526,0.5709792679779566,0.00013663571314876736,0.00013663571314876736,1.6074789782207923
45320,0.004129648473294126,0.0022729597595399988,0.7640200872403357,0.027245830999704436,0.010243208730050248,0.6886190742890922,0.04503854751857517,0.010193446921842219,0.5710614522040458,0.00013666586890095204,0.00013666586890095204,1.6078337517759063
45330,0.00412830690017333,0.0022731878269705344,0.7640967485615241,0.0272386484902016,0.010244429756665731,0.6887011601119819,0.04502991975165471,0.010194913642218697,0.5711436214128122,0.00013669602465313672,0.00013669602465313672,1.6081885253310202
45340,0.004126965749694864,0.0022734158225518734,0.7641733857317221,0.02723146780523057,0.010245650473110806,0.6887832250830792,0.04502129356132341,0.010196380094575018,0.5712257756064436,0.0001367261804053214,0.0001367261804053214,1.608543298886134
45350,0.004125625021746765,0.0022736437463030503,0.7642499987573278,0.02722428894441121,0.010246870879450096,0.688865269206729,0.045012668947351474,0.010197846278950248,0.5713079147871287,0.00013675633615750605,0.00013675633615750605,1.6088980724412476
45360,0.00412428471621707,0.0022738715982430985,0.7643265876447389,0.027217111907363395,0.010248090975748225,0.6889472924872755,0.04500404590950912,0.010199312195383446,0.5713900389570558,0.00013678649190969073,0.00013678649190969073,1.6092528459963613
45370,0.0041229448329938145,0.002274099378391052,0.7644031524003535,0.02720993669370698,0.010249310762069815,0.6890292949290631,0.04499542444756659,0.010200777843913678,0.5714721481184133,0.0001368166476618754,0.0001368166476618754,1.6096076195514752
45380,0.0041216053719650364,0.0022743270867659443,0.7644796930305694,0.027202763303061837,0.01025053023847949,0.6891112765364362,0.044986804561294086,0.010202243224580004,0.5715542422733896,0.0001368468034140601,0.0001368468034140601,1.6099623931065892
45390,0.004120266333018772,0.002274554723386809,0.7645562095417845,0.027195591735047833,0.01025174940504187,0.6891932373137392,0.044978186250461835,0.010203708337421485,0.5716363214241729,0.00013687695916624477,0.00013687695916624477,1.610317166661703
45400,0.004118927716043058,0.0022747822882726804,0.7646327019403968,0.02718842198928483,0.010252968261821581,0.6892751772653163,0.04496956951484007,0.010205173182477188,0.5717183855729517,0.00013690711491842945,0.00013690711491842945,1.610671940216817
45410,0.00411758952092593,0.002275009781442592,0.764709170232804,0.027181254065392693,0.010254186808883244,0.689357096395512,0.04496095435419899,0.010206637759786169,0.5718004347219142,0.00013693727067061413,0.00013693727067061413,1.6110267137719307
45420,0.004116251747555426,0.002275237202915578,0.7647856144254042,0.027174087962991294,0.010255405046291481,0.6894389947086709,0.044952340768308834,0.010208102069387496,0.5718824688732491,0.00013696742642279878,0.00013696742642279878,1.6113814873270444
45430,0.004114914395819582,0.0022754645527106715,0.7648620345245953,0.027166923681700494,0.010256622974110919,0.6895208722091373,0.04494372875693982,0.010209566111320229,0.5719644880291445,0.00013699758217498346,0.00013699758217498346,1.6117362608821584
45440,0.004113577465606435,0.0022756918308469067,0.7649384305367752,0.02715976122114016,0.010257840592406175,0.6896027289012554,0.04493511831986216,0.01021102988562343,0.5720464921917888,0.00013702773792716814,0.00013702773792716814,1.612091034437272
45450,0.00411224095680402,0.0022759190373433168,0.7650148024683417,0.02715260058093016,0.010259057901241875,0.6896845647893697,0.04492650945684609,0.010212493392336161,0.5721284813633704,0.00013705789367935282,0.00013705789367935282,1.612445807992386
45460,0.004110904869300376,0.0022761461722189363,0.7650911503256927,0.027145441760690357,0.010260274900682641,0.6897663798778245,0.04491790216766183,0.010213956631497486,0.5722104555460776,0.0001370880494315375,0.0001370880494315375,1.6128005815475
45470,0.004109569202983538,0.002276373235492799,0.7651674741152265,0.02713828476004062,0.010261491590793098,0.6898481741709644,0.04490929645207959,0.010215419603146467,0.572292414742099,0.00013711820518372218,0.00013711820518372218,1.6131553551026139
45480,0.004108233957741544,0.0022766002271839376,0.7652437738433402,0.02713112957860081,0.010262707971637865,0.6899299476731336,0.0449006923098696,0.010216882307322166,0.5723743589536227,0.00013714836093590686,0.00013714836093590686,1.6135101286577276
45490,0.00410689913346243,0.0022768271473113874,0.7653200495164326,0.0271239762159908,0.010263924043281566,0.6900117003886767,0.04489208974080208,0.010218344744063645,0.5724562881828372,0.00013717851668809152,0.00013717851668809152,1.6138649022128413
45500,0.004105564730034233,0.0022770539958941807,0.7653963011409011,0.02711682467183045,0.010265139805788826,0.6900934323219378,0.04488348874464725,0.010219806913409965,0.5725382024319309,0.0001372086724402762,0.0001372086724402762,1.6142196757679552
45510,0.0041042307473449875,0.0022772807729513522,0.7654725287231435,0.027109674945739626,0.010266355259224265,0.6901751434772614,0.04487488932117534,0.01022126881540019,0.572620101703092,0.00013723882819246088,0.00013723882819246088,1.614574449323069
45520,0.004102897185282733,0.002277507478501936,0.7655487322695581,0.0271025270373382,0.010267570403652507,0.690256833858992,0.044866291470156555,0.010222730450073384,0.5727019859985089,0.00013726898394464556,0.00013726898394464556,1.6149292228781829
45530,0.004101564043735504,0.0022777341125649647,0.7656249117865428,0.02709538094624603,0.010268785239138177,0.690338503471474,0.04485769519136113,0.010224191817468605,0.57278385532037,0.00013729913969683024,0.00013729913969683024,1.6152839964332968
45540,0.004100231322591339,0.002277960675159473,0.765701067280495,0.02708823667208299,0.010269999765745894,0.6904201523190516,0.04484910048455928,0.01022565291762492,0.5728657096708639,0.00013732929544901492,0.00013732929544901492,1.6156387699884107
45550,0.004098899021738274,0.0022781871663044937,0.7657771987578129,0.027081094214468943,0.010271213983540282,0.6905017804060692,0.04484050734952123,0.010227113750581388,0.5729475490521786,0.0001373594512011996,0.0001373594512011996,1.6159935435435246
45560,0.004097567141064344,0.002278413586019062,0.7658533062248946,0.027073953573023748,0.010272427892585964,0.6905833877368714,0.0448319157860172,0.010228574316377073,0.5730293734665027,0.00013738960695338425,0.00013738960695338425,1.6163483170986381
45570,0.004096235680457588,0.0022786399343222106,0.765929389688138,0.02706681474736728,0.010273641492947565,0.6906649743158025,0.04482332579381741,0.010230034615051037,0.5731111829160245,0.00013741976270556893,0.00013741976270556893,1.616703090653752
45580,0.004094904639806041,0.0022788662112329734,0.7660054491539405,0.027059677737119404,0.010274854784689704,0.6907465401472069,0.04481473737269209,0.010231494646642343,0.5731929774029324,0.0001374499184577536,0.0001374499184577536,1.6170578642088658
45590,0.004093574018997741,0.0022790924167703846,0.7660814846287007,0.027052542541899982,0.010276067767877005,0.6908280852354288,0.04480615052241145,0.01023295441119005,0.5732747569294145,0.0001374800742099383,0.0001374800742099383,1.6174126377639797
45600,0.004092243817920723,0.0022793185509534775,0.7661574961188159,0.02704540916132888,0.010277280442574092,0.6909096095848128,0.044797565242745724,0.010234413908733225,0.5733565214976597,0.00013751022996212297,0.00013751022996212297,1.6177674113190936
45610,0.0040909140364630255,0.002279544613801286,0.7662334836306842,0.027038277595025965,0.010278492808845588,0.6909911131997033,0.04478898153346512,0.010235873139310927,0.5734382711098558,0.00013754038571430765,0.00013754038571430765,1.6181221848742076
45620,0.004089584674512684,0.002279770605332844,0.7663094471707039,0.027031147842611108,0.010279704866756114,0.6910725960844446,0.044780399394339865,0.01023733210296222,0.5735200057681916,0.00013757054146649233,0.00013757054146649233,1.6184769584293215
45630,0.004088255731957735,0.0022799965255671855,0.7663853867452725,0.027024019903704167,0.010280916616370294,0.691154058243381,0.04477181882514018,0.010238790799726167,0.5736017254748553,0.00013760069721867698,0.00013760069721867698,1.618831731984435
45640,0.004086927208686215,0.002280222374523344,0.7664613023607878,0.027016893777925013,0.01028212805775275,0.6912354996808571,0.04476323982563629,0.010240249229641828,0.5736834302320352,0.00013763085297086166,0.00013763085297086166,1.619186505539549
45650,0.0040855991045861614,0.002280448152220353,0.7665371940236481,0.02700976946489351,0.010283339190968105,0.6913169204012171,0.044754662395598416,0.010241707392748267,0.5737651200419197,0.00013766100872304634,0.00013766100872304634,1.6195412790946628
45660,0.0040842714195456105,0.0022806738586772465,0.7666130617402508,0.027002646964229524,0.010284550016080984,0.6913983204088056,0.04474608653479678,0.010243165289084545,0.5738467949066972,0.00013769116447523102,0.00013769116447523102,1.6198960526497765
45670,0.0040829441534525985,0.0022808994939130588,0.7666889055169945,0.026995526275552923,0.010285760533156005,0.6914796997079666,0.0447375122430016,0.010244622918689727,0.5739284548285561,0.0001377213202274157,0.0001377213202274157,1.6202508262048905
45680,0.004081617306195163,0.002281125057946823,0.7667647253602765,0.026988407398483568,0.010286970742257795,0.6915610583030449,0.044728939519983094,0.010246080281602872,0.5740100998096848,0.00013775147597960038,0.00013775147597960038,1.6206055997600044
45690,0.00408029087766134,0.0022813505507975726,0.766840521276495,0.026981290332641333,0.010288180643450976,0.6916423961983849,0.04472036836551149,0.010247537377863044,0.5740917298522713,0.00013778163173178504,0.00013778163173178504,1.6209603733151179
45700,0.004078964867739166,0.0022815759724843423,0.7669162932720478,0.026974175077646073,0.010289390236800169,0.6917237133983306,0.044711798779357007,0.010248994207509306,0.5741733449585046,0.00013781178748396972,0.00013781178748396972,1.6213151468702318
45710,0.004077639276316679,0.002281801323026165,0.7669920413533327,0.026967061633117666,0.010290599522369999,0.6918050099072267,0.044703230761289875,0.010250450770580719,0.5742549451305724,0.0001378419432361544,0.0001378419432361544,1.6216699204253457
45720,0.0040763141032819136,0.0022820266024420753,0.7670677655267479,0.02695994999867597,0.010291808500225087,0.6918862857294176,0.0446946643110803,0.010251907067116347,0.5743365303706637,0.00013787209898833908,0.00013787209898833908,1.6220246939804597
45730,0.004074989348522907,0.0022822518107511063,0.7671434657986912,0.026952840173940854,0.010293017170430057,0.6919675408692474,0.044686099428498514,0.01025336309715525,0.5744181006809664,0.00013790225474052376,0.00013790225474052376,1.6223794675355734
45740,0.004073665011927696,0.002282476947972292,0.7672191421755603,0.02694573215853218,0.010294225533049532,0.6920487753310608,0.044677536113314736,0.010254818860736491,0.574499656063669,0.00013793241049270844,0.00013793241049270844,1.6227342410906873
45750,0.004072341093384319,0.002282702014124666,0.7672947946637532,0.02693862595206982,0.010295433588148132,0.692129989119202,0.044668974365299194,0.010256274357899135,0.5745811965209598,0.00013796256624489312,0.00013796256624489312,1.6230890146458012
45760,0.00407101759278081,0.0022829270092272628,0.7673704232696682,0.026931521554173634,0.010296641335790484,0.6922111822380157,0.04466041418422209,0.010257729588682242,0.5746627220550277,0.00013799272199707777,0.00013799272199707777,1.6234437882009147
45770,0.004069694510005207,0.0022831519332991153,0.7674460279997025,0.026924418964463494,0.010297848776041209,0.6922923546918459,0.04465185556985367,0.010259184553124873,0.5747442326680602,0.00013802287774926245,0.00013802287774926245,1.6237985617560287
45780,0.004068371844945546,0.0022833767863592574,0.7675216088602546,0.026917318182559262,0.010299055908964927,0.692373506485037,0.04464329852196414,0.010260639251266093,0.5748257283622461,0.00013805303350144713,0.00013805303350144713,1.6241533353111426
45790,0.0040670495974898645,0.0022836015684267233,0.7675971658577221,0.0269102192080808,0.010300262734626265,0.6924546376219337,0.04463474304032373,0.010262093683144964,0.5749072091397739,0.0001380831892536318,0.0001380831892536318,1.6245081088662565
45800,0.004065727767526198,0.0022838262795205466,0.7676726989985029,0.026903122040647987,0.010301469253089845,0.6925357481068802,0.044626189124702655,0.010263547848800547,0.5749886750028318,0.0001381133450058165,0.0001381133450058165,1.6248628824213702
45810,0.004064406354942584,0.0022840509196597612,0.7677482082889954,0.026896026679880676,0.010302675464420288,0.6926168379442209,0.044617636774871135,0.010265001748271904,0.5750701259536081,0.00013814350075800117,0.00013814350075800117,1.6252176559764842
45820,0.004063085359627059,0.0022842754888634004,0.7678236937355967,0.026888933125398737,0.010303881368682218,0.6926979071383003,0.0446090859905994,0.0102664553815981,0.5751515619942913,0.00013817365651018585,0.00013817365651018585,1.625572429531598
45830,0.0040617647814676595,0.0022844999871504982,0.7678991553447052,0.02688184137682204,0.010305086965940256,0.6927789556934625,0.044600536771657665,0.010267908748818194,0.5752329831270696,0.0001382038122623705,0.0001382038122623705,1.6259272030867116
45840,0.004060444620352422,0.0022847244145400886,0.7679745931227188,0.026874751433770445,0.010306292256259026,0.6928599836140521,0.04459198911781615,0.01026936184997125,0.5753143893541317,0.00013823396801455518,0.00013823396801455518,1.6262819766418255
45850,0.0040591248761693835,0.0022849487710512053,0.7680500070760353,0.02686766329586382,0.010307497239703152,0.6929409909044135,0.044583443028845086,0.010270814685096333,0.5753957806776657,0.00013826412376673986,0.00013826412376673986,1.6266367501969394
45860,0.0040578055488065794,0.0022851730567028817,0.7681253972110526,0.02686057696272203,0.010308701916337256,0.6930219775688912,0.04457489850451469,0.010272267254232501,0.57547715709986,0.00013829427951892454,0.00013829427951892454,1.6269915237520534
45870,0.004056486638152048,0.002285397271514152,0.7682007635341687,0.026853492433964947,0.010309906286225962,0.6931029436118293,0.044566355544595176,0.010273719557418818,0.575558518622903,0.00013832443527110922,0.00013832443527110922,1.6273462973071673
45880,0.004055168144093826,0.00228562141550405,0.7682761060517814,0.02684640970921243,0.010311110349433888,0.6931838890375722,0.044557814148856775,0.010275171594694345,0.575639865248983,0.0001383545910232939,0.0001383545910232939,1.627701070862281
45890,0.004053850066519949,0.002285845488691609,0.7683514247702887,0.026839328788084347,0.010312314106025663,0.6932648138504647,0.044549274317069704,0.010276623366098149,0.5757211969802885,0.00013838474677547858,0.00013838474677547858,1.628055844417395
45900,0.0040525324053184535,0.002286069491095863,0.7684267196960884,0.026832249670200564,0.010313517556065906,0.6933457180548508,0.04454073604900419,0.010278074871669285,0.5758025138190075,0.00013841490252766323,0.00013841490252766323,1.6284106179725084
45910,0.0040512151603773775,0.0022862934227358463,0.7685019908355786,0.02682517235518095,0.01031472069961924,0.6934266016550749,0.044532199344430444,0.010279526111446823,0.575883815767329,0.00013844505827984791,0.00013844505827984791,1.6287653915276223
45920,0.004049898331584756,0.0022865172836305917,0.7685772381951568,0.026818096842645366,0.01031592353675029,0.6935074646554815,0.04452366420311869,0.010280977085469819,0.5759651028274408,0.0001384752140320326,0.0001384752140320326,1.6291201650827363
45930,0.004048581918828627,0.002286741073799134,0.7686524617812214,0.02681102313221368,0.010317126067523677,0.6935883070604152,0.044515130624839166,0.01028242779377734,0.5760463750015317,0.00013850536978421727,0.00013850536978421727,1.6294749386378502
45940,0.004047265921997026,0.002286964793260506,0.76872766160017,0.02680395122350576,0.010318328292004023,0.6936691288742199,0.044506598609362076,0.010283878236408445,0.5761276322917896,0.00013853552553640195,0.00013853552553640195,1.6298297121929641
45950,0.00404595034097799,0.002287188442033742,0.7688028376584006,0.026796881116141466,0.010319530210255954,0.6937499301012404,0.04449806815645764,0.010285328413402198,0.5762088747004033,0.00013856568128858663,0.00013856568128858663,1.6301844857480778
45960,0.004044635175659556,0.0022874120201378757,0.768877989962311,0.02678981280974067,0.010320731822344088,0.693830710745821,0.04448953926589609,0.010286778324797663,0.5762901022295609,0.00013859583704077131,0.00013859583704077131,1.6305392593031918
45970,0.004043320425929761,0.002287635527591941,0.7689531185182994,0.026782746303923237,0.010321933128333051,0.6939114708123059,0.04448101193744765,0.010288227970633898,0.5763713148814509,0.00013862599279295597,0.00013862599279295597,1.6308940328583055
45980,0.00404200609167664,0.0022878589644149717,0.7690282233327637,0.02677568159830903,0.010323134128287467,0.6939922103050397,0.04447248617088253,0.010289677350949968,0.5764525126582615,0.00013865614854514065,0.00013865614854514065,1.6312488064134192
45990,0.004040692172788231,0.0022880823306260013,0.7691033044121012,0.02676861869251792,0.010324334822271956,0.6940729292283667,0.04446396196597095,0.010291126465784936,0.5765336955621813,0.00013868630429732533,0.00013868630429732533,1.6316035799685331
46000,0.004039378669152571,0.0022883056262440636,0.7691783617627104,0.026761557586169767,0.010325535210351141,0.6941536275866312,0.044455439322483144,0.010292575315177863,0.5766148635953985,0.00013871646004951,0.00013871646004951,1.631958353523647
46010,0.004038065580657695,0.002288528851288192,0.7692533953909888,0.02675449827888444,0.010326735292589647,0.6942343053841779,0.04444691824018933,0.01029402389916781,0.5766960167601015,0.0001387466158016947,0.0001387466158016947,1.632313127078761
46020,0.0040367529071916415,0.0022887520057774213,0.7693284053033349,0.026747440770281804,0.010327935069052096,0.6943149626253509,0.044438398718859726,0.010295472217793844,0.5767771550584787,0.00013877677155387937,0.00013877677155387937,1.6326679006338747
46030,0.004035440648642446,0.002288975089730785,0.7694033915061461,0.02674038505998173,0.010329134539803109,0.6943955993144946,0.04442988075826455,0.010296920271095024,0.5768582784927185,0.00013880692730606405,0.00013880692730606405,1.6330226741889886
46040,0.004034128804898144,0.002289198103167316,0.7694783540058204,0.026733331147604074,0.01033033370490731,0.6944762154559535,0.04442136435817404,0.010298368059110411,0.576939387065009,0.0001388370830582487,0.0001388370830582487,1.6333774477441023
46050,0.004032817375846776,0.0022894210461060485,0.7695532928087557,0.02672627903276871,0.010331532564429322,0.694556811054072,0.044412849518358395,0.010299815581879071,0.577020480777539,0.00013886723881043338,0.00013886723881043338,1.633732221299216
46060,0.004031506361376375,0.0022896439185660167,0.76962820792135,0.026719228715095505,0.010332731118433766,0.6946373861131943,0.044404336238587847,0.010301262839440063,0.5771015596324965,0.00013889739456261806,0.00013889739456261806,1.63408699485433
46070,0.004030195761374978,0.002289866720566254,0.7697030993500013,0.026712180194204314,0.010333929366985269,0.6947179406376651,0.04439582451863262,0.010302709831832452,0.5771826236320701,0.00013892755031480274,0.00013892755031480274,1.6344417684094439
46080,0.004028885575730623,0.0022900894521257946,0.7697779671011074,0.026705133469715016,0.01033512731014845,0.6947984746318284,0.04438731435826294,0.010304156559095298,0.577263672778448,0.00013895770606698742,0.00013895770606698742,1.6347965419645578
46090,0.004027575804331347,0.0022903121132636715,0.7698528111810661,0.02669808854124747,0.010336324947987932,0.694878988100029,0.044378805757249014,0.010305603021267666,0.5773447070738189,0.0001389878618191721,0.0001389878618191721,1.6351513155196717
46100,0.004026266447065184,0.002290534703998919,0.7699276315962752,0.026691045408421543,0.01033752228056834,0.694959481046611,0.04437029871536107,0.010307049218388615,0.5774257265203706,0.00013901801757135678,0.00013901801757135678,1.6355060890747855
46110,0.004024957503820173,0.0022907572243505707,0.7700024283531329,0.026684004070857102,0.010338719307954295,0.6950399534759188,0.044361793232369336,0.010308495150497211,0.5775067311202919,0.00013904817332354143,0.00013904817332354143,1.6358608626298992
46120,0.00402364897448435,0.0022909796743376606,0.7700772014580372,0.026676964528174012,0.01033991603021042,0.695120405392297,0.044353289308044025,0.010309940817632514,0.577587720875771,0.0001390783290757261,0.0001390783290757261,1.636215636185013
46130,0.004022340858945752,0.0022912020539792226,0.7701519509173856,0.026669926779992137,0.01034111244740134,0.69520083680009,0.044344786942155365,0.010311386219833586,0.5776686957889964,0.0001391084848279108,0.0001391084848279108,1.6365704097401268
46140,0.004021033157092415,0.00229142436329429,0.7702266767375764,0.02666289082593135,0.010342308559591673,0.6952812477036419,0.044336286134473574,0.01031283135713949,0.5777496558621562,0.00013913864058009547,0.00013913864058009547,1.6369251832952407
46150,0.004019725868812376,0.0022916466023018963,0.7703013789250072,0.026655856665611505,0.010343504366846046,0.6953616381072971,0.04432778688476887,0.01031427622958929,0.5778306010974392,0.00013916879633228015,0.00013916879633228015,1.6372799568503547
46160,0.004018418993993671,0.0022918687710210763,0.770376057486076,0.026648824298652483,0.01034469986922908,0.6954420080154002,0.04431928919281149,0.010315720837222046,0.5779115314970333,0.00013919895208446483,0.00013919895208446483,1.6376347304054686
46170,0.004017112532524338,0.002292090869470863,0.7704507124271808,0.026641793724674137,0.010345895066805399,0.6955223574322956,0.044310793058371635,0.01031716518007682,0.5779924470631271,0.0001392291078366495,0.0001392291078366495,1.6379895039605823
46180,0.004015806484292412,0.0022923128976702904,0.7705253437547194,0.02663476494329634,0.010347089959639625,0.6956026863623277,0.04430229848121953,0.010318609258192677,0.5780733477979091,0.00013925926358883417,0.00013925926358883417,1.638344277515696
46190,0.004014500849185931,0.0022925348556383923,0.7705999514750898,0.026627737954138954,0.01034828454779638,0.6956829948098405,0.044293805461125414,0.010320053071608676,0.5781542337035673,0.00013928941934101885,0.00013928941934101885,1.63869905107081
46200,0.00401319562709293,0.002292756743394202,0.7706745355946897,0.026620712756821846,0.010349478831340289,0.695763282779179,0.044285313997859496,0.010321496620363883,0.5782351047822903,0.00013931957509320353,0.00013931957509320353,1.6390538246259236
46210,0.0040118908179014486,0.0022929785609567543,0.7707490961199173,0.026613689350964885,0.010350672810335972,0.6958435502746871,0.04427682409119199,0.010322939904497359,0.5783159610362666,0.0001393497308453882,0.0001393497308453882,1.6394085981810376
46220,0.00401058642149952,0.002293200308345082,0.7708236330571704,0.026606667736187934,0.010351866484848054,0.6959237973007094,0.04426833574089313,0.010324382924048164,0.5783968024676842,0.00013937988659757289,0.00013937988659757289,1.6397633717361515
46230,0.004009282437775183,0.002293421985578219,0.7708981464128468,0.02659964791211086,0.010353059854941156,0.6960040238615902,0.044259848946733134,0.010325825679055364,0.5784776290787319,0.00013941004234975757,0.00013941004234975757,1.6401181452912654
46240,0.004007978866616473,0.0022936435926752,0.7709726361933443,0.02659262987835353,0.010354252920679902,0.696084229961674,0.044251363708482226,0.01032726816955802,0.5785584408715977,0.00013944019810194225,0.00013944019810194225,1.6404729188463794
46250,0.004006675707911428,0.0022938651296550575,0.7710471024050612,0.026585613634535807,0.010355445682128915,0.6961644156053052,0.04424288002591062,0.010328710395595192,0.5786392378484702,0.0001394703538541269,0.0001394703538541269,1.6408276924014928
46260,0.0040053729615480834,0.0022940865965368263,0.7711215450543953,0.026578599180277558,0.010356638139352817,0.6962445807968279,0.044234397898788545,0.010330152357205944,0.5787200200115374,0.00013950050960631158,0.00013950050960631158,1.6411824659566068
46270,0.0040040706274144765,0.0022943079933395393,0.7711959641477443,0.02657158651519865,0.010357830292416232,0.6963247255405869,0.044225917326886216,0.01033159405442934,0.5788007873629882,0.00013953066535849626,0.00013953066535849626,1.6415372395117205
46280,0.0040027687053986434,0.002294529320082231,0.7712703596915061,0.02656457563891895,0.01035902214138378,0.6964048498409263,0.044217438309973864,0.01033303548730444,0.5788815399050107,0.00013956082111068094,0.00013956082111068094,1.6418920130668344
46290,0.004001467195388621,0.0022947505767839348,0.7713447316920788,0.02655756655105832,0.010360213686320088,0.6964849537021907,0.0442089608478217,0.010334476655870308,0.5789622776397931,0.00013959097686286562,0.00013959097686286562,1.6422467866219483
46300,0.0040001660972724465,0.0022949717634636844,0.7714190801558604,0.02655055925123663,0.010361404927289776,0.6965650371287243,0.04420048494019995,0.010335917560166006,0.5790430005695241,0.0001396211326150503,0.0001396211326150503,1.6426015601770623
46310,0.003998865410938156,0.002295192880140514,0.7714934050892484,0.026543553739073744,0.010362595864357466,0.6966451001248717,0.04419201058687884,0.010337358200230596,0.579123708696392,0.00013965128836723495,0.00013965128836723495,1.6429563337321758
46320,0.003997565136273786,0.002295413926833457,0.7715677064986408,0.026536550014189527,0.010363786497587782,0.6967251426949768,0.04418353778762858,0.010338798576103139,0.5792044020225848,0.00013968144411941963,0.00013968144411941963,1.6433111072872897
46330,0.003996265273167373,0.0022956349035615467,0.7716419843904357,0.02652954807620385,0.010364976827045349,0.6968051648433847,0.04417506654221941,0.010340238687822698,0.5792850805502913,0.0001397115998716043,0.0001397115998716043,1.6436658808424036
46340,0.003994965821506955,0.002295855810343818,0.7717162387710312,0.026522547924736573,0.010366166852794786,0.6968851665744393,0.04416659685042153,0.010341678535428337,0.5793657442816996,0.000139741755623789,0.000139741755623789,1.6440206543975175
46350,0.003993666781180566,0.002296076647199304,0.7717904696468247,0.02651554955940756,0.010367356574900717,0.6969651478924851,0.044158128712005175,0.010343118118959119,0.5794463932189983,0.00013977191137597367,0.00013977191137597367,1.6443754279526313
46360,0.003992368152076246,0.002296297414147039,0.7718646770242146,0.026508552979836685,0.010368545993427765,0.6970451088018665,0.04414966212674056,0.010344557438454102,0.5795270273643756,0.00013980206712815835,0.00013980206712815835,1.6447302015077452
46370,0.003991069934082029,0.0022965181112060556,0.7719388609095985,0.02650155818564381,0.010369735108440555,0.697125049306928,0.04414119709439792,0.010345996493952351,0.5796076467200197,0.00013983222288034303,0.00013983222288034303,1.6450849750628591
46380,0.003989772127085952,0.0022967387383953887,0.7720130213093743,0.0264945651764488,0.010370923920003706,0.6972049694120137,0.044132733614747455,0.01034743528549293,0.5796882512881193,0.00013986237863252769,0.00013986237863252769,1.6454397486179726
46390,0.003988474730976053,0.0022969592957340712,0.7720871582299399,0.026487573951871526,0.010372112428181843,0.6972848691214684,0.044124271687559405,0.010348873813114898,0.5797688410708627,0.00013989253438471237,0.00013989253438471237,1.6457945221730865
46400,0.003987177745640368,0.002297179783241138,0.7721612716776934,0.026480584511531846,0.010373300633039588,0.697364748439636,0.04411581131260398,0.010350312076857321,0.5798494160704382,0.00013992269013689705,0.00013992269013689705,1.6461492957282005
46410,0.003985881170966933,0.0022974002009356217,0.7722353616590324,0.02647359685504963,0.010374488534641565,0.6974446073708613,0.04410735248965141,0.010351750076759259,0.5799299762890341,0.00013995284588908173,0.00013995284588908173,1.6465040692833144
46420,0.003984585006843785,0.002297620548836557,0.7723094281803552,0.026466610982044746,0.010375676133052396,0.6975244459194887,0.04409889521847191,0.010353187812859772,0.5800105217288388,0.0001399830016412664,0.0001399830016412664,1.646858842838428
46430,0.00398328925315896,0.002297840826962977,0.7723834712480595,0.026459626892137055,0.010376863428336703,0.6976042640898623,0.044090439498835704,0.010354625285197927,0.5800910523920407,0.00014001315739345109,0.00014001315739345109,1.647213616393542
46440,0.003981993909800496,0.002298061035333916,0.7724574908685431,0.026452644584946425,0.01037805042055911,0.6976840618863266,0.04408198533051302,0.010356062493812785,0.5801715682808283,0.00014004331314563577,0.00014004331314563577,1.647568389948656
46450,0.003980698976656429,0.0022982811739684075,0.7725314870482042,0.026445664060092727,0.010379237109784238,0.697763839313226,0.04407353271327407,0.010357499438743405,0.5802520693973897,0.00014007346889782042,0.00014007346889782042,1.6479231635037694
46460,0.003979404453614796,0.0022985012428854853,0.7726054597934404,0.026438685317195818,0.010380423496076712,0.6978435963749049,0.044065081646889076,0.010358936120028856,0.5803325557439135,0.0001401036246500051,0.0001401036246500051,1.6482779370588834
46470,0.003978110340563632,0.0022987212421041827,0.7726794091106496,0.026431708355875574,0.010381609579501155,0.6979233330757079,0.04405663213112826,0.010360372537708194,0.5804130273225879,0.00014013378040218978,0.00014013378040218978,1.6486327106139973
46480,0.003976816637390976,0.0022989411716435345,0.77275333500623,0.02642473317575185,0.010382795360122187,0.6980030494199789,0.04404818416576185,0.010361808691820483,0.5804934841356013,0.00014016393615437446,0.00014016393615437446,1.6489874841691112
46490,0.003975523343984863,0.0022991610315225737,0.7728272374865793,0.02641775977644452,0.010383980838004434,0.6980827454120627,0.04403973775056006,0.010363244582404786,0.5805739261851421,0.00014019409190655914,0.00014019409190655914,1.649342257724225
46500,0.00397423046023333,0.0022993808217603344,0.7729011165580956,0.02641078815757345,0.010385166013212516,0.6981624210563034,0.04403129288529312,0.010364680209500167,0.5806543534733987,0.00014022424765874382,0.00014022424765874382,1.6496970312793389
46510,0.003972937986024414,0.00229960054237585,0.7729749722271765,0.026403818318758498,0.010386350885811057,0.6982420763570457,0.044022849569731244,0.010366115573145686,0.5807347660025595,0.0001402544034109285,0.0001402544034109285,1.6500518048344528
46520,0.003971645921246152,0.0022998201933881546,0.7730488045002201,0.026396850259619537,0.010387535455864681,0.698321711318634,0.044014407803644656,0.010367550673380407,0.5808151637748127,0.00014028455916311315,0.00014028455916311315,1.6504065783895663
46530,0.003970354265786579,0.002300039774816282,0.7731226133836242,0.026389883979776433,0.010388719723438009,0.6984013259454123,0.04400596758680358,0.01036898551024339,0.5808955467923468,0.00014031471491529783,0.00014031471491529783,1.6507613519446802
46540,0.003969063019533733,0.0023002592866792656,0.7731963988837867,0.02638291947884905,0.010389903688595664,0.6984809202417251,0.04399752891897823,0.010370420083773698,0.58097591505735,0.0001403448706674825,0.0001403448706674825,1.6511161254997941
46550,0.003967772182375651,0.00230047872899614,0.7732701610071057,0.026375956756457253,0.010391087351402269,0.6985604942119171,0.04398909179993884,0.010371854394010395,0.5810562685720109,0.0001403750264196672,0.0001403750264196672,1.651470899054908
46560,0.003966481754200368,0.0023006981017859376,0.773343899759979,0.02636899581222091,0.010392270711922447,0.6986400478603325,0.043980656229455614,0.010373288440992542,0.5811366073385178,0.00014040518217185187,0.00014040518217185187,1.651825672610022
46570,0.003965191734895923,0.0023009174050676938,0.7734176151488046,0.026362036645759885,0.010393453770220822,0.6987195811913156,0.04397222220729879,0.010374722224759204,0.581216931359059,0.00014043533792403655,0.00014043533792403655,1.6521804461651357
46580,0.0039639021243503495,0.0023011366388604407,0.7734913071799799,0.026355079256694048,0.010394636526362014,0.6987990942092108,0.043963789733238584,0.010376155745349438,0.5812972406358229,0.00014046549367622123,0.00014046549367622123,1.6525352197202496
46590,0.003962612922451687,0.0023013558031832137,0.7735649758599037,0.02634812364464326,0.010395818980410648,0.6988785869183628,0.043955358807045215,0.010377589002802312,0.5813775351709979,0.00014049564942840588,0.00014049564942840588,1.6528899932753631
46600,0.003961324129087971,0.0023015748980550455,0.7736386211949733,0.026341169809227388,0.010397001132431347,0.6989580593231156,0.04394692942848891,0.010379021997156884,0.5814578149667722,0.00014052580518059056,0.00014052580518059056,1.653244766830477
46610,0.0039600357441472375,0.00230179392349497,0.7737122431915866,0.026334217750066297,0.010398182982488732,0.6990375114278138,0.04393850159733988,0.01038045472845222,0.5815380800253345,0.00014055596093277524,0.00014055596093277524,1.653599540385591
46620,0.003958747767517524,0.002302012879522021,0.7737858418561415,0.02632726746677986,0.010399364530647427,0.6991169432368016,0.04393007531336835,0.010381887196727379,0.5816183303488728,0.00014058611668495992,0.00014058611668495992,1.653954313940705
46630,0.003957460199086867,0.002302231766155233,0.7738594171950363,0.026320318958987936,0.010400545776972053,0.6991963547544237,0.043921650576344555,0.010383319402021423,0.5816985659395755,0.0001406162724371446,0.0001406162724371446,1.6543090874958188
46640,0.003956173038743303,0.0023024505834136387,0.7739329692146684,0.026313372226310392,0.010401726721527236,0.6992757459850241,0.0439132273860387,0.010384751344373418,0.5817787867996312,0.00014064642818932928,0.00014064642818932928,1.6546638610509325
46650,0.003954886286374869,0.002302669331316273,0.7740064979214363,0.026306427268367093,0.010402907364377597,0.6993551169329476,0.04390480574222102,0.010386183023822425,0.5818589929312282,0.00014067658394151396,0.00014067658394151396,1.6550186346060465
46660,0.003953599941869601,0.0023028880098821683,0.7740800033217372,0.02629948408477791,0.010404087705587758,0.6994344676025382,0.04389638564466172,0.010387614440407505,0.5819391843365549,0.00014070673969369862,0.00014070673969369862,1.6553734081611602
46670,0.003952314005115536,0.0023031066191303595,0.7741534854219695,0.026292542675162706,0.010405267745222343,0.6995137979981406,0.04388796709313104,0.010389045594167721,0.5820193610177995,0.0001407368954458833,0.0001407368954458833,1.655728181716274
46680,0.00395102847600071,0.0023033251590798796,0.7742269442285309,0.026285603039141344,0.010406447483345974,0.699593108124099,0.04387955008739919,0.010390476485142136,0.5820995229771505,0.00014076705119806798,0.00014076705119806798,1.6560829552713878
46690,0.003949743354413161,0.002303543629749763,0.7743003797478195,0.02627866517633369,0.010407626920023274,0.6996723979847579,0.04387113462723639,0.010391907113369812,0.5821796702167962,0.00014079720695025266,0.00014079720695025266,1.6564377288265018
46700,0.003948458640240925,0.0023037620311590432,0.774373791986233,0.026271729086359618,0.010408806055318867,0.6997516675844615,0.043862720712412866,0.01039333747888981,0.582259802738925,0.00014082736270243734,0.00014082736270243734,1.6567925023816157
46710,0.003947174333372038,0.002303980363326754,0.7744471809501693,0.026264794768838987,0.010409984889297374,0.6998309169275544,0.04385430834269884,0.010394767581741194,0.5823399205457253,0.00014085751845462202,0.00014085751845462202,1.6571472759367294
46720,0.003945890433694537,0.002304198626271929,0.7745205466460265,0.026257862223391663,0.010411163422023419,0.699910146018381,0.04384589751786454,0.010396197421963026,0.5824200236393852,0.0001408876742068067,0.0001408876742068067,1.6575020494918433
46730,0.003944606941096459,0.0023044168200136023,0.7745938890802024,0.026250931449637513,0.010412341653561625,0.6999893548612857,0.04383748823768017,0.01039762699959437,0.5825001120220935,0.00014091782995899135,0.00014091782995899135,1.657856823046957
46740,0.003943323855465841,0.0023046349445708077,0.7746672082590951,0.026244002447196404,0.010413519583976613,0.7000685434606125,0.04382908050191597,0.010399056314674283,0.5825801856960382,0.00014094798571117603,0.00014094798571117603,1.6582115966020707
46750,0.003942041176690718,0.0023048529999625785,0.7747405041891019,0.026237075215688202,0.010414697213333008,0.7001477118207063,0.043820674310342145,0.010400485367241833,0.582660244663408,0.0001409781414633607,0.0001409781414633607,1.6585663701571847
46760,0.003940758904659128,0.0023050709862079484,0.7748137768766212,0.02623014975473277,0.01041587454169543,0.7002268599459112,0.04381226966272893,0.01040191415733608,0.582740288926391,0.0001410082972155454,0.0001410082972155454,1.6589211437122986
46770,0.0039394770392591075,0.002305288903325952,0.7748870263280511,0.02622322606394998,0.010417051569128505,0.7003059878405716,0.04380386655884654,0.010403342684996085,0.5828203184871756,0.00014103845296773007,0.00014103845296773007,1.6592759172674125
46780,0.003938195580378693,0.0023055067513356228,0.7749602525497891,0.026216304142959692,0.010418228295696854,0.700385095509032,0.0437954649984652,0.010404770950260914,0.5829003333479503,0.00014106860871991475,0.00014106860871991475,1.6596306908225265
46790,0.003936914527905921,0.002305724530255994,0.7750334555482332,0.026209383991381775,0.010419404721465101,0.700464182955637,0.04378706498135513,0.010406198953169627,0.5829803335109034,0.00014109876447209943,0.00014109876447209943,1.6599854643776402
46800,0.003935633881728829,0.0023059422401060996,0.7751066353297813,0.02620246560883609,0.010420580846497867,0.7005432501847304,0.04377866650728655,0.010407626693761284,0.5830603189782232,0.00014112892022428408,0.00014112892022428408,1.6603402379327539
46810,0.003934353641735452,0.0023061598809049734,0.7751797919008314,0.026195548994942513,0.010421756670859775,0.7006222972006569,0.043770269576029676,0.010409054172074952,0.5831402897520982,0.00014115907597646876,0.00014115907597646876,1.6606950114878676
46820,0.003933073807813828,0.00230637745267165,0.7752529252677813,0.026188634149320898,0.01042293219461545,0.7007013240077612,0.04376187418735474,0.01041048138814969,0.5832202458347165,0.00014118923172865344,0.00014118923172865344,1.6610497850429815
46830,0.0039317943798519925,0.0023065949554251616,0.775326035437029,0.02618172107159112,0.01042410741782951,0.7007803306103872,0.043753480341031964,0.010411908342024564,0.5833001872282669,0.00014121938748083812,0.00014121938748083812,1.6614045585980954
46840,0.003930515357737982,0.002306812389184543,0.7753991224149724,0.026174809761373045,0.010425282340566585,0.7008593170128795,0.04374508803683156,0.010413335033738633,0.5833801139349374,0.0001412495432330228,0.0001412495432330228,1.6617593321532094
46850,0.0039292367413598355,0.0023070297539688283,0.7754721862080094,0.026167900218286532,0.010426456962891292,0.7009382832195825,0.04373669727452376,0.010414761463330958,0.5834600259569164,0.00014127969898520748,0.00014127969898520748,1.6621141057083233
46860,0.003927958530605588,0.0023072470497970503,0.7755452268225379,0.02616099244195145,0.010427631284868255,0.7010172292348406,0.04372830805387878,0.010416187630840606,0.5835399232963925,0.00014130985473739216,0.00014130985473739216,1.662468879263437
46870,0.003926680725363276,0.0023074642766882435,0.7756182442649557,0.026154086431987668,0.0104288053065621,0.7010961550629982,0.043719920374666835,0.010417613536306635,0.5836198059555538,0.00014134001048957682,0.00014134001048957682,1.6628236528185507
46880,0.003925403325520935,0.002307681434661441,0.7756912385416609,0.026147182188015046,0.010429979028037445,0.7011750607083996,0.04371153423665816,0.01041903917976811,0.5836996739365887,0.0001413701662417615,0.0001413701662417615,1.6631784263736646
46890,0.003924126330966604,0.0023078985237356777,0.7757642096590514,0.026140279709653456,0.010431152449358914,0.701253946175389,0.04370314963962297,0.010420464561264093,0.5837795272416859,0.00014140032199394618,0.00014140032199394618,1.6635331999287783
46900,0.0039228497415883185,0.002308115543929986,0.7758371576235246,0.026133378996522762,0.010432325570591133,0.7013328114683113,0.043694766583331476,0.010421889680833647,0.5838593658730334,0.00014143047774613086,0.00014143047774613086,1.6638879734838923
46910,0.003921573557274115,0.0023083324952634008,0.7759100824414792,0.02612648004824283,0.010433498391798721,0.7014116565915106,0.04368638506755392,0.01042331453851583,0.5839391898328196,0.00014146063349831554,0.00014146063349831554,1.6642427470390062
46920,0.003920297777912031,0.002308549377754955,0.7759829841193124,0.026119582864433524,0.010434670913046304,0.7014904815493312,0.04367800509206051,0.01042473913434971,0.5840189991232331,0.00014149078925050022,0.00014149078925050022,1.6645975205941201
46930,0.003919022403390102,0.002308766191423683,0.776055862663423,0.026112687444714712,0.010435843134398501,0.7015692863461176,0.043669626656621476,0.010426163468374347,0.584098793746462,0.0001415209450026849,0.0001415209450026849,1.6649522941492338
46940,0.0039177474335963655,0.0023089829362886185,0.7761287180802079,0.02610579378870626,0.010437015055919938,0.7016480709862142,0.04366124976100703,0.010427587540628802,0.5841785737046948,0.00014155110075486955,0.00014155110075486955,1.6653070677043476
46950,0.0039164728684188575,0.0023091996123687946,0.7762015503760653,0.02609890189602803,0.010438186677675237,0.7017268354739654,0.0436528744049874,0.01042901135115214,0.5842583390001199,0.00014158125650705423,0.00014158125650705423,1.6656618412594615
46960,0.003915198707745615,0.002309416219683246,0.7762743595573935,0.026092011766299897,0.01043935799972902,0.7018055798137155,0.0436445005883328,0.010430434899983422,0.5843380896349256,0.0001416114122592389,0.0001416114122592389,1.6660166148145752
46970,0.0039139249514646745,0.0023096327582510057,0.7763471456305902,0.026085123399141718,0.01044052902214591,0.701884304009809,0.04363612831081346,0.010431858187161708,0.5844178256113002,0.0001416415680114236,0.0001416415680114236,1.6663713883696891
46980,0.003912651599464073,0.002309849228091108,0.7764199086020531,0.02607823679417336,0.010441699744990532,0.7019630080665903,0.043627757572199596,0.010433281212726065,0.5844975469314322,0.00014167172376360827,0.00014167172376360827,1.666726161924803
46990,0.003911378651631846,0.0023100656292225864,0.7764926484781802,0.026071351951014694,0.010442870168327505,0.7020416919884035,0.04361938837226144,0.010434703976715552,0.5845772535975099,0.00014170187951579295,0.00014170187951579295,1.667080935479917
47000,0.003910106107856031,0.002310281961664475,0.7765653652653697,0.02606446886928558,0.010444040292221454,0.7021203557795934,0.0436110207107692,0.010436126479169234,0.5846569456117218,0.0001417320352679776,0.0001417320352679776,1.6674357090350305
47010,0.003908833968024665,0.0023104982254358074,0.7766380589700191,0.02605758754860589,0.010445210116737,0.7021989994445041,0.04360265458749311,0.01043754872012617,0.5847366229762561,0.00014176219102016228,0.00014176219102016228,1.6677904825901444
47020,0.003907562232025785,0.002310714420555617,0.7767107295985267,0.02605070798859549,0.01044637964193877,0.7022776229874803,0.04359429000220338,0.010438970699625424,0.584816285693301,0.00014179234677234696,0.00014179234677234696,1.6681452561452583
47030,0.003906290899747426,0.002310930547042938,0.77678337715729,0.026043830188874236,0.010447548867891381,0.7023562264128659,0.04358592695467023,0.010440392417706059,0.5848959337650453,0.00014182250252453164,0.00014182250252453164,1.6685000297003723
47040,0.003905019971077625,0.002311146604916804,0.7768560016527072,0.026036954149062007,0.010448717794659461,0.7024348097250057,0.043577565444663895,0.010441813874407135,0.584975567193677,0.00014185265827671632,0.00014185265827671632,1.668854803255486
47050,0.0039037494459044195,0.002311362594196249,0.7769286030911761,0.026030079868778658,0.01044988642230763,0.7025133729282439,0.043569205471954586,0.010443235069767718,0.5850551859813847,0.000141882814028901,0.000141882814028901,1.6692095768106
47060,0.003902479324115846,0.0023115785149003068,0.7770011814790947,0.026023207347644062,0.010451054750900511,0.7025919160269251,0.04356084703631253,0.010444656003826868,0.5851347901303567,0.00014191296978108568,0.00014191296978108568,1.6695643503657138
47070,0.003901209605599941,0.0023117943670480103,0.7770737368228605,0.026016336585278084,0.010452222780502729,0.7026704390253934,0.04355249013750795,0.010446076676623646,0.5852143796427813,0.00014194312553327034,0.00014194312553327034,1.6699191239208273
47080,0.0038999402902447407,0.0023120101506583944,0.777146269128872,0.026009467581300585,0.010453390511178903,0.7027489419279934,0.04354413477531106,0.010447497088197118,0.585293954520847,0.00014197328128545502,0.00014197328128545502,1.6702738974759412
47090,0.0038986713779382825,0.0023122258657504923,0.7772187784035268,0.026002600335331437,0.010454557942993659,0.7028274247390695,0.043535780949492085,0.010448917238586344,0.5853735147667419,0.0001420034370376397,0.0001420034370376397,1.6706286710310552
47100,0.0038974028685686024,0.002312441512343338,0.7772912646532227,0.025995734846990505,0.010455725076011616,0.7029058874629657,0.043527428659821246,0.010450337127830386,0.5854530603826547,0.00014203359278982438,0.00014203359278982438,1.670983444586169
47110,0.003896134762023737,0.0023126570904559653,0.777363727884358,0.02598887111589765,0.010456891910297401,0.7029843301040268,0.04351907790606877,0.010451756755968307,0.5855325913707735,0.00014206374854200906,0.00014206374854200906,1.6713382181412828
47120,0.0038948670581917233,0.0023128726001074074,0.7774361681033302,0.025982009141672743,0.010458058445915635,0.7030627526665972,0.043510728688004874,0.010453176123039169,0.5856121077332868,0.00014209390429419374,0.00014209390429419374,1.6716929916963967
47130,0.003893599756960598,0.002313088041316699,0.7775085853165373,0.02597514892393565,0.010459224682930942,0.7031411551550213,0.04350238100539978,0.010454595229082035,0.585691609472383,0.00014212406004637842,0.00014212406004637842,1.6720477652515107
47140,0.0038923328582183975,0.0023133034141028727,0.7775809795303773,0.025968290462306233,0.010460390621407942,0.7032195375736431,0.0434940348580237,0.010456014074135968,0.5857710965902503,0.00014215421579856307,0.00014215421579856307,1.6724025388066242
47150,0.0038910663618531584,0.0023135187184849634,0.7776533507512482,0.025961433756404362,0.010461556261411261,0.7032978999268075,0.04348569024564687,0.01045743265824003,0.5858505690890773,0.00014218437155074775,0.00014218437155074775,1.672757312361738
47160,0.0038898002677529176,0.0023137339544820044,0.7777256989855477,0.025954578805849903,0.010462721603005518,0.7033762422188582,0.04347734716803951,0.01045885098143328,0.5859300269710521,0.00014221452730293243,0.00014221452730293243,1.673112085916852
47170,0.003888534575805711,0.0023139491221130294,0.7777980242396737,0.025947725610262717,0.01046388664625534,0.7034545644541405,0.043469005624971836,0.010460269043754786,0.5860094702383634,0.0001422446830551171,0.0001422446830551171,1.673466859471966
47180,0.0038872692858995766,0.002314164221397072,0.7778703265200241,0.025940874169262676,0.010465051391225347,0.703532866636998,0.043460665616214075,0.010461686845243606,0.5860888988931992,0.0001422748388073018,0.0001422748388073018,1.6738216330270796
47190,0.0038860043979225497,0.002314379252353167,0.7779426058329972,0.02593402448246964,0.010466215837980164,0.7036111487717756,0.04345232714153644,0.010463104385938803,0.5861683129377481,0.00014230499455948647,0.00014230499455948647,1.6741764065821936
47200,0.003884739911762668,0.002314594215000347,0.7780148621849905,0.02592717654950348,0.01046737998658441,0.7036894108628173,0.04344399020070916,0.010464521665879441,0.5862477123741984,0.00014233515031167115,0.00014233515031167115,1.6745311801373075
47210,0.003883475827307967,0.002314809109357646,0.7780870955824019,0.02592033036998406,0.010468543837102712,0.7037676529144679,0.04343565479350245,0.010465938685104582,0.5863270972047384,0.0001423653060638558,0.0001423653060638558,1.674885953692421
47220,0.003882212144446484,0.002315023935444098,0.7781593060316295,0.025913485943531246,0.010469707389599691,0.7038458749310716,0.04342732091968654,0.010467355443653287,0.5864064674315567,0.00014239546181604048,0.00014239546181604048,1.675240727247535
47230,0.003880948863066256,0.0023152386932787368,0.7782314935390712,0.025906643269764905,0.010470870644139969,0.7039240769169726,0.04341898857903164,0.010468771941564618,0.5864858230568414,0.00014242561756822516,0.00014242561756822516,1.6755955008026489
47240,0.003879685983055319,0.002315453382880596,0.7783036581111246,0.0258998023483049,0.01047203360078817,0.7040022588765155,0.04341065777130799,0.01047018817887764,0.5865651640827809,0.00014245577332040984,0.00014245577332040984,1.6759502743577628
47250,0.00387842350430171,0.00231566800426871,0.7783757997541881,0.0258929631787711,0.010473196259608915,0.7040804208140445,0.04340232849628579,0.010471604155631413,0.5866444905115638,0.00014248592907259452,0.00014248592907259452,1.6763050479128767
47260,0.0038771614266934653,0.002315882557462111,0.7784479184746592,0.02588612576078337,0.01047435862066683,0.7041585627339044,0.04339400075373528,0.010473019871865,0.5867238023453781,0.0001425160848247792,0.0001425160848247792,1.6766598214679904
47270,0.0038758997501186217,0.002316097042479835,0.7785200142789359,0.025879290093961574,0.010475520684026535,0.7042366846404392,0.043385674543426664,0.010474435327617465,0.5868030995864126,0.00014254624057696388,0.00014254624057696388,1.6770145950231043
47280,0.003874638474465216,0.0023163114593409135,0.7785920871734163,0.02587245617792558,0.010476682449752653,0.7043147865379934,0.04337734986513018,0.010475850522927868,0.5868823822368553,0.00014257639632914853,0.00014257639632914853,1.6773693685782178
47290,0.0038733775996212844,0.002316525808064382,0.7786641371644982,0.025865624012295255,0.01047784391790981,0.7043928684309114,0.04336902671861604,0.010477265457835271,0.5869616502988948,0.00014260655208133321,0.00014260655208133321,1.6777241421333318
47300,0.0038721171254748644,0.0023167400886692736,0.7787361642585793,0.025858793596690462,0.010479005088562624,0.7044709303235376,0.043360705103654466,0.010478680132378739,0.5870409037747193,0.0001426367078335179,0.0001426367078335179,1.6780789156884457
47310,0.0038708570519139915,0.0023169543011746217,0.7788081684620577,0.02585196493073107,0.01048016596177572,0.7045489722202163,0.04335238502001568,0.010480094546597332,0.5871201426665172,0.00014266686358570257,0.00014266686358570257,1.6784336892435596
47320,0.0038695973788267033,0.0023171684455994606,0.7788801497813312,0.025845138014036945,0.010481326537613722,0.7046269941252922,0.04334406646746991,0.010481508700530114,0.5871993669764769,0.00014269701933788725,0.00014269701933788725,1.6787884627986736
47330,0.0038683381061010358,0.0023173825219628243,0.778952108222798,0.02583831284622795,0.010482486816141251,0.7047049960431092,0.043335749445787365,0.010482922594216145,0.5872785767067868,0.00014272717509007193,0.00014272717509007193,1.6791432363537873
47340,0.003867079233625026,0.002317596530283746,0.7790240437928558,0.025831489426923954,0.01048364679742293,0.704782977978012,0.04332743395473828,0.01048433622769449,0.5873577718596353,0.00014275733084225661,0.00014275733084225661,1.6794980099089012
47350,0.00386582076128671,0.0023178104705812597,0.7790959564979024,0.025824667755744816,0.010484806481523383,0.704860939934345,0.043319119994092874,0.010485749601004209,0.5874369524372106,0.00014278748659444127,0.00014278748659444127,1.679852783464015
47360,0.0038645626889741254,0.002318024342874399,0.7791678463443359,0.025817847832310413,0.010485965868507231,0.7049388819164524,0.04331080756362136,0.010487162714184367,0.5875161184417013,0.00014281764234662595,0.00014281764234662595,1.6802075570191286
47370,0.003863305016575308,0.002318238147182198,0.7792397133385539,0.025811029656240603,0.0104871249584391,0.7050168039286789,0.043302496663093965,0.010488575567274025,0.5875952698752954,0.00014284779809881063,0.00014284779809881063,1.6805623305742425
47380,0.003862047743978295,0.0023184518835236904,0.7793115574869547,0.025804213227155256,0.010488283751383609,0.7050947059753686,0.043294187292280906,0.010489988160312243,0.5876744067401818,0.0001428779538509953,0.0001428779538509953,1.6809171041293565
47390,0.0038607908710711226,0.0023186655519179095,0.779383378795936,0.025797398544674235,0.010489442247405383,0.7051725880608659,0.043285879450952414,0.010491400493338087,0.5877535290385483,0.00014290810960318,0.00014290810960318,1.6812718776844704
47400,0.0038595343977418277,0.0023188791523838896,0.7794551772718956,0.025790585608417408,0.010490600446569043,0.7052504501895154,0.04327757313887871,0.010492812566390617,0.5878326367725837,0.00014293826535536467,0.00014293826535536467,1.681626651239584
47410,0.0038582783238784463,0.0023190926849406645,0.7795269529212316,0.025783774418004637,0.010491758348939213,0.7053282923656612,0.04326926835583,0.010494224379508898,0.587911729944476,0.00014296842110754935,0.00014296842110754935,1.681981424794698
47420,0.0038570226493690163,0.0023193061496072677,0.779598705750342,0.025776964973055795,0.010492915954580517,0.7054061145936481,0.04326096510157652,0.010495635932731989,0.587990808556414,0.000142998576859734,0.000142998576859734,1.6823361983498117
47430,0.003855767374101573,0.002319519546402733,0.7796704357656243,0.025770157273190743,0.010494073263557576,0.7054839168778202,0.04325266337588849,0.010497047226098954,0.5880698726105857,0.00014302873261191868,0.00014302873261191868,1.6826909719049254
47440,0.0038545124979641543,0.0023197328753460944,0.779742142973477,0.025763351318029346,0.010495230275935014,0.7055616992225219,0.043244363178536124,0.010498458259648857,0.5881489221091797,0.00014305888836410336,0.00014305888836410336,1.6830457454600394
47450,0.0038532580208447955,0.002319946136456385,0.7798138273802975,0.025756547107191476,0.010496386991777452,0.7056394616320976,0.04323606450928966,0.010499869033420756,0.5882279570543841,0.00014308904411628804,0.00014308904411628804,1.6834005190151533
47460,0.003852003942631534,0.0023201593297526397,0.7798854889924838,0.02574974464029699,0.010497543411149514,0.7057172041108916,0.0432277673679193,0.010501279547453717,0.5883069774483876,0.00014311919986847272,0.00014311919986847272,1.6837552925702672
47470,0.0038507502632124067,0.0023203724552538912,0.779957127816434,0.02574294391696576,0.010498699534115823,0.7057949266632485,0.04321947175419527,0.010502689801786801,0.5883859832933782,0.0001431493556206574,0.0001431493556206574,1.6841100661253812
47480,0.00384949698247545,0.002320585512979174,0.7800287438585458,0.025736144936817654,0.010499855360741002,0.7058726292935127,0.043211177667887804,0.010504099796459072,0.5884649745915447,0.00014317951137284208,0.00014317951137284208,1.6844648396804949
47490,0.0038482441003087,0.0023207985029475215,0.7801003371252173,0.02572934769947253,0.010501010891089672,0.7059503120060283,0.04320288510876711,0.01050550953150959,0.588543951345075,0.00014320966712502673,0.00014320966712502673,1.6848196132356086
47500,0.0038469916166001938,0.0023210114251779675,0.7801719076228462,0.02572255220455026,0.010502166125226458,0.7060279748051399,0.043194594076603414,0.010506919006977417,0.5886229135561578,0.00014323982287721141,0.00014323982287721141,1.6851743867907223
47510,0.003845739531237968,0.0023212242796895456,0.7802434553578305,0.025715758451670713,0.01050332106321598,0.7061056176951919,0.04318630457116694,0.010508328222901618,0.5887018612269814,0.0001432699786293961,0.0001432699786293961,1.6855291603458362
47520,0.0038444878441100594,0.00232143706650129,0.780314980336568,0.02570896644045375,0.010504475705122866,0.7061832406805286,0.04317801659222791,0.010509737179321254,0.5887807943597341,0.00014330013438158077,0.00014330013438158077,1.6858839339009501
47530,0.0038432365551045048,0.0023216497856322345,0.780386482565457,0.025702176170519234,0.010505630051011733,0.7062608437654945,0.043169730139556536,0.010511145876275385,0.5888597129566042,0.00014333029013376545,0.00014333029013376545,1.686238707456064
47540,0.00384198566410934,0.0023218624371014124,0.7804579620508949,0.025695387641487034,0.010506784100947207,0.7063384269544339,0.043161445212923054,0.010512554313803078,0.5889386170197803,0.00014336044588595013,0.00014336044588595013,1.686593481011178
47550,0.003840735171012602,0.0023220750209278582,0.7805294187992801,0.025688600852977018,0.01050793785499391,0.7064159902516913,0.043153161812097676,0.010513962491943392,0.5890175065514506,0.00014339060163813481,0.00014339060163813481,1.6869482545662917
47560,0.003839485075702328,0.0023222875371306045,0.7806008528170099,0.025681815804609053,0.010509091313216463,0.7064935336616108,0.04314487993685063,0.010515370410735391,0.5890963815538035,0.00014342075739031947,0.00014342075739031947,1.6873030281214054
47570,0.003838235378066554,0.002322499985728686,0.7806722641104827,0.025675032496003,0.010510244475679493,0.7065710571885373,0.043136599586952123,0.010516778070218136,0.5891752420290272,0.00014345091314250415,0.00014345091314250415,1.6876578016765194
47580,0.003836986077993317,0.0023227123667411364,0.7807436526860962,0.025668250926778727,0.01051139734244762,0.7066485608368147,0.04312832076217239,0.01051818547043069,0.5892540879793103,0.00014348106889468883,0.00014348106889468883,1.688012575231633
47590,0.0038357371753706534,0.0023229246801869893,0.7808150185502484,0.025661471096556098,0.010512549913585465,0.7067260446107876,0.043120043462281654,0.010519592611412117,0.5893329194068413,0.0001435112246468735,0.0001435112246468735,1.688367348786747
47600,0.0038344886700865995,0.0023231369260852783,0.7808863617093371,0.025654693004954984,0.010513702189157655,0.7068035085148001,0.043111767687050134,0.010520999493201476,0.5894117363138082,0.0001435413803990582,0.0001435413803990582,1.688722122341861
47610,0.003833240562029193,0.0023233491044550377,0.7809576821697605,0.02564791665159525,0.01051485416922881,0.7068809525531972,0.043103493436248044,0.01052240611583783,0.5894905387023995,0.00014357153615124287,0.00014357153615124287,1.6890768958969749
47620,0.0038319928510864697,0.0023235612153153008,0.7810289799379162,0.025641142036096756,0.010516005853863553,0.7069583767303227,0.04309522070964561,0.010523812479360243,0.5895693265748035,0.00014360169190342755,0.00014360169190342755,1.6894316694520886
47630,0.003830745537146466,0.002323773258685101,0.7811002550202019,0.025634369158079377,0.010517157243126508,0.7070357810505215,0.043086949507013056,0.010525218583807778,0.5896480999332088,0.0001436318476556122,0.0001436318476556122,1.6897864430072023
47640,0.0038294986200972194,0.002323985234583473,0.7811715074230161,0.02562759801716297,0.010518308337082297,0.7071131655181375,0.04307867982812061,0.010526624429219495,0.5897268587798036,0.00014366200340779688,0.00014366200340779688,1.6901412165623162
47650,0.003828252099826766,0.0023241971430294503,0.7812427371527564,0.025620828612967404,0.010519459135795543,0.7071905301375154,0.04307041167273847,0.010528030015634458,0.5898056031167763,0.00014369215915998156,0.00014369215915998156,1.69049599011743
47660,0.0038270059762231428,0.002324408984042066,0.7813139442158206,0.02561406094511255,0.010520609639330868,0.7072678749129995,0.043062145040636886,0.010529435343091727,0.5898843329463153,0.00014372231491216624,0.00014372231491216624,1.6908507636725438
47670,0.0038257602491743857,0.002324620757640355,0.7813851286186065,0.02560729501321827,0.010521759847752896,0.7073451998489341,0.04305387993158606,0.010530840411630367,0.5899630482706087,0.00014375247066435092,0.00014375247066435092,1.6912055372276578
47680,0.003824514918568532,0.0023248324638433498,0.7814562903675125,0.025600530816904426,0.01052290976112625,0.7074225049496637,0.043045616345356225,0.010532245221289439,0.5900417490918454,0.0001437826264165356,0.0001437826264165356,1.6915603107827717
47690,0.003823269984293618,0.002325044102670085,0.781527429468936,0.02559376835579089,0.010524059379515551,0.7074997902195328,0.043037354281717594,0.010533649772108007,0.5901204354122133,0.00014381278216872025,0.00014381278216872025,1.6919150843378852
47700,0.0038220254462376806,0.002325255674139595,0.7815985459292755,0.025587007629497525,0.010525208702985423,0.7075770556628855,0.043029093740440394,0.01053505406412513,0.5901991072339009,0.00014384293792090493,0.00014384293792090493,1.692269857892999
47710,0.0038207813042887566,0.002325467178270912,0.7816696397549282,0.025580248637644198,0.010526357731600489,0.7076543012840664,0.043020834721294844,0.010536458097379875,0.5902777645590968,0.0001438730936730896,0.0001438730936730896,1.692624631448113
47720,0.0038195375583348823,0.0023256786150830703,0.7817407109522925,0.025573491379850776,0.01052750646542537,0.7077315270874197,0.04301257722405116,0.0105378618719113,0.5903564073899887,0.0001439032494252743,0.0001439032494252743,1.6929794050032267
47730,0.003818294208264094,0.0023258899845951045,0.7818117595277662,0.025566735855737124,0.010528654904524691,0.7078087330772901,0.04300432124847958,0.010539265387758468,0.5904350357287657,0.00014393340517745897,0.00014393340517745897,1.6933341785583407
47740,0.003817051253964429,0.0023261012868260474,0.781882785487747,0.025559982064923104,0.010529803048963074,0.7078859192580216,0.042996066794350314,0.010540668644960444,0.5905136495776159,0.00014396356092964365,0.00014396356092964365,1.6936889521134546
47750,0.0038158086953239234,0.0023263125217949333,0.781953788838633,0.02555323000702859,0.010530950898805142,0.707963085633959,0.042987813861433584,0.010542071643556288,0.5905922489387276,0.00014399371668182833,0.00014399371668182833,1.6940437256685685
47760,0.0038145665322306143,0.002326523689520796,0.7820247695868221,0.025546479681673437,0.010532098454115518,0.7080402322094465,0.04297956244949961,0.010543474383585064,0.5906708338142893,0.00014402387243401299,0.00014402387243401299,1.694398499223682
47770,0.003813324764572538,0.002326734790022669,0.7820957277387122,0.025539731088477523,0.010533245714958823,0.7081173589888284,0.04297131255831861,0.010544876865085833,0.5907494042064892,0.00014405402818619767,0.00014405402818619767,1.694753272778796
47780,0.0038120833922377314,0.002326945823319586,0.7821666633007011,0.025532984227060705,0.010534392681399682,0.7081944659764491,0.04296306418766083,0.010546279088097658,0.5908279601175158,0.00014408418393838235,0.00014408418393838235,1.6951080463339099
47790,0.0038108424151142312,0.002327156789430581,0.7822375762791869,0.025526239097042856,0.010535539353502717,0.7082715531766531,0.042954817337296454,0.0105476810526596,0.5909065015495574,0.00014411433969056703,0.00014411433969056703,1.6954628198890238
47800,0.0038096018330900736,0.002327367688374688,0.7823084666805673,0.025519495698043838,0.01053668573133255,0.7083486205937848,0.04294657200699573,0.010549082758810724,0.5909850285048025,0.0001441444954427517,0.0001441444954427517,1.6958175934441375
47810,0.0038083616460532956,0.00232757852017094,0.7823793345112403,0.025512754029683515,0.010537831814953805,0.7084256682321884,0.042938328196528874,0.01055048420659009,0.5910635409854392,0.00014417465119493639,0.00014417465119493639,1.6961723669992514
47820,0.0038071218538919334,0.002327789284838372,0.782450179777604,0.025506014091581757,0.010538977604431104,0.7085026960962085,0.042930085905666104,0.01055188539603676,0.591142038993656,0.00014420480694712107,0.00014420480694712107,1.6965271405543654
47830,0.003805882456494024,0.0023279999823960164,0.7825210024860558,0.025499275883358426,0.01054012309982907,0.7085797041901896,0.04292184513417764,0.010553286327189798,0.5912205225316413,0.00014423496269930572,0.00014423496269930572,1.6968819141094789
47840,0.0038046434537476045,0.002328210612862908,0.7825918026429942,0.02549253940463339,0.010541268301212325,0.7086566925184755,0.04291360588183371,0.010554687000088266,0.5912989916015835,0.0001442651184514904,0.0001442651184514904,1.6972366876645928
47850,0.0038034048455407106,0.0023284211762580795,0.7826625802548166,0.025485804655026516,0.010542413208645494,0.7087336610854112,0.04290536814840454,0.010556087414771227,0.5913774462056709,0.00014429527420367508,0.00014429527420367508,1.6975914612197067
47860,0.0038021666317613794,0.002328631672600566,0.7827333353279212,0.02547907163415767,0.010543557822193197,0.7088106098953408,0.042897131933660335,0.010557487571277741,0.591455886346092,0.00014432542995585976,0.00014432542995585976,1.6979462347748207
47870,0.0038009288122976474,0.0023288421019094004,0.782804067868706,0.025472340341646717,0.01054470214192006,0.7088875389526089,0.042888897237371326,0.010558887469646873,0.5915343120250349,0.00014435558570804444,0.00014435558570804444,1.6983010083299344
47880,0.0037996913870375513,0.002329052464203617,0.7828747778835686,0.025465610777113522,0.010545846167890704,0.7089644482615598,0.04288066405930773,0.010560287109917684,0.5916127232446882,0.00014438574146022912,0.00014438574146022912,1.6986557818850483
47890,0.003798454355869128,0.0023292627595022488,0.7829454653789072,0.02545888294017795,0.010546989900169751,0.7090413378265378,0.042872432399239775,0.010561686492129236,0.5916911200072401,0.0001444158972124138,0.0001444158972124138,1.6990105554401622
47900,0.003797217718680414,0.00232947298782433,0.7830161303611193,0.02545215683045987,0.010548133338821824,0.7091182076518872,0.042864202256937683,0.010563085616320592,0.591769502314879,0.00014444605296459845,0.00014444605296459845,1.6993653289952757
47910,0.0037959814753594457,0.0023296831491888947,0.7830867728366032,0.025445432447579148,0.010549276483911546,0.7091950577419526,0.042855973632171675,0.010564484482530813,0.5918478701697935,0.00014447620871678313,0.00014447620871678313,1.6997201025503896
47920,0.0037947456257942597,0.0023298932436149763,0.7831573928117567,0.025438709791155648,0.010550419335503542,0.7092718881010783,0.04284774652471197,0.010565883090798964,0.5919262235741717,0.0001445063644689678,0.0001445063644689678,1.7000748761055036
47930,0.003793510169872893,0.0023301032711216087,0.7832279902929776,0.02543198886080924,0.010551561893662431,0.7093486987336087,0.04283952093432878,0.010567281441164105,0.592004562530202,0.0001445365202211525,0.0001445365202211525,1.7004296496606175
47940,0.003792275107483382,0.0023303132317278254,0.783298565286664,0.025425269656159783,0.010552704158452839,0.7094254896438883,0.042831296860792345,0.010568679533665299,0.5920828870400727,0.00014456667597333717,0.00014456667597333717,1.7007844232157314
47950,0.0037910404385137634,0.0023305231254526606,0.7833691177992136,0.025418552176827147,0.010553846129939388,0.7095022608362613,0.042823074303872874,0.01057007736834161,0.5921611971059725,0.00014459683172552185,0.00014459683172552185,1.7011391967708451
47960,0.003789806162852074,0.002330732952315148,0.7834396478370245,0.025411836422431198,0.010554987808186698,0.7095790123150721,0.04281485326334059,0.010571474945232097,0.5922394927300895,0.0001446269874777065,0.0001446269874777065,1.7014939703259588
47970,0.00378857228038635,0.0023309427123343208,0.7835101554064944,0.025405122392591798,0.010556129193259395,0.7096557440846651,0.04280663373896572,0.010572872264375826,0.592317773914612,0.00014465714322989118,0.00014465714322989118,1.7018487438810725
47980,0.0037873387910046285,0.0023311524055292135,0.7835806405140212,0.02539841008692882,0.010557270285222103,0.709732456149385,0.042798415730518485,0.010574269325811856,0.5923960406617287,0.00014468729898207586,0.00014468729898207586,1.7022035174361865
47990,0.0037861056945949455,0.0023313620319188595,0.7836511031660031,0.025391699505062128,0.01055841108413944,0.7098091485135757,0.0427901992377691,0.010575666129579251,0.5924742929736275,0.00014471745473426054,0.00014471745473426054,1.7025582909913004
48000,0.0037848729910453386,0.0023315715915222927,0.7837215433688378,0.025384990646611583,0.010559551590076034,0.7098858211815819,0.04278198426048779,0.010577062675717074,0.5925525308524972,0.00014474761048644522,0.00014474761048644522,1.7029130645464143
48010,0.0037836406802438435,0.002331781084358547,0.7837919611289232,0.025378283511197055,0.010560691803096503,0.709962474157748,0.04277377079844478,0.010578458964264386,0.5926307543005258,0.0001447777662386299,0.0001447777662386299,1.7032678381015283
48020,0.0037824087620784972,0.002331990510446656,0.7838623564526573,0.02537157809843841,0.010561831723265473,0.7100391074464183,0.042765558851410285,0.010579854995260249,0.592708963319902,0.00014480792199081458,0.00014480792199081458,1.703622611656642
48030,0.003781177236437337,0.002332199869805653,0.7839327293464379,0.025364874407955512,0.010562971350647566,0.710115721051937,0.04275734841915453,0.010581250768743727,0.5927871579128139,0.00014483807774299926,0.00014483807774299926,1.703977385211756
48040,0.003779946103208398,0.0023324091624545725,0.784003079816663,0.02535817243936823,0.010564110685307403,0.7101923149786489,0.042749139501447736,0.010582646284753881,0.5928653380814499,0.00014486823349518392,0.00014486823349518392,1.7043321587668696
48050,0.0037787153622797186,0.0023326183884124483,0.7840734078697305,0.02535147219229643,0.010565249727309609,0.710268889230898,0.04274093209806013,0.010584041543329776,0.5929435038279987,0.0001448983892473686,0.0001448983892473686,1.7046869323219833
48060,0.003777485013539334,0.0023328275476983138,0.7841437135120382,0.02534477366635997,0.010566388476718806,0.7103454438130289,0.04273272620876192,0.01058543654451047,0.5930216551546482,0.00014492854499955328,0.00014492854499955328,1.7050417058770972
48070,0.0037762550568752815,0.0023330366403312027,0.784213996749984,0.025338076861178727,0.010567526933599618,0.7104219787293861,0.04272452183332334,0.01058683128833503,0.5930997920635871,0.00014495870075173796,0.00014495870075173796,1.7053964794322112
48080,0.003775025492175598,0.002333245666330149,0.784284257589966,0.02533138177637256,0.010568665098016667,0.7104984939843136,0.042716318971514615,0.010588225774842513,0.5931779145570035,0.00014498885650392264,0.00014498885650392264,1.705751252987325
48090,0.0037737963193283193,0.002333454625714186,0.7843544960383818,0.02532468841156134,0.010569802970034575,0.7105749895821561,0.04270811762310595,0.010589620004071985,0.593256022637086,0.00014501901225610732,0.00014501901225610732,1.7061060265424388
48100,0.003772567538221483,0.0023336635185023484,0.7844247121016296,0.025317996766364925,0.010570940549717965,0.7106514655272581,0.04269991778786758,0.010591013976062508,0.593334116306023,0.00014504916800829197,0.00014504916800829197,1.7064608000975525
48110,0.003771339148743125,0.0023338723447136694,0.7844949057861074,0.025311306840403187,0.01057207783713146,0.7107279218239636,0.042691719465569725,0.010592407690853145,0.5934121955660026,0.00014507932376047665,0.00014507932376047665,1.7068155736526665
48120,0.003770111150781282,0.0023340811043671824,0.7845650770982124,0.02530461863329599,0.010573214832339684,0.7108043584766173,0.042683522655982596,0.010593801148482955,0.5934902604192132,0.00014510947951266133,0.00014510947951266133,1.7071703472077802
48130,0.003768883544223991,0.002334289797481922,0.7846352260443434,0.025297932144663204,0.010574351535407258,0.7108807754895635,0.04267532735887643,0.010595194348991005,0.5935683108678435,0.000145139635264846,0.000145139635264846,1.707525120762894
48140,0.003767656328959289,0.002334498424076921,0.7847053526308978,0.02529124737412469,0.010575487946398805,0.7109571728671464,0.04266713357402144,0.010596587292416353,0.5936463469140815,0.0001451697910170307,0.0001451697910170307,1.707879894318008
48150,0.0037664295048752115,0.0023347069841712143,0.7847754568642736,0.025284564321300315,0.010576624065378949,0.7110335506137107,0.042658941301187844,0.010597979978798064,0.5937243685601156,0.00014519994676921537,0.00014519994676921537,1.708234667873122
48160,0.003765203071859796,0.002334915477783835,0.7848455387508688,0.025277882985809946,0.010577759892412312,0.7111099087336007,0.04265075054014587,0.0105993724081752,0.5938023758081344,0.00014523010252140005,0.00014523010252140005,1.7085894414282359
48170,0.0037639770298010787,0.002335123904933817,0.7849155982970811,0.02527120336727345,0.010578895427563515,0.7111862472311605,0.04264256129066574,0.010600764580586824,0.5938803686603263,0.00014526025827358473,0.00014526025827358473,1.7089442149833496
48180,0.0037627513785870965,0.002335332265640194,0.7849856355093089,0.02526452546531069,0.010580030670897186,0.7112625661107351,0.04263437355251767,0.010602156496071994,0.5939583471188792,0.00014529041402576938,0.00014529041402576938,1.7092989885384633
48190,0.003761526118105886,0.002335540559922,0.7850556503939494,0.025257849279541535,0.01058116562247794,0.7113388653766681,0.04262618732547188,0.010603548154669778,0.594036311185982,0.00014532056977795406,0.00014532056977795406,1.709653762093577
48200,0.003760301248245484,0.0023357487877982684,0.7851256429574011,0.025251174809585848,0.010582300282370408,0.7114151450333047,0.0426180026092986,0.010604939556419236,0.5941142608638228,0.00014535072553013874,0.00014535072553013874,1.710008535648691
48210,0.003759076768893926,0.002335956949288033,0.7851956132060613,0.025244502055063494,0.010583434650639208,0.7114914050849886,0.04260981940376805,0.01060633070135943,0.5941921961545898,0.00014538088128232342,0.00014538088128232342,1.7103633092038049
48220,0.0037578526799392506,0.0023361650444103277,0.7852655611463286,0.025237831015594344,0.010584568727348963,0.7115676455360647,0.04260163770865044,0.010607721589529422,0.5942701170604718,0.0001454110370345081,0.0001454110370345081,1.7107180827589188
48230,0.003756628981269493,0.0023363730731841867,0.7853354867846005,0.02523116169079826,0.010585702512564297,0.711643866390877,0.04259345752371601,0.010609112220968275,0.5943480235836569,0.00014544119278669278,0.00014544119278669278,1.7110728563140327
48240,0.0037554056727726903,0.002336581035628643,0.7854053901272751,0.02522449408029511,0.010586836006349833,0.7117200676537702,0.04258527884873497,0.010610502595715053,0.5944259157263335,0.00014547134853887744,0.00014547134853887744,1.7114276298691462
48250,0.003754182754336879,0.002336788931762731,0.7854752711807499,0.02521782818370476,0.010587969208770193,0.7117962493290886,0.042577101683477545,0.010611892713808815,0.5945037934906899,0.00014550150429106212,0.00014550150429106212,1.7117824034242601
48260,0.0037529602258500956,0.002336996761605484,0.7855451299514231,0.025211164000647077,0.010589102119889999,0.7118724114211763,0.042568926027713956,0.010613282575288626,0.5945816568789146,0.0001455316600432468,0.0001455316600432468,1.712137176979374
48270,0.0037517380872003772,0.0023372045251759364,0.7856149664456928,0.02520450153074192,0.010590234739773876,0.7119485539343782,0.04256075188121442,0.010614672180193546,0.5946595058931958,0.00014556181579543148,0.00014556181579543148,1.7124919505344878
48280,0.00375051633827576,0.0023374122224931212,0.7856847806699566,0.025197840773609162,0.010591367068486445,0.7120246768730383,0.04255257924374917,0.01061606152856264,0.5947373405357221,0.00014559197154761616,0.00014559197154761616,1.7128467240896017
48290,0.003749294978964281,0.0023376198535760727,0.7857545726306127,0.02519118172886867,0.010592499106092328,0.7121007802415009,0.04254440811508841,0.010617450620434968,0.5948151608086817,0.00014562212729980084,0.00014562212729980084,1.7132014976447156
48300,0.0037480740091539767,0.0023378274184438245,0.7858243423340586,0.025184524396140304,0.01059363085265615,0.7121768640441108,0.042536238495002376,0.010618839455849594,0.594892966714263,0.00014565228305198552,0.00014565228305198552,1.7135562711998296
48310,0.0037468534287328835,0.00233803491711541,0.7858940897866924,0.025177868775043934,0.010594762308242533,0.7122529282852123,0.042528070383261285,0.01062022803484558,0.5949707582546544,0.0001456824388041702,0.0001456824388041702,1.7139110447549433
48320,0.0037456332375890382,0.002338242349609864,0.7859638149949121,0.025171214865199423,0.0105958934729161,0.7123289729691495,0.042519903779635354,0.010621616357461987,0.5950485354320441,0.00014571259455635485,0.00014571259455635485,1.714265818310057
48330,0.0037444134356104776,0.0023384497159462192,0.7860335179651156,0.02516456266622664,0.010597024346741474,0.712404998100267,0.042511738683894816,0.010623004423737878,0.5951262982486206,0.00014574275030853953,0.00014574275030853953,1.714620591865171
48340,0.0037431940226852383,0.0023386570161435098,0.7861031987037007,0.02515791217774545,0.010598154929783275,0.7124810036829092,0.04250357509580988,0.010624392233712317,0.5952040467065723,0.0001457729060607242,0.0001457729060607242,1.7149753654202846
48350,0.0037419749987013568,0.00233886425022077,0.7861728572170653,0.02515126339937572,0.01059928522210613,0.7125569897214205,0.04249541301515078,0.010625779787424365,0.5952817808080877,0.0001458030618129089,0.0001458030618129089,1.7153301389753985
48360,0.0037407563635468693,0.0023390714181970324,0.7862424935116076,0.02514461633073731,0.010600415223774659,0.712632956220145,0.042487252441687724,0.010627167084913085,0.5953595005553549,0.00014583321756509357,0.00014583321756509357,1.7156849125305125
48370,0.0037395381171098133,0.002339278520091332,0.786312107593725,0.025137970971450097,0.010601544934853485,0.7127089031834275,0.04247909337519094,0.010628554126217537,0.5954372059505624,0.00014586337331727825,0.00014586337331727825,1.7160396860856264
48380,0.003738320259278225,0.002339485555922702,0.7863816994698158,0.025131327321133934,0.010602674355407233,0.7127848306156123,0.042470935815430655,0.010629940911376786,0.5955148969958983,0.0001458935290694629,0.0001458935290694629,1.71639445964074
48390,0.003737102789940141,0.0023396925257101763,0.7864512691462776,0.0251246853794087,0.010603803485500524,0.7128607385210435,0.042462779762177084,0.010631327440429893,0.5955925736935515,0.00014592368482164758,0.00014592368482164758,1.7167492331958538
48400,0.0037358857089835984,0.002339899429472789,0.7865208166295088,0.02511804514589425,0.01060493232519798,0.7129366269040659,0.04245462521520045,0.010632713713415922,0.5956702360457099,0.00014595384057383226,0.00014595384057383226,1.7171040067509677
48410,0.0037346690162966332,0.002340106267229573,0.7865903419259067,0.025111406620210455,0.010606060874564225,0.7130124957690235,0.04244647217427097,0.010634099730373932,0.595747884054562,0.00014598399632601694,0.00014598399632601694,1.7174587803060815
48420,0.0037334527117672822,0.0023403130389995624,0.7866598450418696,0.02510476980197718,0.010607189133663882,0.7130883451202609,0.04243832063915887,0.010635485491342989,0.5958255177222963,0.00014601415207820162,0.00014601415207820162,1.7178135538611954
48430,0.003732236795283582,0.0023405197448017915,0.7867293259837954,0.025098134690814292,0.010608317102561573,0.7131641749621225,0.042430170609634374,0.010636870996362154,0.5959031370511011,0.0001460443078303863,0.0001460443078303863,1.7181683274163093
48440,0.0037310212667335694,0.0023407263846552937,0.7867987847580818,0.025091501286341657,0.010609444781321921,0.7132399852989526,0.042422022085467706,0.010638256245470488,0.5959807420431645,0.00014607446358257098,0.00014607446358257098,1.7185231009714232
48450,0.0037298061260052813,0.0023409329585791024,0.7868682213711268,0.02508486958817914,0.010610572170009549,0.7133157761350956,0.042413875066429074,0.010639641238707054,0.5960583327006753,0.00014610461933475564,0.00014610461933475564,1.7188778745265367
48460,0.0037285913729867537,0.002341139466592252,0.7869376358293284,0.025078239595946607,0.010611699268689078,0.713391547474896,0.04240572955228871,0.010641025976110916,0.5961359090258216,0.00014613477508694032,0.00014613477508694032,1.7192326480816507
48470,0.003727377007566024,0.0023413459087137764,0.7870070281390844,0.025071611309263924,0.010612826077425135,0.713467299322698,0.042397585542816835,0.010642410457721135,0.5962134710207919,0.000146164930839125,0.000146164930839125,1.7195874216367646
48480,0.0037261630296311276,0.0023415522849627086,0.7870763983067928,0.025064984727750955,0.010613952596282339,0.7135430316828462,0.04238944303778367,0.010643794683576773,0.5962910186877743,0.00014619508659130968,0.00014619508659130968,1.7199421951918785
48490,0.0037249494390701027,0.002341758595358083,0.7871457463388513,0.02505835985102757,0.010615078825325315,0.7136187445596849,0.04238130203695944,0.010645178653716893,0.5963685520289577,0.00014622524234349436,0.00014622524234349436,1.7202969687469922
48500,0.003723736235770985,0.002341964839918933,0.7872150722416581,0.025051736678713635,0.010616204764618685,0.7136944379575586,0.042373162540114355,0.010646562368180557,0.5964460710465298,0.00014625539809567904,0.00014625539809567904,1.7206517423021062
48510,0.003722523419621811,0.0023421710186642924,0.7872843760216109,0.02504511521042901,0.01061733041422707,0.7137701118808114,0.04236502454701864,0.010647945827006828,0.5965235757426794,0.00014628555384786372,0.00014628555384786372,1.72100651585722
48520,0.0037213109905106178,0.0023423771316131953,0.7873536576851077,0.025038495445793566,0.010618455774215095,0.7138457663337878,0.042356888057442525,0.010649329030234769,0.5966010661195948,0.00014631570960004837,0.00014631570960004837,1.7213612894123336
48530,0.003720098948325442,0.002342583178784675,0.7874229172385462,0.02503187738442717,0.010619580844647383,0.7139214013208324,0.04234875307115623,0.010650711977903439,0.5966785421794644,0.00014634586535223305,0.00014634586535223305,1.7217160629674475
48540,0.00371888729295432,0.002342789160197766,0.7874921546883247,0.025025261025949683,0.010620705625588556,0.7139970168462895,0.04234061958792997,0.010652094670051902,0.5967560039244764,0.00014637602110441773,0.00014637602110441773,1.7220708365225614
48550,0.0037176760242852887,0.0023429950758715014,0.7875613700408407,0.025018646369980975,0.010621830117103236,0.7140726129145032,0.04233248760753397,0.010653477106719222,0.5968334513568192,0.0001464061768566024,0.0001464061768566024,1.7224256100776754
48560,0.003716465142206384,0.002343200925824915,0.7876305633024925,0.025012033416140913,0.010622954319256047,0.7141481895298182,0.042324357129738456,0.01065485928794446,0.5969108844786812,0.0001464363326087871,0.0001464363326087871,1.722780383632789
48570,0.003715254646605644,0.002343406710077041,0.7876997344796777,0.02500542216404936,0.010624078232111612,0.7142237466965788,0.04231622815431364,0.010656241213766678,0.5969883032922509,0.00014646648836097177,0.00014646648836097177,1.723135157187903
48580,0.003714044537371104,0.002343612428646913,0.7877688835787942,0.02499881261332618,0.010625201855734552,0.7142992844191294,0.04230810068102975,0.01065762288422494,0.5970657077997166,0.00014649664411315645,0.00014649664411315645,1.723489930743017
48590,0.0037128348143908012,0.0023438180815535644,0.7878380106062401,0.024992204763591243,0.010626325190189492,0.7143748027018144,0.042299974709657004,0.010659004299358307,0.5971430980032665,0.0001465267998653411,0.0001465267998653411,1.7238447042981304
48600,0.0037116254775527717,0.0023440236688160292,0.7879071155684131,0.02498559861446441,0.010627448235541053,0.7144503015489783,0.04229185023996562,0.010660385459205841,0.5972204739050891,0.00014655695561752578,0.00014655695561752578,1.7241994778532443
48610,0.003710416526745053,0.0023442291904533412,0.7879761984717112,0.024978994165565555,0.010628570991853858,0.7145257809649651,0.042283727271725836,0.010661766363806606,0.5972978355073729,0.00014658711136971046,0.00014658711136971046,1.7245542514083583
48620,0.0037092079618556814,0.0023444346464845346,0.7880452593225326,0.024972391416514538,0.01062969345919253,0.7146012409541196,0.042275605804707864,0.010663147013199661,0.597375182812306,0.00014661726712189514,0.00014661726712189514,1.7249090249634722
48630,0.0037079997827726935,0.0023446400369286427,0.7881142981272748,0.024965790366931227,0.010630815637621693,0.714676681520786,0.042267485838681916,0.010664527407424072,0.5974525158220769,0.00014664742287407982,0.00014664742287407982,1.725263798518586
48640,0.0037067919893841255,0.002344845361804699,0.7881833148923357,0.024959191016435487,0.01063193752720597,0.7147521026693088,0.04225936737341822,0.0106659075465189,0.597529834538874,0.0001466775786262645,0.0001466775786262645,1.7256185720736998
48650,0.0037055845815780145,0.002345050621131738,0.7882523096241135,0.024952593364647183,0.010633059128009981,0.7148275044040322,0.042251250408687005,0.010667287430523207,0.5976071389648855,0.00014670773437844916,0.00014670773437844916,1.7259733456288135
48660,0.003704377559242397,0.002345255814928793,0.788321282329006,0.024945997411186183,0.01063418044009835,0.7149028867293008,0.042243134944258486,0.010668667059476056,0.5976844291023,0.00014673789013063384,0.00014673789013063384,1.7263281191839273
48670,0.00370317092226531,0.002345460943214898,0.7883902330134109,0.024939403155672352,0.010635301463535703,0.7149782496494589,0.042235020979902886,0.010670046433416507,0.5977617049533057,0.00014676804588281852,0.00014676804588281852,1.7266828927390412
48680,0.00370196467053479,0.002345666006009086,0.7884591616837263,0.024932810597725556,0.010636422198386657,0.7150535931688508,0.042226908515390425,0.010671425552383627,0.5978389665200912,0.0001467982016350032,0.0001467982016350032,1.7270376662941551
48690,0.003700758803938873,0.002345871003330392,0.7885280683463503,0.02492621973696566,0.01063754264471584,0.7151289172918212,0.04221879755049132,0.010672804416416473,0.5979162138048445,0.00014682835738718788,0.00014682835738718788,1.727392439849269
48700,0.0036995533223655964,0.002346075935197849,0.7885969530076803,0.024919630573012535,0.010638662802587871,0.7152042220227139,0.0422106880849758,0.010674183025554111,0.5979934468097542,0.00014685851313937256,0.00014685851313937256,1.727747213404383
48710,0.003698348225702996,0.0023462808016304912,0.7886658156741145,0.02491304310548604,0.010639782672067374,0.7152795073658738,0.042202580118614094,0.010675561379835602,0.5980706655370086,0.00014688866889155724,0.00014688866889155724,1.7281019869594967
48720,0.0036971435138391097,0.002346485602647352,0.7887346563520511,0.024906457334006045,0.010640902253218974,0.7153547733256452,0.0421944736511764,0.01067693947930001,0.5981478699887961,0.00014691882464374192,0.00014691882464374192,1.7284567605146106
48730,0.003695939186661973,0.002346690338267465,0.7888034750478874,0.024899873258192415,0.010642021546107291,0.7154300199063723,0.042186368682432966,0.010678317323986395,0.598225060167305,0.00014694898039592657,0.00014694898039592657,1.728811534069724
48740,0.003694735244059623,0.0023468950085098646,0.7888722717680217,0.024893290877665016,0.01064314055079695,0.7155052471123999,0.042178265212153995,0.01067969491393382,0.5983022360747238,0.00014697913614811125,0.00014697913614811125,1.729166307624838
48750,0.003693531685920096,0.0023470996133935842,0.7889410465188518,0.024886710192043714,0.01064425926735257,0.7155804549480719,0.04217016324010971,0.010681072249181347,0.5983793977132407,0.00014700929190029593,0.00014700929190029593,1.729521081179952
48760,0.003692328512131429,0.0023473041529376575,0.7890097993067756,0.024880131200948372,0.010645377695838778,0.7156556434177328,0.042162062766070346,0.01068244932976804,0.5984565450850442,0.0001470394476524806,0.0001470394476524806,1.7298758547350659
48770,0.003691125722581659,0.0023475086271611185,0.789078530138191,0.02487355390399886,0.010646495836320196,0.7157308125257273,0.04215396378980611,0.010683826155732958,0.5985336781923226,0.0001470696034046653,0.0001470696034046653,1.7302306282901798
48780,0.003689923317158822,0.0023477130360830007,0.7891472390194959,0.024866978300815044,0.010647613688861446,0.7158059622763996,0.04214586631108723,0.010685202727115168,0.5986107970372644,0.00014709975915684997,0.00014709975915684997,1.7305854018452935
48790,0.0036887212957509544,0.002347917379722338,0.7892159259570882,0.024860404391016788,0.010648731253527149,0.7158810926740939,0.04213777032968393,0.01068657904395373,0.5986879016220576,0.00014712991490903462,0.00014712991490903462,1.7309401754004072
48800,0.0036875196582460937,0.0023481216580981644,0.7892845909573661,0.024853832174223957,0.01064984853038193,0.7159562037231548,0.04212967584536642,0.010687955106287705,0.5987649919488911,0.0001471600706612193,0.0001471600706612193,1.7312949489555212
48810,0.003686318404532276,0.0023483258712295135,0.7893532340267272,0.02484726165005642,0.01065096551949041,0.7160312954279268,0.04212158285790494,0.010689330914156157,0.5988420680199528,0.00014719022641340398,0.00014719022641340398,1.7316497225106349
48820,0.003685117534497538,0.002348530019135419,0.7894218551715694,0.02484069281813404,0.010652082220917215,0.7161063677927539,0.0421134913670697,0.010690706467598149,0.5989191298374313,0.00014722038216558866,0.00014722038216558866,1.7320044960657488
48830,0.003683917048029916,0.0023487341018349145,0.7894904543982905,0.024834125678076687,0.010653198634726965,0.7161814208219807,0.04210540137263091,0.010692081766652742,0.598996177403515,0.00014725053791777334,0.00014725053791777334,1.7323592696208627
48840,0.0036827169450174475,0.002348938119347034,0.7895590317132887,0.024827560229504223,0.010654314760984284,0.7162564545199517,0.04209731287435882,0.010693456811358998,0.599073210720392,0.00014728069366995802,0.00014728069366995802,1.7327140431759767
48850,0.0036815172253481685,0.0023491420716908115,0.7896275871229618,0.024820996472036515,0.010655430599753794,0.7163314688910113,0.04208922587202363,0.01069483160175598,0.599150229790251,0.0001473108494221427,0.0001473108494221427,1.7330688167310906
48860,0.003680317888910116,0.0023493459588852807,0.7896961206337078,0.02481443440529343,0.01065654615110012,0.7164064639395037,0.042081140365395564,0.010696206137882752,0.5992272346152802,0.00014734100517432738,0.00014734100517432738,1.7334235902862043
48870,0.003679118935591326,0.002349549780949475,0.7897646322519243,0.02480787402889483,0.010657661415087881,0.7164814396697735,0.04207305635424485,0.010697580419778373,0.599304225197668,0.00014737116092651203,0.00014737116092651203,1.733778363841318
48880,0.0036779203652798358,0.0023497535379024283,0.7898331219840095,0.024801315342460592,0.010658776391781703,0.7165563960861648,0.04206497383834171,0.010698954447481908,0.5993812015396027,0.00014740131667869671,0.00014740131667869671,1.7341331373964317
48890,0.0036767221778636816,0.0023499572297631744,0.789901589836361,0.024794758345610568,0.010659891081246205,0.7166313331930221,0.04205689281745636,0.010700328221032417,0.5994581636432726,0.0001474314724308814,0.0001474314724308814,1.7344879109515456
48900,0.0036755243732309005,0.0023501608565507474,0.7899700358153772,0.024788203037964633,0.010661005483546015,0.71670625099469,0.04204881329135902,0.010701701740468965,0.5995351115108664,0.00014746162818306607,0.00014746162818306607,1.7348426845066596
48910,0.0036743269512695288,0.0023503644182841805,0.7900384599274556,0.024781649419142647,0.010662119598745752,0.7167811494955126,0.04204073525981992,0.010703075005830611,0.5996120451445721,0.00014749178393525075,0.00014749178393525075,1.7351974580617735
48920,0.003673129911867603,0.0023505679149825078,0.7901068621789941,0.02477509748876448,0.010663233426910041,0.7168560286998347,0.04203265872260927,0.010704448017156422,0.5996889645465783,0.00014752193968743543,0.00014752193968743543,1.7355522316168874
48930,0.00367193325491316,0.002350771346664763,0.7901752425763908,0.024768547246449998,0.010664346968103504,0.716930888612,0.0420245836794973,0.010705820774485456,0.5997658697190732,0.0001475520954396201,0.0001475520954396201,1.735907005172001
48940,0.0036707369802942364,0.0023509747133499802,0.7902436011260436,0.024761998691819064,0.010665460222390762,0.7170057292363536,0.04201651013025424,0.010707193277856778,0.5998427606642452,0.00014758225119180477,0.00014758225119180477,1.7362617787271148
48950,0.003669541087898869,0.0023511780150571927,0.7903119378343504,0.024755451824491546,0.010666573189836439,0.7170805505772395,0.04200843807465029,0.01070856552730945,0.5999196373842829,0.00014761240694398945,0.00014761240694398945,1.7366165522822288
48960,0.0036683455776150937,0.0023513812518054346,0.7903802527077091,0.024748906644087312,0.010667685870505159,0.7171553526390021,0.042000367512455686,0.010709937522882532,0.5999964998813744,0.00014764256269617413,0.00014764256269617413,1.7369713258373425
48970,0.003667150449330948,0.002351584423613739,0.7904485457525172,0.024742363150226224,0.010668798264461545,0.7172301354259861,0.04199229844344064,0.010711309264615087,0.600073348157708,0.0001476727184483588,0.0001476727184483588,1.7373260993924564
48980,0.0036659557029344683,0.002351787530501141,0.7905168169751734,0.02473582134252815,0.010669910371770217,0.7173048989425355,0.04198423086737539,0.01071268075254618,0.6001501822154722,0.0001477028742005435,0.0001477028742005435,1.7376808729475703
48990,0.0036647613383136908,0.002351990572486673,0.7905850663820749,0.024729281220612957,0.0106710221924958,0.7173796431929949,0.04197616478403015,0.010714051986714873,0.6002270020568558,0.00014773302995272817,0.00014773302995272817,1.7380356465026843
49000,0.003663567355356653,0.0023521935495893695,0.7906532939796199,0.02472274278410051,0.010672133726702915,0.7174543681817085,0.04196810019317513,0.010715422967160226,0.6003038076840463,0.00014776318570491282,0.00014776318570491282,1.7383904200577978
49010,0.0036623737539513905,0.002352396461828264,0.7907214997742064,0.024716206032610672,0.010673244974456188,0.7175290739130209,0.041960037094580564,0.010716793693921301,0.6003805990992326,0.0001477933414570975,0.0001477933414570975,1.7387451936129117
49020,0.003661180533985941,0.0023525993092223907,0.7907896837722321,0.024709670965763313,0.010674355935820239,0.7176037603912765,0.04195197548801667,0.010718164167037164,0.600457376304603,0.00014782349720928218,0.00014782349720928218,1.7390999671680256
49030,0.00365998769534834,0.0023528020917907826,0.7908578459800949,0.024703137583178294,0.010675466610859692,0.7176784276208196,0.04194391537325367,0.010719534386546874,0.6005341393023459,0.00014785365296146686,0.00014785365296146686,1.7394547407231393
49040,0.0036587952379266253,0.0023530048095524742,0.790925986404193,0.02469660588447549,0.010676576999639168,0.7177530756059943,0.041935856750061784,0.010720904352489494,0.6006108880946496,0.00014788380871365154,0.00014788380871365154,1.7398095142782533
49050,0.0036576031616088324,0.002353207462526499,0.7909941050509238,0.02469007586927476,0.010677687102223294,0.7178277043511457,0.041927799618211234,0.010722274064904088,0.6006876226837023,0.00014791396446583622,0.00014791396446583622,1.7401642878333672
49060,0.003656411466282999,0.0023534100507318907,0.7910622019266859,0.02468354753719597,0.010678796918676688,0.7179023138606175,0.041919743977472244,0.010723643523829717,0.6007643430716929,0.0001479441202180209,0.0001479441202180209,1.7405190613884811
49070,0.0036552201518371607,0.0023536125741876832,0.7911302770378766,0.024677020887858985,0.010679906449063975,0.7179769041387546,0.04191168982761503,0.010725012729305443,0.6008410492608092,0.00014797427597020555,0.00014797427597020555,1.7408738349435946
49080,0.003654029218159355,0.0023538150329129102,0.7911983303908942,0.024670495920883675,0.010681015693449777,0.7180514751899009,0.04190363716840982,0.010726381681370328,0.6009177412532397,0.00014800443172239023,0.00014800443172239023,1.7412286084987085
49090,0.003652838665137618,0.002354017426926605,0.7912663619921361,0.024663972635889906,0.010682124651898718,0.7181260270184012,0.04189558599962683,0.010727750380063437,0.6009944190511729,0.0001480345874745749,0.0001480345874745749,1.7415833820538225
49100,0.003651648492659987,0.0023542197562478025,0.7913343718480007,0.024657451032497543,0.01068323332447542,0.7182005596285996,0.04188753632103629,0.01072911882542383,0.6010710826567972,0.0001480647432267596,0.0001480647432267596,1.7419381556089362
49110,0.003650458700614498,0.002354422020895536,0.791402359964886,0.024650931110326447,0.010684341711244506,0.7182750730248407,0.04187948813240841,0.010730487017490568,0.6011477320723008,0.00014809489897894427,0.00014809489897894427,1.74229292916405
49120,0.0036492692888891874,0.0023546242208888385,0.7914703263491895,0.02464441286899649,0.0106854498122706,0.7183495672114688,0.04187144143351342,0.010731854956302717,0.601224367299872,0.00014812505473112895,0.00014812505473112895,1.742647702719164
49130,0.0036480802573720925,0.0023548263562467447,0.7915382710073091,0.024637896308127537,0.010686557627618321,0.7184240421928282,0.04186339622412154,0.010733222641899336,0.6013009883416994,0.00014815521048331363,0.00014815521048331363,1.743002476274278
49140,0.00364689160595125,0.002355028426988288,0.7916061939456429,0.024631381427339453,0.010687665157352295,0.7184984979732635,0.04185535250400299,0.010734590074319489,0.6013775951999714,0.00014818536623549829,0.00014818536623549829,1.7433572498293914
49150,0.0036457033345146956,0.002355230433132502,0.7916740951705887,0.0246248682262521,0.010688772401537145,0.7185729345571188,0.04184731027292799,0.010735957253602239,0.6014541878768762,0.00014821552198768297,0.00014821552198768297,1.7437120233845054
49160,0.003644515442950467,0.002355432374698421,0.7917419746885448,0.024618356704485353,0.010689879360237492,0.7186473519487389,0.041839269530666766,0.010737324179786647,0.601530766374602,0.00014824567773986765,0.00014824567773986765,1.7440667969396193
49170,0.0036433279311466004,0.0023556342517050783,0.7918098325059086,0.02461184686165907,0.01069098603351796,0.7187217501524679,0.04183123027698954,0.010738690852911776,0.6016073306953376,0.00014827583349205233,0.00014827583349205233,1.7444215704947332
49180,0.0036421407989911322,0.002355836064171508,0.7918776686290783,0.02460533869739312,0.010692092421443172,0.7187961291726501,0.041823192511666524,0.010740057273016688,0.601683880841271,0.000148305989244237,0.000148305989244237,1.744776344049847
49190,0.0036409540463721,0.0023560378121167433,0.7919454830644516,0.024598832211307372,0.01069319852407775,0.71887048901363,0.04181515623446795,0.010741423440140447,0.6017604168145909,0.00014833614499642169,0.00014833614499642169,1.7451311176049609
49200,0.003639767673177539,0.002356239495559819,0.7920132758184265,0.024592327403021686,0.010694304341486317,0.7189448296797523,0.04180712144516403,0.010742789354322112,0.6018369386174853,0.00014836630074860637,0.00014836630074860637,1.7454858911600748
49210,0.0036385816792954863,0.0023564411145197677,0.7920810468974008,0.02458582427215593,0.010695409873733495,0.7190191511753609,0.041799088143525,0.010744155015600748,0.6019134462521428,0.00014839645650079102,0.00014839645650079102,1.7458406647151883
49220,0.0036373960646139793,0.002356642669015624,0.7921487963077727,0.02457932281832997,0.010696515120883907,0.7190934535048004,0.04179105632932107,0.010745520424015416,0.6019899397207517,0.0001484266122529757,0.0001484266122529757,1.7461954382703022
49230,0.003636210829021054,0.0023568441590664214,0.7922165240559399,0.024572823041163674,0.010697620083002178,0.7191677366724153,0.04178302600232246,0.01074688557960518,0.6020664190255002,0.00014845676800516038,0.00014845676800516038,1.7465502118254161
49240,0.003635025972404747,0.0023570455846911934,0.7922842301483003,0.024566324940276905,0.010698724760152928,0.7192420006825497,0.041774997162299404,0.0107482504824091,0.6021428841685771,0.00014848692375734506,0.00014848692375734506,1.74690498538053
49250,0.003633841494653095,0.0023572469459089743,0.7923519145912518,0.024559828515289532,0.010699829152400782,0.7193162455395482,0.04176696980902211,0.01074961513246624,0.6022193351521703,0.00014851707950952974,0.00014851707950952974,1.7472597589356438
49260,0.003632657395654135,0.0023574482427387976,0.7924195773911924,0.02455333376582142,0.010700933259810362,0.7193904712477552,0.041758943942260804,0.010750979529815661,0.6022957719784684,0.00014854723526171442,0.00014854723526171442,1.7476145324907577
49270,0.0036314736752959035,0.0023576494751996967,0.7924872185545198,0.024546840691492433,0.010702037082446289,0.7194646778115151,0.041750919561785706,0.010752343674496427,0.6023721946496597,0.0001485773910138991,0.0001485773910138991,1.7479693060458716
49280,0.0036302903334664367,0.0023578506433107062,0.7925548380876323,0.024540349291922437,0.010703140620373188,0.7195388652351722,0.041742896667367045,0.0107537075665476,0.6024486031679328,0.00014860754676608375,0.00014860754676608375,1.7483240796009851
49290,0.0036291073700537714,0.002358051747090859,0.7926224359969273,0.024533859566731302,0.010704243873655681,0.7196130335230709,0.041734875258775034,0.010755071206008241,0.6025249975354757,0.00014863770251826843,0.00014863770251826843,1.748678853156099
49300,0.0036279247849459444,0.0023582527865591897,0.7926900122888031,0.02452737151553889,0.01070534684235839,0.7196871826795556,0.041726855335779904,0.010756434592917414,0.602601377754477,0.0001486678582704531,0.0001486678582704531,1.749033626711213
49310,0.0036267425780309925,0.0023584537617347317,0.7927575669696577,0.02452088513796507,0.01070644952654594,0.7197613127089706,0.04171883689815187,0.01075779772731418,0.6026777438271249,0.0001486980140226378,0.0001486980140226378,1.749388400266327
49320,0.003625560749196952,0.0023586546726365185,0.7928251000458885,0.024514400433629704,0.010707551926282952,0.7198354236156606,0.04171081994566114,0.010759160609237603,0.602754095755608,0.00014872816977482247,0.00014872816977482247,1.7497431738214406
49330,0.00362437929833186,0.002358855519283584,0.7928926115238938,0.02450791740215266,0.01070865404163405,0.7199095154039696,0.04170280447807797,0.010760523238726744,0.6028304335421145,0.00014875832552700715,0.00014875832552700715,1.7500979473765546
49340,0.0036231982253237525,0.0023590563016949624,0.7929601014100713,0.0245014360431538,0.010709755872663856,0.7199835880782424,0.04169479049517255,0.010761885615820664,0.6029067571888327,0.00014878848127919183,0.00014878848127919183,1.7504527209316685
49350,0.0036220175300606667,0.002359257019889687,0.7930275697108191,0.024494956356253,0.010710857419436993,0.7200576416428229,0.041686777996715114,0.010763247740558429,0.6029830666979512,0.00014881863703137649,0.00014881863703137649,1.750807494486782
49360,0.0036208372124306386,0.002359457673886792,0.793095016432535,0.02448847834107012,0.010711958682018081,0.7201316761020558,0.04167876698247588,0.010764609612979098,0.6030593620716581,0.00014884879278356117,0.00014884879278356117,1.751162268041896
49370,0.0036196572723217056,0.0023596582637053103,0.7931624415816169,0.02448200199722502,0.010713059660471749,0.7202056914602856,0.04167075745222507,0.010765971233121735,0.603135643312142,0.00014887894853574585,0.00014887894853574585,1.7515170415970098
49380,0.003618477709621904,0.002359858789364277,0.7932298451644628,0.024475527324337578,0.010714160354862614,0.7202796877218562,0.04166274940573292,0.010767332601025402,0.6032119104215912,0.00014890910428793053,0.00014890910428793053,1.7518718151521238
49390,0.00361729852421927,0.0023600592508827246,0.7932972271874704,0.02446905432202765,0.0107152607652553,0.7203536648911125,0.041654742842769626,0.010768693716729161,0.6032881634021939,0.0001489392600401152,0.0001489392600401152,1.7522265887072377
49400,0.003616119716001841,0.0023602596482796873,0.7933645876570377,0.024462582989915112,0.010716360891714434,0.7204276229723989,0.04164673776310543,0.010770054580272075,0.6033644022561386,0.00014896941579229989,0.00014896941579229989,1.7525813622623514
49410,0.0036149412848576526,0.0023604599815741996,0.7934319265795627,0.024456113327619815,0.010717460734304633,0.7205015619700592,0.04163873416651054,0.010771415191693206,0.6034406269856137,0.00014899957154448457,0.00014899957154448457,1.7529361358174653
49420,0.0036137632306747426,0.002360660250785294,0.7934992439614433,0.02444964533476164,0.010718560293090524,0.7205754818884386,0.041630732052755186,0.010772775551031616,0.6035168375928076,0.00014902972729666922,0.00014902972729666922,1.7532909093725788
49430,0.003612585553341147,0.0023608604559320055,0.7935665398090774,0.024443179010960443,0.010719659568136726,0.7206493827318807,0.04162273142160959,0.010774135658326368,0.6035930340799086,0.0001490598830488539,0.0001490598830488539,1.7536456829276927
49440,0.003611408252744903,0.002361060597033367,0.7936338141288628,0.024436714355836095,0.010720758559507866,0.7207232645047305,0.04161473227284397,0.010775495513616524,0.603669216449105,0.00014909003880103858,0.00014909003880103858,1.7540004564828067
49450,0.0036102313287740464,0.0023612606741084123,0.7937010669271973,0.024430251369008463,0.010721857267268564,0.720797127211332,0.041606734606228546,0.010776855116941146,0.6037453847025853,0.00014912019455322326,0.00014912019455322326,1.7543552300379206
49460,0.0036090547813166143,0.002361460687176176,0.7937682982104792,0.024423790050097406,0.010722955691483443,0.7208709708560297,0.04159873842153354,0.010778214468339296,0.6038215388425375,0.00014915035030540794,0.00014915035030540794,1.7547100035930345
49470,0.0036078786102606434,0.002361660636255691,0.7938355079851063,0.024417330398722795,0.010724053832217128,0.7209447954431681,0.04159074371852917,0.010779573567850038,0.6038976788711506,0.00014918050605759262,0.00014918050605759262,1.7550647771481482
49480,0.00360670281549417,0.0023618605213659915,0.7939026962574761,0.024410872414504497,0.010725151689534237,0.7210186009770915,0.041582750496985676,0.010780932415512434,0.6039738047906126,0.00014921066180977727,0.00014921066180977727,1.755419550703262
49490,0.003605527396905231,0.0023620603425261112,0.793969863033987,0.024404416097062377,0.010726249263499398,0.7210923874621443,0.04157475875667326,0.010782291011365543,0.6040499166031116,0.00014924081756196195,0.00014924081756196195,1.7557743242583759
49500,0.003604352354381863,0.0023622600997550837,0.7940370083210364,0.024397961446016296,0.010727346554177232,0.721166154902671,0.04156676849736215,0.010783649355448432,0.6041260143108366,0.00014927097331414663,0.00014927097331414663,1.7561290978134896
49510,0.003603177687812103,0.002362459793071943,0.7941041321250228,0.02439150846098613,0.010728443561632361,0.7212399033030158,0.04155877971882257,0.01078500744780016,0.6042020979159755,0.0001493011290663313,0.0001493011290663313,1.7564838713686035
49520,0.0036020033970839867,0.0023626594224957225,0.7941712344523436,0.024385057141591733,0.010729540285929408,0.7213136326675231,0.04155079242082473,0.010786365288459793,0.6042781674207167,0.000149331284818516,0.000149331284818516,1.7568386449237174
49530,0.0036008294820855514,0.0023628589880454564,0.7942383153093971,0.02437860748745298,0.010730636727132994,0.7213873430005373,0.04154280660313887,0.01078772287746639,0.6043542228272488,0.00014936144057070067,0.00014936144057070067,1.7571934184788314
49540,0.0035996559427048337,0.0023630584897401784,0.7943053747025809,0.024372159498189737,0.010731732885307746,0.7214610343064031,0.0415348222655352,0.010789080214859014,0.6044302641377599,0.00014939159632288535,0.00014939159632288535,1.757548192033945
49550,0.0035984827788298705,0.0023632579275989223,0.7943724126382932,0.024365713173421864,0.010732828760518285,0.7215347065894645,0.04152683940778394,0.010790437300676728,0.6045062913544386,0.00014942175207507003,0.00014942175207507003,1.757902965589059
49560,0.003597309990348698,0.0023634573016407217,0.7944394291229316,0.024359268512769233,0.010733924352829233,0.721608359854066,0.04151885802965531,0.010791794134958595,0.6045823044794731,0.00014945190782725468,0.00014945190782725468,1.7582577391441727
49570,0.0035961375771493527,0.0023636566118846103,0.7945064241628942,0.024352825515851703,0.010735019662305213,0.7216819941045519,0.04151087813091955,0.010793150717743675,0.6046583035150518,0.00014948206357943936,0.00014948206357943936,1.7586125126992864
49580,0.0035949655391198715,0.002363855858349622,0.7945733977645788,0.024346384182289144,0.010736114689010848,0.7217556093452671,0.04150289971134686,0.010794507049071032,0.6047342884633631,0.00014951221933162404,0.00014951221933162404,1.7589672862544004
49590,0.003593793876148291,0.002364055041054791,0.7946403499343835,0.024339944511701423,0.01073720943301076,0.7218292055805552,0.04149492277070747,0.010795863128979727,0.6048102593265954,0.00014954237508380872,0.00014954237508380872,1.7593220598095143
49600,0.003592622588122648,0.0023642541600191504,0.7947072806787059,0.024333506503708406,0.010738303894369573,0.7219027828147611,0.0414869473087716,0.010797218957508825,0.6048862161069369,0.0001495725308359934,0.0001495725308359934,1.7596768333646282
49610,0.003591451674930979,0.002364453215261734,0.7947741900039442,0.024327070157929957,0.010739398073151909,0.7219763410522291,0.041478973325309476,0.010798574534697387,0.6049621588065763,0.00014960268658817808,0.00014960268658817808,1.7600316069197421
49620,0.0035902811364613204,0.002364652206801576,0.794841077916496,0.02432063547398594,0.010740491969422393,0.7220498802973037,0.041471000820091315,0.010799929860584475,0.6050380874277017,0.00014963284234036276,0.00014963284234036276,1.7603863804748558
49630,0.003589110972601709,0.0023648511346577097,0.7949079444227595,0.02431420245149623,0.010741585583245644,0.722123400554329,0.04146302979288734,0.010801284935209151,0.6051140019725014,0.00014966299809254742,0.00014966299809254742,1.7607411540299696
49640,0.003587941183240182,0.0023650499988491693,0.7949747895291325,0.02430777109008068,0.010742678914686287,0.7221969018276495,0.04145506024346777,0.010802639758610478,0.605189902443164,0.0001496931538447321,0.0001496931538447321,1.7610959275850833
49650,0.003586771768264775,0.0023652487993949885,0.795041613242013,0.024301341389359164,0.010743771963808945,0.7222703841216097,0.041447092171602834,0.010803994330827517,0.6052657888418776,0.00014972330959691678,0.00014972330959691678,1.7614507011401972
49660,0.0035856027275635253,0.002365447536314201,0.7951084155677987,0.02429491334895155,0.01074486473067824,0.7223438474405538,0.04143912557706274,0.010805348651899332,0.6053416611708309,0.00014975346534910146,0.00014975346534910146,1.7618054746953111
49670,0.00358443406102447,0.0023656462096258405,0.7951751965128875,0.024288486968477695,0.010745957215358794,0.7224172917888263,0.04143116045961772,0.010806702721864984,0.605417519432212,0.00014978362110128614,0.00014978362110128614,1.762160248250425
49680,0.0035832657685356444,0.002365844819348941,0.7952419560836775,0.024282062247557475,0.010747049417915232,0.7224907171707718,0.041423196819038,0.010808056540763538,0.6054933636282095,0.00014981377685347082,0.00014981377685347082,1.762515021805539
49690,0.003582097849985086,0.0023660433655025358,0.7953086942865666,0.02427563918581075,0.010748141338412174,0.7225641235907343,0.041415234655093794,0.010809410108634053,0.6055691937610114,0.0001498439326056555,0.0001498439326056555,1.7628697953606527
49700,0.0035809303052608313,0.002366241848105659,0.7953754111279525,0.024269217782857386,0.010749232976914247,0.7226375110530585,0.04140727396755532,0.010810763425515594,0.6056450098328063,0.00014987408835784015,0.00014987408835784015,1.7632245689157664
49710,0.0035797631342509174,0.0023664402671773445,0.7954421066142334,0.02426279803831725,0.010750324333486069,0.7227108795620886,0.0413993147561928,0.010812116491447222,0.6057208118457827,0.00014990424411002483,0.00014990424411002483,1.7635793424708803
49720,0.00357859633684338,0.0023666386227366256,0.7955087807518069,0.024256379951810212,0.010751415408192267,0.722784229122169,0.04139135702077647,0.010813469306467998,0.6057965998021287,0.0001499343998622095,0.0001499343998622095,1.763934116025994
49730,0.0035774299129262563,0.002366836914802537,0.7955754335470712,0.02424996352295613,0.01075250620109746,0.7228575597376443,0.041383400761076536,0.010814821870616987,0.6058723737040329,0.0001499645556143942,0.0001499645556143942,1.764288889581108
49740,0.003576263862387583,0.0023670351433941112,0.7956420650064239,0.024243548751374876,0.010753596712266273,0.7229308714128585,0.041375445976863226,0.01081617418393325,0.6059481335536835,0.00014999471136657887,0.00014999471136657887,1.764643663136222
49750,0.0035750981851153966,0.002367233308530383,0.7957086751362631,0.024237135636686315,0.010754686941763328,0.7230041641521564,0.041367492667906756,0.010817526246455848,0.6060238793532687,0.00015002486711876355,0.00015002486711876355,1.7649984366913358
49760,0.0035739328809977337,0.002367431410230386,0.7957752639429868,0.02423072417851031,0.01075577688965325,0.7230774379598822,0.04135954083397736,0.010818878058223846,0.6060996111049773,0.0001500550228709482,0.0001500550228709482,1.7653532102464493
49770,0.0035727679499226307,0.0023676294485131533,0.7958418314329927,0.02422431437646673,0.010756866556000659,0.7231506928403802,0.04135159047484524,0.010820229619276306,0.6061753288109976,0.00015008517862313288,0.00015008517862313288,1.7657079838015632
49780,0.0035716033917781247,0.002367827423397719,0.7959083776126786,0.02421790623017544,0.010757955940870178,0.7232239287979951,0.04134364159028064,0.01082158092965229,0.6062510324735176,0.00015011533437531756,0.00015011533437531756,1.7660627573566772
49790,0.0035704392064522523,0.0023680253349031176,0.7959749024884428,0.024211499739256306,0.01075904504432643,0.7232971458370708,0.04133569418005376,0.010822931989390858,0.6063267220947259,0.00015014549012750224,0.00015014549012750224,1.7664175309117909
49800,0.0035692753938330497,0.002368223183048382,0.7960414060666829,0.024205094903329193,0.010760133866434039,0.7233703439619521,0.04132774824393484,0.010824282798531076,0.606402397676811,0.00015017564587968692,0.00015017564587968692,1.7667723044669048
49810,0.003568111953808554,0.0023684209678525464,0.796107888353797,0.024198691722013967,0.010761222407257628,0.7234435231769833,0.041319803781694094,0.010825633357112003,0.606478059221961,0.0001502058016318716,0.0001502058016318716,1.7671270780220187
49820,0.0035669488862668016,0.0023686186893346443,0.7961743493561829,0.024192290194930497,0.010762310666861818,0.7235166834865087,0.041311860793101736,0.010826983665172702,0.6065537067323642,0.00015023595738405628,0.00015023595738405628,1.7674818515771327
49830,0.003565786191095829,0.0023688163475137094,0.7962407890802384,0.024185890321698645,0.010763398645311232,0.7235898248948726,0.041303919277927995,0.010828333722752237,0.6066293402102094,0.00015026611313624094,0.00015026611313624094,1.7678366251322462
49840,0.0035646238681836732,0.002369013942408776,0.7963072075323616,0.02417949210193828,0.010764486342670495,0.7236629474064197,0.041295979235943095,0.010829683529889672,0.6067049596576847,0.00015029626888842562,0.00015029626888842562,1.76819139868736
49850,0.003563461917418371,0.0023692114740388776,0.7963736047189504,0.024173095535269265,0.010765573759004226,0.7237360510254941,0.041288040666917256,0.010831033086624064,0.6067805650769784,0.0001503264246406103,0.0001503264246406103,1.768546172242474
49860,0.003562300338687958,0.0023694089424230475,0.7964399806464024,0.02416670062131147,0.010766660894377052,0.7238091357564405,0.041280103570620695,0.010832382392994479,0.6068561564702789,0.00015035658039279498,0.00015035658039279498,1.768900945797588
49870,0.003561139131880472,0.0023696063475803202,0.796506335321116,0.024160307359684757,0.010767747748853593,0.7238822016036027,0.04127216794682364,0.010833731449039978,0.6069317338397746,0.00015038673614497966,0.00015038673614497966,1.7692557193527017
49880,0.003559978296883949,0.002369803689529729,0.7965726687494887,0.024153915750008994,0.010768834322498474,0.7239552485713259,0.041264233795296305,0.010835080254799625,0.607007297187654,0.00015041689189716434,0.00015041689189716434,1.7696104929078156
49890,0.0035588178335864257,0.002370000968290308,0.7966389809379186,0.024147525791904045,0.010769920615376315,0.7240282766639539,0.04125630111580892,0.01083642881031248,0.6070828465161054,0.00015044704764934902,0.00015044704764934902,1.7699652664629295
49900,0.003557657741875939,0.002370198183881091,0.7967052718928036,0.024141137484989778,0.01077100662755174,0.7241012858858311,0.0412483699081317,0.010837777115617609,0.6071583818273171,0.00015047720340153367,0.00015047720340153367,1.770320040018043
49910,0.0035564980216405253,0.002370395336321111,0.7967715416205415,0.02413475082888606,0.010772092359089372,0.7241742762413022,0.04124044017203487,0.01083912517075407,0.6072339031234774,0.00015050735915371835,0.00015050735915371835,1.770674813573157
49920,0.0035553386727682212,0.0023705924256294027,0.7968377901275303,0.024128365823212754,0.010773177810053835,0.7242472477347115,0.041232511907288646,0.010840472975760927,0.6073094104067747,0.00015053751490590303,0.00015053751490590303,1.7710295871282709
49930,0.003554179695147064,0.0023707894518249996,0.7969040174201679,0.024121982467589724,0.01077426298050975,0.7243202003704032,0.04122458511366326,0.010841820530677244,0.6073849036793975,0.0001505676706580877,0.0001505676706580877,1.7713843606833848
49940,0.003553021088665089,0.002370986414926935,0.796970223504852,0.024115600761636845,0.010775347870521739,0.7243931341527218,0.04121665979092892,0.01084316783554208,0.6074603829435339,0.0001505978264102724,0.0001505978264102724,1.7717391342384985
49950,0.0035518628532103342,0.0023711833149542435,0.797036408387981,0.024109220704973972,0.010776432480154427,0.7244660490860119,0.041208735938855864,0.0108445148903945,0.6075358482013726,0.00015062798216245707,0.00015062798216245707,1.7720939077936124
49960,0.0035507049886708353,0.0023713801519259585,0.7971025720759524,0.02410284229722098,0.010777516809472436,0.7245389451746175,0.0412008135572143,0.010845861695273566,0.6076112994551017,0.00015065813791464175,0.00015065813791464175,1.7724486813487264
49970,0.0035495474949346294,0.0023715769258611133,0.7971687145751641,0.024096465537997727,0.010778600858540389,0.7246118224228832,0.041192892645774457,0.01084720825021834,0.6076867367069099,0.0001506882936668264,0.0001506882936668264,1.7728034549038398
49980,0.003548390371889753,0.0023717736367787423,0.7972348358920143,0.024090090426924088,0.010779684627422908,0.7246846808351535,0.041184973204306544,0.010848554555267885,0.6077621599589852,0.00015071844941901108,0.00015071844941901108,1.7731582284589538
49990,0.0035472336194242427,0.002371970284697879,0.7973009360329004,0.02408371696361992,0.010780768116184615,0.7247575204157723,0.0411770552325808,0.010849900610461262,0.6078375692135161,0.00015074860517119576,0.00015074860517119576,1.7735130020140677
50000,0.0035460772374261355,0.0023721668696375575,0.7973670150042209,0.024077345147705095,0.010781851324890136,0.7248303411690846,0.04116913873036744,0.010851246415837533,0.6079129644726909,0.00015077876092338044,0.00015077876092338044,1.7738677755691816
