Time (s),10nm_retentate,10nm_permeate,10nm_cumulative_yield,180nm_retentate,180nm_permeate,180nm_cumulative_yield,300nm_retentate,300nm_permeate,300nm_cumulative_yield,V2_{V_2},Added Buffer,Diavolumes
0,0.0175,0.0,0.0,0.08750000000000001,0.0,0.0,0.105,0.0,0.0,0.0,0.0,0.0
10,0.01748959139075847,1.7694635710600718e-06,0.000594777670944562,0.08745762493631247,7.203760826879704e-06,0.0004842864421431733,0.10496151292750693,6.542802323824304e-06,0.0003665435475531823,1.4712350031150566e-07,1.4712350031150566e-07,0.0017308647095471252
20,0.017479184127227564,3.5386983713138e-06,0.0011894784441390924,0.0874152402385104,1.4409159453231654e-05,0.000968682988452548,0.1049230125874462,1.308786013414636e-05,0.0007332134528933536,2.9424700062301137e-07,2.9424700062301137e-07,0.0034617294190942513
30,0.017468778231655026,5.307700618645567e-06,0.0017841010482842242,0.08737284577404704,2.1616218412001675e-05,0.0014531911537480117,0.10488449886988362,1.9635192119786135e-05,0.0011000107630132288,4.4137050093451705e-07,4.4137050093451705e-07,0.005192594128641377
40,0.017458373708922763,7.076469483129665e-06,0.0023786452044133326,0.08733044157449865,2.8824932335229735e-05,0.0019378105771583013,0.104845971797852,2.6184794365160536e-05,0.001466935258552411,5.884940012460226e-07,5.884940012460226e-07,0.006923458838188501
50,0.017447970582865735,8.845000912824477e-06,0.0029731095505292357,0.08728802767112004,3.603529590959365e-05,0.002422540901485287,0.10480743135822328,3.2736669102045105e-05,0.0018339870645403419,7.356175015575283e-07,7.356175015575283e-07,0.008654323547735626
60,0.017437568859859073,1.0613293823957201e-05,0.003567493722338555,0.08724560409594322,4.324730368965261e-05,0.002907381760648914,0.10476887757159035,3.929081282964152e-05,0.0022011659848538666,8.827410018690339e-07,8.827410018690339e-07,0.01038518825728275
70,0.01742716854481363,1.2381347381681996e-05,0.004161797439220839,0.08720317088105203,5.046095022115355e-05,0.0033923327879767087,0.10473031046136286,4.5847221568314575e-05,0.002568471796544234,1.0298645021805396e-06,1.0298645021805396e-06,0.012116052966829877
80,0.017416769642640273,1.414916075115302e-05,0.004756020420555636,0.08716072805853033,5.767623004984347e-05,0.003877393616796199,0.10469173005095042,5.2405891338429074e-05,0.0029359042766626932,1.1769880024920453e-06,1.1769880024920453e-06,0.013846917676377002
90,0.017406372158249854,1.5916733097524433e-05,0.005350162385722498,0.08711827566046194,6.489313772146935e-05,0.004362563880434914,0.10465313636376265,5.896681816034984e-05,0.0033034632022604952,1.3241115028035509e-06,1.3241115028035509e-06,0.015577782385924128
100,0.01739597609655323,1.768406358595039e-05,0.005944223054100971,0.08707581371893071,7.211166778177816e-05,0.00484784321222038,0.10461452942320917,6.552999805444165e-05,0.003671148350388888,1.4712350031150565e-06,1.4712350031150565e-06,0.017308647095471252
110,0.01738558146246126,1.945115138158506e-05,0.006538202145070607,0.08703334226602048,7.933181477651687e-05,0.005333231245480125,0.1045759092526996,7.209542704106937e-05,0.004038959498099124,1.6183585034265622e-06,1.6183585034265622e-06,0.019039511805018377
120,0.017375188260884807,2.1217995649582593e-05,0.007132099378010954,0.0869908613338151,8.655357325143246e-05,0.005818727613541677,0.10453727587564356,7.866310114059774e-05,0.00440689642244245,1.7654820037380678e-06,1.7654820037380678e-06,0.0207703765145655
130,0.01736479649673472,2.2984595555097157e-05,0.007725914472301565,0.0869483709543984,9.377693775227189e-05,0.006304331949732563,0.10449862931545065,8.52330163733916e-05,0.004774958900470118,1.912605504049573e-06,1.912605504049573e-06,0.022501241224112626
140,0.017354406174921864,2.475095026328291e-05,0.008319647147321986,0.08690587115985422,0.00010100190282478218,0.006790043887380313,0.1044599695955305,9.180516875981575e-05,0.0051431467092333755,2.059729004361079e-06,2.059729004361079e-06,0.02423210593365975
150,0.017344017300357093,2.6517058939294008e-05,0.008913297122451766,0.08686336198226641,0.00010822846301471027,0.007275863059812454,0.10442129673929275,9.837955432023499e-05,0.005511459625783473,2.2068525046725853e-06,2.2068525046725853e-06,0.025962970643206885
160,0.017333629877951263,2.8282920748284604e-05,0.009506864117070454,0.08682084345371881,0.00011545661286780312,0.007761789100356512,0.10438261077014699,0.00010495616907501415,0.005879897427171661,2.353976004984091e-06,2.353976004984091e-06,0.02769383535275401
170,0.01732324391261524,3.0048534855408875e-05,0.010100347850557604,0.08677831560629524,0.00012268634692980774,0.008247821642340015,0.10434391171150284,0.00011153500904451799,0.006248459890449187,2.5010995052955966e-06,2.5010995052955966e-06,0.029424700062301135
180,0.017312859409259876,3.181390042582097e-05,0.010693748042292762,0.08673577847207958,0.0001299176597464711,0.008733960319090493,0.10430519958676994,0.00011811607024911137,0.006617146792667303,2.648223005607102e-06,2.648223005607102e-06,0.03115556477184826
190,0.017302476372796027,3.357901662467505e-05,0.011287064411655478,0.08669323208315564,0.00013715054586354016,0.009220204763935471,0.1042664744193579,0.00012469934870915908,0.006985957910877259,2.795346505918608e-06,2.795346505918608e-06,0.032886429481395384
200,0.017292094808134557,3.534388261712527e-05,0.011880296678025301,0.08665067647160728,0.00014438499982676192,0.00970655461020248,0.10422773623267632,0.00013128484044502592,0.007354893022130304,2.9424700062301135e-06,2.9424700062301135e-06,0.03461729419094251
210,0.017281714720186317,3.710849756832579e-05,0.012473444560781779,0.08660811166951833,0.00015162101618188334,0.010193009491219046,0.10418898505013485,0.00013787254147707665,0.007723951903477684,3.089593506541619e-06,3.089593506541619e-06,0.03634815890048963
220,0.017271336113862168,3.8872860643430786e-05,0.013066507779304464,0.08656553770897264,0.00015885858947465136,0.010679569040312696,0.10415022089514309,0.00014446244782567616,0.008093134331970654,3.2367170068531247e-06,3.2367170068531247e-06,0.03807902361003676
230,0.017260958994072973,4.0636971007594394e-05,0.013659486052972904,0.08652295462205403,0.00016609771425081304,0.01116623289081096,0.10411144379111066,0.00015105455551118918,0.008462440084660457,3.3838405071646304e-06,3.3838405071646304e-06,0.03980988831958388
240,0.017250583365729582,4.2400827825970785e-05,0.014252379101166649,0.08648036244084638,0.00017333838505611523,0.011653000676041358,0.10407265376144718,0.0001576488605539806,0.008831868938598353,3.530964007476136e-06,3.530964007476136e-06,0.04154075302913101
250,0.017240209233742854,4.416443026371411e-05,0.014845186643265245,0.0864377611974335,0.00018058059643630506,0.01213987202933143,0.10403385082956228,0.00016424535897441515,0.009201420670835582,3.6780875077876416e-06,3.6780875077876416e-06,0.04327161773867813
260,0.017229836603023654,4.592777748597856e-05,0.015437908398648253,0.08639515092389924,0.00018782434293712941,0.0126268465840087,0.10399503501886555,0.00017084404679285772,0.009571095058423401,3.825211008099146e-06,3.825211008099146e-06,0.04500248244822525
270,0.017219465478482833,4.769086865791826e-05,0.01603054408669521,0.08635253165232744,0.00019506961910433526,0.01311392397340069,0.10395620635276664,0.000177444920029673,0.009940891878413053,3.972334508410653e-06,3.972334508410653e-06,0.04673334715777239
280,0.01720909586503125,4.945370294468737e-05,0.01662309342678567,0.08630990341480194,0.0002023164194836696,0.01360110383083493,0.10391736485467515,0.00018404797470522585,0.01031081090785579,4.119458008722159e-06,4.119458008722159e-06,0.04846421186731952
290,0.01719872776757976,5.121627951144008e-05,0.017215556138299185,0.0862672662434066,0.0002095647386208794,0.01408838578963895,0.10387851054800071,0.00019065320683988113,0.010680851923802864,4.266581509033665e-06,4.266581509033665e-06,0.05019507657686664
300,0.01718836119103923,5.297859752333052e-05,0.0178079319406153,0.08622462017022522,0.00021681457106171163,0.014575769483140277,0.10383964345615293,0.0001972606124540036,0.011051014703305525,4.41370500934517e-06,4.41370500934517e-06,0.05192594128641376
310,0.01717799614032051,5.4740656145512856e-05,0.018400220553113564,0.08618196522734169,0.00022406591135191333,0.01506325454466644,0.10380076360254144,0.00020387018756795806,0.011421299023415018,4.560828509656675e-06,4.560828509656675e-06,0.053656805995960885
320,0.01716763262033446,5.650245454314126e-05,0.018992421695173532,0.08613930144683982,0.00023131875403723136,0.015550840607544964,0.10376187101057584,0.00021048192820210932,0.011791704661182595,4.707952009968181e-06,4.707952009968181e-06,0.055387670705508006
330,0.01715727063599194,5.826399188136988e-05,0.019584535086174748,0.08609662886080345,0.00023857309366341275,0.016038527305103377,0.10372296570366576,0.00021709583037682217,0.012162231393659507,4.855075510279687e-06,4.855075510279687e-06,0.057118535415055134
340,0.017146910197492555,6.002526642626485e-05,0.020176560143282302,0.0860539474984302,0.00024582892526686645,0.016526314303654886,0.10368404768876395,0.0002237118929101308,0.012532879154629176,5.0021990105911915e-06,5.0021990105911915e-06,0.05884940012460225
350,0.017136551319787394,6.178627563614224e-05,0.02076849601214865,0.0860112573868541,0.0002530862442348033,0.017014201293096016,0.10364511695852276,0.000230330117051134,0.012903648014069131,5.149322510902697e-06,5.149322510902697e-06,0.060580264834149376
360,0.017126194007628968,6.354701870307471e-05,0.02136034242120158,0.0859685585592018,0.0002603450449356954,0.017502187894836665,0.10360617353771989,0.00023695049858762,0.01327453773600112,5.296446011214203e-06,5.296446011214203e-06,0.0623111295436965
370,0.017115838265503988,6.530749486432124e-05,0.021952099114057558,0.0859258510487503,0.0002676053217124481,0.017990273728567936,0.10356721745196507,0.00024357303316594148,0.013645548076523331,5.443569511525708e-06,5.443569511525708e-06,0.06404199425324363
380,0.01710548409789917,6.706770335714075e-05,0.02254376583433302,0.08588313488877666,0.0002748670689079667,0.018478458413980953,0.10352824872686794,0.0002501977164324513,0.014016678791733968,5.590693011837214e-06,5.590693011837214e-06,0.06577285896279075
390,0.01709513150930122,6.882764341879221e-05,0.023135342325644438,0.0858404101125579,0.00028213028086515656,0.018966741570766825,0.10348926738803824,0.0002568245440335022,0.014387929637731214,5.73781651214872e-06,5.73781651214872e-06,0.06750372367233787
400,0.017084780504196852,7.05873142865346e-05,0.023726828331608267,0.08579767675337105,0.00028939495192692303,0.01945512281861667,0.10345027346108562,0.0002634535116154469,0.014759300370613272,5.884940012460225e-06,5.884940012460225e-06,0.069234588381885
410,0.01707443108707278,7.234671519762686e-05,0.02431822359584096,0.08575493484449312,0.00029666107643617134,0.0199436017772216,0.10341126697161979,0.0002700846148246382,0.015130790746478332,6.032063512771731e-06,6.032063512771731e-06,0.07096545309143212
420,0.017064083262415715,7.410584538932794e-05,0.02490952786195897,0.08571218441920114,0.0003039286487358069,0.02043217806627273,0.10337224794525043,0.0002767178493074289,0.015502400521424589,6.1791870130832365e-06,6.1791870130832365e-06,0.07269631780097925
430,0.017053737034712368,7.586470409889681e-05,0.025500740873578755,0.08566942551077215,0.000311197663168735,0.020920851305461174,0.10333321640758723,0.00028335321071017177,0.015874129451550242,6.326310513394742e-06,6.326310513394742e-06,0.07442718251052638
440,0.017043392408449452,7.762329056359243e-05,0.02609186237431678,0.08562665815248317,0.00031846811407786096,0.021409621114478045,0.1032941723842399,0.0002899906946792196,0.01624597729295348,6.473434013706248e-06,6.473434013706248e-06,0.0761580472200735
450,0.01703304938811368,7.938160402067373e-05,0.02668289210778949,0.08558388237761123,0.0003257399958060901,0.021898487113014457,0.1032551159008181,0.00029663029686092504,0.016617943801732492,6.620557514017753e-06,6.620557514017753e-06,0.07788891192962062
460,0.017022707978191762,8.11396437073997e-05,0.027273829817613345,0.08554109821943337,0.0003330133026963278,0.022387448920761527,0.10321604698293153,0.00030327201290164096,0.016990028733985488,6.767681014329259e-06,6.767681014329259e-06,0.07961977663916775
470,0.017012368183170413,8.289740886102929e-05,0.027864675247404803,0.08549830571122659,0.00034028802909147934,0.02287650615741037,0.10317696565618989,0.0003099158384477201,0.01736223184581065,6.9148045146407655e-06,6.9148045146407655e-06,0.08135064134871488
480,0.01700203000753634,8.465489871882144e-05,0.028455428140780316,0.08545550488626795,0.0003475641693344501,0.0233656584426521,0.10313787194620286,0.0003165617691455153,0.01773455289330618,7.06192801495227e-06,7.06192801495227e-06,0.08308150605826199
490,0.01699169345577626,8.641211251803512e-05,0.02904608824135634,0.08541269577783445,0.0003548417177681453,0.023854905396177833,0.10309876587858013,0.00032320980064137923,0.018106991632570266,7.209051515263777e-06,7.209051515263777e-06,0.08481237076780913
500,0.016981358532376884,8.816904949592929e-05,0.029636655292749337,0.08536987841920311,0.0003621206687354704,0.024344246637678677,0.1030596474789314,0.0003298599285816647,0.018479547819701105,7.3561750155752816e-06,7.3561750155752816e-06,0.08654323547735625
510,0.016971025241824922,8.99257088897629e-05,0.03022712903857576,0.085327052843651,0.00036940101657933057,0.024833681786845748,0.10302051677286633,0.00033651214861272447,0.01885222121079689,7.503298515886788e-06,7.503298515886788e-06,0.08827410018690338
520,0.016960693588607086,9.16820899367949e-05,0.030817509222452064,0.08528421908445512,0.0003766827556426312,0.02532321046337016,0.10298137378599465,0.00034316645638091136,0.01922501156195582,7.650422016198293e-06,7.650422016198293e-06,0.0900049648964505
530,0.01695036357721009,9.343819187428427e-05,0.03140779558799471,0.08524137717489248,0.00038396588026827776,0.02581283228694304,0.10294221854392602,0.0003498228475325781,0.019597918629276085,7.7975455165098e-06,7.7975455165098e-06,0.09173582960599763
540,0.016940035212120643,9.519401393948994e-05,0.03199798787882015,0.08519852714824015,0.0003912503847991754,0.026302546877255487,0.10290305107227014,0.00035648131771407745,0.01997094216885588,7.944669016821306e-06,7.944669016821306e-06,0.09346669431554477
550,0.016929708497825463,9.694955536967089e-05,0.032588085838544834,0.08515566903777512,0.00039853626357822945,0.026792353853998613,0.1028638713966367,0.00036314186257176216,0.020344081936793396,8.09179251713281e-06,8.09179251713281e-06,0.09519755902509189
560,0.016919383438811254,9.870481540208607e-05,0.03317808921078523,0.08511280287677445,0.0004058235109483453,0.027282252836863547,0.1028246795426354,0.00036980447775198505,0.02071733768918684,8.238916017444315e-06,8.238916017444315e-06,0.096928423734639
570,0.016909060039564733,0.00010045979327399443,0.03376799773915779,0.08506992869851512,0.0004131121212524282,0.02777224344554139,0.1027854755358759,0.00037646915890109887,0.021090709182134394,8.386039517755822e-06,8.386039517755822e-06,0.09865928844418613
580,0.016898738304572614,0.00010221448822265494,0.03435781116727897,0.08502704653627421,0.0004204020888333837,0.02826232529972327,0.10274625940196791,0.00038313590166545643,0.021464196171734253,8.533163018067328e-06,8.533163018067328e-06,0.10039015315373327
590,0.016888418238321604,0.00010396889948532655,0.03494752923876522,0.08498415642332872,0.00042769340803411684,0.02875249801910029,0.10270703116652112,0.00038980470169141043,0.02183779841408462,8.680286518378833e-06,8.680286518378833e-06,0.10212101786328039
600,0.01687809984529842,0.00010572302629926819,0.035537151697233,0.08494125839295569,0.00043498607319753305,0.029242761223363563,0.10266779085514523,0.00039647555462531364,0.022211515665283676,8.827410018690338e-06,8.827410018690338e-06,0.1038518825728275
610,0.016867783129989766,0.00010747686790173887,0.03612667828629878,0.08489835247843214,0.0004422800786665378,0.029733114532204216,0.1026285384934499,0.0004031484561135189,0.02258534768142963,8.974533519001844e-06,8.974533519001844e-06,0.10558274728237463
620,0.016857468096882364,0.00010923042352999751,0.03671610874957899,0.08485543871303508,0.0004495754187840362,0.030223557565313357,0.10258927410704484,0.000409823401802379,0.022959294218620672,9.12165701931335e-06,9.12165701931335e-06,0.10731361199192177
630,0.01684715475046292,0.00011098369242130309,0.037305442830690115,0.08481251713004156,0.0004568720878929337,0.030714089942382092,0.10254999772153973,0.00041650038733824653,0.02333335503295499,9.268780519624856e-06,9.268780519624856e-06,0.10904447670146888
640,0.016836843095218147,0.00011273667381291456,0.03789468027324859,0.08476958776272862,0.0004641700803361355,0.031204711283101542,0.10251070936254428,0.0004231794083674745,0.02370752988053078,9.41590401993636e-06,9.41590401993636e-06,0.110775341411016
650,0.016826533135634755,0.00011448936694209084,0.038483820820870866,0.08472665064437325,0.00047146939045654705,0.03169542120716282,0.10247140905566815,0.00042986046053641543,0.02408181851744624,9.563027520247867e-06,9.563027520247867e-06,0.11250620612056313
660,0.01681622487619946,0.00011624177104609096,0.03907286421717343,0.0846837058082525,0.00047877001259707366,0.03218621933425705,0.10243209682652106,0.0004365435394914224,0.024456220699799573,9.710151020559373e-06,9.710151020559373e-06,0.11423707083011027
670,0.016805918321398973,0.00011799388536217381,0.03966181020577271,0.08464075328764341,0.00048607194110062064,0.03267710528407534,0.10239277270071268,0.00044322864087884787,0.02483073618368896,9.857274520870878e-06,9.857274520870878e-06,0.11596793553965738
680,0.016795613475720006,0.00011974570912759837,0.04025065853028516,0.08459779311582298,0.0004933751703100934,0.0331680786763088,0.10235343670385269,0.0004499157603450448,0.025205364725212596,1.0004398021182383e-05,1.0004398021182383e-05,0.1176988002492045
690,0.01678531034364927,0.00012149724157962361,0.040839408934327255,0.08455482532606826,0.0005006796945683971,0.033659139130648545,0.1023140888615508,0.00045660489353636593,0.02558010608046868,1.015152152149389e-05,1.015152152149389e-05,0.11942966495875162
700,0.016775008929673475,0.0001232484819555085,0.041428061161515456,0.08451184995165625,0.000507985508218437,0.03415028626678568,0.1022747291994167,0.00046329603609916395,0.025954960005555403,1.0298645021805396e-05,1.0298645021805396e-05,0.12116052966829877
710,0.016764709238279336,0.00012499942949251196,0.0420166149554662,0.08446886702586401,0.0005152926056031187,0.03464151970441134,0.10223535774306006,0.00046998918367979173,0.026329926256570966,1.0445768522116902e-05,1.0445768522116902e-05,0.1228913943778459
720,0.01675441127395357,0.00012675008342789295,0.04260507005979595,0.08442587658196854,0.0005226009810653475,0.03513283906321663,0.1021959745180906,0.00047668433192460196,0.026705004589613557,1.0592892022428407e-05,1.0592892022428407e-05,0.12462225908739302
730,0.016744115041182877,0.00012850044299891046,0.04319342621812116,0.0843828786532469,0.0005299106289480286,0.035624243962892675,0.10215657955011796,0.00048338147647994736,0.027080194760781363,1.0740015522739912e-05,1.0740015522739912e-05,0.12635312379694014
740,0.016733820544453975,0.0001302505074428234,0.043781683174058283,0.08433987327297608,0.0005372215435940673,0.03611573402313057,0.10211717286475189,0.0004900806129921809,0.027455496526172605,1.0887139023051418e-05,1.0887139023051418e-05,0.12808398850648728
750,0.01672352778825358,0.00013200027599689077,0.044369840671223786,0.08429686047443313,0.000544533719346369,0.036607308863621436,0.10207775448760203,0.0004967817371076553,0.027830909641885445,1.1034262523362923e-05,1.1034262523362923e-05,0.1298148532160344
760,0.0167132367770684,0.00013374974789837153,0.04495789845323413,0.08425384029089507,0.0005518471505478389,0.03709896810405639,0.10203832444427811,0.0005034848444727231,0.0282064338640181,1.118138602367443e-05,1.118138602367443e-05,0.1315457179255815
770,0.016702947515385147,0.0001354989223845246,0.04554585626370575,0.08421081275563894,0.0005591618315413825,0.03759071136412655,0.10199888276038979,0.0005101899307337373,0.028582068948668757,1.1328509523985934e-05,1.1328509523985934e-05,0.13327658263512862
780,0.01669266000769053,0.00013724779869260894,0.0461337138462551,0.08416777790194174,0.000566477756669905,0.03808253826352302,0.10195942946154678,0.0005168969915370506,0.028957814651935608,1.1475633024297441e-05,1.1475633024297441e-05,0.13500744734467576
790,0.01668237425847127,0.00013899637605988355,0.04672147094449867,0.08412473576308052,0.0005737949202763118,0.03857444842193693,0.10191996457335874,0.0005236060225290158,0.029333670729916852,1.1622756524608947e-05,1.1622756524608947e-05,0.1367383120542229
800,0.01667209027221407,0.00014074465372360733,0.047309127302052875,0.0840816863723323,0.0005811133167035083,0.03906644145905938,0.1018804881214354,0.0005303170193559857,0.02970963693871068,1.1769880024920452e-05,1.1769880024920452e-05,0.13846917676377002
810,0.016661808053405648,0.0001424926309210393,0.04789668266253421,0.08403862976297412,0.0005884329402943995,0.039558516994581475,0.1018410001313864,0.0005370299776643129,0.03008571303441529,1.1917003525231957e-05,1.1917003525231957e-05,0.14020004147331713
820,0.016651527606532712,0.00014424030688943838,0.048484136769559115,0.08399556596828299,0.0005957537853918913,0.04005067464819437,0.10180150062882148,0.0005437448931003504,0.030461898773128875,1.2064127025543463e-05,1.2064127025543463e-05,0.14193090618286427
830,0.016641248936081977,0.00014598768086606352,0.04907148936674404,0.08395249502153596,0.0006030758463388885,0.04054291403958914,0.1017619896393503,0.0005504617613104508,0.03083819391094962,1.221125052585497e-05,1.221125052585497e-05,0.1436617708924114
840,0.01663097204654015,0.0001477347520881737,0.04965874019770544,0.08390941695601002,0.0006103991174782966,0.04103523478845691,0.10172246718858256,0.0005571805779409668,0.03121459820397573,1.2358374026166476e-05,1.2358374026166476e-05,0.14539263560195853
850,0.016620696942393952,0.00014948151979302782,0.05024588900605977,0.08386633180498224,0.0006177235931530208,0.041527636514488785,0.10168293330212794,0.0005639013386382515,0.03159111140830541,1.250549752647798e-05,1.250549752647798e-05,0.14712350031150562
860,0.016610423628130085,0.0001512279832178849,0.05083293553542349,0.0838232396017296,0.0006250492677059668,0.042020118837375914,0.10164338800559615,0.0005706240390486574,0.031967733280036825,1.2652621026789486e-05,1.2652621026789486e-05,0.14885436502105276
870,0.016600152108235268,0.00015297414160000391,0.05141987952941308,0.08378014037952919,0.0006323761354800395,0.04251268137680937,0.10160383132459685,0.0005773486748185373,0.0323444635752682,1.279974452710099e-05,1.279974452710099e-05,0.15058522973059987
880,0.01658988238719621,0.00015471999417664378,0.05200672073164496,0.08373703417165798,0.0006397041908181445,0.0430053237524803,0.10156426328473975,0.000584075241594244,0.032721302050097704,1.2946868027412496e-05,1.2946868027412496e-05,0.152316094440147
890,0.016579614469499623,0.00015646554018506346,0.05259345888573561,0.08369392101139302,0.0006470334280631871,0.0434980455840798,0.10152468391163454,0.0005908037350221304,0.03309824846062356,1.3093991527724002e-05,1.3093991527724002e-05,0.15404695914969413
900,0.01656934835963222,0.00015821077886252189,0.05318009373530147,0.08365080093201134,0.0006543638415580724,0.043990846491298974,0.1014850932308909,0.0005975341507485489,0.03347530256294391,1.3241115028035509e-05,1.3241115028035509e-05,0.15577782385924127
910,0.016559084062080714,0.00015995570944627807,0.053766625023959014,0.08360767396678996,0.0006616954256457061,0.044483726093828974,0.10144549126811853,0.0006042664844198529,0.033852464113157024,1.3388238528347015e-05,1.3388238528347015e-05,0.1575086885687884
920,0.016548821581331814,0.0001617003311735909,0.05435305249532467,0.08356454014900593,0.0006690281746689931,0.04497668401136088,0.1014058780489271,0.0006110007316823945,0.034229732867361036,1.353536202865852e-05,1.353536202865852e-05,0.15923955327833553
930,0.016538560921872236,0.0001634446432817194,0.05493937589301492,0.08352139951193624,0.0006763620829708391,0.04546971986358581,0.10136625359892633,0.0006177368881825268,0.03460710858165417,1.3682485528970025e-05,1.3682485528970025e-05,0.16097041798788264
940,0.016528302088188687,0.0001651886450079225,0.05552559496064621,0.08347825208885795,0.0006836971448941492,0.0459628332701949,0.10132661794372588,0.0006244749495666026,0.0349845910121346,1.3829609029281531e-05,1.3829609029281531e-05,0.16270128269742976
950,0.016518045084767882,0.00016693233558945917,0.05611170944183501,0.08343509791304807,0.0006910333547818287,0.046456023850879234,0.10128697110893546,0.0006312149114809745,0.03536217991490053,1.3976732529593036e-05,1.3976732529593036e-05,0.16443214740697687
960,0.016507789916096534,0.00016867571426358835,0.05669771908019776,0.08339193701778363,0.0006983707069767832,0.04694929122532996,0.10124731312016474,0.0006379567695719954,0.03573987504605016,1.4123856029904542e-05,1.4123856029904542e-05,0.166163012116524
970,0.016497536586661355,0.00017041878026756901,0.057283623619350924,0.08334876943634166,0.0007057091958219178,0.04744263501323817,0.10120764400302343,0.000644700519486018,0.03611767616168168,1.4270979530216047e-05,1.4270979530216047e-05,0.16789387682607113
980,0.016487285100949055,0.00017216153283866004,0.057869422802910936,0.08330559520199919,0.0007130488156601377,0.047936054834294965,0.10116796378312122,0.0006514461568693952,0.03649558301789329,1.4418103030527552e-05,1.4418103030527552e-05,0.16962474153561824
990,0.016477035463446345,0.0001739039712141205,0.05845511637449429,0.08326241434803325,0.0007203895608343487,0.0484295503081915,0.10112827248606777,0.0006581936773684797,0.03687359537078318,1.4565226530839058e-05,1.4565226530839058e-05,0.17135560624516538
1000,0.016466787678639943,0.00017564609463120934,0.05904070407771742,0.08321922690772085,0.0007277314256874556,0.04892312105461885,0.10108857013747281,0.0006649430766296242,0.03725171297644954,1.4712350031150567e-05,1.4712350031150567e-05,0.17308647095471252
1010,0.016456541751016553,0.00017738790232718542,0.059626185656196776,0.08317603291433903,0.0007350744045623639,0.04941676669326816,0.101048856762946,0.0006716943502991815,0.037629935590990565,1.485947353146207e-05,1.485947353146207e-05,0.17481733566425964
1020,0.01644629768506289,0.0001791293935393078,0.06021156085354883,0.08313283240116483,0.000742418491801979,0.049910486843830516,0.10100913238809704,0.0006784474940235044,0.03800826297050445,1.5006597031773576e-05,1.5006597031773576e-05,0.17654820037380675
1030,0.01643605548526567,0.00018087056750483536,0.060796829413390034,0.08308962540147526,0.0007497636817492064,0.05040428112599706,0.10096939703853562,0.0006852025034489457,0.0383866948710894,1.5153720532085081e-05,1.5153720532085081e-05,0.17827906508335387
1040,0.016425815156111603,0.0001826114234610271,0.06138199107933684,0.08304641194854735,0.0007571099687469511,0.05089814915945889,0.10092965073987144,0.0006919593742218581,0.038765231048843586,1.5300844032396586e-05,1.5300844032396586e-05,0.180009929792901
1050,0.016415576702087396,0.00018435196064514196,0.0619670455950057,0.08300319207565812,0.0007644573471381185,0.05139209056390712,0.10088989351771416,0.0006987181019885944,0.03914387125986523,1.5447967532708096e-05,1.5447967532708096e-05,0.18174079450244818
1060,0.016405340127679767,0.00018609217829443895,0.06255199270401308,0.08295996581608463,0.0007718058112656141,0.051886104959032876,0.1008501253976735,0.0007054786823955073,0.03952261526025251,1.55950910330196e-05,1.55950910330196e-05,0.18347165921199526
1070,0.016395105437375428,0.00018783207564617693,0.06313683214997544,0.08291673320310387,0.0007791553554723431,0.052380191964527256,0.10081034640535913,0.0007122411110889496,0.03990146280610362,1.5742214533331102e-05,1.5742214533331102e-05,0.18520252392154235
1080,0.016384872635661085,0.00018957165193761493,0.0637215636765092,0.08287349426999288,0.0007865059741012108,0.05287435120008139,0.10077055656638075,0.0007190053837152744,0.04028041365351677,1.588933803364261e-05,1.588933803364261e-05,0.18693338863108955
1090,0.016374641727023454,0.00019131090640601192,0.06430618702723088,0.0828302490500287,0.0007938576614951224,0.05336858228538637,0.10073075590634804,0.000725771495920834,0.04065946755859014,1.6036461533954115e-05,1.6036461533954115e-05,0.18866425334063663
1100,0.01636441271594925,0.00019304983828862682,0.0648907019457569,0.08278699757648833,0.0008012104119969835,0.05386288484013334,0.1006909444508707,0.0007325394433519814,0.04103862427742193,1.618358503426562e-05,1.618358503426562e-05,0.19039511805018378
1110,0.01635418560692518,0.00019478844682271852,0.0654751081757037,0.08274373988264883,0.0008085642199496992,0.054357258484013384,0.10065112222555843,0.0007393092216550693,0.04141788356611032,1.6330708534577128e-05,1.6330708534577128e-05,0.1921259827597309
1120,0.01634396040443796,0.0001965267312455461,0.06605940546068777,0.0827004760017872,0.0008159190796961752,0.054851702836717656,0.10061128925602089,0.0007460808264764504,0.04179724518075353,1.6477832034888634e-05,1.6477832034888634e-05,0.19385684746927803
1130,0.016333737112974298,0.00019826469079436848,0.06664359354432553,0.0826572059671805,0.0008232749855793164,0.05534621751793723,0.10057144556786779,0.0007528542534624776,0.04217670887744973,1.662495553520014e-05,1.662495553520014e-05,0.19558771217882517
1140,0.01632351573702091,0.00020000232470644458,0.06722767217023347,0.08261392981210572,0.0008306319319420282,0.05584080214736323,0.10053159118670882,0.0007596294982595036,0.042556274412297125,1.6772079035511644e-05,1.6772079035511644e-05,0.19731857688837226
1150,0.016313296281064506,0.00020173963221903338,0.06781164108202802,0.08257064756983991,0.0008379899131272161,0.056335456344686785,0.10049172613815364,0.0007664065565138813,0.04293594154139391,1.6919202535823147e-05,1.6919202535823147e-05,0.19904944159791935
1160,0.016303078749591797,0.00020347661256939388,0.06839550002332566,0.08252735927366009,0.0008453489234777852,0.056830179729599,0.10045185044781199,0.0007731854238719634,0.04331571002083828,1.7066326036134657e-05,1.7066326036134657e-05,0.20078030630746654
1170,0.016292863147089498,0.00020521326499478492,0.06897924873774283,0.0824840649568433,0.0008527089573366414,0.05732497192179101,0.10041196414129352,0.0007799660959801024,0.04369557960672843,1.721344953644616e-05,1.721344953644616e-05,0.20251117101701363
1180,0.016282649478044316,0.00020694958873246558,0.069562886968896,0.08244076465266653,0.0008600700090466893,0.057819832540953894,0.10037206724420794,0.0007867485684846516,0.04407555005516255,1.7360573036757666e-05,1.7360573036757666e-05,0.20424203572656077
1190,0.016272437746942967,0.0002086855830196948,0.07014641446040161,0.08239745839440686,0.0008674320729508342,0.05831476120677876,0.10033215978216493,0.0007935328370319633,0.04445562112223884,1.7507696537069173e-05,1.7507696537069173e-05,0.2059729004361079
1200,0.016262227958272164,0.00021042124709373143,0.07072983095587611,0.08235414621534129,0.0008747951433919821,0.05880975753895677,0.10029224178077419,0.0008003188972683906,0.0448357925640555,1.765482003738068e-05,1.765482003738068e-05,0.20770376514565503
1210,0.016252020116518617,0.00021215658019183454,0.07131313619893598,0.08231082814874684,0.0008821592147130377,0.05930482115717899,0.10025231326564539,0.000807106744840286,0.0452160641367107,1.7801943537692186e-05,1.7801943537692186e-05,0.20943462985520217
1220,0.016241814226169035,0.00021389158155126308,0.07189632993319767,0.08226750422790055,0.0008895242812569069,0.05979995168113659,0.10021237426238823,0.0008138963753940025,0.04559643559630266,1.794906703800369e-05,1.794906703800369e-05,0.21116549456474926
1230,0.01623161029171014,0.00021562625040927593,0.07247941190227762,0.08222417448607945,0.0008968903373664948,0.06029514873052065,0.10017242479661241,0.0008206877845758926,0.04597690669892956,1.8096190538315195e-05,1.8096190538315195e-05,0.2128963592742964
1240,0.01622140831762863,0.0002173605860031321,0.0730623818497923,0.08218083895656056,0.0009042573773847063,0.06079041192502226,0.1001324648939276,0.0008274809680323094,0.046357477200689605,1.8243314038626698e-05,1.8243314038626698e-05,0.21462722398384348
1250,0.01621120830841123,0.00021909458757009062,0.07364523951935818,0.08213749767262091,0.0009116253956544472,0.06128574088433258,0.10009249457994351,0.0008342759214096054,0.046738146857680976,1.8390437538938205e-05,1.8390437538938205e-05,0.21635808869339063
1260,0.016201010268544643,0.00022082825434741027,0.07422798465459168,0.08209415066753752,0.0009189943865186229,0.06178113522814271,0.10005251388026981,0.0008410726403541335,0.04711891542600188,1.8537561039249715e-05,1.8537561039249715e-05,0.2180889534029378
1270,0.016190814202515582,0.00022256158557235016,0.07481061699910929,0.08205079797458742,0.0009263643443201382,0.062276594576143735,0.1000125228205162,0.0008478711205122465,0.047499782661750506,1.8684684539561218e-05,1.8684684539561218e-05,0.2198198181124849
1280,0.016180620114810765,0.0002242945804821692,0.07539313629652745,0.08200743962704765,0.0009337352634018988,0.06277211854802679,0.09997252142629239,0.0008546713575302969,0.04788074832102504,1.8831808039872724e-05,1.8831808039872724e-05,0.22155068282203202
1290,0.0161704280099169,0.0002260272383141263,0.07597554229046262,0.08196407565819523,0.0009411071381068101,0.06326770676348302,0.09993250972320802,0.0008614733470546378,0.04826181215992369,1.897893154018423e-05,1.897893154018423e-05,0.22328154753157917
1300,0.016160237892320697,0.00022775955830548047,0.07655783472453125,0.0819207061013072,0.0009484799627777775,0.06376335884220352,0.09989248773687283,0.0008682770847316222,0.048642973934544656,1.9126055040495734e-05,1.9126055040495734e-05,0.22501241224112625
1310,0.016150049766508873,0.0002294915396934907,0.07714001334234981,0.08187733098966056,0.0009558537317577056,0.06425907440387936,0.09985245549289647,0.0008750825662076021,0.04902423340098611,1.927317854080724e-05,1.927317854080724e-05,0.2267432769506734
1320,0.01613986363696814,0.00023122318171541585,0.07772207788753474,0.08183395035653235,0.0009632284393895005,0.06475485306820171,0.09981241301688866,0.0008818897871289308,0.04940559031534626,1.9420302041118747e-05,1.9420302041118747e-05,0.22847414166022054
1330,0.016129679508185203,0.00023295448360851495,0.07830402810370249,0.0817905642351996,0.0009706040800160675,0.06525069445486166,0.09977236033445906,0.0008886987431419609,0.049787044433723296,1.9567425541430253e-05,1.9567425541430253e-05,0.23020500636976768
1340,0.01611949738464678,0.0002346854446100469,0.07888586373446954,0.08174717265893935,0.0009779806479803114,0.06574659818355034,0.0997322974712174,0.0008955094298930453,0.050168595512215426,1.9714549041741756e-05,1.9714549041741756e-05,0.23193587107931476
1350,0.01610931727083958,0.00023641606395727075,0.07946758452345234,0.0817037756610286,0.0009853581376251378,0.06624256387395884,0.09969222445277333,0.0009023218430285369,0.05055024330692084,1.9861672542053263e-05,1.9861672542053263e-05,0.2336667357888619
1360,0.016099139171250318,0.0002381463408874454,0.08004919021426736,0.0816603732747444,0.0009927365432934522,0.06673859114577829,0.09965214130473656,0.000909135978194788,0.0509319875739377,2.0008796042364766e-05,2.0008796042364766e-05,0.235397600498409
1370,0.016088963090365702,0.0002398762746378298,0.080630680550531,0.08161696553336377,0.0010001158593281598,0.0672346796186998,0.09961204805271677,0.0009159518310381518,0.05131382806936425,2.0155919542676276e-05,2.0155919542676276e-05,0.23712846520795616
1380,0.01607878903267245,0.00024160586444568288,0.08121205527585978,0.08157355247016373,0.0010074960800721658,0.0677308289124145,0.09957194472232365,0.0009227693972049809,0.051695764549298646,2.030304304298778e-05,2.030304304298778e-05,0.23885932991750325
1390,0.01606861700265727,0.00024333510954826368,0.08179331413387013,0.08153013411842132,0.0010148771998683757,0.06822703864661349,0.0995318313391669,0.0009295886723416281,0.05207779676983911,2.045016654329929e-05,2.045016654329929e-05,0.24059019462705045
1400,0.016058447004806874,0.00024506400918283106,0.08237445686817851,0.08148671051141357,0.001022259213059695,0.0687233084409879,0.09949170792885621,0.0009364096520944461,0.052459924487083816,2.0597290043610792e-05,2.0597290043610792e-05,0.24232105933659753
1410,0.016048279043607973,0.000246792562586644,0.08295548322240134,0.08144328168241749,0.0010296421139890284,0.06921963791522878,0.09945157451700126,0.0009432323321097876,0.05284214745713096,2.0744413543922295e-05,2.0744413543922295e-05,0.24405192404614462
1420,0.01603811312354728,0.0002485207689969616,0.08353639294015516,0.0813998476647101,0.001037025896999282,0.06971602668902735,0.09941143112921175,0.0009500567080340056,0.05322446543607875,2.0891537044233805e-05,2.0891537044233805e-05,0.2457827887556918
1430,0.01602794924911151,0.0002502486276510426,0.08411718576505633,0.08135640849156847,0.0010444105564333603,0.07021247438207463,0.09937127779109735,0.000956882775513453,0.05360687818002537,2.1038660544545308e-05,2.1038660544545308e-05,0.2475136534652389
1440,0.01601778742478737,0.0002519761377861461,0.08469786144072138,0.0813129641962696,0.0010517960866341693,0.07070898061406179,0.09933111452826776,0.0009637105301944819,0.05398938544506901,2.118578404485681e-05,2.118578404485681e-05,0.249244518174786
1450,0.016007627655061578,0.00025370329863953105,0.08527841971076673,0.08126951481209051,0.0010591824819446139,0.07120554500467992,0.09929094136633268,0.0009705399677234456,0.05437198698730788,2.133290754516832e-05,2.133290754516832e-05,0.2509753828843332
1460,0.01599746994442084,0.00025543010944845633,0.08585886031880884,0.08122606037230824,0.0010665697367076,0.07170216717362014,0.0992507583309018,0.0009773710837466972,0.054754682562840176,2.1480031045479824e-05,2.1480031045479824e-05,0.2527062475938803
1470,0.015987314297351875,0.0002571565694501809,0.08643918300846416,0.08118260091019981,0.001073957845266032,0.07219884674057357,0.09921056544758479,0.0009842038739105888,0.05513747192776408,2.1627154545791334e-05,2.1627154545791334e-05,0.2544371123034274
1480,0.015977160718341387,0.0002588826778819638,0.08701938752334917,0.08113913645904226,0.001081346801962816,0.07269558332523131,0.09917036274199134,0.0009910383338614733,0.05552035483817778,2.1774278046102837e-05,2.1774278046102837e-05,0.25616797701297456
1490,0.01596700921187609,0.00026060843398106393,0.0875994736070803,0.0810956670521126,0.0010887366011408572,0.07319237654728451,0.09913015023973117,0.0009978744592457037,0.05590333105017948,2.192140154641434e-05,2.192140154641434e-05,0.25789884172252164
1500,0.0159568597824427,0.0002623338369847403,0.08817944100327404,0.08105219272268788,0.0010961272371430607,0.07368922602642423,0.09908992796641394,0.0010047122457096324,0.05628640031986737,2.206852504672585e-05,2.206852504672585e-05,0.2596297064320688
1510,0.015946712434527926,0.0002640588861302518,0.08875928945554683,0.08100871350404511,0.0011035187043123321,0.07418613138234165,0.09904969594764935,0.001011551688899613,0.05666956240333967,2.2215648547037353e-05,2.2215648547037353e-05,0.26136057114161587
1520,0.01593656717261848,0.0002657835806548574,0.08933901870751508,0.08096522942946131,0.0011109109969915764,0.07468309223472781,0.09900945420904708,0.001018392784461997,0.057052817056694516,2.2362772047348863e-05,2.2362772047348863e-05,0.26309143585116307
1530,0.01592642400120108,0.0002675079197958161,0.08991862850279532,0.08092174053221354,0.0011183041095236992,0.07518010820327388,0.09896920277621685,0.0010252355280431383,0.05743616403603016,2.2509895547660366e-05,2.2509895547660366e-05,0.26482230056071016
1540,0.015916282924762427,0.0002692319027903868,0.09049811858500396,0.08087824684557879,0.0011256980362516057,0.07567717890767096,0.09892894167476832,0.0010320799152893892,0.05781960309744477,2.265701904797187e-05,2.265701904797187e-05,0.26655316527025724
1550,0.01590614394778924,0.0002709555288758285,0.09107748869775747,0.08083474840283411,0.0011330927715182011,0.07617430396761014,0.09888867093031117,0.0010389259418471025,0.058203133997036555,2.280414254828338e-05,2.280414254828338e-05,0.26828402997980444
1560,0.01589600707476823,0.0002726787972894002,0.09165673858467233,0.08079124523725653,0.001140488309666391,0.07667148300278258,0.09884839056845512,0.001045773603362631,0.058586756490903696,2.2951266048594882e-05,2.2951266048594882e-05,0.2700148946893515
1570,0.015885872310186108,0.00027440170726836076,0.09223586798936495,0.08074773738212306,0.0011478846450390806,0.07716871563287936,0.09880810061480985,0.0010526228954823272,0.05897047033514438,2.3098389548906385e-05,2.3098389548906385e-05,0.2717457593988986
1580,0.01587573965852959,0.00027612425804996913,0.0928148766554518,0.08070422487071073,0.0011552817719791754,0.07766600147759162,0.09876780109498505,0.0010594738138525444,0.05935427528585682,2.3245513049217895e-05,2.3245513049217895e-05,0.2734766241084458
1590,0.015865609124285383,0.00027784644887148436,0.09339376432654935,0.08066070773629659,0.0011626796848295804,0.07816334015661043,0.0987274920345904,0.001066326354119635,0.05973817109913921,2.3392636549529398e-05,2.3392636549529398e-05,0.2752074888179929
1600,0.0158554807119402,0.0002795682789701654,0.09397253074627407,0.08061718601215764,0.0011700783779332008,0.07866073128962693,0.0986871734592356,0.0010731805119299515,0.06012215753108972,2.35397600498409e-05,2.35397600498409e-05,0.27693835352754
1610,0.015845354425980753,0.00028128974758327105,0.09455117565824236,0.08057365973157093,0.0011774778456329427,0.07915817449633228,0.09864684539453032,0.0010800362829298474,0.06050623433780658,2.368688355015241e-05,2.368688355015241e-05,0.2786692182370872
1620,0.015835230270893758,0.0002830108539480605,0.09512969880607074,0.08053012892781347,0.0011848780822717106,0.07965566939641751,0.09860650786608427,0.0010868936627656753,0.060890401275387966,2.3834007050463914e-05,2.3834007050463914e-05,0.28040008294663427
1630,0.015825108251165922,0.0002847315973017926,0.09570809993337566,0.0804865936341623,0.00119227908219241,0.08015321560957377,0.09856616089950715,0.0010937526470837875,0.06127465809993207,2.3981130550775424e-05,2.3981130550775424e-05,0.28213094765618146
1640,0.01581498837128396,0.00028645197688172624,0.09628637878377352,0.08044305388389443,0.0011996808397379466,0.08065081275549218,0.09852580452040861,0.0011006132315305372,0.061659004567537104,2.4128254051086927e-05,2.4128254051086927e-05,0.28386181236572855
1650,0.01580487063573458,0.0002881719919251205,0.09686453510088082,0.0803995097102869,0.0012070833492512252,0.08114846045386387,0.09848543875439839,0.001107475411752277,0.062043440434301225,2.427537755139843e-05,2.427537755139843e-05,0.28559267707527564
1660,0.015794755049004502,0.0002898916416692342,0.097442568628314,0.08035596114661675,0.0012144866050751522,0.08164615832437996,0.09844506362708613,0.0011143391833953594,0.062427965456322655,2.442250105170994e-05,2.442250105170994e-05,0.2873235417848228
1670,0.01578464161558043,0.0002916109253513264,0.09802047910968954,0.080312408226161,0.0012218906015526317,0.08214390598673153,0.09840467916408155,0.0011212045421061375,0.06281257938969959,2.4569624552021443e-05,2.4569624552021443e-05,0.2890544064943699
1680,0.015774530339949078,0.0002933298422086561,0.0985982662886239,0.08026885098219666,0.0012292953330265695,0.0826417030606097,0.09836428539099434,0.0011280714835309644,0.06319728199053022,2.4716748052332953e-05,2.4716748052332953e-05,0.29078527120391706
1690,0.015764421226597162,0.0002950483914784821,0.09917592990873347,0.08022528944800077,0.0012367007938398709,0.0831395491657056,0.09832388233343417,0.001134940003316192,0.06358207301491271,2.4863871552644456e-05,2.4863871552644456e-05,0.29251613591346415
1700,0.015754314280011388,0.0002967665723980635,0.09975346971363477,0.08018172365685035,0.0012441069783354411,0.08363744392171031,0.09828347001701075,0.001141810097108174,0.06396695221894533,2.501099505295596e-05,2.501099505295596e-05,0.29424700062301123
1710,0.01574420950467847,0.0002984843842046592,0.10033088544694427,0.08013815364202244,0.0012515138808561858,0.084135386948315,0.09824304846733375,0.0011486817605532627,0.0643519193587262,2.515811855326747e-05,2.515811855326747e-05,0.29597786533255843
1720,0.015734106905085126,0.0003002018261355281,0.10090817685227833,0.08009457943679406,0.0012589214957450098,0.08463337786521073,0.09820261771001289,0.0011555549892978104,0.06473697419035351,2.5305242053578972e-05,2.5305242053578972e-05,0.2977087300421055
1730,0.015724006485718058,0.0003019188974279292,0.1014853436732535,0.08005100107444224,0.0012663298173448188,0.08513141629208866,0.09816217777065783,0.0011624297789881708,0.06512211646992554,2.5452365553890475e-05,2.5452365553890475e-05,0.2994395947516526
1740,0.015713908251063988,0.0003036355973191216,0.10206238565348624,0.08000741858824402,0.0012737388399985182,0.08562950184863986,0.09812172867487827,0.0011693061252706963,0.06550734595354041,2.5599489054201985e-05,2.5599489054201985e-05,0.3011704594611998
1750,0.01570381220560962,0.000305351925046364,0.10263930253659292,0.0799638320114764,0.0012811485580490132,0.0861276341545555,0.0980812704482839,0.0011761840237917395,0.06589266239729633,2.5746612554513488e-05,2.5746612554513488e-05,0.3029013241707469
1760,0.01569371835384167,0.00030706787984691555,0.1032160940661901,0.07992024137741642,0.0012885589658392087,0.08662581282952662,0.0980408031164844,0.001183063470197653,0.06627806555729149,2.589373605482499e-05,2.589373605482499e-05,0.304632188880294
1770,0.01568362670024685,0.00030878346095803517,0.10379275998589417,0.07987664671934111,0.0012959700577120108,0.0871240374932444,0.09800032670508949,0.0011899444601347902,0.06666355518962411,2.60408595551365e-05,2.60408595551365e-05,0.30636305358984117
1780,0.015673537249311868,0.00031049866761698175,0.1043693000393216,0.0798330480705275,0.001303381828010324,0.08762230776539992,0.09795984123970881,0.0011968269892495033,0.06704913105039234,2.6187983055448004e-05,2.6187983055448004e-05,0.30809391829938826
1790,0.01566345000552344,0.0003122134990610143,0.10494571397008882,0.07978944546425262,0.0013107942710770546,0.08812062326568433,0.0979193467459521,0.0012037110531881454,0.06743479289569443,2.6335106555759507e-05,2.6335106555759507e-05,0.30982478300893534
1800,0.01565336497336828,0.0003139279545273918,0.10552200152181235,0.07974583893379349,0.0013182073812551072,0.0886189836137887,0.09787884324942901,0.0012105966475970693,0.06782054048162853,2.6482230056071017e-05,2.6482230056071017e-05,0.31155564771848254
1810,0.015643282157333096,0.0003156420332533731,0.10609816243810859,0.07970222851242714,0.0013256211528873873,0.08911738842940418,0.09783833077574926,0.0012174837681226277,0.06820637356429286,2.6629353556382527e-05,2.6629353556382527e-05,0.3132865124280297
1820,0.015633201561904602,0.0003173557344762172,0.10667419646259402,0.0796586142334306,0.0013330355803168002,0.08961583733222186,0.09779780935052253,0.0012243724104111725,0.06859229189978558,2.677647705669403e-05,2.677647705669403e-05,0.3150173771375768
1830,0.015623123191569506,0.0003190690574331832,0.1072501033388851,0.07961499613008088,0.0013404506578862513,0.09011432994193286,0.09775727899935849,0.001231262570109058,0.06897829524420493,2.6923600557005533e-05,2.6923600557005533e-05,0.3167482418471239
1840,0.015613047050814526,0.0003207820013615299,0.10782588281059828,0.07957137423565502,0.001347866379938646,0.0906128658782283,0.09771673974786686,0.0012381542428626362,0.06936438335364908,2.7070724057317043e-05,2.7070724057317043e-05,0.31847910655667105
1850,0.015602973144126371,0.0003224945654985163,0.10840153462135,0.07952774858343006,0.0013552827408168891,0.09111144476079926,0.0976761916216573,0.0012450474243182598,0.06975055598421623,2.7217847557628546e-05,2.7217847557628546e-05,0.32020997126621814
1860,0.015592901475991752,0.0003242067490814014,0.10897705851475677,0.07948411920668302,0.001362699734863887,0.09161006620933693,0.09763563464633954,0.0012519421101222818,0.07013681289200459,2.736497105794005e-05,2.736497105794005e-05,0.3219408359757653
1870,0.015582832050897385,0.000325918551347444,0.10955245423443495,0.07944048613869092,0.0013701173564225442,0.09210872984353237,0.09759506884752323,0.0012588382959210546,0.07052315383311229,2.7512094558251552e-05,2.7512094558251552e-05,0.32367170068531237
1880,0.015572764873329977,0.0003276299715339033,0.1101277215240011,0.07939684941273079,0.001377535599835766,0.09260743528307669,0.09755449425081807,0.0012657359773609318,0.07090957856363764,2.765921805856307e-05,2.765921805856307e-05,0.3254025653948596
1890,0.015562699947776242,0.00032934100887803815,0.11070286012707165,0.07935320906207967,0.001384954459446458,0.09310618214766103,0.09751391088183374,0.001272635150088265,0.07129608683967871,2.7806341558874572e-05,2.7806341558874572e-05,0.3271334301044067
1900,0.015552637278722895,0.00033105166261710735,0.11127786978726296,0.07930956512001457,0.0013923739295975252,0.09360497005697646,0.09747331876617997,0.0012795358097494078,0.07168267841733376,2.7953465059186075e-05,2.7953465059186075e-05,0.3288642948139538
1910,0.015542576870656643,0.0003327619319883701,0.11185275024819162,0.07926591761981251,0.0013997940046318734,0.09410379863071416,0.09743271792946641,0.0012864379519907125,0.07206935305270097,2.8100588559497585e-05,2.8100588559497585e-05,0.330595159523501
1920,0.015532518728064201,0.0003344718162290852,0.11242750125347402,0.07922226659475054,0.0014072146788924077,0.09460266748856522,0.09739210839730277,0.0012933415724585323,0.07245611050187857,2.8247712059809088e-05,2.8247712059809088e-05,0.3323260242330481
1930,0.015522462855432281,0.00033618131457651166,0.1130021225467266,0.07917861207810568,0.0014146359467220333,0.09510157625022071,0.09735149019529872,0.0013002466667992197,0.07284295052096469,2.839483556012059e-05,2.839483556012059e-05,0.33405688894259516
1940,0.015512409257247593,0.0003378904262679085,0.11357661387156587,0.07913495410315496,0.0014220578024636559,0.09560052453537181,0.09731086334906397,0.0013071532306591278,0.07322987286605757,2.8541959060432094e-05,2.8541959060432094e-05,0.33578775365214225
1950,0.015502357937996852,0.0003395991505405345,0.11415097497160824,0.07909129270317541,0.0014294802404601805,0.09609951196370961,0.0972702278842082,0.001314061259684609,0.0736168772932554,2.8689082560743604e-05,2.8689082560743604e-05,0.33751861836168945
1960,0.015492308902166768,0.0003413074866316488,0.11472520559047018,0.07904762791144405,0.0014369032550545122,0.09659853815492518,0.09722958382634109,0.001320970749522016,0.07400396355865636,2.8836206061055107e-05,2.8836206061055107e-05,0.33924948307123654
1970,0.015482262154244053,0.00034301543377851035,0.11529930547176818,0.0790039597612379,0.0014443268405895573,0.09709760272870971,0.09718893120107236,0.001327881695817702,0.07439113141835867,2.8983329561366617e-05,2.8983329561366617e-05,0.34098034778078373
1980,0.01547221769871542,0.00034472299121837794,0.11587327435911862,0.078960288285834,0.0014517509914082198,0.09759670530475426,0.09714827003401166,0.001334794094218019,0.07477838062846046,2.913045306167812e-05,2.913045306167812e-05,0.3427112124903308
1990,0.01546217554006758,0.00034643015818851063,0.11644711199613801,0.07891661351850938,0.0014591757018534057,0.09809584550274995,0.09710760035076871,0.0013417079403693207,0.07516571094505999,2.9277576561989623e-05,2.9277576561989623e-05,0.3444420771998779
2000,0.015452135682787246,0.0003481369339261675,0.11702081812644285,0.07887293549254105,0.001466600966268021,0.09859502294238796,0.09706692217695319,0.0013486232299179594,0.07555312212425543,2.9424700062301133e-05,2.9424700062301133e-05,0.34617294190942505
2010,0.01544209813136113,0.00034984331766860726,0.1175943924936495,0.07882925424120607,0.0014740267789949697,0.09909423724335929,0.09702623553817478,0.0013555399585102883,0.075940613922145,2.9571823562612636e-05,2.9571823562612636e-05,0.3479038066189722
2020,0.015432062890275943,0.000351549308653089,0.11816783484137446,0.07878556979778142,0.0014814531343771576,0.09959348802535513,0.0969855404600432,0.0013624581217926593,0.07632818609482685,2.971894706292414e-05,2.971894706292414e-05,0.3496346713285193
2030,0.015422029964018398,0.0003532549061168718,0.11874114491323422,0.07874188219554418,0.001488880026757491,0.1000927749080666,0.0969448369681681,0.001369377715411426,0.07671583839839921,2.986607056323565e-05,2.986607056323565e-05,0.3513655360380664
2040,0.015411999357075205,0.0003549601092972143,0.11931432245284515,0.07869819146777134,0.001496307450478874,0.1005920975111848,0.09690412508815918,0.0013762987350129405,0.07710357058896025,3.0013194063547152e-05,3.0013194063547152e-05,0.3530964007476135
2050,0.01540197107393308,0.0003566649174313758,0.11988736720382379,0.07865449764773993,0.001503735399884212,0.10109145545440079,0.09686340484562615,0.0013832211762435562,0.07749138242260818,3.0160317563858662e-05,3.0160317563858662e-05,0.3548272654571607
2060,0.01539194511907873,0.00035836932975661506,0.12046027890978657,0.078610800768727,0.0015111638693164112,0.10159084835740578,0.09682267626617869,0.0013901450347496257,0.07787927365544121,3.0307441064170165e-05,3.0307441064170165e-05,0.3565581301667078
2070,0.015381921496998872,0.0003600733455101911,0.12103305731434992,0.07856710086400956,0.001518592853118376,0.10209027583989082,0.09678193937542648,0.0013970703061775011,0.07826724404355749,3.0454564564481668e-05,3.0454564564481668e-05,0.3582889948762549
2080,0.015371900212180215,0.0003617769639293628,0.12160570216113034,0.07852339796686464,0.0015260223456330122,0.10258973752154703,0.09674119419897921,0.0014039969861735359,0.07865529334305524,3.060168806479318e-05,3.060168806479318e-05,0.36001985958580207
2090,0.015361881269109472,0.00036348018425138917,0.12217821319374425,0.07847969211056927,0.0015334523412032252,0.10308923302206555,0.09670044076244658,0.001410925070384083,0.07904342131003267,3.074881156510468e-05,3.074881156510468e-05,0.36175072429534916
2100,0.015351864672273355,0.0003651830057135292,0.12275059015580812,0.07843598332840047,0.0015408828341719198,0.10358876196113745,0.09665967909143827,0.001417854554455495,0.07943162770058795,3.0895935065416184e-05,3.0895935065416184e-05,0.36348158900489624
2110,0.015341850426158574,0.00036688542755304186,0.12332283279093842,0.07839227165363528,0.001548313818882002,0.10408832395845391,0.09661890921156399,0.0014247854340341246,0.0798199122708193,3.1043058565727694e-05,3.1043058565727694e-05,0.36521245371444344
2120,0.015331838535251843,0.000368587449007186,0.12389494084275159,0.07834855711955073,0.001555745289676377,0.104587918633706,0.0965781311484334,0.0014317177047663237,0.08020827477682485,3.1190182066039204e-05,3.1190182066039204e-05,0.3669433184239906
2130,0.015321829004039875,0.0003702890693132207,0.12446691405486408,0.07830483975942383,0.0015631772408979498,0.10508754560658486,0.09653734492765621,0.0014386513622984464,0.08059671497470287,3.133730556635071e-05,3.133730556635071e-05,0.3686741831335377
2140,0.01531182183700938,0.0003719902877084048,0.12503875217089236,0.07826111960653162,0.001570609666889626,0.10558720449678156,0.0964965505748421,0.001445586402276845,0.08098523262055154,3.148442906666221e-05,3.148442906666221e-05,0.3704050478430848
2150,0.01530181703864707,0.0003736911034299973,0.12561045493445286,0.07821739669415112,0.0015780425619943102,0.10608689492398722,0.09645574811560076,0.001452522820347872,0.08137382747046902,3.163155256697372e-05,3.163155256697372e-05,0.37213591255263195
2160,0.01529181461343966,0.00037539151571525727,0.1261820220891621,0.07817367105555936,0.0015854759205549088,0.10658661650789301,0.09641493757554188,0.0014594606121578805,0.08176249928055354,3.177867606728522e-05,3.177867606728522e-05,0.3738667772621791
2170,0.015281814565873858,0.00037709152380144354,0.12675345337863647,0.07812994272403337,0.0015929097369143266,0.10708636886819002,0.09637411898027516,0.0014663997733532232,0.08215124780690326,3.1925799567596726e-05,3.1925799567596726e-05,0.3755976419717262
2180,0.015271816900436379,0.00037879112692581503,0.12732474854649242,0.07808621173285019,0.0016003440054154691,0.10758615162456935,0.09633329235541029,0.001473340299580253,0.08254007280561641,3.207292306790823e-05,3.207292306790823e-05,0.37732850668127327
2190,0.015261821621613932,0.00038049032432563084,0.12789590733634648,0.07804247811528682,0.0016077787204012413,0.10808596439672209,0.09629245772655694,0.0014802821864853223,0.08292897403279116,3.222004656821974e-05,3.222004656821974e-05,0.3790593713908204
2200,0.015251828733893233,0.00038218911523814976,0.12846692949181504,0.0779987419046203,0.0016152138762145487,0.1085858068043394,0.09625161511932481,0.0014872254297147842,0.08331795124452572,3.236717006853125e-05,3.236717006853125e-05,0.3807902361003676
2210,0.01524183824176099,0.0003838874989006309,0.12903781475651457,0.07795500313412766,0.0016226494671982969,0.10908567846711238,0.09621076455932359,0.001494170024914991,0.08370700419691827,3.251429356884275e-05,3.251429356884275e-05,0.3825211008099147
2220,0.01523185014970392,0.0003855854745503332,0.12960856287406156,0.07791126183708594,0.0016300854876953909,0.10958557900473215,0.09616990607216297,0.0015011159677322961,0.08409613264606701,3.2661417069154255e-05,3.2661417069154255e-05,0.3842519655194618
2230,0.015221864462208728,0.00038728304142451555,0.13017917358807246,0.07786751804677214,0.001637521932048736,0.11008550803688981,0.09612903968345266,0.0015080632538130518,0.08448533634807012,3.2808540569465765e-05,3.2808540569465765e-05,0.385982830229009
2240,0.015211881183762132,0.00038898019876043696,0.13074964664216368,0.07782377179646331,0.0016449587946012374,0.11058546518327646,0.0960881654188023,0.0015150118788036112,0.08487461505902584,3.295566406977727e-05,3.295566406977727e-05,0.38771369493855606
2250,0.015201900318850842,0.00039067694579535627,0.1313199817799517,0.07778002311943646,0.0016523960696958008,0.11108545006358322,0.09604728330382162,0.0015219618383503267,0.0852639685350323,3.310278757008877e-05,3.310278757008877e-05,0.38944455964810315
2260,0.01519192187196157,0.00039237328176653253,0.13189017874505293,0.07773627204896864,0.0016598337516753317,0.11158546229750127,0.0960063933641203,0.0015289131280995516,0.08565339653218777,3.324991107040028e-05,3.324991107040028e-05,0.39117542435765035
2270,0.015181945847581027,0.0003940692059112247,0.13246023728108391,0.07769251861833686,0.001667271834882735,0.11208550150472166,0.09596549562530803,0.0015358657436976382,0.08604289880659038,3.3397034570711784e-05,3.3397034570711784e-05,0.39290628906719743
2280,0.015171972250195927,0.00039576471746669174,0.13303015713166108,0.07764876286081815,0.001674710313660916,0.11258556730493552,0.09592459011299448,0.0015428196807909392,0.08643247511433833,3.354415807102329e-05,3.354415807102329e-05,0.3946371537767445
2290,0.01516200108429298,0.0003974598156701927,0.1335999380404009,0.07760500480968953,0.0016821491823527802,0.11308565931783394,0.09588367685278937,0.001549774935025808,0.08682212521152986,3.36912815713348e-05,3.36912815713348e-05,0.3963680184862917
2300,0.0151520323543589,0.00039915449975898634,0.13416957975091975,0.07756124449822804,0.0016895884353012329,0.11358577716310807,0.09584275587030239,0.0015567315020485967,0.08721184885426313,3.38384050716463e-05,3.38384050716463e-05,0.3980988831958388
2310,0.015142066064880399,0.0004008487689703318,0.1347390820068342,0.07751748195971071,0.0016970280668491794,0.114085920460449,0.09580182719114319,0.0015636893775056587,0.08760164579863634,3.398552857195781e-05,3.398552857195781e-05,0.39982974790538595
2320,0.015132102220344185,0.0004025426225414878,0.1353084445517606,0.07747371722741456,0.0017044680713395248,0.11458608882954786,0.0957608908409215,0.0015706485570433464,0.0879915158007477,3.413265207226931e-05,3.413265207226931e-05,0.4015606126149331
2330,0.015122140825236975,0.00040423605970971356,0.13587766712931548,0.07742995033461662,0.001711908443115175,0.11508628189009577,0.095719946845247,0.001577609036308012,0.08838145861669534,3.4279775572580816e-05,3.4279775572580816e-05,0.4032914773244802
2340,0.01511218188404548,0.0004059290797122679,0.13644674948311525,0.07738618131459392,0.001719349176519035,0.11558649926178385,0.09567899522972936,0.0015845708109460096,0.08877147400257757,3.4426899072892326e-05,3.4426899072892326e-05,0.4050223420340273
2350,0.015102225401256409,0.00040762168178640976,0.13701569135677638,0.07734241020062348,0.0017267902658940101,0.11608674056430318,0.0956380360199783,0.0015915338766036907,0.08916156171449248,3.457402257320383e-05,3.457402257320383e-05,0.40675320674357446
2360,0.015092271381356478,0.00040931386516939816,0.13758449249391533,0.07729863702598233,0.0017342317055830051,0.11658700541734486,0.0955970692416035,0.0015984982289274086,0.0895517215085383,3.472114607351534e-05,3.472114607351534e-05,0.4084840714531216
2370,0.015082319828832395,0.00041100562909849204,0.13815315263814856,0.07725486182394749,0.0017416734899289269,0.11708729344060011,0.09555609492021462,0.001605463863563516,0.08994195314081321,3.486826957382685e-05,3.486826957382685e-05,0.4102149361626688
2380,0.015072370748170878,0.00041269697281095033,0.13872167153309253,0.07721108462779601,0.0017491156132746787,0.1175876042537599,0.09551511308142138,0.001612430776158366,0.09033225636741547,3.501539307413835e-05,3.501539307413835e-05,0.4119458008722159
2390,0.015062424143858631,0.000414387895544032,0.13929004892236369,0.0771673054708049,0.0017565580699631677,0.11808793747651547,0.09547412375083347,0.0016193989623583109,0.09072263094444319,3.5162516574449855e-05,3.5162516574449855e-05,0.41367666558176297
2400,0.015052480020382373,0.00041607839653499604,0.1398582845495785,0.0771235243862512,0.0017640008543372983,0.11858829272855785,0.09543312695406057,0.001626368417809704,0.09111307662799462,3.5309640074761365e-05,3.5309640074761365e-05,0.41540753029131017
2410,0.015042538382228812,0.00041776847502110145,0.1404263781583534,0.07707974140741192,0.0017714439607399756,0.11908866962957816,0.09539212271671238,0.0016333391381588977,0.09150359317416794,3.545676357507287e-05,3.545676357507287e-05,0.41713839500085725
2420,0.01503259923388466,0.000419458130239607,0.14099432949230487,0.07703595656756408,0.0017788873835141057,0.11958906779926759,0.09535111106439857,0.0016403111190522444,0.09189418033906131,3.560388707538437e-05,3.560388707538437e-05,0.41886925971040434
2430,0.015022662579836633,0.0004211473614277718,0.14156213829504932,0.07699216989998475,0.001786331117002593,0.12008948685731716,0.09531009202272885,0.0016472843561360978,0.09228483787877298,3.575101057569588e-05,3.575101057569588e-05,0.42060012441995154
2440,0.015012728424571438,0.00042283616782285484,0.14212980431020328,0.07694838143795092,0.0017937751555483438,0.12058992642341805,0.0952690656173129,0.0016542588450568097,0.09267556554940111,3.5898134076007384e-05,3.5898134076007384e-05,0.4223309891294986
2450,0.01500279677257579,0.00042452454866211494,0.14269732728138315,0.07690459121473964,0.0018012194934942632,0.12109038611726138,0.0952280318737604,0.001661234581460733,0.09306636310704387,3.604525757631889e-05,3.604525757631889e-05,0.4240618538390457
2460,0.0149928676283364,0.0004262125031828112,0.14326470695220545,0.0768607992636279,0.001808664125183256,0.12159086555853821,0.09518699081768106,0.0016682115609942217,0.09345723030779954,3.61923810766304e-05,3.61923810766304e-05,0.42579271854859285
2470,0.014982940996339983,0.0004279000306222024,0.14383194306628652,0.07681700561789279,0.0018161090449582277,0.12209136436693965,0.09514594247468455,0.0016751897793036274,0.09384816690776623,3.63395045769419e-05,3.63395045769419e-05,0.42752358325814
2480,0.014973016881073244,0.00042958713021754773,0.14439903536724294,0.07677321031081127,0.0018235542471620838,0.12259188216215687,0.09510488687038059,0.0016821692320353027,0.09423917266304217,3.64866280772534e-05,3.64866280772534e-05,0.4292544479676871
2490,0.014963095287022903,0.0004312738012061059,0.14496598359869103,0.07672941337566042,0.0018309997261377296,0.12309241856388096,0.09506382403037883,0.0016891499148356014,0.09463024732972557,3.663375157756491e-05,3.663375157756491e-05,0.4309853126772342
2500,0.014953176218675666,0.00043296004282513604,0.1455327875042474,0.07668561484571723,0.0018384454762280704,0.12359297319180304,0.09502275398028898,0.0016961318233508754,0.09502139066391459,3.6780875077876416e-05,3.6780875077876416e-05,0.43271617738678136
2510,0.01494325968051825,0.00043464585431189705,0.1460994468275284,0.07664181475425876,0.0018458914917760115,0.1240935456656142,0.09498167674572074,0.0017031149532274774,0.09541260242170742,3.692799857818792e-05,3.692799857818792e-05,0.43444704209632845
2520,0.01493334567703736,0.0004363312349036479,0.14666596131215054,0.076598013134562,0.0018533377671244586,0.1245941356050056,0.09494059235228378,0.001710099300111761,0.0958038823592023,3.707512207849943e-05,3.707512207849943e-05,0.4361779068058756
2530,0.014923434212719716,0.0004380161838376476,0.14723233070173025,0.07655421001990402,0.0018607842966163162,0.1250947426296683,0.09489950082558779,0.0017170848596500784,0.09619523023249739,3.722224557881093e-05,3.722224557881093e-05,0.4379087715154227
2540,0.014913525292052025,0.00043970070035115495,0.147798554739884,0.07651040544356183,0.0018682310745944905,0.12559536635929347,0.09485840219124247,0.001724071627488782,0.09658664579769087,3.736936907912244e-05,3.736936907912244e-05,0.4396396362249699
2550,0.014903618919521001,0.000441384783681429,0.14836463317022824,0.07646659943881244,0.0018756780954018862,0.12609600641357216,0.09481729647485751,0.0017310595992742254,0.09697812881088097,3.7516492579433945e-05,3.7516492579433945e-05,0.44137050093451696
2560,0.014893715099613356,0.0004430684330657288,0.14893056573637942,0.07642279203893289,0.0018831253533814086,0.1265966624121955,0.09477618370204259,0.001738048770652761,0.09736967902816589,3.766361607974545e-05,3.766361607974545e-05,0.44310136564406405
2570,0.014883813836815802,0.0004447516477413132,0.149496352181954,0.07637898327720022,0.001890572842875964,0.1270973339748547,0.09473506389840741,0.0017450391372707415,0.09776129620564379,3.781073958005696e-05,3.781073958005696e-05,0.44483223035361125
2580,0.014873915135615048,0.00044643442694544113,0.15006199225056843,0.07633517318689144,0.0018980205582284563,0.12759802072124074,0.09469393708956166,0.00175203069477452,0.09815298009941288,3.795786308036846e-05,3.795786308036846e-05,0.44656309506315833
2590,0.01486401900049781,0.00044811676991537156,0.15062748568583917,0.07629136180128358,0.001905468493781792,0.12809872227104482,0.09465280330111503,0.0017590234388104487,0.09854473046557136,3.8104986580679964e-05,3.8104986580679964e-05,0.4482939597727054
2600,0.014854125435950799,0.00044979867588836357,0.1511928322313827,0.07624754915365367,0.001912916643878876,0.12859943824395803,0.09461166255867719,0.0017660173650248805,0.09893654706021739,3.8252110080991474e-05,3.8252110080991474e-05,0.4500248244822526
2610,0.014844234446460726,0.00045148014410167594,0.15175803163081542,0.07620373527727875,0.0019203650028626134,0.12910016825967147,0.09457051488785784,0.0017730124690641686,0.09932842963944923,3.839923358130298e-05,3.839923358130298e-05,0.4517556891917997
2620,0.014834346036514304,0.00045316117379256773,0.15232308362775385,0.07615992020543583,0.0019278135650759095,0.12960091193787623,0.09452936031426669,0.0017800087465746658,0.09972037795936503,3.854635708161448e-05,3.854635708161448e-05,0.4534865539013468
2630,0.014824460210598243,0.00045484176419829795,0.1528879879658144,0.07611610397140194,0.0019352623248616702,0.13010166889826352,0.0944881988635134,0.001787006193202724,0.10011239177606297,3.869348058192599e-05,3.869348058192599e-05,0.455217418610894
2640,0.014814576973199258,0.0004565219145561254,0.1534527443886136,0.07607228660845412,0.0019427112765628002,0.13060243876052438,0.09444703056120768,0.001794004804594697,0.10050447084564128,3.88406040822375e-05,3.88406040822375e-05,0.45694828332044113
2650,0.01480469632880406,0.0004582016241033092,0.1540173526397678,0.07602846814986938,0.0019501604145222052,0.1311032211443499,0.09440585543295921,0.0018010045763969364,0.10089661492419812,3.8987727582549e-05,3.8987727582549e-05,0.4586791480299882
2660,0.01479481828189936,0.00045988089207710817,0.1545818124628935,0.07598464862892476,0.0019576097330827906,0.13160401566943128,0.09436467350437767,0.001808005504255797,0.10128882376783176,3.9134851082860506e-05,3.9134851082860506e-05,0.46041001273953536
2670,0.01478494283697187,0.00046155971771478133,0.15514612360160715,0.0759408280788973,0.0019650592265874614,0.13210482195545958,0.09432348480107278,0.0018150075838176292,0.1016810971326403,3.9281974583172016e-05,3.9281974583172016e-05,0.4621408774490825
2680,0.014775069998508304,0.0004632381002535877,0.15571028579952526,0.07589700653306398,0.001972508889379123,0.13260563962212588,0.09428228934865421,0.0018220108107287873,0.10207343477472197,3.942909808348352e-05,3.942909808348352e-05,0.4638717421586296
2690,0.014765199770995371,0.00046491603893078617,0.15627429880026425,0.07585318402470188,0.0019799587158006804,0.13310646828912134,0.09424108717273164,0.0018290151806356235,0.10246583645017499,3.957622158379502e-05,3.957622158379502e-05,0.4656026068681767
2700,0.014755332158919787,0.00046659353298363564,0.15683816234744052,0.07580936058708801,0.00198740870019504,0.13360730757613712,0.09419987829891477,0.0018360206891844906,0.10285830191509751,3.9723345084106526e-05,3.9723345084106526e-05,0.4673334715777238
2710,0.01474546716676826,0.00046827058164939517,0.15740187618467064,0.07576553625349938,0.0019948588369051064,0.13410815710286428,0.0941586627528133,0.0018430273320217414,0.10325083092558776,3.9870468584418035e-05,3.9870468584418035e-05,0.46906433628727096
2720,0.014735604799027503,0.0004699471841653236,0.15796544005557092,0.07572171105721304,0.0020023091202737847,0.1346090164889939,0.0941174405600369,0.0018500351047937287,0.1036434232377439,4.0017592084729545e-05,4.0017592084729545e-05,0.47079520099681815
2730,0.014725745060184231,0.00047162333976868005,0.158528853703758,0.07567788503150599,0.00200975954464398,0.13510988535421714,0.09407621174619528,0.0018570440031468057,0.10403607860766419,4.016471558504105e-05,4.016471558504105e-05,0.47252606570636524
2740,0.014715887954725154,0.00047329904769672336,0.1590921168728482,0.0756340582096553,0.002017210104358599,0.13561076331822514,0.0940349763368981,0.0018640540227273243,0.10442879679144675,4.031183908535256e-05,4.031183908535256e-05,0.47425693041591244
2750,0.01470603348713698,0.00047497430718671256,0.15965522930645798,0.07559023062493797,0.0020246607937605457,0.13611165000070893,0.09399373435775508,0.0018710651591816378,0.1048215775451898,4.045896258566406e-05,4.045896258566406e-05,0.4759877951254595
2760,0.014696181661906428,0.00047664911747590655,0.16021819074820387,0.07554640231063102,0.0020321116071927263,0.13661254502135975,0.0939524858343759,0.001878077408156099,0.10521442062499153,4.0606086085975564e-05,4.0606086085975564e-05,0.4777186598350066
2770,0.014686332483520206,0.00047832347780156427,0.16078100094170228,0.07550257330001149,0.0020395625389980454,0.13711344799986858,0.09391123079237024,0.0018850907652970608,0.10560732578695019,4.075320958628707e-05,4.075320958628707e-05,0.4794495245445537
2780,0.014676485956465028,0.0004799973874009446,0.1613436596305696,0.07545874362635642,0.002047013583519409,0.13761435855592663,0.09386996925734781,0.0018921052262508755,0.10600029278716389,4.090033308659858e-05,4.090033308659858e-05,0.4811803892541009
2790,0.014666642085227603,0.0004816708455113068,0.16190616655842247,0.07541491332294281,0.0020544647350997213,0.13811527630922493,0.09382870125491827,0.0018991207866638962,0.10639332138173087,4.104745658691008e-05,4.104745658691008e-05,0.482911253963648
2800,0.014656800874294645,0.00048334385136990953,0.16246852146887716,0.07537108242304771,0.002061915988081889,0.1386162008794547,0.09378742681069134,0.0019061374421824756,0.10678641132674933,4.119458008722159e-05,4.119458008722159e-05,0.4846421186731951
2810,0.014646962328152867,0.00048501640421401193,0.1630307241055502,0.07532725095994813,0.0020693673368088164,0.13911713188630698,0.09374614595027668,0.001913155188452966,0.10717956237831741,4.1341703587533093e-05,4.1341703587533093e-05,0.48637298338274226
2820,0.01463712645128898,0.0004866885032808728,0.16359277421205806,0.07528341896692112,0.0020768187756234095,0.1396180689494729,0.09370485869928401,0.0019201740211217209,0.1075727742925334,4.1488827087844596e-05,4.1488827087844596e-05,0.48810384809228935
2830,0.014627293248189694,0.0004883601478077512,0.1641546715320172,0.07523958647724369,0.0020842702988685736,0.14011901168864357,0.09366356508332299,0.0019271939358350928,0.10796604682549539,4.1635950588156106e-05,4.1635950588156106e-05,0.4898347128018365
2840,0.014617462723341725,0.000490031337031906,0.164716415809044,0.07519575352419286,0.002091721900887213,0.14061995972351007,0.09362226512800334,0.0019342149282394346,0.10835937973330166,4.178307408846761e-05,4.178307408846761e-05,0.4915655775113836
2850,0.014607634881231782,0.0004917020701905962,0.165278006786755,0.07515192014104569,0.0020991735760222344,0.14112091267376364,0.09358095885893472,0.0019412369939810986,0.10875277277205035,4.193019758877911e-05,4.193019758877911e-05,0.4932964422209307
2860,0.014597809726346578,0.0004933723465210809,0.16583944420876667,0.07510808636107916,0.0021066253186165424,0.14162187015909528,0.09353964630172684,0.0019482601287064386,0.10914622569783969,4.207732108909062e-05,4.207732108909062e-05,0.49502730693047786
2870,0.014587987263172826,0.0004950421652606189,0.16640072781869542,0.07506425221757033,0.0021140771230130427,0.1421228317991961,0.09349832748198939,0.001955284328061806,0.10953973826676784,4.2224444589402125e-05,4.2224444589402125e-05,0.49675817164002495
2880,0.014578167496197236,0.0004967115256464691,0.16696185736015767,0.07502041774379624,0.0021215289835546398,0.1426237972137573,0.09345700242533204,0.0019623095876935537,0.109933310234933,4.2371568089713635e-05,4.2371568089713635e-05,0.49848903634957215
2890,0.0145683504657822,0.0004983804208170254,0.16752283052673123,0.07497658276589608,0.0021289809297976663,0.14312476838975904,0.09341567094867442,0.0019693359387253488,0.11032694334595791,4.2518691590025125e-05,4.2518691590025125e-05,0.5002199010591191
2900,0.014558536458459878,0.0005000488020618202,0.1680836309451496,0.07493274568592748,0.0021364332333923294,0.14362576358940027,0.09337433143528481,0.0019763636560015843,0.11072065299728764,4.2665815090336635e-05,4.2665815090336635e-05,0.5019507657686663
2910,0.01454872553520395,0.0005017166590153278,0.1686442551312026,0.07488890620341919,0.002143885945418739,0.14412678624663788,0.09333298357756666,0.0019833927918136694,0.11111444211841284,4.281293859064814e-05,4.281293859064814e-05,0.5036816304782133
2920,0.014538917695888314,0.0005033839916989861,0.16920470309209615,0.07484506437024743,0.002151339057057937,0.14462783576860078,0.09329162742308282,0.0019904233380759217,0.11150831025635416,4.296006209095965e-05,4.296006209095965e-05,0.5054124951877605
2930,0.01452911294038686,0.0005050508001342329,0.16976497483503625,0.07480122023828845,0.002158792559490966,0.14512891156241786,0.09325026301939612,0.0019974552867026607,0.11190225695813225,4.310718559127115e-05,4.310718559127115e-05,0.5071433598973076
2940,0.01451931126857349,0.0005067170843425062,0.17032507036722896,0.07475737385941843,0.002166246443898868,0.145630013035218,0.09320889041406939,0.002004488629608205,0.11229628177076778,4.3254309091582654e-05,4.3254309091582654e-05,0.5088742246068547
2950,0.014509512680322093,0.0005083828443452437,0.17088498969588023,0.07471352528551363,0.0021737007014626854,0.14613113959413007,0.09316750965466546,0.0020115233587068735,0.11269038424128143,4.3401432591894164e-05,4.3401432591894164e-05,0.5106050893164019
2960,0.014499717175506565,0.0005100480801638834,0.17144473282819608,0.07466967456845024,0.0021811553233634607,0.14663229064628305,0.09312612078874716,0.002018559465912984,0.11308456391669379,4.354855609220567e-05,4.354855609220567e-05,0.512335954025949
2970,0.014489924754000802,0.000511712791819863,0.1720042997713825,0.0746258217601045,0.0021886103007822365,0.14713346559880577,0.09308472386387733,0.0020255969431408564,0.11347882034402555,4.369567959251717e-05,4.369567959251717e-05,0.5140668187354961
2980,0.0144801354156787,0.0005133769793346204,0.1725636905326455,0.07458196691235262,0.002196065624900055,0.1476346638588272,0.09304331892761879,0.0020326357823048087,0.11387315307029741,4.384280309282868e-05,4.384280309282868e-05,0.5157976834450433
2990,0.014470349160414151,0.0005150406427295935,0.17312290511919107,0.07453811007707084,0.002203521286897958,0.14813588483347614,0.09300190602753436,0.00203967597531916,0.11426756164252996,4.398992659314018e-05,4.398992659314018e-05,0.5175285481545904
3000,0.014460565988081054,0.0005167037820262202,0.17368194353822528,0.07449425130613536,0.002210977277956989,0.1486371279298816,0.0929604852111869,0.0020467175140982284,0.11466204560774389,4.413705009345169e-05,4.413705009345169e-05,0.5192594128641376
3010,0.0144507858985533,0.0005183663972459382,0.174240805796954,0.07445039065142242,0.0022184335892581892,0.14913839255517236,0.09291905652613923,0.0020537603905563333,0.11505660451295983,4.4284173593763196e-05,4.4284173593763196e-05,0.5209902775736847
3020,0.014441008891704788,0.0005200284884101855,0.17479949190258337,0.07440652816480824,0.0022258902119826015,0.1496396781164774,0.09287762001995417,0.0020608045966077934,0.11545123790519851,4.44312970940747e-05,4.44312970940747e-05,0.5227211422832317
3030,0.014431234967409409,0.0005216900555403999,0.17535800186231926,0.07436266389816902,0.002233347137311268,0.15014098402092557,0.09283617574019455,0.0020678501241669267,0.1158459453314805,4.457842059438621e-05,4.457842059438621e-05,0.5244520069927789
3040,0.01442146412554106,0.0005233510986580192,0.17591633568336776,0.074318797903381,0.0022408043564252317,0.1506423096756458,0.09279472373442323,0.0020748969651480527,0.11624072633882647,4.472554409469771e-05,4.472554409469771e-05,0.526182871702326
3050,0.014411696365973635,0.0005250116177844813,0.1764744933729349,0.0742749302323204,0.002248261860505534,0.15114365448776698,0.09275326405020301,0.00208194511146549,0.11663558047425715,4.487266759500922e-05,4.487266759500922e-05,0.5279137364118731
3060,0.01440193168858103,0.0005266716129412241,0.17703247493822657,0.07423106093686344,0.002255719640733218,0.15164501786441797,0.09271179673509673,0.002088994555033557,0.11703050728479311,4.5019791095320725e-05,4.5019791095320725e-05,0.5296446011214202
3070,0.014392170093237141,0.0005283310841496854,0.17759028038644886,0.07418719006888633,0.0022631776882893256,0.15214639921272777,0.09267032183666722,0.0020960452877665727,0.11742550631745506,4.516691459563223e-05,4.516691459563223e-05,0.5313754658309674
3080,0.014382411579815861,0.000529990031431303,0.1781479097248077,0.0741433176802653,0.0022706359943548996,0.15264779793982516,0.09262883940247733,0.0021030973015788556,0.11782057711926362,4.531403809594374e-05,4.531403809594374e-05,0.5331063305405145
3090,0.014372656148191085,0.0005316484548075149,0.17870536296050918,0.07409944382287659,0.002278094550110982,0.15314921345283908,0.09258734948008987,0.0021101505883847245,0.11821571923723947,4.546116159625524e-05,4.546116159625524e-05,0.5348371952500616
3100,0.01436290379823671,0.0005333063542997589,0.1792626401007593,0.07405556854859639,0.002285553346738615,0.15365064515889845,0.09254585211706766,0.0021172051400984984,0.11861093221840327,4.5608285096566744e-05,4.5608285096566744e-05,0.5365680599596088
3110,0.014353154529826627,0.0005349637299294728,0.17981974115276397,0.07401169190930094,0.0022930123754188415,0.1541520924651322,0.09250434736097356,0.002124260948634496,0.11900621560977567,4.5755408596878254e-05,4.5755408596878254e-05,0.5382989246691559
3120,0.014343408342834735,0.0005366205817180945,0.18037666612372924,0.07396781395686645,0.0023004716273327033,0.15465355477866913,0.0924628352593704,0.002131318005907035,0.11940156895837731,4.590253209718976e-05,4.590253209718976e-05,0.5400297893787029
3130,0.014333665237134927,0.0005382769096870618,0.18093341502086108,0.07392393474316916,0.0023079310936612433,0.1551550315066382,0.09242131585982098,0.0021383763038304356,0.11979699181122888,4.604965559750127e-05,4.604965559750127e-05,0.5417606540882501
3140,0.014323925212601098,0.0005399327138578126,0.18148998785136555,0.07388005432008528,0.0023153907655855035,0.15565652205616828,0.09237978920988815,0.0021454358343190156,0.120192483715351,4.619677909781277e-05,4.619677909781277e-05,0.5434915187977972
3150,0.014314188269107145,0.0005415879942517848,0.18204638462244865,0.07383617273949103,0.002322850634286526,0.1561580258343883,0.09233825535713475,0.002152496589287094,0.12058804421776435,4.634390259812427e-05,4.634390259812427e-05,0.5452223835073443
3160,0.01430445440652696,0.0005432427508904161,0.18260260534131634,0.07379229005326263,0.002330310690945354,0.15665954224842712,0.09229671434912361,0.0021595585606489893,0.12098367286548961,4.649102609843578e-05,4.649102609843578e-05,0.5469532482168915
3170,0.01429472362473444,0.0005448969837951445,0.18315865001517462,0.07374840631327631,0.002337770926743029,0.15716107070541369,0.09225516623341753,0.0021666217403190206,0.12137936920554739,4.6638149598747286e-05,4.6638149598747286e-05,0.5486841129264386
3180,0.014284995923603478,0.0005465506929874079,0.18371451865122954,0.07370452157140828,0.0023452313328605934,0.15766261061247683,0.09221361105757939,0.0021736861202115063,0.12177513278495834,4.6785273099058796e-05,4.6785273099058796e-05,0.5504149776359858
3190,0.014275271303007972,0.0005482038784886441,0.18427021125668708,0.07366063587953477,0.0023526919004790902,0.15816416137674552,0.09217204886917198,0.0021807516922407654,0.12217096315074316,4.69323965993703e-05,4.69323965993703e-05,0.5521458423455329
3200,0.014265549762821815,0.0005498565403202908,0.1848257278387532,0.073616749289532,0.0023601526207795613,0.15866572240534862,0.09213047971575815,0.0021878184483211166,0.1225668598499225,4.70795200996818e-05,4.70795200996818e-05,0.55387670705508
3210,0.014255831302918902,0.0005515086785037861,0.18538106840463395,0.07357286185327619,0.002367613484943049,0.15916729310541503,0.09208890364490073,0.0021948863803668787,0.12296282242951702,4.722664359999331e-05,4.722664359999331e-05,0.5556075717646272
3220,0.014246115923173128,0.0005531602930605676,0.18593623296153533,0.07352897362264356,0.002375074484150596,0.15966887288407364,0.09204732070416254,0.00220195548029237,0.12335885043654735,4.7373767100304815e-05,4.7373767100304815e-05,0.5573384364741742
3230,0.014236403623458389,0.0005548113840120733,0.1864912215166633,0.07348508464951034,0.0023825356095832444,0.16017046114845337,0.09200573094110642,0.0022090257400119093,0.12375494341803414,4.752089060061632e-05,4.752089060061632e-05,0.5590693011837213
3240,0.014226694403648578,0.0005564619513797411,0.18704603407722387,0.07344119498575273,0.0023899968524220363,0.1606720573056831,0.09196413440329522,0.0022160971514398153,0.12415110092099806,4.766801410092783e-05,4.766801410092783e-05,0.5608001658932685
3250,0.014216988263617591,0.0005581119951850088,0.18760067065042307,0.07339730468324698,0.0023974582038480147,0.16117366076289172,0.09192253113829173,0.002223169706490407,0.12454732249245978,4.781513760123933e-05,4.781513760123933e-05,0.5625310306028156
3260,0.014207285203239325,0.0005597615154493142,0.18815513124346694,0.0733534137938693,0.002404919655042221,0.16167527092720813,0.09188092119365882,0.002230243397078003,0.12494360767943996,4.7962261101550834e-05,4.7962261101550834e-05,0.5642618953123627
3270,0.014197585222387671,0.0005614105121940952,0.1887094158635614,0.0733095223694959,0.002412381197185699,0.16217688720576126,0.09183930461695929,0.0022373182151169224,0.12533995602895925,4.8109384601862344e-05,4.8109384601862344e-05,0.5659927600219099
3280,0.014187888320936528,0.0005630589854407897,0.1892635245179125,0.073265630462003,0.00241984282145949,0.16267850900567996,0.091797681455756,0.0022443941525214835,0.1257363670880383,4.825650810217385e-05,4.825650810217385e-05,0.567723624731457
3290,0.014178194498759787,0.0005647069352108355,0.1898174572137262,0.07322173812326685,0.002427304519044636,0.16318013573409315,0.09175605175761174,0.002251471201206005,0.12613284040369777,4.840363160248536e-05,4.840363160248536e-05,0.5694544894410042
3300,0.014168503755731346,0.0005663543615256704,0.19037121395820855,0.07317784540516366,0.0024347662811221803,0.16368176679812974,0.09171441557008939,0.0022585493530848056,0.1265293755229583,4.855075510279686e-05,4.855075510279686e-05,0.5711853541505513
3310,0.0141588160917251,0.0005680012644067325,0.1909247947585655,0.07313395235956963,0.0024422280988731647,0.16418340160491862,0.09167277294075175,0.002265628600072204,0.12692597199284059,4.869787860310837e-05,4.869787860310837e-05,0.5729162188600985
3320,0.014149131506614942,0.0005696476438754593,0.1914781996220031,0.073090059038361,0.002449689963478632,0.1646850395615887,0.09163112391716166,0.0022727089340825197,0.12732262936036526,4.884500210341987e-05,4.884500210341987e-05,0.5746470835696456
3330,0.014139450000274768,0.0005712934999532889,0.19203142855572736,0.07304616549341399,0.0024571518661196242,0.16518668007526885,0.09158946854688195,0.0022797903470300703,0.12771934717255295,4.8992125603731376e-05,4.8992125603731376e-05,0.5763779482791926
3340,0.014129771572578472,0.0005729388326616591,0.1925844815669442,0.07300227177660482,0.0024646137979771835,0.16568832255308794,0.09154780687747545,0.002286872830829175,0.12811612497642438,4.9139249104042886e-05,4.9139249104042886e-05,0.5781088129887398
3350,0.01412009622339995,0.0005745836420220078,0.19313735866285972,0.0729583779398097,0.0024720757502323526,0.16618996640217493,0.091506138956505,0.0022939563773941526,0.12851296231900017,4.928637260435439e-05,4.928637260435439e-05,0.5798396776982869
3360,0.014110423952613098,0.0005762279280557726,0.19369005985067986,0.07291448403490487,0.002479537714066174,0.16669161102965874,0.0914644648315334,0.0023010409786393213,0.1289098587473009,4.943349610466589e-05,4.943349610466589e-05,0.581570542407834
3370,0.014100754760091809,0.0005778716907843917,0.19424258513761064,0.07287059011376654,0.0024869996806596894,0.16719325584266817,0.09142278455012354,0.002308126626479001,0.12930681380834738,4.95806196049774e-05,4.95806196049774e-05,0.5833014071173812
3380,0.01409108864570998,0.0005795149302293028,0.19479493453085805,0.07282669622827094,0.0024944616411939416,0.1676949002483322,0.09138109815983819,0.002315213312827509,0.12970382704916017,4.9727743105288905e-05,4.9727743105288905e-05,0.5850322718269283
3390,0.014081425609341504,0.0005811576464119437,0.19534710803762811,0.07278280243029428,0.0025019235868499728,0.16819654365377967,0.09133940570824021,0.0023223010295991653,0.13010089801675995,4.987486660560041e-05,4.987486660560041e-05,0.5867631365364754
3400,0.014071765650860277,0.0005827998393537524,0.19589910566512683,0.0727389087717128,0.002509385508808825,0.1686981854661395,0.09129770724289243,0.002329389768708288,0.1304980262581674,5.002199010591192e-05,5.002199010591192e-05,0.5884940012460225
3410,0.014062108770140193,0.0005844415090761666,0.1964509274205602,0.0726950153044027,0.002516847398251542,0.1691998250925406,0.09125600281135768,0.0023364795220691954,0.1308952113204031,5.016911360622342e-05,5.016911360622342e-05,0.5902248659555697
3420,0.014052454967055148,0.0005860826556006243,0.1970025733111342,0.07265112208024022,0.0025243092463591646,0.1697014619401119,0.09121429246119879,0.002343570281596207,0.1312924527504878,5.031623710653493e-05,5.031623710653493e-05,0.5919557306651168
3430,0.014042804241479037,0.0005877232789485632,0.19755404334405485,0.07260722915110156,0.0025317710443127357,0.1702030954159822,0.09117257623997858,0.002350662039203641,0.13168975009544207,5.0463360606846434e-05,5.0463360606846434e-05,0.5936865953746638
3440,0.014033156593285754,0.0005893633791414212,0.19810533752652812,0.07256333656886296,0.0025392327832932976,0.17070472492728048,0.09113085419525992,0.0023577547868058168,0.13208710290228667,5.0610484107157944e-05,5.0610484107157944e-05,0.595417460084211
3450,0.014023512022349194,0.0005910029562006362,0.19865645586576006,0.07251944438540063,0.002546694454481893,0.17120634988113564,0.09108912637460559,0.002364848516317052,0.13248451071804213,5.075760760746945e-05,5.075760760746945e-05,0.5971483247937581
3460,0.014013870528543254,0.0005926420101476462,0.19920739836895668,0.07247555265259081,0.002554156049059564,0.17170796968467655,0.09104739282557844,0.0023719432196516663,0.1328819730897292,5.090473110778095e-05,5.090473110778095e-05,0.5988791895033052
3470,0.014004232111741828,0.0005942805410038887,0.19975816504332392,0.0724316614223097,0.0025616175582073523,0.17220958374503206,0.09100565359574131,0.002379038888723978,0.13327948956436853,5.105185460809246e-05,5.105185460809246e-05,0.6006100542128524
3480,0.013994596771818808,0.0005959185487908018,0.20030875589606784,0.07238777074643353,0.0025690789731063015,0.17271119146933117,0.09096390873265703,0.002386135515448306,0.13367705968898075,5.119897810840396e-05,5.119897810840396e-05,0.6023409189223995
3490,0.013984964508648095,0.0005975560335298234,0.2008591709343944,0.07234388067683852,0.002576540284937453,0.1732127922647027,0.09092215828388843,0.002393233091738969,0.1340746830105865,5.1346101608715466e-05,5.1346101608715466e-05,0.6040717836319466
3500,0.013975335322103578,0.0005991929952423911,0.2014094101655096,0.07229999126540089,0.0025840014848818493,0.17371438553827556,0.09088040229699833,0.0024003316095102855,0.13447235907620647,5.1493225109026976e-05,5.1493225109026976e-05,0.6058026483414938
3510,0.013965709212059155,0.000600829433949943,0.2019594735966195,0.07225610256399687,0.0025914625641205334,0.1742159706971787,0.09083864081954957,0.0024074310606765747,0.13487008743286133,5.164034860933848e-05,5.164034860933848e-05,0.6075335130510409
3520,0.01395608617838872,0.0006024653496739169,0.20250936123493005,0.07221221462450267,0.0025989235138345465,0.17471754714854093,0.09079687389910499,0.0024145314371521545,0.13526786762757168,5.178747210964998e-05,5.178747210964998e-05,0.609264377760588
3530,0.01394646622096617,0.0006041007424357507,0.20305907308764728,0.07216832749879452,0.002606384325204932,0.17521911429949122,0.09075510158322739,0.0024216327308513447,0.13566569920735824,5.193459560996149e-05,5.193459560996149e-05,0.6109952424701351
3540,0.013936849339665396,0.000605735612256882,0.20360860916197712,0.07212444123874864,0.002613844989412732,0.17572067155715843,0.09071332391947964,0.002428734933688463,0.13606358171924163,5.2081719110272995e-05,5.2081719110272995e-05,0.6127261071796822
3550,0.013927235534360297,0.0006073699591587489,0.20415796946512565,0.07208055589624125,0.002621305497638989,0.17622221832867152,0.09067154095542454,0.0024358380375778285,0.13646151471024248,5.22288426105845e-05,5.22288426105845e-05,0.6144569718892293
3560,0.013917624804924766,0.0006090037831627892,0.20470715400429887,0.07203667152314856,0.0026287658410647447,0.17672375402115928,0.09062975273862495,0.00244294203443376,0.1368594977273815,5.237596611089601e-05,5.237596611089601e-05,0.6161878365987765
3570,0.013908017151232698,0.0006106370842904406,0.20525616278670272,0.07199278817134683,0.0026362260108710417,0.17722527804175067,0.09058795931664368,0.002450046916170577,0.13725753031767937,5.252308961120751e-05,5.252308961120751e-05,0.6179187013083236
3580,0.013898412573157989,0.0006122698625631413,0.20580499581954326,0.07194890589271223,0.0026436859982389227,0.1777267897975746,0.09054616073704355,0.0024571526747025965,0.13765561202815665,5.2670213111519014e-05,5.2670213111519014e-05,0.6196495660178707
3590,0.013888811070574532,0.0006139021180023289,0.2063536531100265,0.07190502473912101,0.0026511457943494297,0.17822828869575996,0.09050435704738743,0.0024642593019441384,0.1380537424058341,5.2817336611830524e-05,5.2817336611830524e-05,0.6213804307274179
3600,0.013879212643356224,0.0006155338506294413,0.20690213466535837,0.07186114476244938,0.0026586053903836053,0.1787297741434356,0.09046254829523812,0.0024713667898095216,0.1384519209977323,5.2964460112142034e-05,5.2964460112142034e-05,0.6231112954369651
3610,0.01386961729137696,0.0006171650604659163,0.20745044049274494,0.07181726601457358,0.002666064777522492,0.17923124554773054,0.09042073452815846,0.002478475130213064,0.13885014735087192,5.311158361245354e-05,5.311158361245354e-05,0.6248421601465122
3620,0.013860025014510632,0.0006187957475331918,0.2079985705993922,0.07177338854736982,0.0026735239469471315,0.17973270231577354,0.09037891579371128,0.0024855843150690844,0.13924842101227364,5.325870711276504e-05,5.325870711276504e-05,0.6265730248560593
3630,0.013850435812631139,0.0006204259118527058,0.20854652499250614,0.07172951241271432,0.0026809828898385667,0.18023414385469352,0.09033709213945941,0.0024926943362919025,0.13964674152895812,5.340583061307655e-05,5.340583061307655e-05,0.6283038895656065
3640,0.013840849685612373,0.0006220555534458959,0.20909430367929271,0.0716856376624833,0.0026884415973778397,0.18073556957161946,0.09029526361296568,0.002499805185795836,0.140045108447946,5.355295411338805e-05,5.355295411338805e-05,0.6300347542751535
3650,0.01383126663332823,0.0006236846723342001,0.20964190666695803,0.07164176434855299,0.002695900060745993,0.18123697887368018,0.09025343026179293,0.0025069168554952043,0.14044352131625792,5.3700077613699556e-05,5.3700077613699556e-05,0.6317656189847006
3660,0.013821686655652607,0.0006253132685390563,0.210189333962708,0.0715978925227996,0.0027033582711240693,0.18173837116800462,0.09021159213350398,0.0025140293373043256,0.1408419796809146,5.3847201114011066e-05,5.3847201114011066e-05,0.6334964836942478
3670,0.013812109752459395,0.0006269413420819023,0.21073658557374864,0.07155402223709936,0.0027108162196931105,0.1822397458617217,0.09016974927566167,0.002521142623137519,0.14124048308893664,5.399432461432257e-05,5.399432461432257e-05,0.6352273484037949
3680,0.013802535923622492,0.0006285688929841758,0.21128366150728595,0.07151015354332849,0.0027182738976341586,0.18274110236196023,0.09012790173582881,0.002528256704909103,0.14163903108734469,5.414144811463407e-05,5.414144811463407e-05,0.636958213113342
3690,0.013792965169015792,0.0006301959212673149,0.21183056177052598,0.0714662864933632,0.0027257312961282564,0.18324244007584914,0.09008604956156827,0.0025353715745333964,0.14203762322315946,5.428857161494558e-05,5.428857161494558e-05,0.6386890778228892
3700,0.013783397488513188,0.0006318224269527573,0.2123772863706747,0.07142242113907973,0.0027331884063564464,0.18374375841051738,0.09004419280044285,0.0025424872239247177,0.14243625904340157,5.4435695115257085e-05,5.4435695115257085e-05,0.6404199425324363
3710,0.01377383288198858,0.000633448410061941,0.2129238353149381,0.0713785575323543,0.0027406452194997707,0.1842450567730938,0.09000233150001538,0.002549603644997386,0.14283493809509165,5.458281861556859e-05,5.458281861556859e-05,0.6421508072419834
3720,0.013764271349315857,0.0006350738706163037,0.2134702086105222,0.07133469572506311,0.0027481017267392722,0.18474633457070735,0.08996046570784871,0.00255672082966572,0.14323365992525042,5.47299421158801e-05,5.47299421158801e-05,0.6438816719515306
3730,0.013754712890368918,0.0006366988086372832,0.214016406264633,0.0712908357690824,0.002755557919255992,0.18524759121048684,0.08991859547150567,0.002563838769844038,0.1436324240808985,5.487706561619161e-05,5.487706561619161e-05,0.6456125366610777
3740,0.013745157505021657,0.0006383232241463177,0.21456242828447653,0.07124697771628839,0.002763013788230974,0.18574882609956125,0.08987672083854907,0.002570957457446659,0.14403123010905655,5.502418911650311e-05,5.502418911650311e-05,0.6473434013706247
3750,0.01373560519314797,0.0006399471171648446,0.21510827467725868,0.07120312161855731,0.0027704693248452594,0.18625003864505943,0.08983484185654177,0.0025780768843879018,0.1444300775567452,5.5171312616814614e-05,5.5171312616814614e-05,0.6490742660801719
3760,0.013726055954621749,0.000641570487714302,0.21565394545018554,0.07115926752776536,0.002777924520279891,0.1867512282541103,0.08979295857304656,0.002585197042582085,0.14482896597098516,5.5318436117126124e-05,5.5318436117126124e-05,0.650805130789719
3770,0.013716509789316891,0.000643193335816128,0.21619944061046317,0.07111541549578877,0.002785379365715911,0.18725239433384272,0.08975107103562632,0.0025923179239435274,0.14522789489879706,5.546555961743763e-05,5.546555961743763e-05,0.6525359954992661
3780,0.013706966697107291,0.0006448156614917599,0.21674476016529742,0.07107156557450377,0.0027928338523343617,0.18775353629138564,0.08970917929184384,0.002599439520386548,0.14562686388720156,5.561268311774913e-05,5.561268311774913e-05,0.6542668602088133
3790,0.013697426677866845,0.0006464374647626359,0.2172899041218944,0.07102771781578657,0.002800287971316286,0.18825465353386794,0.08966728338926198,0.0026065618238254647,0.14602587248321933,5.575980661806064e-05,5.575980661806064e-05,0.6559977249183604
3800,0.013687889731469444,0.0006480587456501938,0.21783487248746006,0.07098387227151338,0.0028077417138427257,0.1887557454684185,0.08962538337544355,0.002613684826174597,0.146424920233871,5.590693011837215e-05,5.590693011837215e-05,0.6577285896279076
3810,0.013678355857788987,0.0006496795041758715,0.2183796652692005,0.07094002899356046,0.0028151950710947234,0.18925681150216625,0.08958347929795141,0.0026208085193482633,0.1468240066861772,5.6054053618683646e-05,5.6054053618683646e-05,0.6594594543374546
3820,0.013668825056699368,0.0006512997403611068,0.21892428247432158,0.070896188033804,0.002822648034253321,0.18975785104224005,0.08954157120434834,0.0026279328952607825,0.1472231313871587,5.6201177118995156e-05,5.6201177118995156e-05,0.6611903190470018
3830,0.013659297328074482,0.0006529194542273376,0.2194687241100294,0.07085234944412024,0.002830100594499562,0.19025886349576884,0.08949965914219722,0.002635057945826473,0.147622293883836,5.634830061930666e-05,5.634830061930666e-05,0.6629211837565488
3840,0.013649772671788222,0.0006545386457960016,0.22001299018352993,0.07080851327638538,0.002837552743014487,0.19075984826988143,0.08945774315906087,0.0026421836629596535,0.1480214937232299,5.649542411961817e-05,5.649542411961817e-05,0.664652048466096
3850,0.013640251087714486,0.0006561573150885368,0.22055708070202917,0.07076467958247565,0.0028450044709791397,0.19126080477170684,0.08941582330250211,0.0026493100385746437,0.14842073045236098,5.664254761992967e-05,5.664254761992967e-05,0.6663829131756431
3860,0.013630732575727167,0.0006577754621263811,0.22110099567273314,0.07072084841426729,0.0028524557695745623,0.1917617324083739,0.08937389962008377,0.0026564370645857606,0.14882000361824987,5.678967112024118e-05,5.678967112024118e-05,0.6681137778851903
3870,0.013621217135700161,0.0006593930869309722,0.2216447351028478,0.0706770198236365,0.0028599066299817965,0.19226263058701148,0.0893319721593687,0.0026635647329073244,0.14921931276791733,5.6936794620552685e-05,5.6936794620552685e-05,0.6698446425947374
3880,0.01361170476750736,0.000661010189523748,0.22218829899957915,0.0706331938624595,0.0028673570433818854,0.19276349871474857,0.08929004096791969,0.0026706930354536535,0.14961865744838396,5.708391812086419e-05,5.708391812086419e-05,0.6715755073042845
3890,0.013602195471022665,0.0006626267699261464,0.2227316873701332,0.07058937058261253,0.0028748070009558713,0.193264336198714,0.08924810609329963,0.0026778219641390663,0.1500180372066704,5.72310416211757e-05,5.72310416211757e-05,0.6733063720138317
3900,0.013592689246119964,0.0006642428281596053,0.22327490022171606,0.0705455500359718,0.0028822564938847956,0.19376514244603665,0.08920616758307129,0.0026849515108778813,0.15041745158979727,5.7378165121487195e-05,5.7378165121487195e-05,0.6750372367233787
3910,0.013583186092673158,0.0006658583642455625,0.2238179375615336,0.07050173227441353,0.002889705513349702,0.19426591686384548,0.08916422548479755,0.002692081667584418,0.15081690014478533,5.7525288621798704e-05,5.7525288621798704e-05,0.6767681014329259
3920,0.013573686010556139,0.0006674733782054558,0.22436079939679185,0.07045791734981394,0.0028971540505316317,0.19476665885926933,0.08912227984604122,0.0026992124261729948,0.15121638241865518,5.767241212211021e-05,5.767241212211021e-05,0.678498966142473
3930,0.0135641889996428,0.0006690878700607232,0.22490348573469685,0.07041410531404925,0.002904602096611628,0.19526736783943716,0.08908033071436512,0.00270634377855793,0.15161589795842745,5.781953562242172e-05,5.781953562242172e-05,0.6802298308520202
3940,0.013554695059807042,0.0006707018398328024,0.22544599658245454,0.0703702962189957,0.0029120496427707324,0.19576804321147778,0.08903837813733212,0.002713475716653543,0.15201544631112285,5.796665912273322e-05,5.796665912273322e-05,0.6819606955615672
3950,0.013545204190922753,0.0006723152875431313,0.225988331947271,0.07032649011652949,0.002919496680189988,0.19626868438252015,0.088996422162505,0.0027206082323741514,0.15241502702376197,5.811378262304473e-05,5.811378262304473e-05,0.6836915602711144
3960,0.013535716392863833,0.0006739282132131477,0.22653049183635215,0.07028268705852685,0.0029269432000504367,0.1967692907596932,0.08895446283744662,0.0027277413176340754,0.15281463964336556,5.826090612335623e-05,5.826090612335623e-05,0.6854224249806615
3970,0.013526231665504176,0.0006755406168642895,0.22707247625690402,0.070238887096864,0.002934389193533121,0.19726986175012573,0.08891250020971982,0.0027348749643476325,0.1532142837169542,5.8408029623667736e-05,5.8408029623667736e-05,0.6871532896902086
3980,0.013516750008717673,0.0006771524985179948,0.22761428521613267,0.07019509028341717,0.002941834651819083,0.1977703967609467,0.08887053432688741,0.0027420091644291423,0.1536139587915486,5.8555153123979246e-05,5.8555153123979246e-05,0.6888841543997558
3990,0.013507271422378226,0.0006787638581957011,0.22815591872124402,0.07015129667006256,0.002949279566089365,0.198270895199285,0.08882856523651222,0.002749143909792923,0.15401366441416936,5.870227662429075e-05,5.870227662429075e-05,0.6906150191093029
4000,0.013497795906359723,0.0006803746959188464,0.22869737677944413,0.07010750630867642,0.00295672392752501,0.19877135647226957,0.0887865929861571,0.002756279192353294,0.1544134001318372,5.884940012460225e-05,5.884940012460225e-05,0.69234588381885
4010,0.013488323460536064,0.0006819850117088684,0.22923865939793894,0.07006371925113494,0.00296416772730706,0.1992717799870292,0.08874461762338487,0.0027634150040245727,0.1548131654915727,5.899652362491376e-05,5.899652362491376e-05,0.6940767485283972
4020,0.013478854084781142,0.0006835948055872053,0.22977976658393454,0.07001993554931438,0.002971610956616557,0.1997721651506929,0.08870263919575837,0.0027705513367210794,0.1552129600403966,5.9143647125225265e-05,5.9143647125225265e-05,0.6958076132379443
4030,0.01346938777896885,0.0006852040775752947,0.23032069834463686,0.06997615525509092,0.0029790536066345444,0.2002725113703895,0.08866065775084041,0.0027776881823571315,0.15561278332532952,5.9290770625536775e-05,5.9290770625536775e-05,0.6975384779474915
4040,0.013459924542973088,0.0006868128276945745,0.23086145468725192,0.06993237842034081,0.0029864956685420633,0.20077281805324793,0.08861867333619385,0.002784825532847048,0.15601263489339204,5.943789412584828e-05,5.943789412584828e-05,0.6992693426570386
4050,0.013450464376667746,0.0006884210559664826,0.2314020356189857,0.06988860509694027,0.0029939371335201566,0.20127308460639706,0.08857668599938148,0.0027919633801051485,0.15641251429160494,5.958501762615979e-05,5.958501762615979e-05,0.7010002073665857
4060,0.013441007279926722,0.0006900287624124566,0.23194244114704424,0.0698448353367655,0.0030013779927498666,0.2017733104369658,0.08853469578796618,0.002799101716045751,0.15681242106698887,5.9732141126471285e-05,5.9732141126471285e-05,0.7027310720761327
4070,0.01343155325262391,0.0006916359470539347,0.2324826712786335,0.06980106919169274,0.003008818237412236,0.20227349495208305,0.08849270274951075,0.0028062405325831744,0.1572123547665644,5.9879264626782794e-05,5.9879264626782794e-05,0.7044619367856799
4080,0.013422102294633203,0.0006932426099123547,0.23302272602095955,0.0697573067135982,0.0030162578586883067,0.20277363755887773,0.08845070693157803,0.002813379821631737,0.15761231493735223,6.0026388127094304e-05,6.0026388127094304e-05,0.706192801495227
4090,0.0134126544058285,0.0006948487510091544,0.23356260538122833,0.06971354795435812,0.003023696847759121,0.2032737376644787,0.08840870838173084,0.0028205195751057582,0.15801230112637302,6.017351162740581e-05,6.017351162740581e-05,0.7079236662047742
4100,0.013403209586083693,0.0006964543703657715,0.23410230936664586,0.0696697929658487,0.0030311351958057214,0.20377379467601486,0.08836670714753203,0.002827659784919556,0.15841231288064742,6.032063512771731e-05,6.032063512771731e-05,0.7096545309143213
4110,0.013393767835272678,0.000698059468003644,0.23464183798441812,0.06962604179994618,0.003038572894009151,0.20427380800061518,0.08832470327654442,0.0028348004429874503,0.1588123497471961,6.046775862802882e-05,6.046775862802882e-05,0.7113853956238684
4120,0.01338432915326935,0.0006996640439442098,0.2351811912417512,0.06958229450852677,0.0030460099335504506,0.20477377704540842,0.08828269681633084,0.0028419415412237583,0.15921241127303967,6.0614882128340323e-05,6.0614882128340323e-05,0.7131162603334155
4130,0.013374893539947605,0.0007012680982089067,0.23572036914585098,0.06953855114346669,0.003053446305610664,0.2052737012175236,0.08824068781445413,0.0028490830715428,0.1596124970051989,6.0762005628651827e-05,6.0762005628651827e-05,0.7148471250429627
4140,0.013365460995181334,0.0007028716308191726,0.23625937170392355,0.06949481175664217,0.0030608820013708323,0.20577357992408954,0.08819867631847711,0.002856225025858893,0.1600126064906943,6.0909129128963336e-05,6.0909129128963336e-05,0.7165779897525097
4150,0.013356031518844437,0.0007044746417964452,0.23679819892317483,0.06945107639992942,0.003068317012011999,0.20627341257223522,0.08815666237596262,0.002863367396086357,0.16041273927654665,6.105625262927485e-05,6.105625262927485e-05,0.718308854462057
4160,0.013346605110810806,0.0007060771311621623,0.23733685081081085,0.06940734512520468,0.003075751328715206,0.20677319856908946,0.08811464603447347,0.0028705101741395107,0.16081289490977652,6.120337612958634e-05,6.120337612958634e-05,0.720039719171604
4170,0.013337181770954337,0.0007076790989377622,0.23787532737403766,0.06936361798434415,0.0030831849426614954,0.20727293732178118,0.08807262734157253,0.002877653351932672,0.16121307293740458,6.135049962989785e-05,6.135049962989785e-05,0.7217705838811511
4180,0.013327761499148924,0.0007092805451446824,0.2384136286200613,0.06931989502922406,0.00309061784503191,0.20777262823743928,0.0880306063448226,0.00288479692138016,0.16161327290645153,6.149762313020936e-05,6.149762313020936e-05,0.7235014485906983
4190,0.013318344295268462,0.0007108814698043608,0.23895175455608764,0.06927617631172064,0.0030980500270074915,0.20827227072319268,0.08798858309178652,0.002891940874396294,0.16201349436393805,6.164474663052086e-05,6.164474663052086e-05,0.7252323133002453
4200,0.013308930159186848,0.0007124818729382352,0.23948970518932275,0.0692324618837101,0.003105481479769283,0.20877186418617028,0.08794655763002712,0.002899085202895392,0.1624137368568847,6.179187013083237e-05,6.179187013083237e-05,0.7269631780097925
4210,0.013299519090777975,0.0007140817545677437,0.24002748052697265,0.06918875179706868,0.003112912194498327,0.20927140803350094,0.08790453000710723,0.0029062298987917725,0.1628139999323122,6.193899363114388e-05,6.193899363114388e-05,0.7286940427193397
4220,0.013290111089915738,0.0007156811147143238,0.2405650805762433,0.06914504610367257,0.0031203421623756645,0.20977090167231355,0.08786250027058969,0.002913374953999755,0.16321428313724118,6.208611713145537e-05,6.208611713145537e-05,0.7304249074288867
4230,0.013280706156474033,0.0007172799533994136,0.2411025053443407,0.06910134485539801,0.0031277713745823388,0.21027034450973706,0.08782046846803732,0.002920520360433658,0.16361458601869233,6.223324063176688e-05,6.223324063176688e-05,0.7321557721384339
4240,0.013271304290326755,0.0007188782706444509,0.24163975483847086,0.06905764810412122,0.0031351998222993926,0.21076973595290033,0.08777843464701295,0.0029276661100078,0.16401490812368627,6.23803641320784e-05,6.23803641320784e-05,0.733886636847981
4250,0.013261905491347798,0.0007204760664708737,0.24217682906583987,0.06901395590171844,0.003142627496707868,0.21126907540893228,0.08773639885507942,0.0029348121946365,0.16441524899924367,6.252748763238989e-05,6.252748763238989e-05,0.735617501557528
4260,0.013252509759411057,0.0007220733409001196,0.24271372803365363,0.06897026830006585,0.0031500543889888067,0.21176836228496176,0.08769436113979956,0.002941958606234076,0.16481560819238522,6.26746111327014e-05,6.26746111327014e-05,0.7373483662670752
4270,0.013243117094390428,0.0007236700939536265,0.24325045174911814,0.0689265853510397,0.0031574804903232523,0.21226759598811776,0.0876523215487362,0.002949105336714848,0.16521598525013154,6.282173463301291e-05,6.282173463301291e-05,0.7390792309766224
4280,0.013233727496159807,0.0007252663256528323,0.24378700021943941,0.0688829071065162,0.0031649057918922458,0.2127667759255291,0.08761028012945217,0.0029562523779931337,0.1656163797195033,6.296885813332442e-05,6.296885813332442e-05,0.7408100956861696
4290,0.013224340964593085,0.0007268620360191749,0.24432337345182348,0.06883923361837159,0.0031723302848768306,0.2132659015043247,0.0875682369295103,0.002963399721983252,0.1660167911475211,6.311598163363592e-05,6.311598163363592e-05,0.7425409603957166
4300,0.01321495749956416,0.0007284572250740921,0.2448595714534763,0.06879556493848207,0.0031797539604580477,0.21376497213163342,0.08752619199647341,0.002970547360599522,0.16641721908120571,6.326310513394743e-05,6.326310513394743e-05,0.7442718251052638
4310,0.013205577100946926,0.0007300518928390219,0.24539559423160398,0.06875190111872388,0.0031871768098169413,0.21426398721458426,0.08748414537790435,0.0029776952857562622,0.16681766306757773,6.341022863425892e-05,6.341022863425892e-05,0.7460026898148108
4320,0.01319619976861528,0.000731646039335402,0.24593144179341242,0.06870824221097323,0.003194598824134552,0.214762946160306,0.08744209712136594,0.002984843489367791,0.16721812265365776,6.355735213457045e-05,6.355735213457045e-05,0.7477335545243582
4330,0.013186825502443112,0.0007332396645846702,0.2464671141461076,0.06866458826710634,0.003202019994591924,0.21526184837592763,0.08740004727442102,0.0029919919633484278,0.16761859738646656,6.370447563488194e-05,6.370447563488194e-05,0.7494644192339052
4340,0.013177454302304322,0.0007348327686082644,0.24700261129689557,0.06862093933899943,0.0032094403123700977,0.21576069326857797,0.08735799588463242,0.0029991406996124903,0.1680190868130247,6.385159913519345e-05,6.385159913519345e-05,0.7511952839434524
4350,0.013168086168072805,0.0007364253514276226,0.2475379332529824,0.06857729547852873,0.0032168597686501165,0.21625948024538597,0.08731594299956295,0.0030062896900742986,0.16841959048035288,6.399872263550496e-05,6.399872263550496e-05,0.7529261486529994
4360,0.013158721099622453,0.0007380174130641826,0.24807308002157394,0.06853365673757046,0.003224278354613023,0.2167582087134805,0.08727388866677548,0.0030134389266481708,0.16882010793547175,6.414584613581646e-05,6.414584613581646e-05,0.7546570133625465
4370,0.01314935909682716,0.0007396089535393821,0.24860805160987634,0.06849002316800083,0.0032316960614398593,0.21725687807999053,0.08723183293383281,0.0030205884012484245,0.16922063872540194,6.429296963612797e-05,6.429296963612797e-05,0.7563878780720937
4380,0.013140000159560825,0.000741199972874659,0.24914284802509545,0.06844639482169608,0.003239112880311667,0.2177554877520448,0.08718977584829778,0.00302773810578938,0.16962118239716417,6.444009313643948e-05,6.444009313643948e-05,0.7581187427816408
4390,0.013130644287697342,0.0007427904710914513,0.2496774692744374,0.06840277175053242,0.00324652880240949,0.21825403713677238,0.08714771745773321,0.0030348880321853554,0.17002173849777902,6.458721663675097e-05,6.458721663675097e-05,0.7598496074911879
4400,0.013121291481110603,0.0007443804482111968,0.2502119153651081,0.06835915400638608,0.003253943818914369,0.2187525256413021,0.08710565780970195,0.0030420381723506697,0.1704223065742672,6.473434013706248e-05,6.473434013706248e-05,0.7615804722007351
4410,0.013111941739674506,0.0007459699042553333,0.2507461863043137,0.06831554164113326,0.003261357921007347,0.2192509526727628,0.08706359695176683,0.0030491885181996416,0.17082288617364938,6.4881463637374e-05,6.4881463637374e-05,0.7633113369102822
4420,0.013102595063262945,0.0007475588392452986,0.25128028209926,0.0682719347066502,0.003268771099869467,0.21974931763828348,0.08702153493149066,0.003056339061646589,0.17122347684294617,6.502858713768549e-05,6.502858713768549e-05,0.7650422016198293
4430,0.013093251451749815,0.0007491472532025307,0.25181420275715316,0.06822833325481312,0.0032761833466817703,0.22024761994499295,0.0869794717964363,0.0030634897946058316,0.17162407812917826,6.5175710637997e-05,6.5175710637997e-05,0.7667730663293765
4440,0.013083910905009011,0.0007507351461484674,0.25234794828519913,0.06818473733749825,0.0032835946526253,0.22074585900002017,0.08693740759416656,0.0030706407089916878,0.17202468957936626,6.532283413830851e-05,6.532283413830851e-05,0.7685039310389236
4450,0.013074573422914428,0.0007523225181045466,0.2528815186906039,0.06814114700658179,0.003291005008881098,0.22124403421049396,0.08689534237224426,0.0030777917967184758,0.17242531074053086,6.546995763862e-05,6.546995763862e-05,0.7702347957484706
4460,0.013065239005339962,0.000753909369092206,0.2534149139805734,0.06809756231393996,0.0032984144066302073,0.2217421449835433,0.08685327617823227,0.0030849430497005156,0.17282594115969277,6.561708113893152e-05,6.561708113893152e-05,0.7719656604580177
4470,0.013055907652159505,0.0007554956991328835,0.25394813416231377,0.06805398331144902,0.0033058228370536694,0.22224019072629708,0.08681120905969339,0.003092094459852125,0.17322658038387254,6.576420463924303e-05,6.576420463924303e-05,0.7736965251675649
4480,0.013046579363246954,0.0007570815082480171,0.25448117924303093,0.06801041005098514,0.0033132302913325275,0.22273817084588418,0.08676914106419047,0.003099246019087622,0.1736272279600909,6.591132813955452e-05,6.591132813955452e-05,0.775427389877112
4490,0.013037254138476204,0.0007586667964590444,0.2550140492299309,0.06796684258442458,0.003320636760647823,0.22323608474943343,0.08672707223928632,0.003106397719321327,0.17402788343536846,6.605845163986603e-05,6.605845163986603e-05,0.7771582545866591
4500,0.01302793197772115,0.0007602515637874037,0.2555467441302197,0.06792328096364354,0.003328042236180599,0.22373393184407386,0.08668500263254379,0.003113549552467558,0.17442854635672594,6.620557514017754e-05,6.620557514017754e-05,0.7788891192962063
4510,0.01301861288085569,0.0007618358102545324,0.2560792639511033,0.06787972524051826,0.003335446709111898,0.22423171153693428,0.0866429322915257,0.0031207015104406334,0.17482921627118395,6.635269864048904e-05,6.635269864048904e-05,0.7806199840057534
4520,0.013009296847753711,0.0007634195358818685,0.2566116086997877,0.06783617546692494,0.0033428501706227612,0.22472942323514358,0.08660086126379488,0.0031278535851548715,0.17522989272576311,6.649982214080055e-05,6.649982214080055e-05,0.7823508487153005
4530,0.012999983878289115,0.0007650027406908499,0.2571437783834789,0.06779263169473981,0.003350252611894232,0.2252270663458307,0.08655878959691417,0.0031350057685245927,0.17563057526748418,6.664694564111206e-05,6.664694564111206e-05,0.7840817134248477
4540,0.012990673972335793,0.0007665854247029145,0.257675773009383,0.06774909397583911,0.0033576540241073527,0.22572464027612452,0.0865167173384464,0.0031421580524641137,0.17603126344336772,6.679406914142355e-05,6.679406914142355e-05,0.7858125781343948
4550,0.012981367129767643,0.0007681675879395,0.2582075925847059,0.06770556236209904,0.0033650543984431657,0.22622214443315397,0.0864746445359544,0.003149310428887755,0.17643195680043447,6.694119264173506e-05,6.694119264173506e-05,0.7875434428439418
4560,0.012972063350458559,0.0007697492304220444,0.25873923711665353,0.06766203690539582,0.0033724537260827123,0.22671957822404784,0.08643257123700099,0.003156462889709834,0.176832654885705,6.708831614204657e-05,6.708831614204657e-05,0.789274307553489
4570,0.012962762634282435,0.0007713303521719855,0.25927070661243207,0.06761851765760568,0.0033798519982070362,0.22721694105593518,0.08639049748914901,0.0031636154268446706,0.1772333572462,6.723543964235808e-05,6.723543964235808e-05,0.7910051722630362
4580,0.012953464981113166,0.0007729109532107611,0.2598020010792474,0.06757500467060484,0.003387249205997179,0.2277142323359448,0.08634842333996129,0.003170768032206582,0.17763406342894017,6.73825631426696e-05,6.73825631426696e-05,0.7927360369725834
4590,0.012944170390824648,0.000774491033559809,0.2603331205243055,0.06753149799626952,0.003394645340634183,0.22821145147120556,0.08630634883700067,0.0031779206977098884,0.17803477298094614,6.752968664298109e-05,6.752968664298109e-05,0.7944669016821304
4600,0.012934878863290776,0.0007760705932405674,0.2608640649548125,0.06748799768647594,0.0034020403932990915,0.22870859786884645,0.08626427402782996,0.003185073415268908,0.17843548544923854,6.76768101432926e-05,6.76768101432926e-05,0.7961977663916776
4610,0.012925590398385445,0.0007776496322744737,0.26139483437797434,0.06744450379310032,0.003409434355172945,0.22920567093599628,0.08622219896001201,0.0031922261767979593,0.17883620038083806,6.78239336436041e-05,6.78239336436041e-05,0.7979286311012246
4620,0.01291630499598255,0.0007792281506829661,0.26192542880099695,0.0674010163680189,0.003416827217436788,0.22970267007978404,0.08618012368110965,0.003199378974211361,0.1792369173227653,6.79710571439156e-05,6.79710571439156e-05,0.7996594958107718
4630,0.012907022655955983,0.0007808061484874823,0.2624558482310864,0.06735753546310788,0.0034242189712716618,0.23019959470733856,0.0861380482386857,0.0032065317994234323,0.179637635822041,6.811818064422712e-05,6.811818064422712e-05,0.801390360520319
4640,0.012897743378179644,0.0007823836257094601,0.26298609267544876,0.06731406113024349,0.003431609607858609,0.2306964442257888,0.086095972680303,0.0032136846443484913,0.1800383554256858,6.826530414453863e-05,6.826530414453863e-05,0.8031212252298662
4650,0.012888467162527423,0.0007839605823703375,0.26351616214128987,0.06727059342130194,0.0034389991183786713,0.2311932180422636,0.08605389705352438,0.003220837500900857,0.1804390756807203,6.841242764485012e-05,6.841242764485012e-05,0.8048520899394132
4660,0.012879194008873218,0.0007855370184915523,0.2640460566358159,0.06722713238815947,0.0034463874940128918,0.23168991556389185,0.08601182140591267,0.0032279903609948486,0.1808397961341652,6.855955114516163e-05,6.855955114516163e-05,0.8065829546489603
4670,0.012869923917090924,0.0007871129340945422,0.2645757761662327,0.0671836780826923,0.003453774725942312,0.23218653619780247,0.0859697457850307,0.003235143216544784,0.18124051633304114,6.870667464547314e-05,6.870667464547314e-05,0.8083138193585075
4680,0.012860656887054435,0.0007886883292007455,0.26510532073974635,0.06714023055677662,0.0034611608053479754,0.23268307935112437,0.08592767023844129,0.003242296059464983,0.1816412358243688,6.885379814578464e-05,6.885379814578464e-05,0.8100446840680545
4690,0.012851392918637647,0.0007902632038315994,0.2656346903635628,0.06709678986228869,0.003468545723410923,0.23317954443098637,0.08588559481370729,0.0032494488816697626,0.18204195415516877,6.900092164609614e-05,6.900092164609614e-05,0.8117755487776015
4700,0.012842132011714453,0.0007918375580085424,0.2661638850448882,0.06705335605110473,0.0034759294713121993,0.23367593084451757,0.08584351955839152,0.003256601675073443,0.1824426708724618,6.914804514640766e-05,6.914804514640766e-05,0.8135064134871489
4710,0.012832874166158751,0.0007934113917530118,0.2666929047909283,0.06700992917510093,0.003483312040232844,0.23417223799884662,0.08580144452005682,0.0032637544315903422,0.18284338552326845,6.929516864671915e-05,6.929516864671915e-05,0.8152372781966959
4720,0.012823619381844432,0.0007949847050864459,0.2672217496088894,0.06696650928615352,0.0034906934213539014,0.23466846530110258,0.08575936974626601,0.0032709071431347796,0.1832440976546095,6.944229214703066e-05,6.944229214703066e-05,0.8169681429062431
4730,0.012814367658645395,0.0007965574980302822,0.26775041950597717,0.06692309643613875,0.0034980736058564128,0.23516461215841428,0.08571729528458193,0.0032780598016210736,0.1836448068135055,6.958941564734217e-05,6.958941564734217e-05,0.8186990076157902
4740,0.012805118996435532,0.0007981297706059589,0.26827891448939795,0.06687969067693282,0.0035054525849214212,0.23566067797791063,0.0856752211825674,0.003285212398963543,0.18404551254697718,6.973653914765367e-05,6.973653914765367e-05,0.8204298723253373
4750,0.01279587339508874,0.0007997015228349136,0.2688072345663575,0.06683629206041196,0.0035128303497299687,0.23615666216672054,0.08563314748778528,0.0032923649270765057,0.18444621440204514,6.988366264796518e-05,6.988366264796518e-05,0.8221607370348845
4760,0.012786630854478913,0.0008012727547385842,0.2693353797440619,0.06679290063845238,0.0035202068914630975,0.2366525641319729,0.08559107424779835,0.0032995173778742814,0.18484691192573005,7.003078614827669e-05,7.003078614827669e-05,0.8238916017444315
4770,0.012777391374479946,0.0008028434663384088,0.26986335002971723,0.0667495164629303,0.0035275822013018506,0.23714838328079665,0.08554900151016949,0.0033066697432711884,0.18524760466505258,7.017790964858819e-05,7.017790964858819e-05,0.8256224664539786
4780,0.012768154954965734,0.0008044136576558247,0.2703911454305293,0.06670613958572195,0.0035349562704272692,0.2376441190203206,0.08550692932246151,0.0033138220151815454,0.18564829216703335,7.03250331488997e-05,7.03250331488997e-05,0.8273533311635258
4790,0.012758921595810171,0.0008059833287122703,0.2709187659537043,0.06666277005870355,0.0035423290900203964,0.23813977075767367,0.08546485773223723,0.0033209741855196716,0.18604897397869308,7.04721566492112e-05,7.04721566492112e-05,0.8290841958730729
4800,0.012749691296887154,0.0008075524795291832,0.2714462116064481,0.06661940793375133,0.003549700651262275,0.23863533789998484,0.0854227867870595,0.0033281262461998854,0.1864496496470524,7.061928014952272e-05,7.061928014952272e-05,0.8308150605826201
4810,0.012740464058070578,0.0008091211101280012,0.27197348239596675,0.0665760532627415,0.0035570709453339464,0.2391308198543829,0.08538071653449116,0.0033352781891365047,0.18685031871913194,7.076640364983421e-05,7.076640364983421e-05,0.8325459252921672
4820,0.012731239879234335,0.0008106892205301625,0.27250057832946634,0.06653270609755028,0.0035644399634164534,0.23962621602799683,0.08533864702209501,0.0033424300062438505,0.1872509807419524,7.091352715014572e-05,7.091352715014572e-05,0.8342767900017143
4830,0.012722018760252323,0.0008122568107571045,0.2730274994141527,0.06648936649005391,0.0035718076966908385,0.24012152582795548,0.0852965782974339,0.003349581689436239,0.1876516352625344,7.106065065045722e-05,7.106065065045722e-05,0.8360076547112614
4840,0.012712800700998434,0.0008138238808302655,0.2735542456572321,0.06644603449212858,0.0035791741363381435,0.24061674866138777,0.08525451040807065,0.0033567332306279904,0.18805228182789863,7.120777415076874e-05,7.120777415076874e-05,0.8377385194208087
4850,0.012703585701346568,0.0008153904307710829,0.2740808170659102,0.06640271015565052,0.0035865392735394113,0.24111188393542257,0.08521244340156811,0.0033638846217334227,0.1884529199850657,7.135489765108024e-05,7.135489765108024e-05,0.8394693841303557
4860,0.012694373761170615,0.0008169564606009948,0.2746072136473932,0.06635939353249598,0.003593903099475684,0.24160693105718883,0.0851703773254891,0.003371035854666855,0.18885354928105633,7.150202115139174e-05,7.150202115139174e-05,0.8412002488399027
4870,0.012685164880344471,0.0008185219703414391,0.2751334354088871,0.06631608467454116,0.003601265605328004,0.24210188943381536,0.08512831222739645,0.0033781869213426055,0.18925416926289107,7.164914465170326e-05,7.164914465170326e-05,0.84293111354945
4880,0.012675959058742034,0.0008200869600138536,0.27565948235759785,0.06627278363366228,0.003608626782277414,0.24259675847243117,0.08508624815485298,0.003385337813674994,0.1896547794775907,7.179626815201475e-05,7.179626815201475e-05,0.844661978258997
4890,0.012666756296237196,0.0008216514296396761,0.27618535450073145,0.06622949046173557,0.003615986621504956,0.24309153758016508,0.08504418515542154,0.003392488523578338,0.1900553794721758,7.194339165232625e-05,7.194339165232625e-05,0.8463928429685441
4900,0.012657556592703852,0.0008232153792403444,0.2767110518454939,0.06618620521063723,0.0036233451141916718,0.24358622616414596,0.08500212327666497,0.0033996390429669576,0.19045596879366708,7.209051515263776e-05,7.209051515263776e-05,0.8481237076780912
4910,0.012648359948015898,0.0008247788088372966,0.2772365743990913,0.06614292793224351,0.003630702251518605,0.2440808236315028,0.08496006256614606,0.00340678936375517,0.19085654698908514,7.223763865294927e-05,7.223763865294927e-05,0.8498545723876384
4920,0.01263916636204723,0.0008263417184519704,0.2777619221687295,0.06609965867843061,0.003638058024666797,0.24457532938936444,0.08491800307142769,0.003413939477857295,0.1912571136054507,7.238476215326078e-05,7.238476215326078e-05,0.8515854370971856
4930,0.01262997583467174,0.0008279041081058036,0.2782870951616146,0.06605639750107477,0.0036454124248172905,0.24506974284485983,0.08487594484007266,0.0034210893771876505,0.19165766818978433,7.253188565357228e-05,7.253188565357228e-05,0.8533163018067326
4940,0.012620788365763325,0.0008294659778202341,0.2788120933849526,0.0660131444520522,0.003652765443151128,0.24556406340511783,0.0848338879196438,0.0034282390536605565,0.19205821028910683,7.267900915388379e-05,7.267900915388379e-05,0.8550471665162798
4950,0.01261160395519588,0.0008310273276166999,0.2793369168459495,0.06596989958323912,0.0036601170708493516,0.2460582904772673,0.08479183235770395,0.00343538849919033,0.19245873945043865,7.28261326541953e-05,7.28261326541953e-05,0.856778031225827
4960,0.012602422602843298,0.0008325881575166386,0.2798615655518113,0.06592666294651175,0.0036674672990930036,0.2465524234684372,0.08474977820181594,0.0034425377056912913,0.19285925522080063,7.29732561545068e-05,7.29732561545068e-05,0.8585088959353742
4970,0.012593244308579478,0.0008341484675414882,0.2803860395097439,0.06588343459374632,0.0036748161190631266,0.24704646178575637,0.08470772549954261,0.003449686665077758,0.19325975714721333,7.31203796548183e-05,7.31203796548183e-05,0.8602397606449211
4980,0.012584069072278312,0.0008357082577126865,0.2809103387269534,0.06584021457681904,0.0036821635219407623,0.24754040483635373,0.08466567429844678,0.00345683536926405,0.1936602447766975,7.326750315512981e-05,7.326750315512981e-05,0.8619706253544683
4990,0.012574896893813695,0.0008372675280516714,0.28143446321064586,0.06579700294760615,0.003689509498906954,0.2480342520273582,0.08462362464609127,0.0034639838101644845,0.19406071765627364,7.341462665544132e-05,7.341462665544132e-05,0.8637014900640155
5000,0.012565727773059521,0.0008388262785798807,0.2819584129680271,0.06575379975798387,0.0036968540411427436,0.2485280027658987,0.08458157659003894,0.0034711319796933817,0.19446117533296256,7.356175015575282e-05,7.356175015575282e-05,0.8654323547735625
5010,0.01255656170988969,0.0008403845093187523,0.28248218800630326,0.0657106050598284,0.0037041971398291736,0.24902165645910407,0.08453953017785261,0.0034782798697650594,0.19486161735378485,7.370887365606433e-05,7.370887365606433e-05,0.8671632194831097
5020,0.012547398704178089,0.0008419422202897242,0.28300578833268036,0.06566741890501597,0.0037115387861472856,0.2495152125141032,0.0844974854570951,0.003485427472293836,0.19526204326576113,7.385599715637584e-05,7.385599715637584e-05,0.8688940841926569
5030,0.01253823875579862,0.000843499411514234,0.2835292139543643,0.06562424134542282,0.003718878971278123,0.25000867033802504,0.08445544247532924,0.0034925747791940314,0.1956624526159121,7.400312065668734e-05,7.400312065668734e-05,0.8706249489022039
5040,0.012529081864625174,0.0008450560830137197,0.28405246487856123,0.06558107243292513,0.0037262176864027285,0.25050202933799853,0.08441340128011787,0.0034997217823799637,0.19606284495125847,7.415024415699884e-05,7.415024415699884e-05,0.8723558136117511
5050,0.01251992803053165,0.000846612234809619,0.2845755411124769,0.06553791221939917,0.003733554922702142,0.25099528892115236,0.08437136191902382,0.0035068684737659516,0.1964632198188208,7.429736765731035e-05,7.429736765731035e-05,0.8740866783212983
5060,0.012510777253391938,0.00084816786692337,0.28509844266331763,0.06549476075672113,0.003740890671357409,0.2514884484946157,0.08432932443960993,0.0035140148452663137,0.1968635767656198,7.444449115762185e-05,7.444449115762185e-05,0.8758175430308452
5070,0.012501629533079936,0.0008497229793764103,0.28562116953828914,0.06545161809676725,0.00374822492354957,0.2519815074655173,0.08428728888943901,0.0035211608887953686,0.19726391533867613,7.459161465793336e-05,7.459161465793336e-05,0.8775484077403924
5080,0.012492484869469538,0.0008512775721901779,0.28614372174459757,0.06540848429141373,0.0037555576704596675,0.252474465240986,0.08424525531607391,0.003528306596267436,0.19766423508501044,7.473873815824487e-05,7.473873815824487e-05,0.8792792724499396
5090,0.01248334326243464,0.0008528316453861107,0.286666099289449,0.0653653593925368,0.0037628889032687443,0.25296732122815085,0.08420322376707745,0.0035354519595968336,0.19806453555164333,7.488586165855637e-05,7.488586165855637e-05,0.8810101371594866
5100,0.012474204711849134,0.0008543851989856465,0.2871883021800492,0.0653222434520127,0.0037702186131578427,0.2534600748341407,0.08416119429001248,0.00354259697069788,0.19846481628559554,7.503298515886789e-05,7.503298515886789e-05,0.8827410018690339
5110,0.01246506921758692,0.0008559382330102231,0.2877103304236044,0.06527913652171763,0.0037775467913080045,0.25395272546608433,0.0841191669324418,0.003549741621484895,0.19886507683388768,7.518010865917939e-05,7.518010865917939e-05,0.884471866578581
5120,0.012455936779521889,0.0008574907474812784,0.2882321840273205,0.06523603865352781,0.0037848734289002727,0.25444527253111077,0.08407714174192826,0.003556885903872197,0.19926531674354045,7.53272321594909e-05,7.53272321594909e-05,0.8862027312881281
5130,0.012446807397527937,0.0008590427424202502,0.28875386299840344,0.06519294989931948,0.003792198517115689,0.2549377154363488,0.0840351187660347,0.0035640298097741035,0.19966553556157443,7.547435565980239e-05,7.547435565980239e-05,0.8879335959976752
5140,0.012437681071478959,0.0008605942178485764,0.2892753673440593,0.06514987031096885,0.003799522047135297,0.2554300535889275,0.08399309805232393,0.0035711733311049347,0.20006573283501036,7.56214791601139e-05,7.56214791601139e-05,0.8896644607072223
5150,0.01242855780124885,0.000862145173787695,0.2897966970714941,0.06510679994035214,0.003806844010140137,0.2559222863959756,0.08395107964835878,0.0035783164597790085,0.2004659081108688,7.57686026604254e-05,7.57686026604254e-05,0.8913953254167694
5160,0.012419437586711504,0.0008636956102590436,0.29031785218791384,0.06506373883934558,0.003814164397311254,0.25641441326462205,0.0839090636017021,0.003585459187710644,0.20086606093617054,7.591572616073692e-05,7.591572616073692e-05,0.8931261901263167
5170,0.01241032042774082,0.0008652455272840601,0.29083883270052435,0.06502068705982537,0.003821483199829688,0.2569064336019958,0.08386704995991671,0.0035926015068141596,0.2012661908579361,7.606284966104842e-05,7.606284966104842e-05,0.8948570548358636
5180,0.012401206324210687,0.0008667949248841826,0.29135963861653197,0.06497764465366776,0.0038288004088764824,0.2573983468152257,0.08382503877056545,0.003599743409003875,0.20166629742318629,7.620997316135992e-05,7.620997316135992e-05,0.8965879195454107
5190,0.012392095275995003,0.0008683438030808486,0.29188026994314237,0.06493461167274894,0.0038361160156326793,0.2578901523114406,0.08378303008121114,0.003606884886194107,0.20206638017894157,7.635709666167144e-05,7.635709666167144e-05,0.898318784254958
5200,0.012382987282967665,0.0008698921618954963,0.2924007266875618,0.06489158816894518,0.0038434300112793218,0.2583818494977695,0.08374102393941663,0.003614025930299176,0.20246643867222275,7.650422016198294e-05,7.650422016198294e-05,0.900049648964505
5210,0.012373882345002566,0.0008714400013495633,0.292921008856996,0.06484857419413265,0.003850742386997451,0.2588734377813412,0.08369902039274471,0.0036211665332334005,0.20286647245005046,7.665134366229443e-05,7.665134366229443e-05,0.9017805136740521
5220,0.0123647804619736,0.0008729873214644875,0.29344111645865123,0.06480556980018759,0.0038580531339681102,0.2593649165692847,0.08365701948875826,0.0036283066869110987,0.2032664810594453,7.679846716260595e-05,7.679846716260595e-05,0.9035113783835994
5230,0.012355681633754662,0.0008745341222617069,0.2939610494997334,0.06476257503898623,0.003865362243372341,0.2598562852687288,0.08361502127502007,0.0036354463832465895,0.203666464047428,7.694559066291745e-05,7.694559066291745e-05,0.9052422430931464
5240,0.01234658586021965,0.0008760804037626592,0.2944808079874484,0.06471958996240479,0.0038726697063911873,0.26034754328680243,0.083573025799093,0.0036425856141541913,0.20406642096101912,7.709271416322896e-05,7.709271416322896e-05,0.9069731078026936
5250,0.012337493141242453,0.0008776261659887822,0.2950003919290024,0.06467661462231948,0.0038799755142056892,0.26083869003063453,0.08353103310853988,0.0036497243715482236,0.20446635134723942,7.723983766354047e-05,7.723983766354047e-05,0.9087039725122408
5260,0.012328403476696973,0.000879171408961514,0.2955198013316013,0.06463364907060654,0.003887279657996891,0.26132972490735396,0.0834890432509235,0.003656862647343005,0.20486625475310952,7.738696116385197e-05,7.738696116385197e-05,0.9104348372217878
5270,0.0123193168664571,0.0008807161327022922,0.29603903620245114,0.06459069335914217,0.0038945821289458338,0.2618206473240896,0.08344705627380675,0.003664000433452853,0.20526613072565003,7.753408466416348e-05,7.753408466416348e-05,0.912165701931335
5280,0.012310233310396733,0.0008822603372325549,0.2965580965487579,0.0645477475398026,0.00390188291823356,0.2623114566879704,0.08340507222475244,0.0036711377217920884,0.20566597881188173,7.768120816447499e-05,7.768120816447499e-05,0.9138965666408821
5290,0.012301152808389764,0.0008838040225737397,0.2970769823777276,0.06450481166446405,0.003909182017041112,0.26280215240612514,0.08336309115132337,0.0036782745042750276,0.20606579855882506,7.782833166478648e-05,7.782833166478648e-05,0.9156274313504291
5300,0.012292075360310087,0.0008853471887472846,0.29759569369656624,0.06446188578500275,0.003916479416549535,0.263292733885683,0.08332111310108241,0.003685410772815991,0.20646558951350089,7.7975455165098e-05,7.7975455165098e-05,0.9173582960599764
5310,0.012283000966031599,0.0008868898357746274,0.29811423051247976,0.06441896995329491,0.003923775107939866,0.26378320053377247,0.08327913812159238,0.0036925465193292976,0.20686535122292984,7.81225786654095e-05,7.81225786654095e-05,0.9190891607695235
5320,0.012273929625428195,0.0008884319636772062,0.29863259283267435,0.06437606422121676,0.003931069082393152,0.26427355175752276,0.0832371662604161,0.0036996817357292646,0.20726508323413248,7.8269702165721e-05,7.8269702165721e-05,0.9208200254790705
5330,0.01226486133837377,0.0008899735724764584,0.29915078066435574,0.06433316864064452,0.0039383613310904324,0.26476378696406266,0.08319519756511641,0.0037068164139302112,0.20766478509412947,7.841682566603251e-05,7.841682566603251e-05,0.9225508901886177
5340,0.01225579610474222,0.0008915146621938223,0.2996687940147302,0.06429028326345441,0.003945651845212752,0.2652539055605211,0.08315323208325615,0.003713950545846457,0.20806445634994158,7.856394916634402e-05,7.856394916634402e-05,0.9242817548981649
5350,0.012246733924407435,0.0008930552328507354,0.30018663289100345,0.06424740814152265,0.003952940615941151,0.2657439069540269,0.08311126986239813,0.0037210841233923197,0.20846409654858933,7.871107266665552e-05,7.871107266665552e-05,0.9260126196077119
5360,0.012237674797243317,0.0008945952844686357,0.30070429730038173,0.06420454332672546,0.003960227634456673,0.2662337905517091,0.0830693109501052,0.003728217138482119,0.2088637052370935,7.885819616696703e-05,7.885819616696703e-05,0.9277434843172591
5370,0.012228618723123755,0.0008961348170689611,0.3012217872500709,0.06416168887093907,0.0039675128919403595,0.2667235557606964,0.08302735539394017,0.0037353495830301717,0.2092632819624746,7.900531966727854e-05,7.900531966727854e-05,0.9294743490268063
5380,0.012219565701922647,0.0008976738306731494,0.30173910274727705,0.06411884482603969,0.003974796379573254,0.2672132019881179,0.08298540324146589,0.003742481448950799,0.20966282627175345,7.915244316759003e-05,7.915244316759003e-05,0.9312052137363532
5390,0.012210515733513888,0.0008992123253026384,0.3022562437992062,0.06407601124390355,0.003982078088536397,0.2677027286411023,0.0829434545402452,0.003749612728158318,0.2100623377119506,7.929956666790154e-05,7.929956666790154e-05,0.9329360784459004
5400,0.012201468817771371,0.0009007503009788663,0.30277321041306426,0.06403318817640687,0.0039893580100108334,0.2681921351267787,0.0829015093378409,0.003756743412567049,0.21046181583008677,7.944669016821305e-05,7.944669016821305e-05,0.9346669431554476
5410,0.012192424954568995,0.0009022877577232703,0.3032900025960572,0.06399037567542587,0.003996636135177604,0.2686814208522758,0.08285956768181585,0.0037638734940913087,0.21086126017318255,7.959381366852455e-05,7.959381366852455e-05,0.9363978078649946
5420,0.01218338414378065,0.000903824695557289,0.3038066203553912,0.06394757379283678,0.004003912455217751,0.2691705852247227,0.08281762961973285,0.003771002964645417,0.21126067028825865,7.974093716883607e-05,7.974093716883607e-05,0.9381286725745419
5430,0.012174346385280236,0.0009053611145023595,0.30432306369827206,0.0639047825805158,0.004011186961312316,0.2696596276512481,0.08277569519915476,0.0037781318161436922,0.2116600457223357,7.988806066914757e-05,7.988806066914757e-05,0.939859537284089
5440,0.012165311678941642,0.0009068970145799202,0.30483933263190593,0.06386200209033915,0.004018459644642345,0.27014854753898115,0.08273376446764441,0.003785260040500453,0.21205938602243435,8.003518416945908e-05,8.003518416945908e-05,0.9415904019936361
5450,0.012156280024638769,0.0009084323958114089,0.3053554271634988,0.06381923237418309,0.004025730496388875,0.2706373442950504,0.08269183747276461,0.0037923876296300186,0.21245869073557527,8.018230766977059e-05,8.018230766977059e-05,0.9433212667031833
5460,0.012147251422245507,0.0009099672582182632,0.3058713473002565,0.06377647348392382,0.0040329995077329536,0.2711260173265851,0.0826499142620782,0.003799514575446708,0.21285795940877916,8.032943117008208e-05,8.032943117008208e-05,0.9450521314127304
5470,0.012138225871635756,0.0009115016018219212,0.3063870930493853,0.06373372547143755,0.004040266669855619,0.2716145660407138,0.08260799488314802,0.003806640869864838,0.21325719158906659,8.047655467039359e-05,8.047655467039359e-05,0.9467829961222775
5480,0.012129203372683405,0.0009130354266438207,0.30690266441809094,0.0636909883886005,0.0040475319739379165,0.27210298984456577,0.0825660793835369,0.0038137665047987303,0.21365638682345828,8.06236781707051e-05,8.06236781707051e-05,0.9485138608318247
5490,0.012120183925262352,0.0009145687327053994,0.30741806141357964,0.06364826228728891,0.0040547954111608865,0.2725912881452696,0.08252416781080765,0.003820891472162701,0.21405554465897486,8.07708016710166e-05,8.07708016710166e-05,0.9502447255413717
5500,0.012111167529246495,0.0009161015200280953,0.30793328404305725,0.063605547219379,0.004062056972705572,0.2730794603499544,0.08248226021252313,0.0038280157638710703,0.214454664642637,8.091792517132811e-05,8.091792517132811e-05,0.9519755902509188
5510,0.012102154184509724,0.0009176337886333462,0.30844833231372976,0.06356284323674698,0.004069316649753015,0.2735675058657489,0.08244035663624615,0.003835139371838156,0.21485374632146537,8.106504867163962e-05,8.106504867163962e-05,0.953706454960466
5520,0.012093143890925938,0.0009191655385425901,0.3089632062328034,0.06352015039126907,0.00407657443348426,0.2740554240997822,0.08239845712953955,0.003842262287978278,0.21525278924248056,8.121217217195112e-05,8.121217217195112e-05,0.955437319670013
5530,0.012084136648369027,0.0009206967697772646,0.3094779058074839,0.0634774687348215,0.004083830315080346,0.2745432144591829,0.08235656173996617,0.0038493845042057535,0.21565179295270326,8.135929567226263e-05,8.135929567226263e-05,0.9571681843795602
5540,0.012075132456712892,0.0009222274823588079,0.3099924310449774,0.06343479831928049,0.004091084285722317,0.27503087635108014,0.08231467051508881,0.003856506012434903,0.21605075699915421,8.150641917257413e-05,8.150641917257413e-05,0.9588990490891074
5550,0.012066131315831424,0.0009237576763086573,0.3105067819524898,0.06339213919652227,0.004098336336591216,0.27551840918260273,0.08227278350247035,0.0038636268045800434,0.216449680928854,8.165354267288563e-05,8.165354267288563e-05,0.9606299137986544
5560,0.012057133225598518,0.0009252873516482512,0.3110209585372273,0.06334949141842304,0.0041055864588680855,0.2760058123608797,0.08223090074967357,0.0038707468725554944,0.2168485642888232,8.180066617319715e-05,8.180066617319715e-05,0.9623607785082018
5570,0.012048138185888072,0.0009268165083990273,0.3115349608063957,0.06330685503685904,0.0041128346437339655,0.2764930852930396,0.08218902230426134,0.0038778662082755745,0.2172474066260826,8.194778967350865e-05,8.194778967350865e-05,0.9640916432177488
5580,0.012039146196573978,0.0009283451465824232,0.31204878876720105,0.06326423010370648,0.004120080882369901,0.2769802273862118,0.08214714821379646,0.003884984803654603,0.21764620748765284,8.209491317382016e-05,8.209491317382016e-05,0.965822507927296
5590,0.012030157257530132,0.0009298732662198771,0.31256244242684944,0.06322161667084158,0.004127325165956932,0.2774672380475248,0.08210527852584179,0.003892102650606898,0.21804496642055451,8.224203667413167e-05,8.224203667413167e-05,0.9675533726368432
5600,0.012021171368630427,0.0009314008673328267,0.3130759217925468,0.06317901479014058,0.004134567485676104,0.2779541166841078,0.08206341328796013,0.003899219741046779,0.21844368297180836,8.238916017444317e-05,8.238916017444317e-05,0.9692842373463901
5610,0.012012188529748762,0.0009329279499427098,0.31358922687149904,0.06313642451347969,0.004141807832708455,0.2784408627030894,0.08202155254771434,0.003906336066888563,0.2188423566884349,8.253628367475466e-05,8.253628367475466e-05,0.9710151020559371
5620,0.01200320874075903,0.0009344545140709644,0.3141023576709124,0.06309384589273512,0.004149046198235032,0.27892747551159874,0.08197969635266725,0.00391345162004657,0.2192409871174549,8.268340717506619e-05,8.268340717506619e-05,0.9727459667654845
5630,0.011994232001535123,0.0009359805597390282,0.31461531419799266,0.0630512789797831,0.004156282573436873,0.27941395451676454,0.08193784475038167,0.003920566392435119,0.219639573805889,8.283053067537768e-05,8.283053067537768e-05,0.9744768314750315
5640,0.011985258311950941,0.0009375060869683393,0.31512809645994594,0.06300872382649987,0.004163516949495025,0.2799002991257159,0.08189599778842044,0.003927680375968528,0.22003811630075787,8.297765417568919e-05,8.297765417568919e-05,0.9762076961845787
5650,0.011976287671880378,0.0009390310957803352,0.3156407044639782,0.06296618048476162,0.004170749317590526,0.2803865087455816,0.08185415551434638,0.0039347935625611155,0.22043661414908208,8.31247776760007e-05,8.31247776760007e-05,0.9779385608941259
5660,0.011967320081197327,0.000940555586196454,0.31615313821729546,0.06292364900644459,0.0041779796689044215,0.28087258278349053,0.08181231797572236,0.003941905944127202,0.22083506689788243,8.32719011763122e-05,8.32719011763122e-05,0.9796694256036729
5670,0.011958355539775681,0.0009420795582381336,0.3166653977271037,0.062881129443425,0.004185207994617751,0.2813585206465714,0.08177048522011117,0.003949017512581103,0.22123347409417946,8.341902467662371e-05,8.341902467662371e-05,0.9814002903132201
5680,0.011949394047489341,0.0009436030119268116,0.31717748300060894,0.06283862184757907,0.004192434285911559,0.28184432174195356,0.08172865729507565,0.003956128259837141,0.22163183528499392,8.356614817693522e-05,8.356614817693522e-05,0.9831311550227672
5690,0.011940435604212197,0.0009451259472839261,0.31768939404501717,0.06279612627078301,0.004199658533966888,0.2823299854767655,0.08168683424817864,0.0039632381778096325,0.22203015001734636,8.371327167724672e-05,8.371327167724672e-05,0.9848620197323142
5700,0.011931480209818145,0.000946648364330915,0.31820113086753443,0.06275364276491308,0.004206880729964779,0.28281551125813637,0.08164501612698297,0.003970347258412896,0.2224284178382575,8.386039517755823e-05,8.386039517755823e-05,0.9865928844418614
5710,0.011922527864181081,0.0009481702630892157,0.3187126934753666,0.06271117138184545,0.004214100865086275,0.28330089849319495,0.08160320297905148,0.00397745549356125,0.22282663829474794,8.400751867786973e-05,8.400751867786973e-05,0.9883237491514085
5720,0.0119135785671749,0.0009496916435802666,0.3192240818757198,0.06266871217345636,0.004221318930512419,0.28378614658907014,0.08156139485194697,0.003984562875169016,0.22322481093383845,8.415464217818124e-05,8.415464217818124e-05,0.9900546138609557
5730,0.011904632318673496,0.0009512125058255051,0.3197352960758,0.06262626519162205,0.004228534917424252,0.28427125495289085,0.0815195917932323,0.003991669395150509,0.22362293530254956,8.430176567849274e-05,8.430176567849274e-05,0.9917854785705028
5740,0.011895689118550766,0.0009527328498463695,0.3202463360828132,0.06258383048821872,0.004235748817002818,0.28475622299178605,0.0814777938504703,0.003998775045420051,0.22402101094790203,8.444888917880425e-05,8.444888917880425e-05,0.9935163432800499
5750,0.011886748966680601,0.0009542526756642972,0.32075720190396545,0.06254140811512261,0.004242960620429157,0.2852410501128845,0.08143600107122378,0.0040058798178919585,0.22441903741691646,8.459601267911575e-05,8.459601267911575e-05,0.995247207989597
5760,0.0118778118629369,0.0009557719833007264,0.3212678935464626,0.06249899812420993,0.004250170318884314,0.28572573572331517,0.08139421350305559,0.0040129837044805515,0.22481701425661355,8.474313617942727e-05,8.474313617942727e-05,0.9969780726991443
5770,0.011868877807193557,0.0009572907727770949,0.3217784110175108,0.0624566005673569,0.00425737790354933,0.286210279230207,0.08135243119352856,0.0040200866971001475,0.22521494101401385,8.489025967973877e-05,8.489025967973877e-05,0.9987089374086913
5780,0.011859946799324464,0.0009588090441148404,0.32228875432431603,0.06241421549643973,0.004264583365605246,0.28669468004068877,0.0813106541902055,0.004027188787665066,0.22561281723613816,8.503738318005026e-05,8.503738318005026e-05,1.0004398021182384
5790,0.01185101883920352,0.000960326797335401,0.32279892347408434,0.06237184296333467,0.004271786696233107,0.2871789375618895,0.08126888254064928,0.004034289968089626,0.22601064247000704,8.518450668036179e-05,8.518450668036179e-05,1.0021706668277857
5800,0.011842093926704619,0.0009618440324602143,0.3233089184740216,0.062329483019917926,0.004278987886613954,0.287663051200938,0.08122711629242269,0.004041390230288145,0.22640841626264116,8.533163018067328e-05,8.533163018067328e-05,1.0039015315373327
5810,0.011833172061701654,0.0009633607495107183,0.3238187393313338,0.06228713571806572,0.00428618692792883,0.2881470203649633,0.08118535549308858,0.004048489566174943,0.2268061381610612,8.547875368098478e-05,8.547875368098478e-05,1.0056323962468796
5820,0.011824253244068522,0.0009648769485083508,0.3243283860532271,0.06224480110965427,0.004293383811358777,0.2886308444610942,0.08114360019020979,0.004055587967664339,0.22720380771228788,8.56258771812963e-05,8.56258771812963e-05,1.007363260956427
5830,0.011815337473679117,0.0009663926294745495,0.3248378586469074,0.0622024792465598,0.004300578528084836,0.2891145228964595,0.08110185043134913,0.004062685426670649,0.22760142446334172,8.57730006816078e-05,8.57730006816078e-05,1.009094125665974
5840,0.011806424750407335,0.0009679077924307527,0.3253471571195807,0.06216017018065853,0.004307771069288051,0.28959805507818825,0.08106010626406945,0.0040697819351081955,0.22799898796124343,8.592012418191931e-05,8.592012418191931e-05,1.0108249903755213
5850,0.011797515074127069,0.0009694224373983978,0.325856281478453,0.062117873963826696,0.004314961426149464,0.2900814404134093,0.08101836773593357,0.004076877484891294,0.2283964977530137,8.606724768223082e-05,8.606724768223082e-05,1.0125558550850684
5860,0.011788608444712216,0.0009709365643989229,0.3263652317307304,0.06207559064794049,0.0043221495898501175,0.2905646783092516,0.08097663489450432,0.004083972067934266,0.22879395338567318,8.621437118254232e-05,8.621437118254232e-05,1.0142867197946155
5870,0.01177970486203667,0.0009724501734537657,0.3268740078836187,0.06203332028487617,0.004329335551571053,0.29104776817284383,0.08093490778734455,0.004091065676151429,0.2291913544062425,8.636149468285383e-05,8.636149468285383e-05,1.0160175845041626
5880,0.011770804325974325,0.0009739632645843642,0.3273826099443241,0.061991062926509924,0.004336519302493314,0.2915307094113152,0.08089318646201707,0.004098158301457101,0.22958870036174234,8.650861818316533e-05,8.650861818316533e-05,1.0177484492137097
5890,0.011761906836399078,0.0009754758378121562,0.3278910379200525,0.061948818624717995,0.004343700833797943,0.29201350143179444,0.08085147096608471,0.0041052499357656005,0.2299859907991933,8.665574168347683e-05,8.665574168347683e-05,1.0194793139232567
5900,0.011753012393184823,0.0009769878931585796,0.3283992918180099,0.06190658743137659,0.00435088013666598,0.2924961436414104,0.08080976134711032,0.004112340570991248,0.23038322526561614,8.680286518378834e-05,8.680286518378834e-05,1.0212101786328038
5910,0.011744120996205455,0.000978499430645072,0.3289073716454023,0.06186436939836194,0.00435805720227847,0.2929786354472921,0.08076805765265671,0.0041194301990483614,0.23078040330803143,8.694998868409985e-05,8.694998868409985e-05,1.0229410433423511
5920,0.011735232645334869,0.0009800104502930718,0.3294152774094359,0.06182216457755027,0.004365232021816455,0.29346097625656836,0.08072635993028672,0.004126518811851259,0.23117752447345988,8.709711218441135e-05,8.709711218441135e-05,1.0246719080518982
5930,0.01172634734044696,0.0009815209521240162,0.32992300911731637,0.061779973020817794,0.004372404586460977,0.2939431654763681,0.08068466822756319,0.004133606401314259,0.2315745883089221,8.724423568472286e-05,8.724423568472286e-05,1.0264027727614453
5940,0.011717465081415624,0.0009830309361593436,0.3304305667762499,0.06173779478004073,0.004379574887393076,0.2944252025138202,0.08064298259204894,0.004140692959351682,0.23197159436143874,8.739135918503437e-05,8.739135918503437e-05,1.0281336374709924
5950,0.011708585868114754,0.0009845404024204914,0.3309379503934424,0.06169562990709531,0.004386742915793798,0.29490708677605365,0.0806013030713068,0.004147778477877846,0.2323685421780306,8.753848268534586e-05,8.753848268534586e-05,1.0298645021805395
5960,0.011699709700418245,0.0009860493509288978,0.3314451599761001,0.06165347845385775,0.004393908662844184,0.2953888176701972,0.08055962971289961,0.004154862948807068,0.23276543130571808,8.768560618565737e-05,8.768560618565737e-05,1.0315953668900866
5970,0.011690836578199994,0.0009875577817060003,0.3319521955314287,0.06161134047220427,0.0044010721197252755,0.2958703946033798,0.08051796256439019,0.004161946364053669,0.23316226129152207,8.783272968596888e-05,8.783272968596888e-05,1.0333262315996339
5980,0.011681966501333895,0.0009890656947732375,0.3324590570666344,0.06156921601401109,0.004408233277618116,0.29635181698273044,0.08047630167334138,0.004169028715531967,0.23355903168246311,8.797985318628038e-05,8.797985318628038e-05,1.035057096309181
5990,0.011673099469693842,0.0009905730901520462,0.3329657445889231,0.06152710513115443,0.0044153921277037475,0.2968330842153779,0.08043464708731601,0.00417610999515628,0.23395574202556194,8.812697668659189e-05,8.812697668659189e-05,1.036787961018728
6000,0.01166423548315373,0.0009920799678638653,0.3334722581055009,0.061485007875510526,0.004422548661163212,0.2973141957084512,0.0803929988538769,0.004183190194840927,0.23435239186783907,8.82741001869034e-05,8.82741001869034e-05,1.0385188257282751
6010,0.011655374541587459,0.0009935863279301317,0.3339785976235736,0.061442924298955585,0.004429702869177552,0.2977951508690791,0.0803513570205869,0.004190269306500228,0.23474898075631528,8.84212236872149e-05,8.84212236872149e-05,1.0402496904378222
6020,0.011646516644868914,0.000995092170372284,0.3344847631503475,0.061400854453365836,0.00443685474292781,0.2982759491043906,0.08030972163500882,0.0041973473220484996,0.23514550823801117,8.85683471875264e-05,8.85683471875264e-05,1.0419805551473693
6030,0.011637661792872,0.0009965974952117597,0.33499075469302847,0.061358798390617496,0.004444004273595028,0.2987565898215145,0.08026809274470552,0.004204424233400063,0.23554197385994752,8.871547068783792e-05,8.871547068783792e-05,1.0437114198569166
6040,0.011628809985470605,0.0009981023024699966,0.3354965722588224,0.06131675616258678,0.004451151452360249,0.2992370724275797,0.0802264703972398,0.004211500032469235,0.2359383771691448,8.886259418814941e-05,8.886259418814941e-05,1.0454422845664635
6050,0.011619961222538628,0.0009996065921684329,0.3360022158549354,0.06127472782114993,0.0044582962704045135,0.29971739632971517,0.08018485464017451,0.0042185747111703345,0.2363347177126238,8.900971768846093e-05,8.900971768846093e-05,1.047173149276011
6060,0.011611115503949963,0.0010011103643285057,0.33650768548857335,0.06123271341818314,0.004465438718908867,0.30019756093504985,0.08014324552107248,0.004225648261417681,0.23673099503740513,8.915684118877243e-05,8.915684118877243e-05,1.0489040139855579
6070,0.011602272829578503,0.0010026136189716537,0.3370129811669424,0.061190713005562655,0.00447257878905435,0.3006775656507126,0.08010164308749652,0.004232720675125593,0.2371272086905094,8.930396468908393e-05,8.930396468908393e-05,1.050634878695105
6080,0.011593433199298146,0.0010041163561193146,0.3375181028972486,0.061148726635164685,0.004479716472022005,0.3011574098838322,0.08006004738700949,0.004239791944208388,0.23752335821895731,8.945108818939544e-05,8.945108818939544e-05,1.052365743404652
6090,0.011584596612982785,0.001005618575792926,0.33802305068669775,0.06110675435886545,0.004486851758992874,0.3016370930415377,0.0800184584671742,0.004246862060580387,0.23791944316976957,8.959821168970695e-05,8.959821168970695e-05,1.0540966081141994
6100,0.011575763070506317,0.0010071202780139257,0.338527824542496,0.061064796228541184,0.0044939846411480005,0.30211661453095795,0.07997687637555351,0.0042539310161559055,0.2383154630899667,8.974533519001844e-05,8.974533519001844e-05,1.0558274728237462
6110,0.011566932571742634,0.0010086214628037518,0.3390324244718493,0.061022852296068096,0.004501115109668425,0.3025959737592218,0.0799353011597102,0.0042609988028492665,0.23871141752656955,8.989245869032997e-05,8.989245869032997e-05,1.0575583375332938
6120,0.011558105116565631,0.001010122130183842,0.3395368504819637,0.060980922613322414,0.004508243155735192,0.3030751701334583,0.07989373286720715,0.004268065412574785,0.23910730602659858,9.003958219064146e-05,9.003958219064146e-05,1.0592892022428406
6130,0.011549280704849207,0.0010116222801756342,0.3400411025800451,0.06093900723218035,0.004515368770529342,0.30355420306079606,0.07985217154560717,0.004275130837246782,0.2395031281370746,9.018670569095296e-05,9.018670569095296e-05,1.0610200669523877
6140,0.011540459336467253,0.0010131219128005663,0.3405451807732996,0.06089710620451813,0.004522491945231919,0.3040330719483642,0.0798106172424731,0.004282195068779575,0.2398988834050182,9.033382919126447e-05,9.033382919126447e-05,1.0627509316619348
6150,0.011531641011293666,0.0010146210280800763,0.3410490850689332,0.06085521958221199,0.004529612671023964,0.30451177620329173,0.07976907000536776,0.004289258099087484,0.24029457137745006,9.048095269157598e-05,9.048095269157598e-05,1.064481796371482
6160,0.011522825729202341,0.0010161196260356016,0.3415528154741517,0.06081334741713813,0.00453673093908652,0.3049903152327072,0.07972752988185397,0.004296319920084826,0.24069019160139082,9.062807619188748e-05,9.062807619188748e-05,1.066212661081029
6170,0.011514013490067171,0.0010176177066885802,0.3420563719961614,0.060771489761172776,0.004543846740600629,0.30546868844373976,0.0796859969194946,0.00430338052368592,0.2410857436238611,9.0775199692199e-05,9.0775199692199e-05,1.0679435257905763
6180,0.011505204293762054,0.0010191152700604503,0.3425597546421681,0.06072964666619217,0.004550960066747334,0.3059468952435182,0.07964447116585245,0.004310439901805086,0.24148122699188154,9.09223231925105e-05,9.09223231925105e-05,1.0696743905001234
6190,0.01149639814016088,0.0010206123161726496,0.34306296341937803,0.0606878181840725,0.004558070908707677,0.3064249350391715,0.07960295266849035,0.004317498046356642,0.24187664125247293,9.1069446692822e-05,9.1069446692822e-05,1.0714052552096707
6200,0.011487595029137551,0.0010221088450466157,0.34356599833499685,0.060646004366690015,0.004565179257662699,0.3069028072378285,0.07956144147497116,0.004324554949254906,0.2422719859526558,9.121657019313352e-05,9.121657019313352e-05,1.0731361199192178
6210,0.011478794960565957,0.001023604856703787,0.34406885939623083,0.06060420526592092,0.004572285104793445,0.30738051124661814,0.07951993763285767,0.004331610602414198,0.24266726063945085,9.136369369344501e-05,9.136369369344501e-05,1.0748669846287648
6220,0.011469997934319996,0.0010251003511656006,0.34457154661028594,0.06056242093364145,0.0045793884412809556,0.30785804647266923,0.07947844118971274,0.0043386649977488366,0.2430624648598788,9.151081719375652e-05,9.151081719375652e-05,1.076597849338312
6230,0.011461203950273557,0.0010265953284534948,0.345074059984368,0.060520651421727814,0.004586489258306273,0.3083354123231108,0.0794369521930992,0.004345718127173139,0.2434575981609602,9.165794069406803e-05,9.165794069406803e-05,1.078328714047859
6240,0.011452413008300542,0.0010280897885889075,0.3455763995256832,0.060478896782056236,0.004593587547050441,0.3088126082050716,0.07939547069057985,0.004352769982601426,0.24385266008971576,9.180506419437953e-05,9.180506419437953e-05,1.080059578757406
6250,0.011443625131481117,0.0010295837276482096,0.34607856391536457,0.0604371569330546,0.00460068332138072,0.30928963505080465,0.0793539966397224,0.004359820571247192,0.2442476510502629,9.195218769469102e-05,9.195218769469102e-05,1.0817904434669532
6260,0.011434840509476338,0.0010310771133890222,0.3465805423156377,0.060395430826965524,0.004607776759415862,0.30976650483467977,0.07931252934332761,0.0043668700116343065,0.2446425776825942,9.209931119500253e-05,9.209931119500253e-05,1.0835213081765003
6270,0.011426059186794834,0.0010325699382448777,0.34708233218315215,0.06035371823602449,0.004614867899875838,0.31024322015972017,0.0792710686515033,0.004373918329244441,0.24503744141425438,9.224643469531403e-05,9.224643469531403e-05,1.0852521728860474
6280,0.011417281166714525,0.00103406220165853,0.3475839333305983,0.06031201916824116,0.004621956741399005,0.3107197809343868,0.07922961457284769,0.004380965522615895,0.24543224216335544,9.239355819562554e-05,9.239355819562554e-05,1.0869830375955944
6290,0.011408506452513336,0.001035553903072732,0.34808534557066617,0.06027033363162517,0.004629043282623722,0.3111961870671409,0.07918816711595902,0.004388011590286966,0.24582697984800927,9.254068169593705e-05,9.254068169593705e-05,1.0887139023051418
6300,0.011399735047469186,0.0010370450419302378,0.3485865687160463,0.06022866163418619,0.004636127522188348,0.31167243846644355,0.07914672628943557,0.004395056530795954,0.24622165438632793,9.268780519624855e-05,9.268780519624855e-05,1.0904447670146886
6310,0.011390966954859996,0.0010385356176738,0.34908760257942856,0.06018700318393388,0.004643209458731243,0.3121485350407558,0.07910529210187554,0.004402100342681157,0.24661626569642336,9.283492869656006e-05,9.283492869656006e-05,1.092175631724236
6320,0.011382202177963686,0.0010400256297461725,0.3495884469735034,0.060145358288877876,0.004650289090890763,0.31262447669853866,0.07906386456187721,0.004409143024480874,0.2470108136964075,9.298205219687157e-05,9.298205219687157e-05,1.093906496433783
6330,0.011373440720058182,0.0010415150775901084,0.3500891017109608,0.06010372695702785,0.004657366417305267,0.3131002633482532,0.0790224436780388,0.004416184574733403,0.24740529830439237,9.312917569718308e-05,9.312917569718308e-05,1.0956373611433303
6340,0.011364682584421401,0.0010430039606483612,0.3505895666044912,0.060062109196393446,0.0046644414366131155,0.31357589489836063,0.07898102945895857,0.004423224991977043,0.2477997194384898,9.327629919749457e-05,9.327629919749457e-05,1.0973682258528772
6350,0.011355927774331266,0.0010444922783636843,0.35108984146678457,0.06002050501498433,0.004671514147452666,0.314051371257322,0.07893962191323475,0.004430264274750093,0.24819407701681193,9.342342269780608e-05,9.342342269780608e-05,1.0990990905624245
6360,0.011347176293065697,0.001045980030178831,0.35158992611053136,0.059978914420810145,0.004678584548462277,0.31452669233359837,0.07889822104946559,0.0044373024215908505,0.2485883709574706,9.357054619811759e-05,9.357054619811759e-05,1.1008299552719716
6370,0.011338428143902617,0.0010474672155365546,0.3520898203484217,0.05993733742188055,0.004685652638280307,0.31500185803565084,0.07885682687624933,0.004444339431037615,0.24898260117857784,9.371766969842909e-05,9.371766969842909e-05,1.1025608199815187
6380,0.011329683330119947,0.0010489538338796084,0.3525895239931457,0.05989577402620521,0.004692718415545116,0.31547686827194055,0.0788154394021842,0.004451375301628685,0.24937676759824567,9.38647931987406e-05,9.38647931987406e-05,1.1042916846910658
6390,0.011320941854995607,0.0010504398846507461,0.3530890368573936,0.05985422424179377,0.004699781878895061,0.31595172295092844,0.07877405863586848,0.0044584100319023596,0.24977087013458596,9.401191669905211e-05,9.401191669905211e-05,1.1060225494006128
6400,0.01131220372180752,0.0010519253672927208,0.3535883587538557,0.059812688076655886,0.004706843026968501,0.3164264219810757,0.07873268458590038,0.004465443620396936,0.2501649087057107,9.41590401993636e-05,9.41590401993636e-05,1.10775341411016
6410,0.011303468933833608,0.001053410281248286,0.3540874894952221,0.05977116553880121,0.0047139018584037955,0.3169009652708433,0.07869131726087816,0.004472476065650714,0.25055888322973185,9.430616369967511e-05,9.430616369967511e-05,1.1094842788197072
6420,0.01129473749435179,0.0010548946259601951,0.35458642889418324,0.059729656636239414,0.0047209583718393015,0.3173753527286925,0.07864995666940006,0.004479507366201991,0.2509527936247614,9.445328719998662e-05,9.445328719998662e-05,1.1112151435292543
6430,0.011286009406639989,0.0010563784008712014,0.35508517676342904,0.05968816137698013,0.00472801256591338,0.31784958426308435,0.07860860282006431,0.004486537520589068,0.25134663980891137,9.460041070029812e-05,9.460041070029812e-05,1.1129460082388014
6440,0.011277284673976123,0.0010578616054240583,0.3555837329156498,0.059646679769033026,0.004735064439264387,0.31832365978247973,0.07856725572146918,0.004493566527350242,0.25174042170029365,9.474753420060963e-05,9.474753420060963e-05,1.1146768729483485
6450,0.011268563299638119,0.001059344239061519,0.35608209716353584,0.05960521182040776,0.004742113990530683,0.31879757919533996,0.07852591538221289,0.004500594385023811,0.2521341392170202,9.489465770092114e-05,9.489465770092114e-05,1.1164077376578956
6460,0.011259845286903896,0.0010608263012263372,0.3565802693197772,0.05956375753911398,0.004749161218350626,0.31927134241012606,0.07848458181089368,0.004507621092148074,0.252527792277203,9.504178120123265e-05,9.504178120123265e-05,1.118138602367443
6470,0.011251130639051372,0.001062307791361266,0.3570782491970642,0.05952231693316134,0.004756206121362574,0.31974494933529907,0.07844325501610983,0.004514646647261331,0.2529213807989541,9.518890470154415e-05,9.518890470154415e-05,1.11986946707699
6480,0.011242419359358474,0.001063788708909059,0.357576036608087,0.0594808900105595,0.0047632486982048874,0.32021839987932016,0.07840193500645953,0.004521671048901879,0.25331490470038537,9.533602820185566e-05,9.533602820185566e-05,1.121600331786537
6490,0.011233711451103117,0.0010652690533124694,0.35807363136553594,0.059439476779318115,0.004770288947515923,0.32069169395065017,0.07836062179054108,0.004528694295608017,0.25370836389960877,9.548315170216717e-05,9.548315170216717e-05,1.1233311964960842
6500,0.011225006917563228,0.0010667488240142505,0.35857103328210094,0.059398077247446834,0.00477732686793404,0.32116483145775054,0.07831931537695268,0.0045357163859180444,0.2541017583147364,9.563027520247866e-05,9.563027520247866e-05,1.1250620612056312
6510,0.011216305762016727,0.001068228020457156,0.35906824217047256,0.05935669142295532,0.0047843624580975975,0.32163781230908217,0.0782780157742926,0.00454273731837026,0.2544950878638801,9.577739870279017e-05,9.577739870279017e-05,1.1267929259151783
6520,0.011207607987741532,0.0010697066420839389,0.35956525784334076,0.05931531931385322,0.004791395716644954,0.3221106364131061,0.07823672299115907,0.00454975709150296,0.25488835246515185,9.592452220310168e-05,9.592452220310168e-05,1.1285237906247256
6530,0.011198913598015569,0.0010711846883373528,0.36006208011339585,0.059273960928150196,0.004798426642214468,0.32258330367828353,0.07819543703615033,0.004556775703854446,0.25528155203666364,9.607164570341318e-05,9.607164570341318e-05,1.1302546553342725
6540,0.011190222596116755,0.001072662158660151,0.3605587087933281,0.059232616273855905,0.004805455233444498,0.3230558140130754,0.07815415791786462,0.004563793153963014,0.2556746864965274,9.621876920372469e-05,9.621876920372469e-05,1.1319855200438198
6550,0.011181534985323014,0.0010741390524950868,0.36105514369582753,0.059191285358979995,0.004812481488973403,0.32352816732594303,0.07811288564490021,0.0045708094403669654,0.25606775576285523,9.63658927040362e-05,9.63658927040362e-05,1.133716384753367
6560,0.011172850768912267,0.0010756153692849139,0.36155138463358444,0.05914996819153213,0.00481950540743954,0.3240003635253472,0.07807162022585531,0.0045778245616045965,0.2564607597537589,9.65130162043477e-05,9.65130162043477e-05,1.135447249462914
6570,0.011164169950162436,0.0010770911084723852,0.3620474314192891,0.059108664779521945,0.004826526987481271,0.32447240251974924,0.0780303616693282,0.004584838516214208,0.25685369838735056,9.66601397046592e-05,9.66601397046592e-05,1.137178114172461
6580,0.01115549253235144,0.0010785662695002543,0.36254328386563167,0.059067375130959124,0.004833546227736951,0.3249442842176101,0.07798910998391709,0.004591851302734096,0.2572465715817421,9.680726320497071e-05,9.680726320497071e-05,1.1389089788820084
6590,0.011146818518757203,0.0010800408518112747,0.3630389417853024,0.0590260992538533,0.004840563126844941,0.32541600852739094,0.07794786517822024,0.00459886291970256,0.2576393792550454,9.695438670528222e-05,9.695438670528222e-05,1.1406398435915555
6600,0.011138147912657645,0.0010815148548481998,0.3635344049909915,0.05898483715621414,0.004847577683443599,0.32588757535755286,0.07790662726083589,0.004605873365657901,0.25803212132537257,9.710151020559372e-05,9.710151020559372e-05,1.1423707083011025
6610,0.011129480717330687,0.0010829882780537827,0.3640296732953891,0.05894358884605128,0.004854589896171283,0.3263589846165568,0.07786539624036228,0.004612882639138414,0.2584247977108355,9.724863370590523e-05,9.724863370590523e-05,1.1441015730106496
6620,0.01112081693605425,0.0010844611208707768,0.3645247465111855,0.058902354331374404,0.004861599763666353,0.326830236212864,0.07782417212539765,0.0046198907386824,0.2588174083295462,9.739575720621674e-05,9.739575720621674e-05,1.145832437720197
6630,0.011112156572106258,0.0010859333827419357,0.3650196244510708,0.05886113362019315,0.004868607284567166,0.3273013300549355,0.07778295492454027,0.0046268976628281566,0.25920995309961664,9.754288070652824e-05,9.754288070652824e-05,1.1475633024297438
6640,0.01110349962876463,0.0010874050631100125,0.36551430692773523,0.058819926720517175,0.004875612457512082,0.32777226605123233,0.07774174464638835,0.004633903410113983,0.2596024319391587,9.769000420683975e-05,9.769000420683975e-05,1.1492941671392911
6650,0.011094846109307286,0.0010888761614177608,0.36600879375386913,0.058778733640356136,0.004882615281139459,0.3282430441102157,0.07770054129954014,0.004640907979078177,0.2599948447662844,9.783712770715126e-05,9.783712770715126e-05,1.1510250318488382
6660,0.01108619601701215,0.0010903466771079338,0.3665030847421626,0.05873755438771969,0.004889615754087655,0.32871366414034653,0.07765934489259389,0.004647911368259038,0.2603871914991058,9.798425120746275e-05,9.798425120746275e-05,1.1527558965583853
6670,0.011077549355157144,0.001091816609623285,0.3669971797053059,0.058696388970617484,0.00489661387499503,0.329184126050086,0.07761815543414786,0.0046549135761948645,0.2607794720557347,9.813137470777426e-05,9.813137470777426e-05,1.1544867612679324
6680,0.011068906127020186,0.0010932859584065677,0.3674910784559891,0.058655237397059176,0.004903609642499942,0.32965442974789516,0.07757697293280028,0.004661914601423955,0.26117168635428323,9.827849820808577e-05,9.827849820808577e-05,1.1562176259774797
6690,0.0110602663358792,0.0010947547229005353,0.3679847808069026,0.05861409967505443,0.004910603055240749,0.3301245751422352,0.07753579739714937,0.004668914442484608,0.2615638343128632,9.842562170839727e-05,9.842562170839727e-05,1.1579484906870265
6700,0.011051629985012105,0.0010962229025479413,0.36847828657073656,0.05857297581261289,0.00491759411185581,0.330594562141567,0.0774946288357934,0.0046759130979151225,0.2619559158495867,9.857274520870878e-05,9.857274520870878e-05,1.1596793553965739
6710,0.011042997077696825,0.001097690496791539,0.36897159556018116,0.058531865817744215,0.004924582810983485,0.33106439065435184,0.07745346725733061,0.004682910566253797,0.26234793088256564,9.871986870902029e-05,9.871986870902029e-05,1.161410220106121
6720,0.011034367617211282,0.0010991575050740816,0.36946470758792654,0.05849076969845807,0.004931569151262131,0.3315340605890507,0.07741231267035924,0.00468990684603893,0.26273987932991205,9.886699220933178e-05,9.886699220933178e-05,1.163141084815668
6730,0.011025741606833393,0.0011006239268383227,0.3699576224666631,0.05844968746276409,0.0049385531313301066,0.33200357185412477,0.07737116508347754,0.004696901935808819,0.26313176110973774,9.90141157096433e-05,9.90141157096433e-05,1.1648719495252151
6740,0.011017119049841081,0.0011020897615270154,0.3704503400090808,0.05840861911867194,0.0049455347498257715,0.332472924358035,0.07733002450528374,0.004703895834101765,0.2635235761401549,9.91612392099548e-05,9.91612392099548e-05,1.1666028142347624
6750,0.01100849994951227,0.0011035550085829132,0.37094286002786997,0.05836756467419128,0.004952514005387484,0.33294211800924256,0.07728889094437609,0.004710888539456065,0.26391532433927534,9.930836271026631e-05,9.930836271026631e-05,1.1683336789443095
6760,0.01099988430912488,0.0011050196674487697,0.3714351823357209,0.05832652413733176,0.0049594908966536025,0.3334111527162085,0.07724776440935284,0.004717880050410018,0.2643070056252111,9.945548621057781e-05,9.945548621057781e-05,1.1700645436538566
6770,0.01099127213195683,0.001106483737567338,0.3719273067453237,0.05828549751610304,0.004966465422262485,0.3338800283873939,0.07720664490881222,0.004724870365501922,0.2646986199160741,9.960260971088932e-05,9.960260971088932e-05,1.1717954083634037
6780,0.010982663421286044,0.0011079472183813718,0.3724192330693686,0.05824448481851477,0.004973437580852491,0.3343487449312599,0.07716553245135249,0.0047318594832700765,0.2650901671299763,9.974973321120083e-05,9.974973321120083e-05,1.1735262730729508
6790,0.010974058180390444,0.0011094101093336239,0.3729109611205458,0.0582034860525766,0.004980407371061979,0.3348173022562675,0.07712442704557189,0.004738847402252781,0.26548164718502976,9.989685671151233e-05,9.989685671151233e-05,1.1752571377824979
6800,0.010965456412547947,0.0011108724098668483,0.37340249071154563,0.0581625012262982,0.0049873747915293075,0.3352857002708778,0.07708332870006865,0.004745834120988331,0.2658730599993463,0.00010004398021182384,0.00010004398021182384,1.176988002492045
6810,0.01095685812103648,0.0011123341194237979,0.373893821655058,0.058121530347689215,0.004994339840892836,0.33575393888355193,0.07704223742344102,0.004752819638015028,0.26626440549103797,0.00010019110371213535,0.00010019110371213535,1.1787188672015922
6820,0.01094826330913396,0.0011137952374472263,0.37438495376377345,0.058080573424759294,0.005001302517790921,0.336222018002751,0.07700115322428724,0.0047598039518711695,0.2666556835782168,0.00010033822721244684,0.00010033822721244684,1.1804497319111393
6830,0.01093967198011831,0.0011152557633798868,0.37487588685038203,0.058039630465518105,0.005008262820861923,0.33668993753693593,0.07696007611120556,0.004766787061095055,0.2670468941789947,0.00010048535071275835,0.00010048535071275835,1.1821805966206864
6840,0.01093108413726745,0.0011167156966645328,0.37536662072757404,0.0579987014779753,0.0050152207487442,0.3371576973945681,0.07691900609279423,0.004773768964224981,0.26743803721148357,0.00010063247421306986,0.00010063247421306986,1.1839114613302335
6850,0.010922499783859304,0.0011181750367439177,0.37585715520803953,0.057957786470140535,0.005022176300076111,0.33762529748410824,0.07687794317765148,0.004780749659799249,0.26782911259379544,0.00010077959771338137,0.00010077959771338137,1.1856423260397808
6860,0.010913918923171792,0.001119633783060795,0.37634749010446883,0.05791688545002345,0.005029129473496014,0.3380927377140177,0.07683688737437556,0.004787729146356156,0.26822012024404235,0.00010092672121369287,0.00010092672121369287,1.1873731907493277
6870,0.010905341558482834,0.0011210919350579177,0.3768376252295521,0.05787599842563372,0.005036080267642269,0.33856001799275753,0.07679583869156471,0.004794707422434,0.2686110600803361,0.00010107384471400438,0.00010107384471400438,1.189104055458875
6880,0.010896767693070353,0.0011225494921780392,0.3773275603959796,0.057835125404980994,0.0050430286811532325,0.33902713822878866,0.07675479713781717,0.004801684486571081,0.2690019320207888,0.00010122096821431589,0.00010122096821431589,1.190834920168422
6890,0.01088819733021227,0.0011240064538639133,0.37781729541644143,0.05779426639607492,0.005049974712667265,0.33949409833057237,0.07671376272173121,0.004808660337305697,0.26939273598351243,0.00010136809171462738,0.00010136809171462738,1.1925657848779692
6900,0.010879630473186507,0.0011254628195582932,0.3783068301036279,0.057753421406925166,0.005056918360822724,0.33996089820656966,0.07667273545190503,0.004815634973176146,0.2697834718866188,0.0001015152152149389,0.0001015152152149389,1.1942966495875162
6910,0.010871067125270983,0.0011269185887039321,0.3787961642702292,0.057712590445541376,0.005063859624257969,0.34042753776524154,0.0766317153369369,0.004822608392720727,0.27017413964822007,0.0001016623387152504,0.0001016623387152504,1.1960275142970636
6920,0.010862507289743622,0.0011283737607435838,0.37928529772893566,0.0576717735199332,0.005070798501611357,0.34089401691504917,0.07659070238542506,0.0048295805944777405,0.27056473918642804,0.0001018094622155619,0.0001018094622155619,1.1977583790066104
6930,0.010853950969882344,0.001129828335120001,0.3797742302924373,0.05763097063811031,0.005077734991521248,0.3413603355644536,0.07654969660596776,0.004836551576985482,0.2709552704193547,0.00010195658571587341,0.00010195658571587341,1.1994892437161577
6940,0.01084539816896507,0.0011312823112759375,0.38026296177342434,0.057590181808082355,0.0050846690926260015,0.34182649362191597,0.07650869800716323,0.004843521338782252,0.2713457332651122,0.00010210370921618492,0.00010210370921618492,1.2012201084257048
6950,0.010836848890269722,0.0011327356886541467,0.3807514919845871,0.057549407037858984,0.005091600803563974,0.34229249099589737,0.07646770659760971,0.004850489878406349,0.27173612764181226,0.00010225083271649642,0.00010225083271649642,1.202950973135252
6960,0.010828303137074221,0.0011341884666973816,0.3812398207386156,0.05750864633544986,0.005098530122973526,0.3427583275948588,0.07642672238590546,0.004857457194396071,0.272126453467567,0.00010239795621680793,0.00010239795621680793,1.204681837844799
6970,0.01081976091265649,0.0011356406448483963,0.3817279478482004,0.05746789970886463,0.005105457049493015,0.34322400332726144,0.07638574538064873,0.004864423285289718,0.2725167106604884,0.00010254507971711944,0.00010254507971711944,1.2064127025543463
6980,0.010811222220294446,0.0011370922225499435,0.38221587312603134,0.05742716716611295,0.005112381581760799,0.3436895181015663,0.07634477559043773,0.004871388149625586,0.2729068991386883,0.00010269220321743093,0.00010269220321743093,1.2081435672638932
6990,0.010802687063266016,0.0011385431992447766,0.3827035963847988,0.057386448715204486,0.005119303718415239,0.34415487182623455,0.07630381302387074,0.004878351785941977,0.2732970188202788,0.00010283932671774244,0.00010283932671774244,1.2098744319734405
7000,0.010794155444849117,0.0011399935743756494,0.38319111743719303,0.05734574436414888,0.005126223458094692,0.34462006440972714,0.07626285768954597,0.0048853141927771866,0.2736870696233718,0.00010298645021805395,0.00010298645021805395,1.2116052966829876
7010,0.010785627368321673,0.001141443347385315,0.3836784360959042,0.057305054120955795,0.005133140799437517,0.3450850957605053,0.07622190959606168,0.004892275368669515,0.27407705146607925,0.00010313357371836545,0.00010313357371836545,1.2133361613925346
7020,0.010777102836961604,0.0011428925177165267,0.3841655521736224,0.05726437799363489,0.005140055741082072,0.34554996578703,0.07618096875201612,0.00489923531215726,0.2744669642665132,0.00010328069721867696,0.00010328069721867696,1.2150670261020817
7030,0.01076858185404683,0.0011443410848120381,0.384652465483038,0.0572237159901958,0.005146968281666715,0.34601467439776235,0.07614003516600752,0.004906194021778721,0.2748568079427855,0.00010342782071898847,0.00010342782071898847,1.216797890811629
7040,0.010760064422855277,0.0011457890481146025,0.38513917583684115,0.057183068118648206,0.005153878419829807,0.34647922150116345,0.07609910884663414,0.0049131514960721965,0.2752465824130082,0.00010357494421929998,0.00010357494421929998,1.2185287555211761
7050,0.01075155054666486,0.001147236407066973,0.385625683047722,0.05714243438700174,0.0051607861542097054,0.34694360700569443,0.07605818980249421,0.0049201077335759855,0.2756362875952933,0.00010372206771961147,0.00010372206771961147,1.2202596202307232
7060,0.010743040228753505,0.0011486831611119035,0.3861119869283709,0.05710181480326608,0.005167691483444769,0.34740783081981635,0.07601727804218597,0.004927062732828385,0.27602592340775267,0.00010386919121992298,0.00010386919121992298,1.2219904849402703
7070,0.010734533472399131,0.0011501293096921469,0.38659808729147793,0.05706120937545086,0.005174594406173356,0.34787189285199027,0.07597637357430768,0.004934016492367695,0.27641548976849833,0.0001040163147202345,0.0001040163147202345,1.2237213496498174
7080,0.010726030280879663,0.0011515748522504569,0.3870839839497334,0.05702061811156575,0.005181494921033825,0.34833579301067724,0.07593547640745757,0.004940969010732214,0.27680498659564223,0.00010416343822054599,0.00010416343822054599,1.2254522143593645
7090,0.010717530657473016,0.0011530197882295866,0.38756967671582737,0.0569800410196204,0.005188393026664535,0.34879953120433843,0.07589458655023389,0.004947920286460241,0.2771944138072964,0.0001043105617208575,0.0001043105617208575,1.2271830790689118
7100,0.010709034605457118,0.0011544641170722894,0.3880551654024502,0.05693947810762445,0.005195288721703844,0.3492631073414349,0.07585370401123487,0.004954870318090073,0.2775837713215727,0.00010445768522116901,0.00010445768522116901,1.2289139437784589
7110,0.010700542128109884,0.001155907838221319,0.3885404498222921,0.056898929383587586,0.005202182004790112,0.3497265213304277,0.07581282879905878,0.00496181910416001,0.2779730590565832,0.00010460480872148052,0.00010460480872148052,1.230644808488006
7120,0.01069205322870924,0.0011573509511194284,0.3890255297880431,0.05685839485551944,0.005209072874561697,0.3501897730797779,0.07577196092230383,0.00496876664320835,0.27836227693043974,0.00010475193222179202,0.00010475193222179202,1.232375673197553
7130,0.010683567910533107,0.001158793455209371,0.38951040511239354,0.056817874531429675,0.005215961329656957,0.35065286249794664,0.07573110038956829,0.004975712933773392,0.2787514248612545,0.00010489905572210353,0.00010489905572210353,1.2341065379071001
7140,0.010675086176859406,0.0011602353499339006,0.38999507560803376,0.05677736841932795,0.005222847368714251,0.351115789493395,0.07569024720945039,0.004982657974393435,0.2791405027671392,0.00010504617922241502,0.00010504617922241502,1.2358374026166472
7150,0.010666608030966055,0.00116167663473577,0.39047954108765376,0.05673687652722391,0.005229730990371937,0.351578553974584,0.07564940139054838,0.0049896017636067765,0.27952951056620595,0.00010519330272272653,0.00010519330272272653,1.2375682673261945
7160,0.010658133476130979,0.001163117309057733,0.3909638013639438,0.05669639886312721,0.005236612193268376,0.3520411558499748,0.0756085629414605,0.004996544299951716,0.2799184481765667,0.00010534042622303804,0.00010534042622303804,1.2392991320357416
7170,0.010649662515632098,0.0011645573723425427,0.3914478562495942,0.056655935435047516,0.005243490976041924,0.35250359502802847,0.075567731870785,0.0050034855819665516,0.2803073155163334,0.00010548754972334955,0.00010548754972334955,1.2410299967452887
7180,0.010641195152747335,0.0011659968240329524,0.3919317055572949,0.056615486250994475,0.005250367337330941,0.35296587141720603,0.0755269081871201,0.005010425608189583,0.2806961125036181,0.00010563467322366105,0.00010563467322366105,1.2427608614548358
7190,0.010632731390754609,0.001167435663571716,0.39241534909973635,0.05657505131897775,0.005257241275773785,0.35342798492596866,0.07548609189906408,0.005017364377159108,0.28108483905653264,0.00010578179672397256,0.00010578179672397256,1.2444917261643829
7200,0.010624271232931842,0.0011688738904015864,0.39289878668960887,0.056534630647006985,0.005264112790008815,0.3538899354627774,0.07544528301521515,0.005024301887413424,0.28147349509318903,0.00010592892022428407,0.00010592892022428407,1.2462225908739302
7210,0.010615814682556955,0.001170311503965317,0.39338201813960233,0.05649422424309184,0.005270981878674389,0.35435172293609335,0.07540448154417158,0.005031238137490832,0.28186208053169926,0.00010607604372459556,0.00010607604372459556,1.247953455583477
7220,0.01060736174290787,0.0011717485037056614,0.3938650432624072,0.05645383211524197,0.005277848540408867,0.3548133472543776,0.0753636874945316,0.005038173125929629,0.28225059529017527,0.00010622316722490707,0.00010622316722490707,1.2496843202930243
7230,0.01059891241726251,0.0011731848890653728,0.3943478618707135,0.05641345427146703,0.005284712773850606,0.35527480832609115,0.07532290087489345,0.005045106851268114,0.28263903928672907,0.00010637029072521858,0.00010637029072521858,1.2514151850025714
7240,0.010590466708898794,0.0011746206594872046,0.39483047377721153,0.05637309071977668,0.0052915745776379655,0.35573610605969513,0.07528212169385538,0.005052039312044586,0.2830274124394726,0.00010651741422553008,0.00010651741422553008,1.2531460497121185
7250,0.010582024621094642,0.00117605581441391,0.3953128787945916,0.05633274146818057,0.005298433950409305,0.35619724036365075,0.07524134996001564,0.005058970506797343,0.2834157146665178,0.00010666453772584159,0.00010666453772584159,1.2548769144216656
7260,0.010573586157127978,0.001177490353288243,0.3957950767355438,0.05629240652468836,0.005305290890802981,0.3566582111464188,0.07520058568197245,0.005065900434064684,0.2838039458859767,0.0001068116612261531,0.0001068116612261531,1.256607779131213
7270,0.010565151320276724,0.0011789242755529561,0.3962770674127583,0.05625208589730969,0.005312145397457354,0.35711901831646076,0.07515982886832408,0.005072829092384908,0.28419210601596123,0.0001069587847264646,0.0001069587847264646,1.2583386438407598
7280,0.0105567201138188,0.0011803575806508034,0.39675885063892546,0.05621177959405424,0.005318997469010781,0.3575796617822373,0.07511907952766875,0.005079756480296313,0.28458019497458337,0.0001071059082267761,0.0001071059082267761,1.260069508550307
7290,0.010548292541032126,0.001181790268024538,0.39724042622673544,0.05617148762293164,0.005325847104101623,0.3580401414522099,0.07507833766860472,0.005086682596337198,0.28496821267995504,0.00010725303172708762,0.00010725303172708762,1.2618003732598542
7300,0.010539868605194626,0.001183222337116913,0.39772179398887825,0.056131209991951564,0.005332694301368237,0.35850045723483936,0.07503760329973024,0.00509360743904586,0.28535615905018824,0.00010740015522739911,0.00010740015522739911,1.2635312379694013
7310,0.010531448309584218,0.0011846537873706822,0.3982029537380444,0.05609094670912366,0.00533953905944898,0.3589606090385869,0.07499687642964353,0.005100531006960601,0.28574403400339504,0.00010754727872771062,0.00010754727872771062,1.2652621026789483
7320,0.010523031657478827,0.0011860846182285987,0.39868390528692393,0.056050697782457574,0.005346381376982214,0.3594205967719135,0.07495615706694285,0.005107453298619717,0.2861318374576872,0.00010769440222802213,0.00010769440222802213,1.2669929673884957
7330,0.010514618652156372,0.001187514829133416,0.399164648448207,0.056010463219962975,0.005353221252606296,0.3598804203432804,0.07491544522022643,0.005114374312561507,0.2865195693311769,0.00010784152572833363,0.00010784152572833363,1.2687238320980425
7340,0.010506209296894775,0.0011889444195278876,0.3996451830345841,0.055970243029649515,0.005360058684959585,0.3603400796611485,0.07487474089809254,0.00512129404732427,0.2869072295419759,0.00010798864922864515,0.00010798864922864515,1.2704546968075898
7350,0.010497803594971957,0.0011903733888547665,0.400125508858745,0.05593003721952684,0.0053668936726804384,0.360799574633979,0.0748340441091394,0.005128212501446305,0.28729481800819634,0.00010813577272895665,0.00010813577272895665,1.272185561517137
7360,0.010489401549665841,0.0011918017365568064,0.4006056257333802,0.055889845797604615,0.0053737262144072165,0.36125890517023296,0.07479335486196524,0.005135129673465909,0.2876823346479501,0.00010828289622926816,0.00010828289622926816,1.2739164262266842
7370,0.010481003164254345,0.0011932294620767606,0.40108553347118003,0.0558496687718925,0.005380556308778277,0.3617180711783715,0.07475267316516834,0.005142045561921383,0.2880697793793492,0.00010843001972957965,0.00010843001972957965,1.275647290936231
7380,0.010472608442015394,0.0011946565648573823,0.4015652318848344,0.05580950615040013,0.005387383954431979,0.36217707256685566,0.07471199902734692,0.005148960165351024,0.28845715212050554,0.00010857714322989116,0.00010857714322989116,1.2773781556457784
7390,0.010464217386226908,0.0011960830443414252,0.4020447207870336,0.05576935794113718,0.005394209150006681,0.3626359092441466,0.07467133245709924,0.005155873482293131,0.28884445278953114,0.00010872426673020267,0.00010872426673020267,1.2791090203553255
7400,0.010455830000166807,0.0011975088999716423,0.40252399999046795,0.055729224152113295,0.005401031894140741,0.36309458111870524,0.07463067346302352,0.005162785511286003,0.28923168130453797,0.00010887139023051418,0.00010887139023051418,1.2808398850648726
7410,0.010447446287113013,0.0011989341311907872,0.40300306930782764,0.05568910479133814,0.005407852185472519,0.36355308809899284,0.07459002205371802,0.005169696250867937,0.28961883758363793,0.00010901851373082568,0.00010901851373082568,1.2825707497744196
7420,0.010439066250343448,0.0012003587374416133,0.4034819285518027,0.055648999866821355,0.005414670022640372,0.3640114300934703,0.07454937823778099,0.005176605699577234,0.29000592154494303,0.00010916563723113719,0.00010916563723113719,1.284301614483967
7430,0.010430689893136034,0.0012017827181668738,0.4039605775350836,0.0556089093865726,0.00542148540428266,0.3644696070105989,0.07450874202381065,0.005183513855952191,0.29039293310656533,0.0001093127607314487,0.0001093127607314487,1.286032479193514
7440,0.01042231721876869,0.0012032060728093222,0.40443901607036037,0.055568833358601535,0.0054282983290377404,0.36492761875883967,0.07446811342040525,0.005190420718531107,0.29077987218661666,0.0001094598842317602,0.0001094598842317602,1.2877633439030611
7450,0.010413948230519337,0.001204628800811712,0.40491724397032336,0.055528771790917815,0.005435108795543973,0.36538546524665355,0.07442749243616306,0.005197326285852281,0.291166738703209,0.0001096070077320717,0.0001096070077320717,1.2894942086126082
7460,0.0104055829316659,0.0012060509016167962,0.4053952610476625,0.05548872469153109,0.005441916802439716,0.36584314638250187,0.07438687907968229,0.005204230556454011,0.2915535325744544,0.00010975413123238322,0.00010975413123238322,1.2912250733221553
7470,0.0103972213254863,0.0012074723746673284,0.4058730671150683,0.05544869206845102,0.005448722348363327,0.36630066207484546,0.0743462733595612,0.005211133528874597,0.29194025371846477,0.00010990125473269471,0.00010990125473269471,1.2929559380317024
7480,0.010388863415258454,0.0012088932194060623,0.406350661985231,0.05540867392968726,0.005455525431953167,0.36675801223214566,0.07430567528439803,0.005218035201652336,0.29232690205335216,0.00011004837823300622,0.00011004837823300622,1.2946868027412495
7490,0.010380509204260287,0.0012103134352757505,0.40682804547084045,0.05536867028324947,0.005462326051847593,0.3672151967628633,0.07426508486279103,0.005224935573325526,0.2927134774972283,0.00011019550173331773,0.00011019550173331773,1.2964176674507968
7500,0.010372158695769719,0.001211733021719147,0.4073052173845872,0.055328681137147284,0.005469124206684963,0.36767221557545965,0.07422450210333842,0.005231834642432469,0.2930999799682055,0.00011034262523362923,0.00011034262523362923,1.2981485321603439
7510,0.010363811893064673,0.001213151978179005,0.40778217753916135,0.05528870649939038,0.005475919895103637,0.3681290685783957,0.07418392701463848,0.00523873240751146,0.29348640938439546,0.00011048974873394074,0.00011048974873394074,1.299879396869891
7520,0.010355468799423067,0.0012145703040980778,0.408258925747253,0.055248746377988406,0.0054827131157419735,0.3685857556801326,0.07414335960528942,0.0052456288671008,0.29387276566391035,0.00011063687223425225,0.00011063687223425225,1.301610261579438
7530,0.010347129418122826,0.001215987998919119,0.40873546182155257,0.05520880078095101,0.00548950386723833,0.36904227678913143,0.0741027998838895,0.005252524019738785,0.2942590487248619,0.00011078399573456374,0.00011078399573456374,1.3033411262889851
7540,0.010338793752441868,0.0012174050620848817,0.40921178557475013,0.05516886971628786,0.005496292148231066,0.3694986318138532,0.07406224785903696,0.005259417863963716,0.2946452584853622,0.00011093111923487525,0.00011093111923487525,1.3050719909985322
7550,0.01033046180565812,0.0012188214930381192,0.4096878968195358,0.0551289531920086,0.005503077957358541,0.369954820662759,0.07402170353933005,0.005266310398313892,0.29503139486352337,0.00011107824273518676,0.00011107824273518676,1.3068028557080795
7560,0.010322133581049494,0.0012202372912215854,0.4101637953686001,0.055089051216122883,0.005509861293259112,0.37041084324431,0.07398116693336701,0.005273201621327609,0.2954174577774571,0.00011122536623549826,0.00011122536623549826,1.3085337204176266
7570,0.01031380908189392,0.001221652456078033,0.4106394810346329,0.05504916379664038,0.005516642154571138,0.3708666994669672,0.07394063804974607,0.005280091531543169,0.29580344714527557,0.00011137248973580977,0.00011137248973580977,1.3102645851271737
7580,0.010305488311469315,0.0012230669870502157,0.4111149536303246,0.055009290941570727,0.005523420539932978,0.37132238923919175,0.0739001168970655,0.0052869801274988675,0.2961893628850906,0.00011151961323612128,0.00011151961323612128,1.3119954498367208
7590,0.010297171273053601,0.001224480883580887,0.41159021296836534,0.054969432658923595,0.005530196447982991,0.37177791246944475,0.07385960348392351,0.005293867407733004,0.29657520491501427,0.00011166673673643278,0.00011166673673643278,1.3137263145462679
7600,0.010288857969924702,0.0012258941451128002,0.4120652588614454,0.05492958895670863,0.005536969877359535,0.3722332690661872,0.07381909781891836,0.0053007533707838785,0.29696097315315845,0.00011181386023674429,0.00011181386023674429,1.315457179255815
7610,0.010280548405360534,0.0012273067710887086,0.412540091122255,0.05488975984293549,0.005543740826700969,0.3726884589378802,0.07377859991064831,0.005307638015189789,0.2973466675176352,0.0001119609837370558,0.0001119609837370558,1.3171880439653623
7620,0.010272242582639023,0.0012287187609513655,0.41301470956348413,0.054849945325613825,0.005550509294645651,0.3731434819929849,0.07373810976771157,0.005314521339489032,0.2977322879265565,0.00011210810723736729,0.00011210810723736729,1.3189189086749091
7630,0.010263940505038089,0.0012301301141435243,0.41348911399782323,0.0548101454127533,0.005557275279831941,0.3735983381399624,0.07369762739870642,0.005321403342219909,0.2981178342980341,0.0001122552307376788,0.0001122552307376788,1.3206497733844564
7640,0.010255642175835652,0.0012315408301079385,0.4139633042379625,0.05477036011236357,0.005564038780898195,0.3740530272872736,0.07365715281223108,0.005328284021920718,0.29850330655018026,0.00011240235423799031,0.00011240235423799031,1.3223806380940035
7650,0.010247347598309635,0.0012329509082873614,0.414437280096592,0.05473058943245428,0.005570799796482775,0.3745075493433798,0.07361668601688379,0.005335163377129757,0.29888870460110684,0.00011254947773830181,0.00011254947773830181,1.3241115028035506
7660,0.010239056775737958,0.0012343603481245464,0.4149110413864021,0.05469083338103509,0.005577558325224038,0.37496190421674197,0.0735762270212628,0.005342041406385324,0.2992740283689257,0.00011269660123861333,0.00011269660123861333,1.325842367513098
7670,0.010230769711398543,0.001235769149062247,0.415384587920083,0.05465109196611565,0.005584314365760341,0.3754160918158212,0.07353577583396637,0.005348918108225719,0.29965927777174894,0.00011284372473892483,0.00011284372473892483,1.327573232222645
7680,0.010222486408569313,0.001237177310543216,0.4158579195103247,0.05461136519570562,0.005591067916730046,0.3758701120490787,0.07349533246359272,0.005355793481189239,0.3000444527276885,0.00011299084823923632,0.00011299084823923632,1.3293040969321919
7690,0.010214206870528186,0.0012385848320102077,0.4163310359698177,0.05457165307781466,0.005597818976771508,0.37632396482497527,0.07345489691874009,0.0053626675238141845,0.30042955315485625,0.00011313797173954783,0.00011313797173954783,1.3310349616417392
7700,0.010205931100553086,0.0012399917129059747,0.41680393711125197,0.054531955620452426,0.005604567544523089,0.37677765005197233,0.07341446920800675,0.005369540234638853,0.3008145789713643,0.00011328509523985934,0.00011328509523985934,1.3327658263512863
7710,0.010197659101921934,0.0012413979526732708,0.41727662274731786,0.05449227283162856,0.005611313618623147,0.3772311676385308,0.07337404933999092,0.005376411612201544,0.3011995300953246,0.00011343221874017085,0.00011343221874017085,1.3344966910608336
7720,0.01018939087791265,0.0012428035507548489,0.4177490926907054,0.054452604719352725,0.0056180571977100385,0.3776845174931118,0.07333363732329086,0.005383281655040554,0.30158440644484896,0.00011357934224048236,0.00011357934224048236,1.3362275557703807
7730,0.010181126431803156,0.0012442085065934628,0.4182213467541051,0.05441295129163458,0.005624798280422123,0.3781376995241763,0.07329323316650481,0.005390150361694184,0.30196920793804954,0.00011372646574079386,0.00011372646574079386,1.3379584204799277
7740,0.010172865766871373,0.001245612819631866,0.418693384750207,0.05437331255648377,0.005631536865397761,0.37859071364018554,0.07325283687823099,0.005397017730700731,0.30235393449303816,0.00011387358924110537,0.00011387358924110537,1.3396892851894748
7750,0.010164608886395223,0.0012470164893128115,0.4191652064917013,0.05433368852190996,0.005638272951275308,0.37904355974960047,0.07321244846706768,0.005403883760598496,0.30273858602792697,0.00011402071274141688,0.00011402071274141688,1.341420149899022
7760,0.010156355793652629,0.0012484195150790527,0.41963681179127815,0.0542940791959228,0.005645006536693126,0.37949623776088237,0.0731720679416131,0.0054107484499257745,0.3031231624608277,0.00011416783624172838,0.00011416783624172838,1.343151014608569
7770,0.010148106491921507,0.001249821896373343,0.42010820046162795,0.05425448458653195,0.005651737620289571,0.3799487475824921,0.0731316953104655,0.005417611797220867,0.3035076637098525,0.00011431495974203989,0.00011431495974203989,1.3448818793181163
7780,0.010139860984479783,0.001251223632638436,0.4205793723154407,0.05421490470174706,0.005658466200703003,0.3804010891228909,0.07309133058222311,0.0054244738010220716,0.30389208969311327,0.0001144620832423514,0.0001144620832423514,1.3466127440276634
7790,0.010131619274605378,0.001252624723317085,0.4210503271654067,0.054175339549577775,0.00566519227657178,0.3808532622905398,0.0730509737654842,0.005431334459867687,0.3042764403287219,0.00011460920674266289,0.00011460920674266289,1.3483436087372105
7800,0.010123381365576212,0.0012540251678520432,0.4215210648242162,0.054135789138033776,0.005671915846534261,0.3813052669938998,0.07301062486884699,0.005438193772296011,0.30466071553479057,0.0001147563302429744,0.0001147563302429744,1.3500744734467576
7810,0.010115147260670207,0.0012554249656860643,0.4219915851045594,0.05409625347512469,0.005678636909228804,0.38175710314143213,0.07297028390090975,0.0054450517368453445,0.30504491522943106,0.00011490345374328591,0.00011490345374328591,1.3518053381563047
7820,0.010106916963165284,0.001256824116261901,0.42246188781912636,0.0540567325688602,0.005685355463293768,0.3822087706415978,0.07292995087027068,0.005451908352053983,0.3054290393307554,0.00011505057724359741,0.00011505057724359741,1.3535362028658517
7830,0.010098690476339364,0.0012582226190223074,0.42293197278060746,0.05401722642724994,0.0056920715073675125,0.3826602694028579,0.07288962578552807,0.0054587636164602285,0.30581308775687555,0.00011519770074390892,0.00011519770074390892,1.355267067575399
7840,0.010090467803470369,0.0012596204734100368,0.423401839801693,0.05397773505830357,0.005698785040088395,0.38311159933367356,0.07284930865528014,0.005465617528602377,0.3061970604259035,0.00011534482424422043,0.00011534482424422043,1.3569979322849461
7850,0.01008224894783622,0.0012610176788678418,0.42387148869507285,0.053938258470030746,0.005705496060094775,0.3835627603425058,0.07280899948812514,0.005472470087018728,0.30658095725595114,0.00011549194774453192,0.00011549194774453192,1.3587287969944932
7860,0.010074033912714839,0.0012624142348384767,0.42434091927343753,0.05389879667044113,0.00571220456602501,0.38401375233781576,0.07276869829266129,0.005479321290247581,0.30696477816513057,0.00011563907124484343,0.00011563907124484343,1.3604596617040403
7870,0.010065822701384146,0.0012638101407646946,0.42481013134947715,0.05385934966754437,0.0057189105565174595,0.38446457522806443,0.07272840507748687,0.0054861711368272325,0.30734852307155364,0.00011578619474515494,0.00011578619474515494,1.3621905264135874
7880,0.010057615317122064,0.0012652053960892486,0.4252791247358818,0.053819917469350116,0.005725614030210482,0.384915228921713,0.0726881198512001,0.005493019625295983,0.30773219189333245,0.00011593331824546645,0.00011593331824546645,1.3639213911231347
7890,0.010049411763206513,0.0012666000002548923,0.42574789924534195,0.05378050008386803,0.005732314985742436,0.3853657133272225,0.07264784262239923,0.005499866754192131,0.30811578454857874,0.00011608044174577795,0.00011608044174577795,1.3656522558326816
7900,0.010041212042915413,0.001267993952704379,0.4262164546905475,0.05374109751910778,0.00573901342175168,0.38581602835305406,0.07260757339968252,0.005506712522053973,0.3084993009554047,0.00011622756524608946,0.00011622756524608946,1.3673831205422289
7910,0.01003301615952669,0.001269387252880462,0.4266847908841889,0.05370170978307899,0.005745709336876573,0.3862661739076687,0.07256731219164818,0.00551355692741981,0.30888274103192215,0.00011637468874640096,0.00011637468874640096,1.369113985251776
7920,0.01002482411631826,0.001270779900225895,0.4271529076389563,0.053662336883791344,0.005752402729755473,0.3867161498995275,0.07252705900689448,0.005520399968827941,0.3092661046962432,0.00011652181224671247,0.00011652181224671247,1.370844849961323
7930,0.010016635916568048,0.0012721718941834312,0.4276208047675399,0.05362297882925448,0.00575909359902674,0.38716595623709177,0.07248681385401964,0.005527241644816662,0.3096493918664797,0.00011666893574702398,0.00011666893574702398,1.3725757146708701
7940,0.010008451563553976,0.0012735632341958237,0.42808848208262973,0.05358363562747806,0.005765781943328731,0.3876155928288222,0.07244657674162192,0.005534081953924274,0.3100326024607437,0.00011681605924733549,0.00011681605924733549,1.3743065793804174
7950,0.010000271060553961,0.001274953919705826,0.4285559393969162,0.05354430728647174,0.005772467761299806,0.38806505958318016,0.07240634767829957,0.005540920894689074,0.31041573639714704,0.000116963182747647,0.000116963182747647,1.3760374440899645
7960,0.009992094410845927,0.0012763439501561917,0.42902317652308963,0.05350499381424517,0.005779151051578323,0.3885143564086267,0.07236612667265081,0.005547758465649363,0.3107987935938018,0.00011711030624795849,0.00011711030624795849,1.3777683087995116
7970,0.009983921617707796,0.0012777333249896741,0.42949019327384,0.053465695218808014,0.005785831812802639,0.3889634832136228,0.0723259137332739,0.005554594665343436,0.31118177396881996,0.00011725742974827,0.00011725742974827,1.3794991735090587
7980,0.009975752684417489,0.0012791220436490264,0.4299569894618576,0.053426411508169916,0.005792510043611116,0.3894124399066296,0.0722857088687671,0.005561429492309594,0.31156467744031335,0.0001174045532485815,0.0001174045532485815,1.3812300382186058
7990,0.009967587614252925,0.0012805101055770021,0.43042356489983263,0.05338714269034053,0.00579918574264211,0.3898612263961082,0.07224551208772861,0.005568262945086135,0.31194750392639414,0.00011755167674889301,0.00011755167674889301,1.3829609029281529
8000,0.009959426410492028,0.0012818975102163546,0.4308899194004553,0.05334788877332953,0.005805858908533981,0.3903098425905197,0.07220532339875671,0.005575095022211359,0.31233025334517417,0.00011769880024920452,0.00011769880024920452,1.3846917676377002
8010,0.009951269076412719,0.0012832842570098372,0.4313560527764158,0.05330864976514656,0.005812529539925088,0.39075828839832516,0.07216514281044964,0.005581925722223563,0.31271292561476544,0.00011784592374951603,0.00011784592374951603,1.3864226323472473
8020,0.009943115615292918,0.0012846703454002034,0.43182196484040447,0.05326942567380126,0.005819197635453788,0.3912065637279857,0.07212497033140562,0.005588755043661045,0.31309552065327984,0.00011799304724982752,0.00011799304724982752,1.3881534970567944
8030,0.009934966030410547,0.0012860557748302064,0.4322876554051113,0.05323021650730331,0.0058258631937584395,0.39165466848796227,0.07208480597022292,0.005595582985062106,0.3134780383788295,0.00011814017075013903,0.00011814017075013903,1.3898843617663414
8040,0.009926820325043528,0.0012874405447425997,0.43275312428322676,0.05319102227366235,0.005832526213477403,0.3921026025867161,0.07204464973549976,0.005602409544965043,0.3138604787095262,0.00011828729425045054,0.00011828729425045054,1.3916152264758888
8050,0.009918678502469781,0.0012888246545801365,0.43321837128744073,0.053151842980888035,0.005839186693249036,0.39255036593270826,0.0720045016358344,0.005609234721908154,0.31424284156348203,0.00011843441775076204,0.00011843441775076204,1.3933460911854356
8060,0.00991054056596723,0.0012902081037855704,0.4336833962304438,0.05311267863699003,0.005845844631711697,0.3929979584343998,0.07196436167982508,0.0056160585144297386,0.3146251268588089,0.00011858154125107355,0.00011858154125107355,1.395076955894983
8070,0.009902406518813793,0.0012915908918016545,0.43414819892492584,0.053073529249977984,0.005852500027503745,0.39344538000025175,0.07192422987607003,0.005622880921068096,0.31500733451361884,0.00011872866475138506,0.00011872866475138506,1.39680782060453
8080,0.009894276364287392,0.0012929730180711425,0.4346127791835772,0.05303439482786155,0.005859152879263539,0.39389263053872525,0.07188410623316752,0.005629701940361524,0.3153894644460238,0.00011887578825169656,0.00011887578825169656,1.398538685314077
8090,0.009886150105665951,0.0012943544820367876,0.4350771368190882,0.05299527537865038,0.005865803185629437,0.39433970995828144,0.07184399075971576,0.005636521570848322,0.3157715165741357,0.00011902291175200807,0.00011902291175200807,1.4002695500236242
8100,0.00987802774622739,0.0012957352831413432,0.43554127164414896,0.05295617091035414,0.0058724509452397974,0.3947866181673813,0.07180388346431302,0.005643339811066787,0.31615349081606653,0.00011917003525231958,0.00011917003525231958,1.4020004147331715
8110,0.009869909289249627,0.0012971154208275626,0.4360051834714496,0.05291708143098248,0.00587909615673298,0.395233355074486,0.07176378435555754,0.005650156659555219,0.31653538708992823,0.00011931715875263107,0.00011931715875263107,1.4037312794427184
8120,0.009861794738010589,0.0012984948945381992,0.4364688721136804,0.05287800694854505,0.005885738818747342,0.39567992058805657,0.07172369344204756,0.005656972114851917,0.3169172053138329,0.00011946428225294258,0.00011946428225294258,1.4054621441522657
8130,0.009853684095788193,0.0012998737037160065,0.43693233738353154,0.05283894747105152,0.0058923789299212435,0.3961263146165541,0.07168361073238132,0.005663786175495178,0.3172989454058923,0.00011961140575325409,0.00011961140575325409,1.4071930088618128
8140,0.009845577365860362,0.0013012518478037376,0.43739557909369325,0.05279990300651153,0.005899016488893042,0.39657253706843976,0.07164353623515705,0.005670598840023302,0.31768060728421854,0.00011975852925356559,0.00011975852925356559,1.4089238735713598
8150,0.009837474551505018,0.0013026293262441463,0.43785859705685587,0.05276087356293474,0.005905651494301097,0.39701858785217453,0.07160346995897303,0.005677410106974586,0.3180621908669236,0.0001199056527538771,0.0001199056527538771,1.410654738280907
8160,0.009829375656000082,0.0013040061384799856,0.4383213910857094,0.0527218591483308,0.005912283944783766,0.3974644668762195,0.07156341191242747,0.0056842199748873305,0.31844369607211936,0.00012005277625418861,0.00012005277625418861,1.412385602990454
8170,0.009821280682623473,0.0013053822839540089,0.4387839609929441,0.05268285977070938,0.005918913838979408,0.3979101740490358,0.07152336210411864,0.005691028442299833,0.31882512281791786,0.0001201998997545001,0.0001201998997545001,1.414116467700001
8180,0.009813189634653115,0.0013067577621089699,0.43924630659125036,0.052643875438080114,0.005925541175526383,0.3983557092790845,0.07148332054264475,0.005697835507750394,0.31920647102243105,0.00012034702325481163,0.00012034702325481163,1.4158473324095484
8190,0.00980510251536693,0.0013081325723876215,0.43970842769331814,0.05260490615845267,0.005932165953063048,0.3988010724748267,0.07144328723660406,0.005704641169777308,0.3195877406037708,0.00012049414675512312,0.00012049414675512312,1.4175781971190955
8200,0.009797019328042835,0.0013095067142327175,0.44017032411183776,0.05256595193983671,0.005938788170227762,0.3992462635447234,0.07140326219459484,0.005711445426918879,0.31996893148004923,0.00012064127025543463,0.00012064127025543463,1.4193090618286426
8210,0.009788940075958756,0.0013108801870870108,0.4406319956594994,0.05252701279024187,0.005945407825658884,0.39969128239723584,0.0713632454252153,0.0057182482777134004,0.3203500435693782,0.00012078839375574614,0.00012078839375574614,1.42103992653819
8220,0.009780864762392611,0.0013122529903932553,0.4410934421489934,0.05248808871767782,0.005952024917994772,0.400136128940825,0.07132323693706369,0.005725049720699175,0.32073107678986973,0.00012093551725605764,0.00012093551725605764,1.4227707912477368
8230,0.009772793390622325,0.0013136251235942042,0.44155466339300975,0.05244917973015421,0.005958639445873786,0.4005808030839519,0.07128323673873825,0.0057318497544144986,0.32111203105963576,0.00012108264075636914,0.00012108264075636914,1.4245016559572838
8240,0.009764725963925816,0.0013149965861326107,0.4420156592042388,0.0524102858356807,0.005965251407934283,0.4010253047350778,0.07124324483883723,0.005738648377397671,0.3214929062967883,0.00012122976425668065,0.00012122976425668065,1.426232520666831
8250,0.009756662485581007,0.0013163673774512282,0.44247642939537074,0.052371407042266935,0.005971860802814623,0.4014696338026637,0.07120326124595888,0.005745445588186991,0.3218737024194393,0.00012137688775699216,0.00012137688775699216,1.4279633853763782
8260,0.009748602958865819,0.0013177374969928102,0.44293697377909585,0.05233254335792258,0.005978467629153163,0.40191379019517054,0.07116328596870143,0.005752241385320757,0.3222544193457007,0.00012152401125730367,0.00012152401125730367,1.4296942500859253
8270,0.009740547387058172,0.00131910694420011,0.4433972921681042,0.052293694790657284,0.005985071885588263,0.4023577738210597,0.07112331901566314,0.0057590357673372675,0.32263505699368444,0.00012167113475761518,0.00012167113475761518,1.4314251147954726
8280,0.00973249577343599,0.0013204757185158811,0.44385738437508604,0.05225486134848071,0.005991673570758282,0.402801584588792,0.07108336039544223,0.0057658287327748215,0.3230156152815026,0.00012181825825792667,0.00012181825825792667,1.4331559795050195
8290,0.009724448121277192,0.0013218438193828767,0.4443172502127316,0.0522160430394025,0.005998272683301577,0.40324522240682864,0.07104341011663697,0.0057726202801717166,0.32339609412726705,0.00012196538175823818,0.00012196538175823818,1.4348868442145668
8300,0.0097164044338597,0.0013232112462438503,0.4447768894937312,0.05217723987143232,0.0060048692218565075,0.4036886871836307,0.07100346818784559,0.005779410408066252,0.32377649344908976,0.0001221125052585497,0.0001221125052585497,1.436617708924114
8310,0.009708364714461437,0.0013245779985415552,0.4452363020307748,0.05213845185257982,0.006011463185061432,0.4041319788276593,0.07096353461766632,0.005786199114996727,0.32415681316508277,0.0001222596287588612,0.0001222596287588612,1.438348573633661
8320,0.009700328966360321,0.0013259440757187445,0.4456954876365527,0.05209967899085466,0.00601805457155471,0.4045750972473754,0.07092360941469741,0.00579298639950144,0.32453705319335796,0.00012240675225917269,0.00012240675225917269,1.440079438343208
8330,0.009692297192834277,0.0013273094772181721,0.44615444612375527,0.05206092129426649,0.006024643379974699,0.4050180423512402,0.07088369258753713,0.005799772260118688,0.3249172134520273,0.0001225538757594842,0.0001225538757594842,1.4418103030527554
8340,0.009684269397161223,0.0013286742024825912,0.4466131773050726,0.05202217877082496,0.006031229608959758,0.4054608140477148,0.0708437841447837,0.005806556695386772,0.3252972938592029,0.0001227009992597957,0.0001227009992597957,1.4435411677623022
8350,0.009676245582619083,0.0013300382509547552,0.447071680993195,0.051983451428539745,0.006037813257148245,0.4059034122452601,0.07080388409503537,0.005813339703843989,0.3256772943329966,0.0001228481227601072,0.0001228481227601072,1.4452720324718493
8360,0.009668225752485778,0.0013314016220774172,0.44752995700081244,0.051944739275420475,0.006044394323178521,0.4063458368523375,0.07076399244689037,0.005820121284028638,0.32605721479152033,0.00012299524626041872,0.00012299524626041872,1.4470028971813966
8370,0.009660209910039226,0.001332764315293331,0.4479880051406154,0.05190604231947682,0.006050972805688942,0.40678808777740777,0.07072410920894695,0.005826901434479018,0.3264370551528861,0.00012314236976073022,0.00012314236976073022,1.4487337618909437
8380,0.009652198058557352,0.0013341263300452493,0.44844582522529386,0.051867360568718435,0.006057548703317867,0.40723016492893216,0.07068423438980337,0.005833680153733427,0.326816815335206,0.00012328949326104172,0.00012328949326104172,1.4504646266004906
8390,0.009644190201318077,0.0013354876657759261,0.44890341706753817,0.051828694031154976,0.006064122014703657,0.40767206821537183,0.07064436799805786,0.005840457440330164,0.32719649525659183,0.00012343661676135324,0.00012343661676135324,1.4521954913100381
8400,0.009636186341599321,0.0013368483219281147,0.44936078048003847,0.05179004271479609,0.006070692738484667,0.4081137975451876,0.07060451004230867,0.0058472332928075285,0.32757609483515565,0.00012358374026166474,0.00012358374026166474,1.453926356019585
8410,0.009628186482679007,0.0013382082979445681,0.4498179152754851,0.05175140662765144,0.006077260873299258,0.4085553528268408,0.07056466053115402,0.005854007709703818,0.3279556139890094,0.00012373086376197623,0.00012373086376197623,1.455657220729132
8420,0.009620190627835055,0.00133956759326804,0.45027482126656804,0.05171278577773067,0.006083826417785787,0.4089967339687924,0.07052481947319218,0.00586078068955733,0.328335052636265,0.00012387798726228776,0.00012387798726228776,1.4573880854386794
8430,0.009612198780345386,0.001340926207341284,0.45073149826597775,0.05167418017304345,0.006090389370582616,0.4094379408795035,0.07048498687702139,0.005867552230906366,0.3287144106950345,0.00012402511076259925,0.00012402511076259925,1.4591189501482265
8440,0.009604210943487922,0.0013422841396070527,0.4511879460864042,0.05163558982159942,0.0060969497303281,0.40987897346743524,0.07044516275123988,0.005874322332289222,0.3290936880834298,0.00012417223426291075,0.00012417223426291075,1.4608498148577733
8450,0.009596227120540583,0.0013436413895081003,0.4516441645405379,0.05159701473140825,0.0061035074956606,0.4103198316410487,0.07040534710444589,0.0058810909922441985,0.32947288471956293,0.00012431935776322227,0.00012431935776322227,1.4625806795673209
8460,0.009588247314781292,0.0013449979564871795,0.4521001534410687,0.051558454910479584,0.006110062665218473,0.4107605153088048,0.0703655399452377,0.005887858209309593,0.32985200052154584,0.00012446648126353377,0.00012446648126353377,1.4643115442768677
8470,0.009580271529487972,0.0013463538399870441,0.45255591260068706,0.05151991036682308,0.0061166152376400775,0.4112010243791648,0.07032574128221351,0.005894623982023704,0.33023103540749044,0.00012461360476384527,0.00012461360476384527,1.4660424089864148
8480,0.00957229976793854,0.0013477090394504474,0.4530114418320831,0.0514813811084484,0.006123165211563773,0.41164135876058977,0.07028595112397158,0.0059013883089248315,0.3306099892955088,0.0001247607282641568,0.0001247607282641568,1.467773273695962
8490,0.009564332033410922,0.0013490635543201427,0.4534667409479471,0.0514428671433652,0.006129712585627919,0.4120815183615407,0.07024616947911017,0.005908151188551273,0.3309888621037128,0.00012490785176446829,0.00012490785176446829,1.4695041384055092
8500,0.009556368329183036,0.0013504173840388834,0.4539218097609692,0.051404368479583115,0.006136257358470873,0.4125215030904788,0.0702063963562275,0.005914912619441327,0.3313676537502144,0.0001250549752647798,0.0001250549752647798,1.4712350031150565
8510,0.009548408658532802,0.0013517705280494227,0.45437664808383954,0.05136588512511182,0.006142799528730993,0.41296131285586507,0.07016663176392182,0.005921672600133291,0.3317463641531256,0.0001252020987650913,0.0001252020987650913,1.4729658678246036
8520,0.009540453024738146,0.0013531229857945144,0.4548312557292485,0.05132741708796096,0.006149339095046639,0.4134009475661605,0.07012687571079138,0.005928431129165467,0.3321249932305584,0.0001253492222654028,0.0001253492222654028,1.4746967325341505
8530,0.009532501431076987,0.0013544747567169116,0.4552856325098862,0.051288964376140195,0.0061558760560561695,0.41384040712982645,0.0700871282054344,0.0059351882050761515,0.33250354090062473,0.0001254963457657143,0.0001254963457657143,1.4764275972436975
8540,0.009524553880827246,0.0013558258402593677,0.4557397782384429,0.051250526997659175,0.006162410410397942,0.41427969145532384,0.07004738925644916,0.005941943826403643,0.3328820070814366,0.00012564346926602582,0.00012564346926602582,1.4781584619532449
8550,0.009516610377266843,0.0013571762358646359,0.4561936927276087,0.05121210496052756,0.006168942156710317,0.4147188004511137,0.07000765887243389,0.00594869799168624,0.3332603916911059,0.00012579059276633734,0.00012579059276633734,1.4798893266627922
8560,0.009508670923673702,0.0013585259429754698,0.45664737579007386,0.05117369827275501,0.00617547129363165,0.41515773402565714,0.06996793706198681,0.005955450699462242,0.33363869464774465,0.00012593771626664884,0.00012593771626664884,1.4816201913723392
8570,0.009500735523325744,0.0013598749610346228,0.4571008272385287,0.05113530694235117,0.006181997819800303,0.4155964920874153,0.0699282238337062,0.005962201948269947,0.3340169158694648,0.00012608483976696034,0.00012608483976696034,1.483351056081886
8580,0.009492804179500889,0.0013612232894848481,0.4575540468856632,0.0510969309773257,0.006188521733854633,0.4160350745448492,0.06988851919619028,0.005968951736647654,0.33439505527437835,0.00012623196326727183,0.00012623196326727183,1.4850819207914332
8590,0.00948487689547706,0.0013625709277688993,0.45800703454416775,0.05105857038568825,0.006195043034432999,0.41647348130642003,0.0698488231580373,0.00597570006313366,0.3347731127805972,0.00012637908676758336,0.00012637908676758336,1.4868127855009805
8600,0.009476953674532176,0.0013639178753295294,0.45845979002673254,0.051020225175448485,0.006201561720173759,0.41691171228058876,0.0698091357278455,0.005982446926266267,0.3351510883062334,0.00012652621026789485,0.00012652621026789485,1.4885436502105276
8610,0.00946903451994416,0.0013652641316094921,0.45891231314604775,0.05098189535461606,0.0062080777897152726,0.4173497673758166,0.06976945691421313,0.00598919232458377,0.33552898176939894,0.00012667333376820638,0.00012667333376820638,1.490274514920075
8620,0.009461119434990933,0.0013666096960515406,0.45936460371480353,0.05094358093120061,0.006214591241695898,0.4177876465005645,0.06972978672573842,0.00599593625662447,0.33590679308820565,0.00012682045726851787,0.00012682045726851787,1.492005379629622
8630,0.009453208422950415,0.0013679545680984288,0.45981666154569034,0.050905281913211815,0.006221102074753994,0.41822534956329366,0.06969012517101962,0.006002678720926665,0.33628452218076554,0.00012696758076882937,0.00012696758076882937,1.4937362443391689
8640,0.00944530148710053,0.0013692987471929092,0.460268486451398,0.05086699830865932,0.006227610287527918,0.41866287647246503,0.06965047225865498,0.006009419716028653,0.33666216896519063,0.0001271147042691409,0.0001271147042691409,1.4954671090487164
8650,0.009437398630719199,0.0013706422327777355,0.4607200782446169,0.05082873012555278,0.00623411587865603,0.41910022713653977,0.06961082799724275,0.0060161592404687336,0.3370397333595929,0.0001272618277694524,0.0001272618277694524,1.4971979737582632
8660,0.009429499857084342,0.0013719850242956614,0.46117143673803745,0.05079047737190184,0.0062406188467766886,0.419537401463979,0.06957119239538115,0.006022897292785205,0.3374172152820843,0.00012740895126976389,0.00012740895126976389,1.4989288384678103
8670,0.009421605169473879,0.00137332712118944,0.46162256174434957,0.05075224005571617,0.006247119190528252,0.41997439936324377,0.06953156546166844,0.0060296338715163655,0.33779461465077676,0.0001275560747700754,0.0001275560747700754,1.5006597031773576
8680,0.009413714571165733,0.0013746685229018246,0.46207345307624353,0.05071401818500543,0.006253616908549079,0.4204112207427952,0.06949194720470286,0.006036368975200513,0.33817193138378226,0.0001277031982703869,0.0001277031982703869,1.5023905678869047
8690,0.009405828065437827,0.0013760092288755688,0.4625241105464096,0.05067581176777926,0.006260111999477529,0.4208478655110943,0.06945233763308266,0.006043102602375948,0.33854916539921276,0.0001278503217706984,0.0001278503217706984,1.5041214325964516
8700,0.00939794565556808,0.0013773492385534256,0.462974533967538,0.05063762081204731,0.006266604461951959,0.42128433357660217,0.06941273675540607,0.006049834751580968,0.3389263166151803,0.00012799744527100992,0.00012799744527100992,1.505852297305999
8710,0.009390067344834415,0.001378688551378149,0.463424723152319,0.05059944532581926,0.006273094294610728,0.42172062484778,0.06937314458027134,0.006056565421353872,0.3393033849497968,0.00012814456877132142,0.00012814456877132142,1.507583162015546
8720,0.00938219313651475,0.001380027166792492,0.46387467791344267,0.05056128531710474,0.006279581496092196,0.4221567392330887,0.06933356111627671,0.006063294610232958,0.33968037032117415,0.00012829169227163292,0.00012829169227163292,1.509314026725093
8730,0.00937432303388701,0.0013813650842392077,0.4643243980635992,0.05052314079391342,0.00628606606503472,0.4225926766409895,0.06929398637202044,0.006070022316756526,0.3400572726474244,0.00012843881577194444,0.00012843881577194444,1.5110448914346404
8740,0.009366457040229115,0.0013827023031610498,0.4647738834154789,0.050485011764254954,0.006292548000076659,0.42302843697994347,0.06925442035610076,0.0060767485394628735,0.34043409184665957,0.00012858593927225594,0.00012858593927225594,1.5127757561441875
8750,0.009358595158818987,0.0013840388230007717,0.465223133781772,0.050446898236138994,0.006299027299856374,0.42346402015841167,0.0692148630771159,0.006083473276890298,0.34081082783699146,0.00012873306277256743,0.00012873306277256743,1.5145066208537343
8760,0.009350737392934544,0.0013853746432011267,0.46567214897516856,0.05040880021757519,0.00630550396301222,0.4238994260848551,0.06917531454366412,0.006090196527577101,0.34118748053653225,0.00012888018627287896,0.00012888018627287896,1.5162374855632816
8770,0.009342883745853714,0.001386709763204868,0.46612092880835904,0.050370717716573206,0.006311977988182557,0.4243346546677349,0.06913577476434365,0.006096918290061579,0.3415640498633937,0.00012902730977319045,0.00012902730977319045,1.5179683502728287
8780,0.00933503422085441,0.0013880441824547494,0.46656947309403335,0.05033265074114269,0.006318449374005745,0.4247697058155122,0.06909624374775276,0.006103638562882031,0.341940535735688,0.00012917443327350195,0.00012917443327350195,1.5196992149823758
8790,0.009327188821214562,0.0013893779003935239,0.46701778164488195,0.0502945992992933,0.0063249181191201405,0.4252045794366481,0.06905672150248968,0.006110357344576755,0.34231693807152686,0.00012932155677381347,0.00012932155677381347,1.5214300796919231
8800,0.009319347550212085,0.001390710916463945,0.46746585427359494,0.0502565633990347,0.006331384222164104,0.42563927543960356,0.06901720803715264,0.0061170746336840515,0.3426932567890225,0.00012946868027412497,0.00012946868027412497,1.5231609444014702
8810,0.009311510411124902,0.0013920432301087662,0.4679136907928625,0.05021854304837652,0.006337847681775993,0.4260737937328398,0.0689777033603399,0.0061237904287422176,0.3430694918062867,0.00012961580377443647,0.00012961580377443647,1.524891809111017
8820,0.009303677407230935,0.0013933748407707405,0.46836129101537494,0.05018053825532845,0.006344308496594167,0.42650813422481787,0.0689382074806497,0.006130504728289552,0.3434456430414315,0.000129762927274748,0.000129762927274748,1.5266226738205644
8830,0.009295848541808104,0.0013947057478926215,0.4688086547538223,0.050142549027900114,0.006350766665256983,0.42694229682399876,0.06889872040668027,0.006137217530864355,0.3438217104125689,0.00012991005077505949,0.00012991005077505949,1.5283535385301115
8840,0.009288023818134332,0.0013960359509171628,0.469255781820895,0.05010457537410118,0.0063572221864028,0.42737628143884365,0.06885924214702988,0.006143928835004922,0.3441976938378108,0.00013005717427537098,0.00013005717427537098,1.5300844032396586
8850,0.009280203239487542,0.0013973654492871173,0.4697026720292831,0.05006661730194131,0.006363675058669979,0.42781008797781367,0.06881977271029674,0.006150638639249554,0.34457359323526915,0.0001302042977756825,0.0001302042977756825,1.5318152679492059
8860,0.00927238680914565,0.0013986942424452388,0.47014932519167685,0.05002867481943015,0.006370125280696876,0.42824371634936975,0.06878031210507912,0.00615734694213655,0.34494940852305606,0.000130351421275994,0.000130351421275994,1.533546132658753
8870,0.009264574530386581,0.0014000223298342804,0.47059574112076646,0.049990747934577355,0.006376572851121851,0.42867716646197307,0.06874086033997526,0.006164053742204207,0.3453251396192833,0.0001304985447763055,0.0001304985447763055,1.5352769973682998
8880,0.009256766406488258,0.0014013497108969957,0.47104191962924225,0.04995283665539258,0.0063830177685832625,0.4291104382240848,0.06870141742358339,0.0061707590379908245,0.345700786442063,0.00013064566827661702,0.00013064566827661702,1.5370078620778471
8890,0.009248962440728597,0.001402676385076138,0.47148786052979424,0.04991494098988549,0.006389460031719469,0.4295435315441659,0.06866198336450176,0.0061774628280347015,0.34607634890950706,0.00013079279177692852,0.00013079279177692852,1.5387387267873942
8900,0.009241162636385523,0.0014040023518144603,0.47193356363511263,0.04987706094606573,0.006395899639168829,0.4299764463306775,0.06862255817132862,0.0061841651108741355,0.3464518269397275,0.00013093991527724,0.00013093991527724,1.5404695914969413
8910,0.009233366996736957,0.0014053276105547166,0.4723790287578879,0.04983919653194295,0.0064023365895697,0.4304091824920806,0.0685831418526622,0.006190865885047426,0.3468272204508362,0.00013108703877755154,0.00013108703877755154,1.5422004562064886
8920,0.009225575525060821,0.0014066521607396599,0.47282425571080994,0.04980134775552682,0.006408770881560442,0.4308417399368364,0.06854373441710077,0.006197565149092871,0.3472025293609452,0.00013123416227786303,0.00013123416227786303,1.5439313209160355
8930,0.009217788224635034,0.0014079760018120434,0.4732692443065692,0.049763514624826984,0.006415202513779414,0.4312741185734059,0.06850433587324253,0.00620426290154877,0.3475777535881664,0.00013138128577817453,0.00013138128577817453,1.5456621856255826
8940,0.00921000509873752,0.001409299133214621,0.4737139943578557,0.049725697147853104,0.006421631484864973,0.43170631831025025,0.06846494622968577,0.00621095914095342,0.3479528930506118,0.00013152840927848605,0.00013152840927848605,1.5473930503351299
8950,0.0092022261506462,0.0014106215543901455,0.47415850567735973,0.049687895332614834,0.00642805779345548,0.43213833905583054,0.0684255654950287,0.006217653865845121,0.34832794766639336,0.00013167553277879755,0.00013167553277879755,1.549123915044677
8960,0.009194451383638991,0.0014119432647813708,0.4746027780777716,0.04965010918712182,0.006434481438189293,0.43257018071860787,0.06838619367786958,0.006224347074762172,0.3487029173536231,0.00013182265627910907,0.00013182265627910907,1.5508547797542243
8970,0.00918668080099382,0.00141326426383105,0.47504681137178145,0.04961233871938373,0.0064409024177047676,0.43300184320704316,0.06834683078680664,0.006231038766242871,0.34907780203041294,0.00013196977977942057,0.00013196977977942057,1.5525856444637713
8980,0.009178914405988607,0.0014145845509819363,0.4754906053720794,0.04957458393741021,0.0064473207306402665,0.4334333264295977,0.06830747683043814,0.006237728938825515,0.3494526016148748,0.00013211690327973207,0.00013211690327973207,1.5543165091733182
8990,0.00917115220190127,0.0014159041256767834,0.47593415989135573,0.04953684484921092,0.006453736375634145,0.43386463029473243,0.06826813181736233,0.006244417591048407,0.34982731602512085,0.0001322640267800436,0.0001322640267800436,1.5560473738828657
9000,0.009163394192009735,0.0014172229873583445,0.47637747474230063,0.04949912146279552,0.0064601493513247645,0.4342957547109085,0.06822879575617741,0.00625110472144984,0.3502019451792628,0.00013241115028035509,0.00013241115028035509,1.5577782385924126
9010,0.00915564037959192,0.001418541135469373,0.47682054973760435,0.04946141378617364,0.006466559656350483,0.434726699586587,0.06818946865548167,0.006257790328568116,0.35057648899541266,0.0001325582737806666,0.0001325582737806666,1.55950910330196
9020,0.009147890767925746,0.0014198585694526224,0.47726338468995705,0.049423721827354966,0.006472967289349657,0.43515746483022893,0.06815015052387333,0.006264474410941534,0.3509509473916826,0.0001327053972809781,0.0001327053972809781,1.561239968011507
9030,0.009140145360289138,0.001421175288750846,0.477705979412049,0.04938604559434914,0.006479372248960647,0.4355880503502956,0.06811084136995064,0.006271156967108392,0.3513253202861844,0.0001328525207812896,0.0001328525207812896,1.562970832721054
9040,0.009132404159960014,0.001422491292806797,0.47814833371657034,0.04934838509516582,0.006485774533821813,0.43601845605524786,0.06807154120231185,0.006277837995606987,0.3516996075970301,0.00013299964428160112,0.00013299964428160112,1.5647016974306014
9050,0.009124667170216297,0.001423806581063229,0.4785904474162114,0.04931074033781466,0.00649217414257151,0.4364486818535468,0.06803225002955518,0.006284517494975619,0.3520738092423316,0.00013314676778191262,0.00013314676778191262,1.5664325621401485
9060,0.009116934394335908,0.001425121152962895,0.4790323203236622,0.049273111330305305,0.006498571073848099,0.4368787276536537,0.0679929678602789,0.006291195463752587,0.35244792514020096,0.00013329389128222412,0.00013329389128222412,1.5681634268496953
9070,0.009109205835596768,0.001426435007948549,0.4794739522516131,0.04923549808064743,0.006504965326289939,0.4373085933640295,0.06795369470308124,0.006297871900476188,0.3528219552087501,0.0001334410147825356,0.0001334410147825356,1.5698942915592424
9080,0.009101481497276796,0.001427748145462944,0.4799153430127542,0.04919790059685067,0.006511356898535388,0.4377382788931352,0.06791443056656045,0.006304546803684724,0.353195899366091,0.00013358813828284714,0.00013358813828284714,1.5716251562687897
9090,0.009093761382653918,0.0014290605649488332,0.48035649241977585,0.049160318886924695,0.0065177457892228036,0.43816778414943214,0.06787517545931476,0.00631122017191649,0.35356975753033554,0.00013373526178315863,0.00013373526178315863,1.5733560209783368
9100,0.009086045495006053,0.0014303722658489705,0.4807974002853682,0.04912275295887915,0.006524131996990546,0.43859710904138116,0.06783592938994244,0.006317892003709785,0.35394352961959585,0.00013388238528347016,0.00013388238528347016,1.5750868856878841
9110,0.009078333837611122,0.0014316832476061086,0.4812380664222214,0.0490852028207237,0.006530515520476973,0.43902625347744345,0.06779669236704171,0.006324562297602911,0.3543172155519838,0.00013402950878378165,0.00013402950878378165,1.576817750397431
9120,0.009070626413747047,0.0014329935096630015,0.48167849064302565,0.04904766848046799,0.006536896358320444,0.43945521736608023,0.06775746439921082,0.006331231052134163,0.35469081524561136,0.00013417663228409315,0.00013417663228409315,1.578548615106978
9130,0.00906292322669175,0.001434303051462402,0.48211867276047127,0.049010149946121684,0.006543274509159316,0.4398840006157523,0.067718245495048,0.00633789826584184,0.35506432861859044,0.00013432375578440467,0.00013432375578440467,1.5802794798165254
9140,0.00905522427972315,0.001435611872447064,0.4825586125872484,0.04897264722569443,0.00654964997163195,0.44031260313492093,0.06767903566315152,0.006344563937264242,0.3554377555890332,0.00013447087928471617,0.00013447087928471617,1.5820103445260725
9150,0.00904752957611917,0.0014369199720597405,0.4829983099360472,0.04893516032719589,0.006556022744376702,0.4407410248320471,0.06763983491211961,0.006351228064939667,0.3558110960750514,0.00013461800278502767,0.00013461800278502767,1.5837412092356196
9160,0.009039839119157731,0.001438227349743185,0.48343776461955795,0.048897689258635704,0.006562392826031932,0.441169265615592,0.06760064325055051,0.006357890647406415,0.3561843499947571,0.0001347651262853392,0.0001347651262853392,1.5854720739451669
9170,0.009032152912116755,0.0014395340049401508,0.48387697645047084,0.048860234028023544,0.006568760215235999,0.4415973253940167,0.06756146068704247,0.006364551683202782,0.35655751726626234,0.00013491224978565069,0.00013491224978565069,1.5872029386547137
9180,0.009024470958274163,0.0014408399370933918,0.4843159452414762,0.04882279464336906,0.006575124910627261,0.44202520407578216,0.06752228723019373,0.006371211170867069,0.3569305978076789,0.00013505937328596218,0.00013505937328596218,1.5889338033642608
9190,0.009016793260907876,0.0014421451456456606,0.4847546708052641,0.04878537111268191,0.006581486910844077,0.4424529015693497,0.06748312288860252,0.006377869108937572,0.3573035915371189,0.0001352064967862737,0.0001352064967862737,1.5906646680738081
9200,0.009009119823295815,0.0014434496300397108,0.4851931529545246,0.04874796344397174,0.0065878462145248055,0.4428804177831801,0.0674439676708671,0.006384525495952592,0.3576764983726942,0.0001353536202865852,0.0001353536202865852,1.5923955327833552
9210,0.009001450648715902,0.001444753389718296,0.48563139150194823,0.04871057164524822,0.006594202820307806,0.4433077526257348,0.06740482158558574,0.006391180330450427,0.3580493182325169,0.0001355007437868967,0.0001355007437868967,1.5941263974929023
9220,0.008993785740446058,0.0014460564241241694,0.48606938626022494,0.04867319572452099,0.006600556726831435,0.44373490600547455,0.06736568464135663,0.006397833610969374,0.3584220510346989,0.00013564786728720822,0.00013564786728720822,1.5958572622024496
9230,0.008986125101764204,0.0014473587327000846,0.4865071370420452,0.048635835689799706,0.006606907932734053,0.44416187783086064,0.06732655684677803,0.0064044853360477345,0.3587946966973521,0.00013579499078751972,0.00013579499078751972,1.5975881269119965
9240,0.008978468735948262,0.0014486603148887948,0.48694464366009904,0.04859849154909403,0.006613256436654017,0.44458866801035407,0.0672874382104482,0.006411135504223805,0.3591672551385885,0.0001359421142878312,0.0001359421142878312,1.5993189916215436
9250,0.008970816646276154,0.001449961170133053,0.4873819059270766,0.048561163310413616,0.006619602237229688,0.4450152764524159,0.06724832874096538,0.006417784114035886,0.3595397262765202,0.00013608923778814274,0.00013608923778814274,1.6010498563310909
9260,0.008963168836025801,0.0014512612978756132,0.48781892365566826,0.04852385098176811,0.0066259453330994224,0.44544170306550734,0.06720922844692781,0.0064244311640222745,0.35991211002925905,0.00013623636128845423,0.00013623636128845423,1.602780721040638
9270,0.008955525308475121,0.0014525606975592286,0.4882556966585642,0.048486554571167184,0.0066322857229015805,0.4458679477580894,0.06717013733693372,0.0064310766527212685,0.360284406314917,0.00013638348478876573,0.00013638348478876573,1.604511585750185
9280,0.008947886066902042,0.0014538593686266523,0.4886922247484545,0.04844927408662049,0.0066386234052745186,0.44629401043862305,0.06713105541958136,0.0064377205786711675,0.360656615051606,0.00013653060828907725,0.00013653060828907725,1.6062424504597324
9290,0.008940251114584479,0.001455157310520638,0.4891285077380295,0.04841200953613767,0.006644958378856598,0.4467198910155696,0.067091982703469,0.006444362940410272,0.3610287361574382,0.00013667773178938875,0.00013667773178938875,1.6079733151692792
9300,0.008932620454800356,0.001456454522683939,0.48956454543997946,0.04837476092772838,0.006651290642286176,0.44714558939738996,0.06705291919719485,0.006451003736476878,0.3614007695505254,0.00013682485528970025,0.00013682485528970025,1.6097041798788263
9310,0.008924994090827594,0.0014577510045593082,0.49000033766699436,0.04833752826940229,0.006657620194201612,0.4475711054925453,0.06701386490935715,0.006457642965409285,0.3617727151489796,0.00013697197879001177,0.00013697197879001177,1.6114350445883736
9320,0.008917372025944115,0.0014590467555894997,0.4904358842317646,0.048300311569169044,0.006663947033241264,0.44799643920949667,0.06697481984855418,0.006464280625745791,0.3621445728709127,0.00013711910229032327,0.00013711910229032327,1.6131659092979207
9330,0.00890975426342784,0.0014603417752172667,0.49087118494698034,0.04826311083503831,0.00667027115804349,0.44842159045670515,0.06693578402338415,0.006470916716024695,0.3625163426344367,0.00013726622579063476,0.00013726622579063476,1.6148967740074676
9340,0.008902140806556689,0.0014616360628853622,0.49130623962533176,0.04822592607501972,0.006676592567246649,0.44884655914263183,0.06689675744244532,0.006477551234784298,0.36288802435766376,0.00013741334929094629,0.00013741334929094629,1.616627638717015
9350,0.008894531658608585,0.0014629296180365397,0.4917410480795091,0.04818875729712294,0.006682911259489102,0.44927134517573786,0.06685774011433591,0.006484184180562894,0.36325961795870554,0.00013756047279125778,0.00013756047279125778,1.618358503426562
9360,0.008886926822861449,0.0014642224401135529,0.49217561012220257,0.04815160450935763,0.006689227233409204,0.44969594846448424,0.0668187320476542,0.006490815551898786,0.36363112335567427,0.0001377075962915693,0.0001377075962915693,1.6200893681361093
9370,0.008879326302593204,0.0014655145285591548,0.4926099255661024,0.04811446771973345,0.0066955404876453154,0.4501203689173321,0.06677973325099842,0.00649744534733027,0.3640025404666818,0.0001378547197918808,0.0001378547197918808,1.6218202328456564
9380,0.008871730101081768,0.001466805882816099,0.4930439942238987,0.04807734693626004,0.006701851020835795,0.45054460644274247,0.0667407437329668,0.006504073565395644,0.36437386920984005,0.0001380018432921923,0.0001380018432921923,1.6235510975552034
9390,0.008864138221605063,0.0014680965023271386,0.4934778159082818,0.048040242166947064,0.006708158831619,0.45096866094917637,0.06670176350215759,0.006510700204633209,0.364745109503261,0.0001381489667925038,0.0001381489667925038,1.6252819622647503
9400,0.008856550667441012,0.0014693863865350273,0.49391139043194193,0.04800315341980418,0.006714463918633291,0.45139253234509513,0.06666279256716905,0.006517325263581264,0.3651162612650568,0.00013829609029281532,0.00013829609029281532,1.6270128269742978
9410,0.008848967441867535,0.0014706755348825183,0.4943447176075691,0.04796608070284103,0.006720766280517026,0.45181622053895965,0.06662383093659939,0.006523948740778104,0.36548732441333914,0.0001384432137931268,0.0001384432137931268,1.6287436916838447
9420,0.008841388548162556,0.001471963946812365,0.49477779724785376,0.047929024024067284,0.006727065915908563,0.4522397254392311,0.06658487861904688,0.0065305706347620306,0.3658582988662202,0.0001385903372934383,0.0001385903372934383,1.6304745563933918
9430,0.008833813989603992,0.0014732516217673209,0.49521062916548597,0.04789198339149259,0.006733362823446262,0.4526630469543705,0.06654593562310976,0.006537190944071342,0.36622918454181186,0.00013873746079374983,0.00013873746079374983,1.632205421102939
9440,0.008826243769469767,0.0014745385591901391,0.495643213173156,0.047854958813126604,0.006739657001768479,0.45308618499283887,0.06650700195738626,0.006543809667244336,0.36659998135822613,0.00013888458429406133,0.00013888458429406133,1.6339362858124862
9450,0.0088186778910378,0.001475824758523573,0.4960755490835539,0.04781795029697898,0.0067459484495135755,0.45350913946309745,0.06646807763047463,0.006550426802819313,0.36697068923357495,0.00013903170779437285,0.00013903170779437285,1.6356671505220335
9460,0.008811116357586017,0.0014771102192103764,0.4965076367093702,0.047780957851059375,0.006752237165319908,0.45393191027360724,0.06642916265097314,0.006557042349334569,0.36734130808597026,0.00013917883129468435,0.00013917883129468435,1.6373980152315804
9470,0.008803559172392336,0.0014783949406933024,0.49693947586329484,0.04774398148337744,0.006758523147825837,0.45435449733282934,0.06639025702747998,0.006563656305328404,0.36771183783352407,0.00013932595479499587,0.00013932595479499587,1.6391288799411279
9480,0.008796006338734678,0.0014796789224151043,0.4973710663580182,0.04770702120194283,0.006764806395669721,0.45477690054922487,0.06635136076859344,0.006570268669339116,0.3680822783943482,0.00013947307829530737,0.00013947307829530737,1.6408597446506747
9490,0.008788457859890965,0.0014809621638185353,0.4978024080062303,0.04767007701476521,0.006771086907489916,0.4551991198312548,0.06631247388291174,0.0065768794399050055,0.36845262968655496,0.00013962020179561887,0.00013962020179561887,1.6425906093602218
9500,0.00878091373913912,0.001482244664346349,0.49823350062062144,0.04763314892985423,0.006777364681924783,0.4556211550873803,0.06627359637903313,0.006583488615564369,0.368822891628256,0.00013976732529593036,0.00013976732529593036,1.644321474069769
9510,0.008773373979757061,0.0014835264234412987,0.4986643440138819,0.04759623695521954,0.00678363971761268,0.4560430062260625,0.06623472826555585,0.006590096194855505,0.3691930641375633,0.00013991444879624186,0.00013991444879624186,1.6460523387793158
9520,0.008765838585022712,0.0014848074405461383,0.4990949379987019,0.04755934109887079,0.006789912013191967,0.4564646731557624,0.06619586955107816,0.006596702176316714,0.36956314713258903,0.00014006157229655338,0.00014006157229655338,1.647783203488863
9530,0.008758307558213994,0.0014860877151036203,0.4995252823877715,0.04752246136881766,0.0067961815673010005,0.45688615578494113,0.06615702024419827,0.006603306558486294,0.36993314053144505,0.0001402086957968649,0.0001402086957968649,1.6495140681984106
9540,0.008750780902608828,0.0014873672465564986,0.499955376993781,0.04748559777306977,0.006802448378578139,0.4573074540220597,0.06611818035351445,0.0066099093399025425,0.37030304425224325,0.0001403558192971764,0.0001403558192971764,1.6512449329079575
9550,0.008743258621485134,0.0014886460343475265,0.5003852216294207,0.047448750319636815,0.006808712445661743,0.4577285677755793,0.06607934988762494,0.00661651051910376,0.37067285821309576,0.0001405029427974879,0.0001405029427974879,1.6529757976175046
9560,0.008735740718120836,0.0014899240779194572,0.5008148161073805,0.047411919016528414,0.006814973767190171,0.458149496953961,0.06604052885512798,0.006623110094628243,0.37104258233211446,0.00014065006629779942,0.00014065006629779942,1.6547066623270519
9570,0.008728227195793853,0.0014912013767150443,0.501244160240351,0.04737510387175425,0.00682123234180178,0.4585702414656658,0.06600171726462181,0.0066297080650142915,0.3714122165274113,0.00014079718979811092,0.00014079718979811092,1.656437527036599
9580,0.008720718057782108,0.001492477930177041,0.5016732538410221,0.047338304893323954,0.006827488168134929,0.45899080121915486,0.06596291512470469,0.006636304428800204,0.37178176071709823,0.0001409443132984224,0.0001409443132984224,1.6581683917461458
9590,0.008713213307363521,0.0014937537377482006,0.5021020967220842,0.04730152208924719,0.006833741244827979,0.4594111761228893,0.06592412244397484,0.0066428991845242785,0.3721512148192873,0.00014109143679873394,0.00014109143679873394,1.6598992564556934
9600,0.008705712947816014,0.0014950287988712769,0.5025306886962275,0.04726475546753363,0.006839991570519286,0.45983136608533004,0.06588533923103052,0.006649492330724814,0.37252057875209044,0.00014123856029904543,0.00014123856029904543,1.6616301211652402
9610,0.008698216982417508,0.001496303112989023,0.5029590295761421,0.047228005036192906,0.006846239143847209,0.46025137101493835,0.06584656549446996,0.006656083865940108,0.3728898524336195,0.00014138568379935693,0.00014138568379935693,1.6633609858747873
9620,0.008690725414445925,0.001497576679544192,0.5033871191745183,0.047191270803234674,0.006852483963450107,0.4606711908201752,0.0658078012428914,0.006662673788708462,0.3732590357819867,0.00014153280729966845,0.00014153280729966845,1.6650918505843346
9630,0.008683238247179186,0.0014988494979795378,0.5038149573040464,0.04715455277666861,0.006858726027966338,0.46109082540950164,0.06576904648489311,0.006669262097568171,0.3736281287153037,0.00014167993079997995,0.00014167993079997995,1.6668227152938817
9640,0.008675755483895212,0.0015001215677378135,0.5042425437774162,0.04711785096450435,0.0068649653360342636,0.46151027469137895,0.0657303012290733,0.006675848791057537,0.37399713115168276,0.00014182705430029145,0.00014182705430029145,1.6685535800034286
9650,0.008668277127871923,0.0015013928882617723,0.5046698784073184,0.04708116537475155,0.006871201886292238,0.46192953857426805,0.06569156548403025,0.006682433867714856,0.37436604300923565,0.00014197417780060297,0.00014197417780060297,1.6702844447129759
9660,0.008660803049428704,0.0015026634815971196,0.5050969686040738,0.04704449667482871,0.006877435565279122,0.46234860943052913,0.06565284027375314,0.006689017153461967,0.37473485453568445,0.00014212130130091444,0.00014212130130091444,1.6720153094225227
9670,0.008653332900986742,0.0015039334068322533,0.5055238342293288,0.04700784660237507,0.00688366607759624,0.4627674674014278,0.06561412827317338,0.006695598193560525,0.3751035402554916,0.00014226842480122596,0.00014226842480122596,1.67374617413207
9680,0.008645866665143626,0.001505202666925583,0.5059504762775069,0.04697121524724035,0.006889893407969144,0.46318611146011046,0.06557542962278738,0.006702176964126145,0.37547209883059635,0.00014241554830153746,0.00014241554830153746,1.6754770388416171
9690,0.008638404342955352,0.0015064712616975895,0.5063768946882653,0.046934602607471704,0.0068961175567298135,0.4636045416288949,0.0655367443218025,0.006708753465293576,0.37584053026854763,0.00014256267180184895,0.00014256267180184895,1.677207903551164
9700,0.008630945935477913,0.0015077391909687542,0.5068030894012618,0.04689800868111631,0.00690233852421023,0.4640227579300994,0.06549807236942608,0.006715327697197567,0.3762088345768945,0.00014270979530216048,0.00014270979530216048,1.6789387682607113
9710,0.008623491443767303,0.0015090064545595578,0.5072290603561538,0.04686143346622134,0.006908556310742374,0.46444076038604193,0.06545941376486548,0.006721899659972868,0.37657701176318586,0.00014285691880247197,0.00014285691880247197,1.6806696329702584
9720,0.008616040868879515,0.0015102730522904818,0.5076548074925988,0.04682487696083397,0.006914770916658227,0.46485854901904045,0.06542076850732807,0.006728469353754227,0.3769450618349707,0.00014300404230278347,0.00014300404230278347,1.6824004976798055
9730,0.008608594211870543,0.001511538983982007,0.5080803307502544,0.04678833916300137,0.00692098234228977,0.4652761238514131,0.06538213659602121,0.006735036778676394,0.37731298479979797,0.000143151165803095,0.000143151165803095,1.6841313623893528
9740,0.00860115147379638,0.0015128042494546147,0.508505630068778,0.04675182007077071,0.006927190587968982,0.46569348490547774,0.06534351803015225,0.006741601934874117,0.37768078066521665,0.0001432982893034065,0.0001432982893034065,1.6858622270988997
9750,0.008593712655713018,0.0015140688485287862,0.5089307053878273,0.04671531968218916,0.006933395654027846,0.46611063220355264,0.06530491280892856,0.006748164822482146,0.3780484494387757,0.000143445412803718,0.000143445412803718,1.6875930918084472
9760,0.008586277758676453,0.0015153327810250021,0.5093555566470596,0.04667883799530389,0.0069395975407983415,0.4665275657679557,0.06526632093155747,0.006754725441635229,0.37841599112802404,0.0001435925363040295,0.0001435925363040295,1.689323956517994
9770,0.008578846783742678,0.0015165960467637442,0.5097801837861324,0.046642375008162075,0.00694579624861245,0.466944285621005,0.06522774239724638,0.006761283792468115,0.37878340574051067,0.000143739659804341,0.000143739659804341,1.6910548212275411
9780,0.008571419731967685,0.001517858645565493,0.5102045867447035,0.04660593071881089,0.006951991777802151,0.4673607917850185,0.06518917720520263,0.006767839875115553,0.37915069328378453,0.00014388678330465253,0.00014388678330465253,1.6927856859370884
9790,0.008563996604407468,0.00151912057725073,0.5106287654624302,0.046569505125297506,0.006958184128699427,0.46777708428231435,0.06515062535463356,0.0067743936897122934,0.3795178537653946,0.00014403390680496403,0.00014403390680496403,1.6945165506466355
9800,0.008556577402118019,0.001520381841639936,0.51105271987897,0.04653309822566908,0.006964373301636258,0.4681931631352106,0.06511208684474656,0.006780945236393084,0.3798848871928899,0.00014418103030527552,0.00014418103030527552,1.6962474153561824
9810,0.008549162126155333,0.0015216424385535924,0.5114764499339807,0.04649671001797281,0.0069705592969446254,0.4686090283660252,0.06507356167474898,0.006787494515292674,0.3802517935738193,0.00014432815380558705,0.00014432815380558705,1.69797828006573
9820,0.008541750777575406,0.0015229023678121805,0.5118999555671194,0.046460340500255846,0.006976742114956509,0.46902467999707614,0.06503504984384816,0.006794041526545813,0.3806185729157318,0.00014447527730589854,0.00014447527730589854,1.6997091447752768
9830,0.008534343357434226,0.0015241616292361807,0.5123232367180439,0.046423989670565366,0.006982921756003891,0.4694401180506817,0.06499655135125149,0.006800586270287248,0.3809852252261764,0.00014462240080621004,0.00014462240080621004,1.7014400094848239
9840,0.008526939866787792,0.0015254202226460747,0.5127462933264116,0.04638765752694854,0.006989098220418751,0.46985534254915967,0.06495806619616629,0.006807128746651731,0.38135175051270204,0.00014476952430652156,0.00014476952430652156,1.7031708741943712
9850,0.008519540306692093,0.0015266781478623437,0.5131691253318802,0.046351344067452546,0.00699527150853307,0.47027035351482815,0.06491959437779996,0.006813668955774009,0.38171814878285765,0.00014491664780683306,0.00014491664780683306,1.7049017389039183
9860,0.008512144678203123,0.0015279354047054684,0.513591732674107,0.04631504929012455,0.007001441620678829,0.47068515097000524,0.06488113589535982,0.006820206897788831,0.3820844200441922,0.00014506377130714455,0.00014506377130714455,1.7066326036134651
9870,0.008504752982376877,0.0015291919929959301,0.5140141152927495,0.04627877319301173,0.0070076085571880095,0.471099734937009,0.06484269074805325,0.006826742572830947,0.3824505643042547,0.00014521089480745608,0.00014521089480745608,1.7083634683230124
9880,0.00849736522026935,0.00153044791255421,0.5144362731274655,0.04624251577416125,0.0070137723183925915,0.47151410543815736,0.06480425893508762,0.006833275981035105,0.38281658157059417,0.00014535801830776757,0.00014535801830776757,1.7100943330325595
9890,0.008489981392936531,0.0015317031632007892,0.5148582061179122,0.04620627703162028,0.007019932904624555,0.47192826249576836,0.06476584045567027,0.006839807122536055,0.3831824718507594,0.00014550514180807907,0.00014550514180807907,1.7118251977421066
9900,0.008482601501434416,0.0015329577447561486,0.5152799142037474,0.046170056963436,0.007026090316215884,0.47234220613216016,0.06472743530900855,0.0068463359974685455,0.38354823515229947,0.0001456522653083906,0.0001456522653083906,1.713556062451654
9910,0.008475225546819,0.0015342116570407696,0.5157013973246284,0.04613385556765557,0.007032244553498556,0.47275593636965074,0.06468904349430986,0.006852862605967325,0.3839138714827633,0.0001457993888087021,0.0001457993888087021,1.715286927161201
9920,0.008467853530146272,0.0015354648998751332,0.5161226554202129,0.04609767284232618,0.007038395616804553,0.4731694532305581,0.06465066501078151,0.006859386948167143,0.3842793808496999,0.00014594651230901359,0.00014594651230901359,1.7170177918707479
9930,0.008460485452472228,0.0015367174730797205,0.5165436884301582,0.04606150878549498,0.007044543506465856,0.4735827567372003,0.06461229985763088,0.006865909024202749,0.3846447632606582,0.0001460936358093251,0.0001460936358093251,1.7187486565802952
9940,0.008453121314852863,0.0015379693764750125,0.5169644962941218,0.046025363395209164,0.007050688222814445,0.4739958469118954,0.06457394803406534,0.006872428834208892,0.3850100187231872,0.0001462407593096366,0.0001462407593096366,1.7204795212898423
9950,0.008445761118344169,0.0015392206098814906,0.5173850789517614,0.04598923666951588,0.007056829766182302,0.4744087237769614,0.06453560953929223,0.00687894637832032,0.38537514724483585,0.0001463878828099481,0.0001463878828099481,1.7222103859993894
9960,0.008438404864002139,0.0015404711731196357,0.5178054363427346,0.04595312860646232,0.007062968136901408,0.4748213873547164,0.06449728437251892,0.006885461656671783,0.3857401488331531,0.00014653500631025963,0.00014653500631025963,1.7239412507089367
9970,0.008431052552882767,0.001541721066009929,0.5182255684066988,0.04591703920409565,0.007069103335303742,0.4752338376674784,0.06445897253295277,0.006891974669398029,0.38610502349568787,0.00014668212981057112,0.00014668212981057112,1.7256721154184838
9980,0.008423704186042045,0.0015429702883728517,0.5186454750833115,0.04588096846046304,0.007075235361721287,0.4756460747375654,0.06442067401980113,0.0068984854166338075,0.3864697712399892,0.00014682925331088262,0.00014682925331088262,1.7274029801280306
9990,0.008416359764535968,0.0015442188400288848,0.5190651563122302,0.04584491637361165,0.007081364216486022,0.4760580985872956,0.06438238883227136,0.006904993898513868,0.38683439207360604,0.00014697637681119414,0.00014697637681119414,1.729133844837578
10000,0.00840901928942053,0.0015454667207985093,0.5194846120331124,0.04580888294158867,0.007087489899929929,0.47646990923898674,0.06434411696957083,0.006911500115172959,0.38719888600408736,0.00014712350031150564,0.00014712350031150564,1.730864709547125
10010,0.008401682761751721,0.0015467139305022067,0.5199038421856157,0.04577286816244126,0.007093612412384989,0.47688150671495716,0.06430585843090689,0.0069180040667458295,0.38756325303898204,0.00014727062381181713,0.00014727062381181713,1.732595574256672
10020,0.008394350182585539,0.0015479604689604576,0.5203228467093974,0.0457368720342166,0.007099731754183181,0.4772928910375247,0.0642676132154869,0.006924505753367229,0.38792749318583913,0.00014741774731212866,0.00014741774731212866,1.7343264389662194
10030,0.008387021552977976,0.0015492063359937435,0.5207416255441154,0.04570089455496185,0.007105847925656488,0.4777040622290076,0.0642293813225182,0.006931005175171906,0.3882916064522076,0.00014756487081244015,0.00014756487081244015,1.7360573036757665
10040,0.008379696873985022,0.0015504515314225455,0.5211601786294271,0.0456649357227242,0.0071119609271368895,0.4781150203117236,0.06419116275120818,0.006937502332294609,0.3886555928456364,0.00014771199431275168,0.00014771199431275168,1.7377881683853138
10050,0.008372376146662676,0.0015516960550673445,0.5215785059049897,0.0456289955355508,0.007118070758956367,0.478525765307991,0.06415295750076419,0.006943997224870088,0.3890194523736744,0.00014785911781306317,0.00014785911781306317,1.7395190330948607
10060,0.008365059372066927,0.0015529399067486219,0.521996607310461,0.04559307399148883,0.007124177421446901,0.4789362972401277,0.06411476557039357,0.006950489853033093,0.38938318504387076,0.00014800624131337467,0.00014800624131337467,1.7412498978044078
10070,0.00835774655125377,0.0015541830862868585,0.5224144827854986,0.04555717108858547,0.0071302809149404725,0.4793466161304519,0.06407658695930371,0.00695698021691837,0.38974679086377423,0.0001481533648136862,0.0001481533648136862,1.742980762513955
10080,0.008350437685279198,0.0015554255935025358,0.5228321322697599,0.04552128682488789,0.007136381239769062,0.4797567220012814,0.06403842166670194,0.00696346831666067,0.39011026984093394,0.0001483004883139977,0.0001483004883139977,1.7447116272235021
10090,0.008343132775199205,0.0015566674282161345,0.5232495557029023,0.04548542119844325,0.00714247839626465,0.4801666148749344,0.06400026969179563,0.006969954152394742,0.39047362198289876,0.00014844761181430919,0.00014844761181430919,1.7464424919330492
10100,0.008335831822069784,0.001557908590248136,0.5236667530245834,0.04544957420729873,0.007148572384759218,0.4805762947737289,0.06396213103379216,0.006976437724255335,0.3908368472972176,0.0001485947353146207,0.0001485947353146207,1.7481733566425965
10110,0.00832853482694693,0.0015591490794190214,0.5240837241744609,0.0454137458495015,0.0071546632055847475,0.480985761719983,0.06392400569189885,0.006982919032377197,0.39119994579143963,0.0001487418588149322,0.0001487418588149322,1.7499042213521434
10120,0.008321241790886634,0.0015603888955492715,0.5245004690921921,0.04537793612309873,0.007160750859073218,0.48139501573601456,0.06388589366532307,0.006989398076895078,0.3915629174731136,0.0001488889823152437,0.0001488889823152437,1.7516350860616905
10130,0.008313952714944891,0.0015616280384593679,0.5249169877174346,0.0453421450261376,0.007166835345556611,0.48180405684414185,0.0638477949532722,0.0069958748579437265,0.3919257623497886,0.00014903610581555523,0.00014903610581555523,1.7533659507712378
10140,0.008306667600177694,0.0015628665079697914,0.5253332799898458,0.045306372556665274,0.007172916665366907,0.48221288506668275,0.06380970955495358,0.007002349375657892,0.39228848042901354,0.00014918322931586672,0.00014918322931586672,1.7550968154807849
10150,0.008299386447641036,0.0015641043039010232,0.5257493458490834,0.045270618712728916,0.007178994818836087,0.4826215004259553,0.06377163746957458,0.0070088216301723225,0.3926510717183374,0.00014933035281617822,0.00014933035281617822,1.7568276801903318
10160,0.00829210925839091,0.0015653414260735445,0.5261651852348048,0.04523488349237571,0.007185069806296131,0.48302990294427767,0.06373357869634254,0.007015291621621769,0.3930135362253092,0.00014947747631648974,0.00014947747631648974,1.7585585448998793
10170,0.008284836033483312,0.0015665778743078362,0.5265807980866676,0.04519916689365283,0.007191141628079022,0.48343809264396775,0.06369553323446484,0.007021759350140978,0.39337587395747775,0.00014962459981680124,0.00014962459981680124,1.7602894096094261
10180,0.008277566773974232,0.0015678136484243797,0.5269961843443293,0.04516346891460744,0.007197210284516738,0.48384606954734366,0.06365750108314883,0.0070282248158647,0.39373808492239215,0.00014977172331711273,0.00014977172331711273,1.7620202743189732
10190,0.008270301480919668,0.001569048748243656,0.5274113439474474,0.04512778955328671,0.007203275775941263,0.4842538336767235,0.06361948224160185,0.007034688018927685,0.3941001691276014,0.00014991884681742426,0.00014991884681742426,1.7637511390285205
10200,0.008263040155375607,0.0015702831735861461,0.5278262768356794,0.045092128807737816,0.007209338102684574,0.48466138505442513,0.0635814767090313,0.007041148959464679,0.3944621265806543,0.00015006597031773575,0.00015006597031773575,1.7654820037380676
10210,0.008255782798398047,0.0015715169242723312,0.5282409829486827,0.04505648667600792,0.007215397265078655,0.48506872370276666,0.0635434844846445,0.007047607637610434,0.39482395728909997,0.00015021309381804725,0.00015021309381804725,1.7672128684476145
10220,0.008248529411042982,0.0015727500001226926,0.5286554622261151,0.04502086315614422,0.007221453263455486,0.4854758496440662,0.06350550556764883,0.007054064053499697,0.39518566126048726,0.00015036021731835877,0.00015036021731835877,1.768943733157162
10230,0.008241279994366402,0.001573982400957711,0.529069714607634,0.04498525824619386,0.007227506098147048,0.4858827629006418,0.06346753995725166,0.007060518207267219,0.39554723850236523,0.00015050734081867027,0.00015050734081867027,1.7706745978667089
10240,0.008234034549424302,0.001575214126597868,0.5294837400328968,0.04494967194420402,0.00723355576948532,0.48628946349481134,0.06342958765266031,0.007066970099047747,0.39590868902228277,0.00015065446431898177,0.00015065446431898177,1.772405462576256
10250,0.008226793077272677,0.0015764451768636443,0.5298975384415611,0.04491410424822187,0.007239602277802285,0.486695951448893,0.06339164865308218,0.007073419728976031,0.39627001282778884,0.0001508015878192933,0.0001508015878192933,1.7741363272858033
10260,0.008219555578967518,0.0015776755515755213,0.5303111097732844,0.04487855515629459,0.0072456456234299225,0.48710222678520476,0.0633537229577246,0.0070798670971868195,0.39663120992643247,0.00015094871131960479,0.00015094871131960479,1.7758671919953504
10270,0.00821232205556482,0.00157890525055398,0.5307244539677243,0.04484302466646935,0.007251685806700214,0.48750828952606473,0.06331581056579492,0.007086312203814862,0.39699228032576256,0.00015109583481991628,0.00015109583481991628,1.7775980567048972
10280,0.008205092508120576,0.0015801342736195014,0.5311375709645382,0.04480751277679331,0.007257722827945141,0.48791413969379094,0.06327791147650055,0.007092755048994907,0.3973532240333282,0.0001512429583202278,0.0001512429583202278,1.7793289214144445
10290,0.008197866937690779,0.001581362620592567,0.5315504607033839,0.044772019485313654,0.0072637566874966825,0.4883197773107013,0.0632400256890488,0.007099195632861704,0.3977140410566781,0.0001513900818205393,0.0001513900818205393,1.7810597861239916
10300,0.008190645345331423,0.0015825902912936574,0.5319631231239184,0.04473654479007754,0.007269787385686821,0.48872520239911393,0.06320215320264705,0.007105633955550002,0.39807473140336147,0.0001515372053208508,0.0001515372053208508,1.7827906508335387
10310,0.008183427732098502,0.0015838172855432541,0.5323755581657997,0.04470108868913216,0.007275814922847536,0.48913041498134685,0.06316429401650264,0.00711207001719455,0.39843529508092723,0.00015168432882116232,0.00015168432882116232,1.784521515543086
10320,0.008176214099048007,0.0015850436031618381,0.532787765768685,0.04466565118052467,0.007281839299310809,0.4895354150797182,0.06312644812982296,0.007118503817930097,0.3987957320969242,0.00015183145232147382,0.00015183145232147382,1.786252380252633
10330,0.008169004447235933,0.0015862692439698907,0.5331997458722321,0.04463023226230225,0.0072878605154086205,0.48994020271654587,0.06308861554181534,0.007124935357891392,0.39915604245890146,0.00015197857582178534,0.00015197857582178534,1.7879832449621804
10340,0.008161798777718275,0.0015874942077878926,0.5336114984160983,0.04459483193251206,0.0072938785714729525,0.490344777914148,0.06305079625168716,0.0071313646372131835,0.399516226174408,0.00015212569932209684,0.00015212569932209684,1.7897141096717273
10350,0.008154597091551023,0.0015887184944363252,0.5340230233399412,0.04455945018920129,0.007299893467835784,0.49074914069484254,0.06301299025864576,0.007137791656030221,0.3998762832509928,0.00015227282282240833,0.00015227282282240833,1.7914449743812744
10360,0.008147399389790174,0.0015899421037356698,0.5344343205834184,0.04452408703041709,0.007305905204829098,0.4911532910809477,0.06297519756189851,0.007144216414477253,0.40023621369620466,0.00015241994632271986,0.00015241994632271986,1.7931758390908217
10370,0.00814020567349172,0.0015911650355064071,0.5348453900861873,0.04448874245420665,0.007311913782784873,0.4915572290947813,0.06293741816065276,0.007150638912689029,0.40059601751759266,0.00015256706982303135,0.00015256706982303135,1.7949067038003688
10380,0.008133015943711653,0.0015923872895690183,0.5352562317879053,0.044453416458617126,0.007317919202035091,0.4919609547586615,0.06289965205411589,0.007157059150800299,0.4009556947227058,0.00015271419332334285,0.00015271419332334285,1.7966375685099158
10390,0.008125830201505967,0.0015936088657439848,0.5356668456282301,0.04441810904169571,0.007323921462911733,0.49236446809490636,0.06286189924149524,0.00716347712894581,0.401315245319093,0.00015286131682365437,0.00015286131682365437,1.7983684332194632
10400,0.008118648447930657,0.0015948297638517877,0.5360772315468194,0.04438282020148955,0.0073299205657467795,0.49276776912583387,0.06282415972199816,0.007169892847260312,0.40167466931430323,0.00015300844032396587,0.00015300844032396587,1.80009929792901
10410,0.008111470684041715,0.0015960499837129078,0.5364873894833303,0.04434754993604583,0.007335916510872211,0.493170857873762,0.06278643349483204,0.007176306305878555,0.4020339667158854,0.00015315556382427737,0.00015315556382427737,1.801830162638557
10420,0.008104296910895136,0.0015972695251478262,0.5368973193774205,0.04431229824341173,0.007341909298620009,0.49357373436100893,0.0627487205592042,0.007182717504935285,0.4023931375313885,0.0001533026873245889,0.0001533026873245889,1.8035610273481044
10430,0.00809712712954691,0.0015984883879770243,0.5373070211687476,0.04427706512163441,0.007347898929322154,0.4939763986098926,0.06271102091432204,0.007189126444565254,0.4027521817683616,0.00015344981082490039,0.00015344981082490039,1.8052918920576515
10440,0.008089961341053036,0.0015997065720209833,0.5377164947969691,0.04424185056876104,0.007353885403310627,0.4943788506427311,0.06267333455939288,0.007195533124903211,0.4031110994343535,0.00015359693432521188,0.00015359693432521188,1.8070227567671986
10450,0.008082799546469501,0.001600924077100184,0.5381257402017425,0.04420665458283879,0.0073598687209174085,0.4947810904818425,0.06263566149362411,0.007201937546083902,0.4034698905369133,0.0001537440578255234,0.0001537440578255234,1.808753621476746
10460,0.008075641746852304,0.0016021409030351078,0.5385347573227253,0.04417147716191484,0.007365848882474479,0.4951831181495448,0.06259800171622307,0.007208339708242079,0.4038285550835899,0.0001538911813258349,0.0001538911813258349,1.8104844861862928
10470,0.008068487943257435,0.0016033570496462354,0.5389435460995748,0.044136318304036366,0.00737182588831382,0.4955849336681559,0.06256035522639712,0.00721473961151249,0.40418709308193224,0.0001540383048261464,0.0001540383048261464,1.8122153508958398
10480,0.008061338136740887,0.0016045725167540485,0.539352106471949,0.04410117800725053,0.007377799738767413,0.49598653705999407,0.06252272202335363,0.007221137256029884,0.4045455045394893,0.00015418542832645792,0.00015418542832645792,1.8139462156053872
10490,0.008054192328358658,0.0016057873041790277,0.539760438379505,0.044066056269604505,0.007383770434167237,0.49638792834737727,0.06248510210629994,0.00722753264192901,0.4049037894638101,0.00015433255182676942,0.00015433255182676942,1.8156770803149342
10500,0.008047050519166736,0.0016070014117416543,0.5401685417619005,0.04403095308914546,0.007389737974845274,0.4967891075526234,0.06244749547444343,0.007233925769344617,0.4052619478624435,0.00015447967532708091,0.00015447967532708091,1.817407945024481
10510,0.008039912710221116,0.0016082148392624095,0.5405764165587931,0.043995868463920576,0.007395702361133506,0.4971900746980507,0.06240990212699145,0.007240316638411454,0.4056199797429386,0.00015462679882739244,0.00015462679882739244,1.8191388097340286
10520,0.008032778902577795,0.0016094275865617743,0.5409840627098401,0.043960802391977014,0.00740166359336391,0.4975908298059771,0.06237232206315135,0.00724670524926427,0.4059778851128443,0.00015477392232770393,0.00015477392232770393,1.8208696744435755
10530,0.008025649097292762,0.00161063965346023,0.5413914801546992,0.04392575487136195,0.00740762167186847,0.4979913728987206,0.062334755282130505,0.007253091602037814,0.4063356639797095,0.00015492104582801543,0.00015492104582801543,1.8226005391531226
10540,0.008018523295422011,0.0016118510397782576,0.5417986688330277,0.043890725900122565,0.007413576596979167,0.4983917039985994,0.06229720178313626,0.0072594756968668355,0.4066933163510832,0.00015506816932832695,0.00015506816932832695,1.82433140386267
10550,0.008011401498021537,0.001613061745336338,0.5422056286844833,0.04385571547630602,0.00741952836902798,0.49879182312793136,0.06225966156537598,0.007265857533886083,0.40705084223451443,0.00015521529282863845,0.00015521529282863845,1.826062268572217
10560,0.008004283706147333,0.0016142717699549527,0.5426123596487236,0.04382072359795948,0.007425476988346892,0.49919173030903463,0.06222213462805703,0.007272237113230305,0.4074082416375521,0.00015536241632894995,0.00015536241632894995,1.8277931332817638
10570,0.007997169920855392,0.0016154811134545827,0.5430188616654059,0.04378575026313013,0.007431422455267881,0.4995914255642272,0.06218462097038675,0.007278614435034252,0.4077655145677452,0.00015550953982926147,0.00015550953982926147,1.8295239979913114
10580,0.007990060143201708,0.001616689775655709,0.5434251346741878,0.043750795469865135,0.00743736477012293,0.49999090891582715,0.06214712059157253,0.007284989499432671,0.4081226610326426,0.00015565666332957297,0.00015565666332957297,1.8312548627008582
10590,0.007982954374242275,0.0016178977563788127,0.543831178614727,0.04371585921621167,0.007443303933244019,0.5003901803861525,0.06210963349082169,0.007291362306560313,0.40847968103979343,0.0001558037868298845,0.0001558037868298845,1.8329857274104056
10600,0.007975852615033084,0.0016191050554443752,0.5442369934266806,0.043680941500216904,0.0074492399449631284,0.5007892399975212,0.062072159667341614,0.007297732856551925,0.4088365745967465,0.00015595091033019599,0.00015595091033019599,1.8347165921199526
10610,0.00796875486663013,0.0016203116726728772,0.5446425790497066,0.04364604231992801,0.007455172805612241,0.5011880877722514,0.06203469912033966,0.007304101149542258,0.4091933417110509,0.00015609803383050748,0.00015609803383050748,1.8364474568294997
10620,0.007961661130089406,0.0016215176078848,0.5450479354234622,0.043611161673392164,0.007461102515523336,0.5015867237326611,0.061997251849023174,0.00731046718566606,0.4095499823902554,0.000156245157330819,0.000156245157330819,1.838178321539047
10630,0.007954571406466908,0.0016227228609006251,0.5454530624876051,0.04357629955865652,0.007467029075028393,0.5019851479010684,0.061959817852599526,0.00731683096505808,0.40990649664190926,0.0001563922808311305,0.0001563922808311305,1.8399091862485941
10640,0.007947485696818626,0.001623927431540833,0.5458579601817926,0.043541455973768274,0.007472952484459396,0.5023833602997912,0.06192239713027607,0.007323192487853068,0.41026288447356124,0.000156539404331442,0.000156539404331442,1.841640050958141
10650,0.007940404002200554,0.001625131319625905,0.5462626284456823,0.043506630916774584,0.007478872744148323,0.5027813609511477,0.061884989681260175,0.007329551754185771,0.41061914589276033,0.00015668652783175352,0.00015668652783175352,1.8433709156676883
10660,0.007933326323668687,0.0016263345249763225,0.5466670672189319,0.04347182438572263,0.007484789854427157,0.5031791498774558,0.06184759550475918,0.007335908764190939,0.41097528090705543,0.00015683365133206502,0.00015683365133206502,1.8451017803772354
10670,0.007926252662279016,0.0016275370474125664,0.5470712764411987,0.04343703637865957,0.0074907038156278765,0.5035767271010336,0.061810214599980456,0.0073422635180033224,0.41133128952399567,0.00015698077483237651,0.00015698077483237651,1.8468326450867825
10680,0.007919183019087539,0.001628738886755118,0.5474752560521404,0.04340226689363258,0.007496614628082465,0.5039740926441992,0.06177284696613136,0.007348616015757668,0.41168717175112984,0.00015712789833268804,0.00015712789833268804,1.8485635097963298
10690,0.007912117395150244,0.001629940042824458,0.5478790059914144,0.043367515928688836,0.007502522292122901,0.5043712465292706,0.061735492602419256,0.0073549662575887265,0.4120429275960071,0.00015727502183299953,0.00015727502183299953,1.8502943745058766
10700,0.007905055791523128,0.0016311405154410678,0.5482825261986782,0.04333278348187551,0.0075084268080811666,0.5047681887785658,0.061698151508051496,0.007361314243631246,0.4123985570661763,0.00015742214533331103,0.00015742214533331103,1.8520252392154237
10710,0.007897998209262182,0.0016323403044254286,0.5486858166135894,0.04329806955123977,0.007514328176289242,0.5051649194144028,0.06166082368223544,0.007367659974019975,0.4127540601691863,0.00015756926883362255,0.00015756926883362255,1.853756103924971
10720,0.007890944649423401,0.0016335394095980213,0.5490888771758055,0.043263374134828794,0.007520226397079108,0.5055614384590996,0.06162350912417845,0.007374003448889664,0.4131094369125862,0.00015771639233393405,0.00015771639233393405,1.8554869686345181
10730,0.007883895113062778,0.001634737830779327,0.5494917078249838,0.04322869723068975,0.007526121470782746,0.5059577459349744,0.06158620783308788,0.007380344668375061,0.41346468730392494,0.00015786351583424555,0.00015786351583424555,1.8572178333440652
10740,0.007876849601236306,0.0016359355677898273,0.5498943085007822,0.04319403883686981,0.007532013397732136,0.5063538418643453,0.06154891980817109,0.007386683632610915,0.4138198113507515,0.00015801063933455707,0.00015801063933455707,1.8589486980536125
10750,0.007869808114999979,0.001637132620450003,0.5502966791428581,0.043159398951416135,0.007537902178259261,0.5067497262695301,0.06151164504863544,0.007393020341731975,0.4141748090606149,0.00015815776283486857,0.00015815776283486857,1.8606795627631594
10760,0.00786277065540979,0.0016383289885803349,0.5506988196908688,0.04312477757237591,0.0075437878126960985,0.5071453991728468,0.06147438355368829,0.007399354795872991,0.4145296804410639,0.00015830488633518006,0.00015830488633518006,1.8624104274727065
10770,0.007855737223521736,0.0016395246720013045,0.551100730084472,0.0430901746977963,0.0075496703013746315,0.5075408605966137,0.061437135322536994,0.007405686995168711,0.4148844254996477,0.00015845200983549159,0.00015845200983549159,1.8641412921822538
10780,0.007848707820391803,0.0016407196705333928,0.5515024102633252,0.04305559032572449,0.007555549644626841,0.5079361105631489,0.061399900354388914,0.0074120169397538845,0.4152390442439151,0.00015859913333580308,0.00015859913333580308,1.8658721568918009
10790,0.007841682447075992,0.001641913983997081,0.5519038601670859,0.04302102445420763,0.007561425842784706,0.5083311490947701,0.061362678648451414,0.007418344629763259,0.4155935366814151,0.00015874625683611458,0.00015874625683611458,1.867603021601348
10800,0.00783466110463029,0.0016431076122128498,0.5523050797354117,0.042986477081292905,0.007567298896180209,0.5087259762137956,0.061325470203931844,0.007424670065331586,0.4159479028196967,0.0001588933803364261,0.0001588933803364261,1.8693338863108953
10810,0.007827643794110696,0.001644300555001181,0.5527060689079599,0.042951948205027485,0.0075731688051453305,0.5091205919425431,0.06128827502003757,0.007430993246593613,0.4163021426663089,0.0001590405038367376,0.0001590405038367376,1.8710647510204421
10820,0.0078206305165732,0.0016454928121825555,0.5531068276243883,0.04291743782345854,0.007579035570012051,0.5095149963033311,0.06125109309597594,0.00743731417368409,0.4166562562288006,0.0001591876273370491,0.0001591876273370491,1.8727956157299892
10830,0.007813621273073796,0.0016466843835774541,0.5535073558243543,0.042882945934633245,0.007584899191112351,0.5099091893184773,0.06121392443095433,0.0074436328467377645,0.4170102435147207,0.00015933475083736062,0.00015933475083736062,1.8745264804395365
10840,0.007806616064668477,0.0016478752690063582,0.5539076534475154,0.04284847253659877,0.007590759668778212,0.5103031710102999,0.06117676902418008,0.007449949265889386,0.41736410453161826,0.00015948187433767211,0.00015948187433767211,1.8762573451490836
10850,0.007799614892413238,0.001649065468289749,0.5543077204335289,0.042814017627402286,0.007596617003341615,0.5106969414011169,0.06113962687486056,0.0074562634312737045,0.41771783928704226,0.0001596289978379836,0.0001596289978379836,1.8779882098586307
10860,0.007792617757364072,0.0016502549812481072,0.5547075567220527,0.04277958120509096,0.00760247119513454,0.5110905005132463,0.06110249798220313,0.007462575343025468,0.4180714477885416,0.00015977612133829513,0.00015977612133829513,1.879719074568178
10870,0.007785624660576971,0.0016514438077019143,0.5551071622527443,0.042745163267711966,0.007608322244488968,0.5114838483690062,0.06106538234541514,0.007468885001279426,0.4184249300436653,0.00015992324483860663,0.00015992324483860663,1.8814499392777249
10880,0.007778635603107931,0.0016526319474716512,0.5555065369652609,0.042710763813312486,0.007614170151736881,0.5118769849907147,0.06102827996370396,0.007475192406170327,0.4187782860599623,0.00016007036833891813,0.00016007036833891813,1.883180803987272
10890,0.007771650586012943,0.001653819400377799,0.5559056807992601,0.04267638283993968,0.007620014917210258,0.5122699104006895,0.06099119083627694,0.007481497557832921,0.4191315158449816,0.00016021749183922965,0.00016021749183922965,1.8849116686968193
10900,0.0077646696103480005,0.0016550061662408393,0.5563045936943998,0.04264202034564072,0.007625856541241081,0.512662624621249,0.06095411496234144,0.0074878004564019555,0.419484619406272,0.00016036461533954115,0.00016036461533954115,1.8866425334063663
10910,0.007757692677169099,0.0016561922448812526,0.5567032755903369,0.04260767632846278,0.00763169502416133,0.5130551276747112,0.06091705234110482,0.007494101102012181,0.4198375967513827,0.00016051173883985264,0.00016051173883985264,1.8883733981159132
10920,0.00775071978753223,0.0016573776361195204,0.5571017264267295,0.04257335078645304,0.007637530366302987,0.513447419583394,0.060880002971774434,0.007500399494798346,0.42019044788786253,0.00016065886234016417,0.00016065886234016417,1.8901042628254607
10930,0.007743750942493388,0.0016585623397761236,0.5574999461432347,0.04253904371765865,0.007643362567998031,0.5138395003696155,0.06084296685355765,0.0075066956348952,0.4205431728232605,0.00016080598584047566,0.00016080598584047566,1.8918351275350076
10940,0.007736786143108565,0.0016597463556715434,0.5578979346795103,0.0425047551201268,0.007649191629578445,0.5142313700556937,0.060805943985661824,0.007512989522437489,0.4208957715651255,0.00016095310934078716,0.00016095310934078716,1.8935659922445547
10950,0.007729825390433756,0.0016609296836262609,0.5582956919752137,0.042470484991904665,0.0076550175513762095,0.5146230286639467,0.06076893436729432,0.007519281157559966,0.4212482441210065,0.00016110023284109868,0.00016110023284109868,1.895296856954102
10960,0.0077228686855249536,0.0016621123234607572,0.5586932179700024,0.04243623333103941,0.0076608403337233046,0.5150144762166926,0.06073193799766248,0.007525570540397379,0.4216005904984526,0.00016124735634141018,0.00016124735634141018,1.897027721663649
10970,0.007715916029438152,0.0016632942749955134,0.5590905126035338,0.0424020001355782,0.00766665997695171,0.5154057127362492,0.06069495487597367,0.007531857671084476,0.4219528107050126,0.0001613944798417217,0.0001613944798417217,1.8987585863731964
10980,0.007708967423229344,0.001664475538051011,0.5594875758154658,0.042367785403568205,0.007672476481393408,0.5157967382449349,0.06065798500143526,0.007538142549756006,0.4223049047482356,0.0001615416033420332,0.0001615416033420332,1.9004894510827435
10990,0.007702022867954523,0.0016656561124477305,0.5598844075454557,0.04233358913305661,0.007678289847380379,0.5161875527650674,0.0606210283732546,0.007544425176546719,0.42265687263567053,0.0001616887268423447,0.0001616887268423447,1.9022203157922903
11000,0.007695082364669682,0.0016668359980061534,0.5602810077331608,0.04229941132209058,0.007684100075244605,0.516578156318965,0.060584084990639046,0.007550705551591362,0.42300871437486626,0.00016183585034265622,0.00016183585034265622,1.9039511805018376
11010,0.007688145914430816,0.0016680151945467606,0.5606773763182388,0.042265251968717284,0.007689907165318064,0.5169685489289454,0.06054715485279596,0.007556983675024687,0.4233604299733718,0.00016198297384296771,0.00016198297384296771,1.9056820452113847
11020,0.0076812135182939174,0.0016691937018900335,0.5610735132403474,0.0422311110709839,0.00769571111793274,0.517358730617327,0.0605102379589327,0.007563259546981441,0.4237120194387362,0.0001621300973432792,0.0001621300973432792,1.9074129099209318
11030,0.007674285177314978,0.001670371519856453,0.5614694184391438,0.0421969886269376,0.007701511933420612,0.5177487014064276,0.060473334308256625,0.007569533167596374,0.42406348277850836,0.00016227722084359073,0.00016227722084359073,1.9091437746304791
11040,0.007667360892549995,0.0016715486482665003,0.5618650918542858,0.042162884634625544,0.007707309612113661,0.5181384613185653,0.060436443899975094,0.007575804537004234,0.42441482000023717,0.00016242434434390223,0.00016242434434390223,1.910874639340026
11050,0.007660440665054958,0.0016727250869406564,0.5622605334254307,0.04212879909209491,0.0077131041543438686,0.5185280103760583,0.06039956673329547,0.00758207365533977,0.42476603111147176,0.00016257146784421373,0.00016257146784421373,1.912605504049573
11060,0.007653524495885863,0.0016739008356994028,0.5626557430922362,0.04209473199739287,0.007718895560443214,0.5189173486012244,0.0603627028074251,0.007588340522737732,0.42511711611976094,0.00016271859134452525,0.00016271859134452525,1.9143363687591204
11070,0.007646612386098702,0.00167507589436322,0.5630507207943596,0.04206068334856661,0.00772468383074368,0.5193064760163817,0.06032585212157136,0.007594605139332869,0.4254680750326537,0.00016286571484483675,0.00016286571484483675,1.9160672334686675
11080,0.007639704336749469,0.0016762502627525894,0.5634454664714587,0.04202665314366327,0.0077304689655772465,0.5196953926438485,0.0602890146749416,0.007600867505259928,0.4258189078576991,0.00016301283834514824,0.00016301283834514824,1.9177980981782146
11090,0.007632800348894158,0.0016774239406879925,0.5638399800631907,0.041992641380730056,0.007736250965275894,0.5200840985059424,0.06025219046674317,0.007607127620653661,0.426169614602446,0.00016315996184545977,0.00016315996184545977,1.9195289628877619
11100,0.007625900423588762,0.0016785969279899098,0.5642342615092134,0.041958648057814116,0.0077420298301716034,0.5204725936249817,0.06021537949618344,0.007613385485648815,0.4265201952744434,0.00016330708534577126,0.00016330708534577126,1.9212598275973087
11110,0.007619004561889273,0.001679769224478823,0.5646283107491842,0.041924673172962626,0.007747805560596357,0.5208608780232844,0.06017858176246976,0.00761964110038014,0.42687064988124035,0.00016345420884608276,0.00016345420884608276,1.9229906923068558
11120,0.007612112764851686,0.0016809408299752126,0.5650221277227605,0.04189071672422277,0.007753578156882133,0.5212489517231685,0.060141797264809504,0.007625894464982384,0.42722097843038565,0.00016360133234639428,0.00016360133234639428,1.9247215570164031
11130,0.007605225033531995,0.0016821117442995602,0.5654157123696,0.0418567787096417,0.007759347619360915,0.5216368147469522,0.06010502600241002,0.007632145579590297,0.42757118092942836,0.00016374845584670578,0.00016374845584670578,1.9264524217259502
11140,0.007598341368986192,0.0016832819672723469,0.5658090646293602,0.041822859127266604,0.007765113948364681,0.5220244671169533,0.060068267974478666,0.007638394444338627,0.42792125738591746,0.0001638955793470173,0.0001638955793470173,1.9281832864354975
11150,0.007591461772270271,0.0016844514987140533,0.5662021844416986,0.04178895797514464,0.0077708771442254135,0.5224119088554899,0.060031523180222805,0.0076446410593621235,0.4282712078074019,0.0001640427028473288,0.0001640427028473288,1.9299141511450446
11160,0.007584586244440225,0.001685620338445161,0.5665950717462727,0.04175507525132299,0.007776637207275094,0.5227991399848801,0.05999479161884979,0.007650885424795536,0.4286210322014306,0.0001641898263476403,0.0001641898263476403,1.9316450158545915
11170,0.007577714786552048,0.0016867884862861514,0.56698772648274,0.04172121095384883,0.007782394137845702,0.523186160527442,0.05995807328956698,0.007657127540773613,0.4289707305755526,0.0001643369498479518,0.0001643369498479518,1.9333758805641386
11180,0.007570847399661733,0.0016879559420575048,0.5673801485907579,0.04168736508076932,0.007788147936269218,0.5235729705054936,0.05992136819158174,0.0076633674074311035,0.42932030293731677,0.00016448407334826331,0.00016448407334826331,1.9351067452736859
11190,0.007563984084825274,0.0016891227055797029,0.5677723380099842,0.04165353763013164,0.007793898602877624,0.5239595699413528,0.05988467632410143,0.007669605024902757,0.4296697492942721,0.0001646311968485748,0.0001646311968485748,1.936837609983233
11200,0.007557124843098663,0.0016902887766732265,0.5681642946800761,0.041619728599982954,0.007799646138002901,0.5243459588573378,0.0598479976863334,0.007675840393323322,0.4300190696539676,0.00016477832034888633,0.00016477832034888633,1.9385684746927803
11210,0.007550269675537896,0.001691454155158557,0.5685560185406914,0.04158593798837043,0.007805390541977029,0.5247321372757666,0.059811332277485016,0.007682073512827548,0.4303682640239523,0.00016492544384919783,0.00016492544384919783,1.9402993394023273
11220,0.0075434185831989645,0.0016926188408561754,0.5689475095314875,0.041552165793341256,0.007811131815131989,0.5251181052189572,0.059774680096763635,0.007688304383550183,0.43071733241177496,0.00016507256734950933,0.00016507256734950933,1.9420302041118742
11230,0.007536571567137862,0.0016937828335865629,0.569338767592122,0.041518412012942596,0.007816869957799762,0.5255038627092277,0.05973804114337661,0.007694533005625976,0.43106627482498466,0.00016521969084982085,0.00016521969084982085,1.9437610688214215
11240,0.007529728628410582,0.0016949461331702005,0.5697297926622522,0.04148467664522162,0.007822604970312329,0.525889409768896,0.0597014154165313,0.007700759379189678,0.4314150912711304,0.00016536681435013235,0.00016536681435013235,1.9454919335309686
11250,0.007522889768073119,0.0016961087394275693,0.5701205846815358,0.04145095968822549,0.00782833685300167,0.5262747464202802,0.059664802915435085,0.007706983504376036,0.4317637817577612,0.00016551393785044384,0.00016551393785044384,1.9472227982405157
11260,0.0075160549871814645,0.0016972706521791504,0.5705111435896303,0.041417261140001396,0.007834065606199765,0.5266598726856984,0.0596282036392953,0.007713205381319799,0.43211234629242573,0.00016566106135075537,0.00016566106135075537,1.948953662950063
11270,0.007509224286791613,0.001698431871245425,0.5709014693261932,0.0413835809985965,0.007839791230238598,0.5270447885874687,0.059591617587319304,0.0077194250101557185,0.43246078488267337,0.00016580818485106686,0.00016580818485106686,1.95068452765961
11280,0.007502397667959559,0.0016995923964468742,0.571291561830882,0.04134991926205797,0.007845513725450148,0.5274294941479091,0.05955504475871447,0.00772564239101854,0.43280909753605273,0.00016595530835137836,0.00016595530835137836,1.952415392369157
11290,0.007495575131741295,0.0017007522276039793,0.5716814210433543,0.04131627592843299,0.007851233092166395,0.5278139893893374,0.05951848515268815,0.007731857524043015,0.4331572842601129,0.00016610243185168988,0.00016610243185168988,1.9541462570787043
11300,0.007488756679192814,0.0017019113645372211,0.5720710469032676,0.04128265099576872,0.00785694933071932,0.5281982743340718,0.0594819387684477,0.007738070409363891,0.4335053450624029,0.00016624955535200138,0.00016624955535200138,1.9558771217882513
11310,0.0074819423113701095,0.001703069807067081,0.5724604393502792,0.04124904446211233,0.007862662441440906,0.5285823490044306,0.05944540560520048,0.007744281047115918,0.4338532799504716,0.00016639667885231287,0.00016639667885231287,1.9576079864977984
11320,0.007475132029329175,0.0017042275550140395,0.5728495983240469,0.04121545632551101,0.007868372424663131,0.5289662134227314,0.059408885662153854,0.007750489437433845,0.43420108893186815,0.0001665438023526244,0.0001665438023526244,1.9593388512073457
11330,0.007468325834126004,0.0017053846081985786,0.5732385237642281,0.04118188658401191,0.007874079280717977,0.5293498676112925,0.05937237893851517,0.0077566955804524215,0.43454877201414127,0.0001666909258529359,0.0001666909258529359,1.9610697159168928
11340,0.007461523726816591,0.001706540966441179,0.5736272156104802,0.04114833523566221,0.007879783009937427,0.529733311592432,0.059335885433491796,0.007762899476306395,0.43489632920484006,0.0001668380493532474,0.0001668380493532474,1.9628005806264397
11350,0.007454725708456927,0.0017076966295623216,0.574015673802461,0.04111480227850909,0.007885483612653458,0.5301165453884678,0.05929940514629109,0.007769101125130515,0.4352437605115134,0.00016698517285355891,0.00016698517285355891,1.964531445335987
11360,0.007447931780103008,0.001708851597382488,0.5744038982798279,0.04108128771059971,0.007891181089198052,0.5304995690217177,0.05926293807612041,0.00777530052705953,0.43559106594171043,0.0001671322963538704,0.0001671322963538704,1.966262310045534
11370,0.007441141942810826,0.001710005869722159,0.5747918889822383,0.04104779152998124,0.007896875439903191,0.5308823825145003,0.05922648422218711,0.0077814976822281915,0.4359382455029799,0.0001672794198541819,0.0001672794198541819,1.9679931747550812
11380,0.007434356197636375,0.0017111594464018155,0.5751796458493497,0.04101431373470086,0.007902566665100856,0.5312649858891331,0.05919004358369856,0.007787692590771246,0.43628529920287096,0.00016742654335449343,0.00016742654335449343,1.9697240394646285
11390,0.007427574545635647,0.0017123123272419394,0.5755671688208199,0.040980854322805745,0.007908254765123027,0.5316473791679346,0.0591536161598621,0.007793885252823443,0.4366322270489324,0.00016757366685480493,0.00016757366685480493,1.9714549041741756
11400,0.007420796987864638,0.001713464512063011,0.5759544578363062,0.040947413292343054,0.007913939740301685,0.5320295623732225,0.05911720194988511,0.0078000756685195315,0.4369790290487133,0.00016772079035511642,0.00016772079035511642,1.9731857688837224
11410,0.0074140235253793395,0.0017146160006855117,0.5763415128354661,0.04091399064135996,0.007919621590968809,0.5324115355273148,0.05908080095297493,0.007806263837994262,0.4373257052097625,0.00016786791385542795,0.00016786791385542795,1.9749166335932697
11420,0.007407254159235745,0.0017157667929299228,0.5767283337579572,0.04088058636790365,0.007925300317456384,0.5327932986525299,0.05904441316833894,0.007812449761382382,0.43767225553962924,0.00016801503735573944,0.00016801503735573944,1.9766474983028168
11430,0.007400488890489849,0.001716916888616725,0.5771149205434369,0.04084720047002128,0.007930975920096386,0.5331748517711855,0.05900803859518447,0.00781863343881864,0.43801868004586214,0.00016816216085605094,0.00016816216085605094,1.978378363012364
11440,0.007393727720197644,0.0017180662875664,0.577501273131563,0.04081383294576003,0.007936648399220798,0.5335561949055998,0.05897167723271891,0.007824814870437785,0.4383649787360104,0.00016830928435636246,0.00016830928435636246,1.9801092277219112
11450,0.007386970649415123,0.0017192149895994284,0.5778873914619926,0.04078048379316706,0.007942317755161602,0.5339373280780908,0.0589353290801496,0.007830994056374569,0.4387111516176229,0.00016845640785667396,0.00016845640785667396,1.981840092431458
11460,0.007380217679198281,0.0017203629945362917,0.5782732754743838,0.040747153010289555,0.007947983988250779,0.5343182513109767,0.058898994136683896,0.007837170996763738,0.43905719869824866,0.00016860353135698546,0.00016860353135698546,1.9835709571410052
11470,0.00737346881060311,0.0017215103021974707,0.5786589251083935,0.04071384059517468,0.007953647098820307,0.5346989646265753,0.05886267240152917,0.007843345691740042,0.4394031199854365,0.00016875065485729698,0.00016875065485729698,1.9853018218505525
11480,0.007366724044685604,0.0017226569124034466,0.5790443403036795,0.04068054654586961,0.00795930708720217,0.5350794680472046,0.05882636387389277,0.007849518141438229,0.43974891548673556,0.00016889777835760847,0.00016889777835760847,1.9870326865600996
11490,0.007359983382501757,0.0017238028249747007,0.5794295209998993,0.04064727086042152,0.007964963953728345,0.5354597615951828,0.058790068552982064,0.00785568834599305,0.44009458520969463,0.00016904490185791997,0.00016904490185791997,1.9887635512696467
11500,0.007353246825107561,0.001724948039731714,0.5798144671367106,0.04061401353687757,0.007970617698730816,0.5358398452928278,0.0587537864380044,0.007861856305539252,0.44044012916186287,0.0001691920253582315,0.0001691920253582315,1.990494415979194
11510,0.007346514373559011,0.0017260925564949675,0.5801991786537706,0.04058077457328494,0.007976268322541563,0.5362197191624579,0.058717517528167146,0.007868022020211585,0.44078554735078906,0.000169339148858543,0.000169339148858543,1.9922252806887408
11520,0.007339786028912099,0.0017272363750849423,0.5805836554907369,0.0405475539676908,0.007981915825492568,0.536599383226391,0.05868126182267766,0.007874185490144799,0.44113083978402234,0.0001694862723588545,0.0001694862723588545,1.993956145398288
11530,0.0073330617922228196,0.00172837949532212,0.5809678975872672,0.04051435171814232,0.007987560207915809,0.5369788375069451,0.05864501932074329,0.00788034671547364,0.4414760064691115,0.000169633395859166,0.000169633395859166,1.9956870101078352
11540,0.007326341664547166,0.0017295219170269812,0.5813519048830189,0.040481167822686674,0.007993201470143268,0.5373580820264381,0.05860879002157141,0.00788650569633286,0.4418210474136056,0.0001697805193594775,0.0001697805193594775,1.9974178748173823
11550,0.007319625646941131,0.0017306636400200072,0.5817356773176494,0.04044800227937104,0.007998839612506928,0.5377371168071883,0.058572573924369375,0.007892662432857207,0.4421659626250536,0.00016992764285978903,0.00016992764285978903,1.9991487395269296
11560,0.007312913740460708,0.001731804664121679,0.5821192148308164,0.04041485508624257,0.008004474635338767,0.5381159418715136,0.05853637102834453,0.00789881692518143,0.4425107521110045,0.00017007476636010053,0.00017007476636010053,2.0008796042364767
11570,0.0073062059461618915,0.0017329449891524777,0.5825025173621774,0.04038172624134845,0.008010106538970767,0.5384945572417321,0.05850018133270425,0.007904969173440277,0.4428554158790071,0.00017022188986041202,0.00017022188986041202,2.0026104689460236
11580,0.007299502265100673,0.0017340846149328849,0.5828855848513899,0.040348615742735856,0.008015735323734908,0.5388729629401618,0.05846400483665589,0.007911119177768499,0.44319995393661055,0.00017036901336072355,0.00017036901336072355,2.004341333655571
11590,0.007292802698333049,0.0017352235412833811,0.5832684172381112,0.040315523588451946,0.008021360989963172,0.5392511589891207,0.058427841539406805,0.007917266938300844,0.4435443662913638,0.00017051613686103504,0.00017051613686103504,2.006072198365118
11600,0.00728610724691501,0.0017363617680244477,0.5836510144619992,0.040282449776543904,0.00802698353798754,0.539629145410927,0.05839169144016436,0.00792341245517206,0.44388865295081564,0.00017066326036134654,0.00017066326036134654,2.007803063074665
11610,0.007279415911902551,0.0017374992949765657,0.5840333764627111,0.040249394305058896,0.00803260296813999,0.5400069222278985,0.0583555545381359,0.007929555728516897,0.4442328139225153,0.00017081038386165806,0.00017081038386165806,2.0095339277842124
11620,0.007272728694351664,0.0017386361219602164,0.5844155031799046,0.040216357172044095,0.008038219280752507,0.5403844894623533,0.058319430832528794,0.007935696758470105,0.44457684921401147,0.00017095750736196956,0.00017095750736196956,2.0112647924937592
11630,0.007266045595318344,0.001739772248795881,0.5847973945532372,0.04018333837554667,0.00804383247615707,0.5407618471366096,0.0582833203225504,0.00794183554516643,0.44492075883285326,0.00017110463086228106,0.00017110463086228106,2.0129956572033065
11640,0.0072593666158585835,0.0017409076753040402,0.5851790505223664,0.04015033791361379,0.008049442554685659,0.5411389952729854,0.05824722300740809,0.007947972088740625,0.44526454278658967,0.00017125175436259258,0.00017125175436259258,2.014726521912854
11650,0.007252691757028376,0.0017420424013051754,0.5855604710269496,0.04011735578429264,0.008055049516670255,0.5415159338937986,0.058211138886309195,0.007954106389327437,0.4456082010827696,0.00017139887786290407,0.00017139887786290407,2.0164573866224007
11660,0.007246021019883716,0.0017431764266197677,0.5859416560066446,0.04008439198563037,0.008060653362442839,0.5418926630213672,0.05817506795846109,0.007960238447061615,0.44595173372894203,0.00017154600136321557,0.00017154600136321557,2.0181882513319476
11670,0.007239354405480595,0.0017443097510682981,0.5863226054011086,0.04005144651567418,0.008066254092335393,0.5422691826780096,0.058139010223071136,0.007966368262077906,0.4462951407326558,0.0001716931248635271,0.0001716931248635271,2.019919116041495
11680,0.0072326919148750085,0.0017454423744712479,0.5867033191499992,0.040018519372471216,0.008071851706679897,0.5426454928860434,0.05810296567934669,0.007972495834511064,0.4466384221014602,0.0001718402483638386,0.0001718402483638386,2.021649980751042
11690,0.007226033549122948,0.0017465742966490982,0.5870837971929741,0.03998561055406866,0.00807744620580833,0.5430215936677869,0.0580669343264951,0.007978621164495832,0.44698157784290377,0.0001719873718641501,0.0001719873718641501,2.023380845460589
11700,0.007219379309280409,0.0017477055174223298,0.5874640394696906,0.039952720058513684,0.008083037590052676,0.543397485045558,0.05803091616372374,0.007984744252166965,0.4473246079645359,0.0001721344953644616,0.0001721344953644616,2.0251117101701364
11710,0.0072127291964033825,0.0017488360366114243,0.5878440459198064,0.039919847883853464,0.008088625859744914,0.5437731670416749,0.05799491119023996,0.007990865097659207,0.4476675124739051,0.0001722816188647731,0.0001722816188647731,2.0268425748796837
11720,0.007206083211547865,0.0017499658540368625,0.588223816482979,0.039886994028135156,0.008094211015217026,0.5441486396784555,0.05795891940525112,0.00799698370110731,0.4480102913785608,0.00017242874236508463,0.00017242874236508463,2.028573439589231
11730,0.007199441355769846,0.0017510949695191255,0.5886033510988656,0.03985415848940595,0.008099793056800992,0.5445239029782178,0.05792294080796458,0.008003100062646021,0.4483529446860516,0.00017257586586539613,0.00017257586586539613,2.030304304298778
11740,0.007192803630125322,0.0017522233828786947,0.5889826497071242,0.03982134126571301,0.008105371984828792,0.5448989569632801,0.057886975397587706,0.008009214182410091,0.44869547240392665,0.00017272298936570762,0.00017272298936570762,2.0320351690083247
11750,0.007186170035670286,0.001753351093936051,0.5893617122474121,0.0397885423551035,0.008110947799632407,0.5452738016559602,0.05785102317332784,0.008015326060534268,0.4490378745397349,0.00017287011286601915,0.00017287011286601915,2.033766033717872
11760,0.007179540573460729,0.0017544781025116754,0.5897405386593867,0.039755761755624605,0.00811652050154382,0.5456484370785761,0.05781508413439235,0.0080214356971533,0.4493801511010253,0.00017301723636633064,0.00017301723636633064,2.0354968984274193
11770,0.007172915244552648,0.0017556044084260493,0.5901191288827056,0.03972299946532349,0.00812209009089501,0.5460228632534461,0.0577791582799886,0.008027543092401938,0.4497223020953467,0.00017316435986664214,0.00017316435986664214,2.037227763136966
11780,0.007166294050002034,0.0017567300114996534,0.5904974828570263,0.039690255482247326,0.008127656568017958,0.5463970802028878,0.05774324560932394,0.008033648246414931,0.4500643275302482,0.00017331148336695366,0.00017331148336695366,2.0389586278465135
11790,0.007159676990864882,0.0017578549115529695,0.5908756005220065,0.03965752980444329,0.008133219933244645,0.5467710879492198,0.05770734612160573,0.008039751159327027,0.45040622741327885,0.00017345860686726516,0.00017345860686726516,2.0406894925560604
11800,0.007153064068197184,0.0017589791084064782,0.5912534818173035,0.03962482242995854,0.00813878018690705,0.5471448865147596,0.05767145981604133,0.008045851831272974,0.4507480017519873,0.00017360573036757666,0.00017360573036757666,2.0424203572656077
11810,0.007146455283054934,0.0017601026018806607,0.591631126682575,0.03959213335684027,0.008144337329337158,0.5475184759218257,0.0576355866918381,0.008051950262387522,0.4510896505539228,0.00017375285386788818,0.00017375285386788818,2.044151221975155
11820,0.007139850636494125,0.0017612253917959981,0.5920085350574783,0.03955946258313562,0.008149891360866947,0.5478918561927358,0.057599726748203406,0.008058046452805421,0.4514311738266343,0.00017389997736819967,0.00017389997736819967,2.045882086684702
11830,0.0071332501295707515,0.0017623474779729716,0.5923857068816711,0.039526810106891797,0.008155442281828398,0.5482650273498082,0.0575638799843446,0.008064140402661419,0.4517725715776705,0.00017404710086851117,0.00017404710086851117,2.0476129513942487
11840,0.0071266537633408065,0.0017634688602320623,0.5927626420948108,0.03949417592615595,0.008160990092553493,0.5486379894153608,0.057528046399469034,0.008070232112090264,0.4521138438145806,0.0001741942243688227,0.0001741942243688227,2.0493438161037965
11850,0.007120061538860283,0.0017645895383937512,0.5931393406365549,0.03946156003897525,0.00816653479337421,0.5490107424117115,0.05749222599278407,0.008076321581226708,0.45245499054491367,0.0001743413478691342,0.0001743413478691342,2.0510746808133433
11860,0.007113473457185175,0.0017657095122785198,0.5935158024465612,0.03942896244339689,0.008172076384622532,0.5493832863611785,0.05745641876349708,0.008082408810205496,0.45279601177621825,0.0001744884713694457,0.0001744884713694457,2.05280554552289
11870,0.0071068895193714746,0.0017668287817068488,0.593892027464487,0.039396383137468016,0.00817761486663044,0.54975562128608,0.05742062471081541,0.008088493799161382,0.45313690751604385,0.0001746355948697572,0.0001746355948697572,2.0545364102324375
11880,0.007100309726475176,0.0017679473464992193,0.5942680156299897,0.03936382211923581,0.008183150239729915,0.5501277472087337,0.05738484383394641,0.00809457654822911,0.4534776777719389,0.0001747827183700687,0.0001747827183700687,2.056267274941985
11890,0.007093734079552274,0.0017690652064761127,0.5946437668827269,0.03933127938674745,0.008188682504252937,0.5504996641514579,0.05734907613209746,0.008100657057543433,0.4538183225514528,0.0001749298418703802,0.0001749298418703802,2.0579981396515317
11900,0.00708716257965876,0.0017701823614580101,0.5950192811623564,0.0392987549380501,0.008194211660531487,0.5508713721365704,0.05731332160447591,0.008106735327239096,0.45415884186213423,0.00017507696537069173,0.00017507696537069173,2.059729004361079
11910,0.007080595227850629,0.0017712988112653925,0.5953945584085353,0.03926624877119093,0.008199737708897545,0.5512428711863895,0.05727758025028911,0.008112811357450851,0.4544992357115323,0.00017522408887100322,0.00017522408887100322,2.061459869070626
11920,0.007074032025183873,0.001772414555718741,0.5957695985609213,0.039233760884217116,0.008205260649683093,0.551614161323233,0.05724185206874443,0.008118885148313446,0.45483950410719587,0.00017537121237131472,0.00017537121237131472,2.063190733780173
11930,0.007067472972714487,0.0017735295946385366,0.5961444015591719,0.03920129127517583,0.008210780483220112,0.5519852425694193,0.05720613705904923,0.008124956699961631,0.455179647056674,0.00017551833587162624,0.00017551833587162624,2.0649215984897205
11940,0.007060918071498463,0.0017746439278452607,0.5965189673429447,0.039168839942114245,0.008216297209840582,0.5523561149472659,0.057170435220410855,0.008131026012530155,0.4555196645675157,0.00017566545937193774,0.00017566545937193774,2.0666524631992673
11950,0.007054367322591794,0.0017757575551593944,0.5968932958518972,0.039136406883079525,0.008221810829876485,0.5527267784790914,0.05713474655203668,0.008137093086153764,0.45585955664726974,0.00017581258287224924,0.00017581258287224924,2.068383327908814
11960,0.007047820727050476,0.0017768704764014184,0.5972673870256868,0.039103992096118846,0.0082273213436598,0.5530972331872133,0.057099071053134054,0.008143157920967212,0.4561993233034852,0.00017595970637256076,0.00017595970637256076,2.070114192618362
11970,0.0070412782859305,0.0017779826913918142,0.5976412408039712,0.03907159557927938,0.008232828751522508,0.55346747909395,0.05706340872291034,0.008149220517105243,0.4565389645437111,0.00017610682987287226,0.00017610682987287226,2.071845057327909
11980,0.007034740000287861,0.001779094199951063,0.5980148571264077,0.039039217330608306,0.008238333053796591,0.5538375162216195,0.05702775956057289,0.00815528087470261,0.45687848037549633,0.00017625395337318375,0.00017625395337318375,2.0735759220374557
11990,0.007028205871178551,0.0017802050018996458,0.598388235932654,0.039006857348152776,0.008243834250814031,0.5542073445925398,0.05699212356532907,0.008161338993894058,0.45721787080638987,0.00017640107687349527,0.00017640107687349527,2.075306786747003
12000,0.007021675899658564,0.0017813150970580436,0.5987613771623675,0.03897451562995998,0.008249332342906805,0.5545769642290289,0.05695650073638624,0.00816739487481434,0.4575571358439407,0.00017654820037380677,0.00017654820037380677,2.0770376514565503
12010,0.007015150086783894,0.0017824244852467374,0.5991342807552058,0.03894219217407709,0.008254827330406897,0.5549463751534047,0.05692089107295175,0.008173448517598204,0.45789627549569767,0.00017669532387411827,0.00017669532387411827,2.078768516166097
12020,0.007008628433610533,0.0017835331662862087,0.5995069466508264,0.038909886978551265,0.008260319213646289,0.5553155773879856,0.05688529457423296,0.008179499922380396,0.45823528976920985,0.0001768424473744298,0.0001768424473744298,2.0804993808756445
12030,0.007002110941194476,0.0017846411399969383,0.5998793747888868,0.038877600041429684,0.008265807992956956,0.5556845709550894,0.056849711239437245,0.008185549089295668,0.45857417867202627,0.0001769895708747413,0.0001769895708747413,2.0822302455851913
12040,0.006995597610591716,0.0017857484061994076,0.6002515651090445,0.038845331360759516,0.008271293668670885,0.5560533558770343,0.056814141067771946,0.00819159601847877,0.45891294221169576,0.00017713669437505278,0.00017713669437505278,2.0839611102947386
12050,0.006989088442858246,0.0017868549647140975,0.6006235175509571,0.038813080934587935,0.008276776241120054,0.556421932176138,0.05677858405844442,0.008197640710064449,0.4592515803957674,0.0001772838178753643,0.0001772838178753643,2.085691975004286
12060,0.00698258343905006,0.0017879608153614892,0.6009952320542821,0.03878084876096211,0.008282255710636444,0.556790299874719,0.056743040210662045,0.008203683164187452,0.45959009323178995,0.0001774309413756758,0.0001774309413756758,2.087422839713833
12070,0.006976082600223151,0.0017890659579620637,0.6013667085586768,0.038748634837929216,0.008287732077552035,0.5571584589950948,0.05670750952363216,0.008209723380982532,0.45992848072731274,0.0001775780648759873,0.0001775780648759873,2.0891537044233797
12080,0.006969585927433512,0.0017901703923363023,0.601737947003799,0.038716439163536426,0.00829320534219881,0.5575264095595839,0.056671991996562136,0.008215761360584438,0.4602667428898845,0.00017772518837629882,0.00017772518837629882,2.090884569132927
12090,0.0069630934217371375,0.001791274118304686,0.6021089473293062,0.03868426173583091,0.008298675504908749,0.557894151590504,0.056636487628659325,0.008221797103127915,0.4606048797270541,0.00017787231187661032,0.00017787231187661032,2.0926154338424743
12100,0.006956605084190021,0.0017923771356876958,0.6024797094748556,0.03865210255285983,0.008304142566013832,0.5582616851101735,0.05660099641913109,0.008227830608747714,0.4609428912463705,0.00017801943537692182,0.00017801943537692182,2.094346298552021
12110,0.006950120915848153,0.0017934794443058132,0.6028502333801052,0.03861996161267037,0.008309606525846041,0.5586290101409103,0.05656551836718479,0.008233861877578586,0.461280777455383,0.00017816655887723334,0.00017816655887723334,2.0960771632615685
12120,0.006943640917767531,0.0017945810439795192,0.6032205189847123,0.0385878389133097,0.008315067384737355,0.5589961267050323,0.056530053472027775,0.008239890909755278,0.4616185383616402,0.00017831368237754484,0.00017831368237754484,2.0978080279711158
12130,0.006937165091004147,0.0017956819345292946,0.6035905662283343,0.03855573445282498,0.008320525143019755,0.5593630348248573,0.05649460173286742,0.00824591770541254,0.46195617397269134,0.00017846080587785636,0.00017846080587785636,2.099538892680663
12140,0.006930693436613993,0.0017967821157756207,0.6039603750506287,0.0385236482292634,0.008325979801025224,0.5597297345227041,0.056459163148911064,0.00825194226468512,0.4622936842960851,0.00017860792937816786,0.00017860792937816786,2.10126975739021
12150,0.006924225955653064,0.0017978815875389787,0.6043299453912533,0.03849158024067212,0.008331431359085742,0.5600962258208901,0.05642373771936608,0.008257964587707766,0.4626310693393706,0.00017875505287847935,0.00017875505287847935,2.103000622099757
12160,0.0069177626491773525,0.0017989803496398496,0.6046992771898654,0.038459530485098314,0.00833687981753329,0.5604625087417336,0.05638832544343983,0.008263984674615229,0.46296832911009683,0.00017890217637879087,0.00017890217637879087,2.104731486809304
12170,0.006911303518242852,0.0018000784018987145,0.6050683703861225,0.038427498960589154,0.008342325176699847,0.5608285833075527,0.056352926320339655,0.008270002525542258,0.4633054636158127,0.00017904929987910237,0.00017904929987910237,2.1064623515188514
12180,0.0069048485639055576,0.0018011757441360548,0.6054372249196822,0.03839548566519181,0.008347767436917394,0.561194449540665,0.05631754034927293,0.008276018140623601,0.4636424728640673,0.0001791964233794139,0.0001791964233794139,2.1081932162283987
12190,0.0068983977872214605,0.0018022723761723512,0.605805840730202,0.03836349059695346,0.008353206598517914,0.561560107463389,0.05628216752944701,0.008282031519994008,0.46397935686240943,0.0001793435468797254,0.0001793435468797254,2.1099240809379456
12200,0.0068919511892465545,0.0018033682978280852,0.6061742177573395,0.03833151375392126,0.008358642661833388,0.5619255570980428,0.05624680786006925,0.008288042663788228,0.46431611561838815,0.0001794906703800369,0.0001794906703800369,2.1116549456474925
12210,0.006885508771036834,0.0018044635089237374,0.606542355940752,0.038299555134142405,0.008364075627195794,0.562290798466944,0.056211461340347005,0.008294051572141008,0.4646527491395523,0.0001796377938803484,0.0001796377938803484,2.1133858103570398
12220,0.006879070533648292,0.0018055580092797897,0.6069102552200973,0.03826761473566405,0.008369505494937115,0.562655831592411,0.05617612796948765,0.008300058245187099,0.46498925743345093,0.00017978491738065988,0.00017978491738065988,2.1151166750665866
12230,0.006872636478136922,0.0018066517987167226,0.6072779155350327,0.03823569255653336,0.008374932265389332,0.5630206564967617,0.05614080774669853,0.00830606268306125,0.465325640507633,0.0001799320408809714,0.0001799320408809714,2.116847539776134
12240,0.0068662066055587175,0.0018077448770550174,0.6076453368252159,0.038203788594797526,0.008380355938884424,0.5633852732023141,0.056105500671187004,0.00831206488589821,0.4656618983696476,0.00018007916438128293,0.00018007916438128293,2.1185784044856812
12250,0.006859780916969671,0.0018088372441151552,0.6080125190303042,0.03817190284850371,0.008385776515754373,0.5637496817313864,0.056070206742160435,0.008318064853832727,0.4659980310270435,0.00018022628788159442,0.00018022628788159442,2.1203092691952286
12260,0.006853359413425778,0.0018099288997176172,0.6083794620899553,0.03814003531569908,0.008391193996331158,0.5641138821062963,0.05603492595882618,0.00832406258699955,0.4663340384873697,0.00018037341138190592,0.00018037341138190592,2.1220401339047754
12270,0.00684694209598303,0.0018110198436828843,0.6087461659438266,0.03810818599443082,0.008396608380946764,0.5644778743493621,0.055999658320391596,0.008330058085533429,0.4666699207581753,0.00018052053488221744,0.00018052053488221744,2.1237709986143227
12280,0.006840528965697421,0.001812110075831438,0.6091126305315757,0.03807635488274609,0.008402019669933168,0.5648416584829019,0.055964403826064046,0.008336051349569112,0.4670056778470091,0.00018066765838252894,0.00018066765838252894,2.1255018633238696
12290,0.006834120023624944,0.001813199595983759,0.6094788557928601,0.03804454197869206,0.008407427863622353,0.5652052345292337,0.05592916247505089,0.00834204237924135,0.4673413097614201,0.00018081478188284044,0.00018081478188284044,2.127232728033417
12300,0.006827715270821592,0.0018142884039603286,0.6098448416673373,0.03801274728031591,0.008412832962346298,0.5655686025106755,0.05589393426655948,0.008348031174684889,0.46767681650895737,0.00018096190538315196,0.00018096190538315196,2.128963592742964
12310,0.006821314708343362,0.001815376499581628,0.6102105880946649,0.037980970785664814,0.008418234966436984,0.5659317624495451,0.05585871919979718,0.008354017736034478,0.46801219809716965,0.00018110902888346345,0.00018110902888346345,2.130694457452511
12320,0.006814918337246242,0.0018164638826681382,0.6105760950145002,0.03794921249278593,0.008423633876226395,0.5662947143681609,0.05582351727397135,0.008360002063424871,0.46834745453360627,0.00018125615238377495,0.00018125615238377495,2.132425322162058
12330,0.00680852615858623,0.0018175505530403403,0.6109413623665009,0.03791747239972644,0.008429029692046508,0.5666574582888408,0.055788328488289345,0.008365984156990811,0.46868258582581573,0.00018140327588408647,0.00018140327588408647,2.1341561868716052
12340,0.006802138173419316,0.0018186365105187156,0.6113063900903245,0.03788575050453352,0.008434422414229304,0.5670199942339027,0.055753152841958524,0.008371964016867052,0.46901759198134746,0.00018155039938439797,0.00018155039938439797,2.1358870515811526
12350,0.0067957543828014964,0.0018197217549237449,0.6116711781256285,0.03785404680525433,0.008439812043106768,0.567382322225665,0.05571799033418624,0.00837794164318834,0.4693524730077501,0.00018169752288470947,0.00018169752288470947,2.1376179162906994
12360,0.006789374787788762,0.0018208062860759098,0.6120357264120705,0.03782236129993605,0.008445198579010875,0.5677444422864453,0.05568284096417987,0.008383917036089423,0.46968722891257264,0.000181844646385021,0.000181844646385021,2.1393487810002467
12370,0.006782999389437109,0.0018218901037956908,0.6124000348893078,0.03779069398662584,0.00845058202227361,0.568106354438562,0.055647704731146753,0.008389890195705052,0.47002185970336424,0.0001819917698853325,0.0001819917698853325,2.141079645709794
12380,0.006776628188802527,0.0018229732079035697,0.6127641034969982,0.03775904486337088,0.008455962373226954,0.568468058704333,0.055612581634294264,0.008395861122169977,0.4703563653876737,0.00018213889338564398,0.00018213889338564398,2.142810510419341
12390,0.0067702611869410135,0.001824055598220027,0.613127932174799,0.03772741392821835,0.008461339632202884,0.5688295551060761,0.05557747167282975,0.008401829815618943,0.47069074597305005,0.0001822860168859555,0.0001822860168859555,2.144541375128888
12400,0.00676389838490856,0.0018251372745655442,0.6134915208623677,0.03769580117921541,0.008466713799533385,0.5691908436661098,0.055542374845960564,0.008407796276186704,0.47102500146704224,0.000182433140386267,0.000182433140386267,2.146272239838435
12410,0.00675753978376116,0.0018262182367606023,0.6138548694993621,0.03766420661440923,0.008472084875550434,0.5695519244067517,0.05550729115289409,0.008413760504008005,0.47135913187719913,0.0001825802638865785,0.0001825802638865785,2.1480031045479824
12420,0.006751185384554806,0.0018272984846256822,0.6142179780254394,0.037632630231846986,0.008477452860586014,0.5699127973503201,0.05547222059283766,0.008419722499217599,0.47169313721107,0.00018272738738689002,0.00018272738738689002,2.1497339692575297
12430,0.006744835188345493,0.0018283780179812654,0.6145808463802572,0.037601072029575855,0.008482817754972108,0.5702734625191332,0.055437163164998644,0.008425682261950231,0.47202701747620346,0.00018287451088720152,0.00018287451088720152,2.1514648339670766
12440,0.0067384891961892145,0.001829456836647833,0.6149434745034732,0.037569532005643,0.008488179559040692,0.5706339199355086,0.055402118868584406,0.008431639792340651,0.4723607726801485,0.00018302163438751302,0.00018302163438751302,2.1531956986766234
12450,0.0067321474091419625,0.0018305349404458657,0.6153058623347447,0.0375380101580956,0.00849353827312375,0.5709941696217645,0.0553670877028023,0.00843759509052361,0.4726944028304544,0.00018316875788782454,0.00018316875788782454,2.1549265633861707
12460,0.006725809828259731,0.001831612329195845,0.6156680098137294,0.03750650648498083,0.008498893897553263,0.5713542116002193,0.055332069666859676,0.008443548156633856,0.47302790793466976,0.00018331588138813604,0.00018331588138813604,2.156657428095718
12470,0.0067194764545985145,0.001832689002718252,0.6160299168800847,0.03747502098434584,0.008504246432661209,0.5717140458931904,0.055297064759963904,0.008449498990806137,0.47336128800034377,0.00018346300488844753,0.00018346300488844753,2.158388292805265
12480,0.006713147289214305,0.0018337649608335675,0.616391583473468,0.03744355365423782,0.008509595878779573,0.5720736725229965,0.055262072981322345,0.008455447593175201,0.4736945430350253,0.00018361012838875905,0.00018361012838875905,2.160119157514812
12490,0.0067068223331630955,0.0018348402033622731,0.6167530095335371,0.03741210449270394,0.008514942236240332,0.572433091511955,0.05522709433014235,0.008461393963875801,0.4740276730462634,0.00018375725188907055,0.00018375725188907055,2.161850022224359
12500,0.006700501587500882,0.0018359147301248494,0.6171141949999494,0.037380673497791374,0.00852028550537547,0.5727923028823845,0.05519212880563128,0.008467338103042683,0.47436067804160686,0.00018390437538938205,0.00018390437538938205,2.1635808869339064
12510,0.006694185053283656,0.0018369885409417778,0.6174751398123622,0.037349260667547284,0.008525625686516965,0.5731513066566026,0.05515717640699649,0.008473280010810597,0.4746935580286049,0.00018405149888969357,0.00018405149888969357,2.1653117516434537
12520,0.006687872731567411,0.0018380616356335395,0.6178358439104333,0.037317866000018844,0.0085309627799968,0.5735101028569276,0.05512223713344534,0.008479219687314292,0.4750263130148063,0.00018419862239000507,0.00018419862239000507,2.1670426163530006
12530,0.00668156462340814,0.0018391340140206157,0.6181963072338204,0.037286489493253236,0.008536296786146954,0.5738686915056775,0.0550873109841852,0.008485157132688517,0.47535894300776,0.00018434574589031656,0.00018434574589031656,2.168773481062548
12540,0.006675260729861837,0.001840205675923487,0.6185565297221804,0.03725513114529762,0.008541627705299409,0.5742270726251703,0.05505239795842342,0.008491092347068019,0.47569144801501506,0.0001844928693906281,0.0001844928693906281,2.170504345772095
12550,0.006668961051984496,0.001841276621162635,0.6189165113151713,0.03722379095419917,0.008546955537786144,0.5745852462377239,0.055017498055367355,0.00849702533058755,0.47602382804412047,0.00018463999289093958,0.00018463999289093958,2.172235210481642
12560,0.006662665590832111,0.0018423468495585406,0.6192762519524506,0.03719246891800506,0.008552280283939144,0.5749432123656566,0.054982611274224366,0.008502956083381858,0.4763560831026251,0.00018478711639125108,0.00018478711639125108,2.173966075191189
12570,0.006656374347460673,0.001843416360931685,0.6196357515736756,0.03716116503476246,0.008557601944090385,0.5753009710312863,0.054947737614201825,0.00850888460558569,0.4766882131980779,0.0001849342398915626,0.0001849342398915626,2.175696939900736
12580,0.006650087322926177,0.0018444851551025492,0.6199950101185039,0.03712987930251854,0.00856292051857185,0.575658522256931,0.054912877074507066,0.008514810897333799,0.4770202183380279,0.0001850813633918741,0.0001850813633918741,2.1774278046102835
12590,0.006643804518284616,0.0018455532318916146,0.6203540275265931,0.037098611719320475,0.008568236007715523,0.576015866064909,0.05487802965434747,0.00852073495876093,0.47735209853002414,0.0001852284868921856,0.0001852284868921856,2.1791586693198304
12600,0.0066375259345919846,0.001846620591119362,0.6207128037376006,0.037067362283215444,0.008573548411853378,0.576373002477538,0.05484319535293038,0.008526656790001835,0.4776838537816154,0.00018537561039249712,0.00018537561039249712,2.1808895340293777
12610,0.006631251572904274,0.0018476872326062728,0.6210713386911841,0.0370361309922506,0.008578857731317401,0.5767299315171361,0.054808374169463166,0.008532576391191262,0.4780154841003508,0.00018552273389280862,0.00018552273389280862,2.1826203987389245
12620,0.006624981434277481,0.0018487531561728278,0.6214296323270009,0.03700491784447313,0.008584163966439571,0.5770866532060216,0.05477356610315318,0.00853849376246396,0.4783469894937793,0.00018566985739312014,0.00018566985739312014,2.184351263448472
12630,0.006618715519767594,0.0018498183616395083,0.6217876845847086,0.0369737228379302,0.00858946711755187,0.577443167566512,0.054738771153207785,0.008544408903954677,0.4786783699694497,0.00018581698089343164,0.00018581698089343164,2.186082128158019
12640,0.0066124538304306105,0.0018508828488267956,0.6221454954039648,0.03694254597066898,0.008594767184986276,0.577799474620926,0.05470398931883434,0.008550321815798163,0.47900962553491105,0.00018596410439374313,0.00018596410439374313,2.187812992867566
12650,0.006606196367322523,0.0018519466175551703,0.622503064724427,0.03691138724073664,0.008600064169074773,0.5781555743915813,0.0546692205992402,0.008556232498129167,0.47934075619771244,0.00018611122789405465,0.00018611122789405465,2.1895438575771133
12660,0.006599943131499326,0.0018530096676451142,0.6228603924857526,0.036880246646180365,0.008605358070149342,0.578511466900796,0.054634464993632725,0.008562140951082438,0.4796717619654026,0.00018625835139436615,0.00018625835139436615,2.1912747222866606
12670,0.00659369412401701,0.0018540719989171078,0.6232174786275992,0.036849124185047315,0.008610648888541959,0.5788671521708879,0.05459972250121928,0.008568047174792724,0.4800026428455308,0.00018640547489467765,0.00018640547489467765,2.1930055869962075
12680,0.00658744934593157,0.0018551336111916324,0.6235743230896242,0.03681801985538466,0.00861593662458461,0.5792226302241754,0.0545649931212072,0.008573951169394776,0.4803333988456457,0.00018655259839498917,0.00018655259839498917,2.194736451705755
12690,0.006581208798299,0.0018561945042891693,0.6239309258114855,0.03678693365523958,0.008621221278609275,0.5795779010829764,0.054530276852803886,0.00857985293502334,0.4806640299732964,0.00018669972189530067,0.00018669972189530067,2.1964673164153017
12700,0.006574972482175293,0.0018572546780301997,0.6242872867328402,0.03675586558265924,0.008626502850947933,0.5799329647696089,0.05449557369521666,0.008585752471813169,0.4809945362360319,0.00018684684539561216,0.00018684684539561216,2.198198181124849
12710,0.006568740398616442,0.0018583141322352044,0.624643405793346,0.036724815635690806,0.008631781341932565,0.5802878213063909,0.05446088364765289,0.008591649779899008,0.481324917641401,0.0001869939688959237,0.0001869939688959237,2.1999290458343963
12720,0.006562512548678441,0.0018593728667246645,0.6249992829326603,0.03669378381238147,0.008637056751895154,0.5806424707156405,0.05442620670931994,0.00859754485941561,0.481655174196953,0.00018714109239623518,0.00018714109239623518,2.201659910543943
12730,0.006556288933417282,0.0018604308813190613,0.6253549180904407,0.036662770110778384,0.008642329081167677,0.5809969130196757,0.05439154287942517,0.00860343771049772,0.4819853059102364,0.00018728821589654668,0.00018728821589654668,2.20339077525349
12740,0.006550069553888961,0.0018614881758388761,0.6257103112063448,0.036631774528928726,0.008647598330082119,0.5813511482408146,0.05435689215717594,0.00860932833328009,0.48231531278880063,0.0001874353393968582,0.0001874353393968582,2.2051216399630373
12750,0.0065438544111494695,0.0018625447501045896,0.62606546222003,0.03660079706487967,0.008652864498970458,0.5817051764013752,0.0543222545417796,0.008615216727897468,0.48264519484019436,0.0001875824628971697,0.0001875824628971697,2.2068525046725846
12760,0.006537643506254801,0.0018636006039366832,0.6264203710711539,0.036569837716678384,0.008658127588164678,0.5820589975236758,0.05428763003244352,0.008621102894484603,0.4829749520719666,0.0001877295863974812,0.0001877295863974812,2.2085833693821315
12770,0.006531436840260949,0.001864655737155638,0.626775037699374,0.03653889648237204,0.008663387597996756,0.582412611630034,0.05425301862837504,0.008626986833176243,0.48330458449166624,0.00018787670989779272,0.00018787670989779272,2.210314234091679
12780,0.006525234414223909,0.001865710149581935,0.6271294620443478,0.036507973360007814,0.008668644528798675,0.582766018742768,0.05421842032878153,0.008632868544107138,0.4836340921068425,0.00018802383339810422,0.00018802383339810422,2.2120450988012257
12790,0.006519036229199672,0.001866763841036055,0.6274836440457328,0.036477068347632875,0.008673898380902415,0.5831192188841958,0.05418383513287037,0.008638748027412038,0.48396347492504416,0.0001881709568984157,0.0001881709568984157,2.213775963510773
12800,0.006512842286244232,0.00186781681133848,0.6278375836431864,0.036446181443294395,0.008679149154639956,0.5834722120766356,0.05414926303984888,0.00864462528322569,0.48429273295382025,0.00018831808039872724,0.00018831808039872724,2.2155068282203203
12810,0.0065066525864135825,0.0018688690603096904,0.6281912807763664,0.03641531264503954,0.00868439685034328,0.5838249983424053,0.05411470404892444,0.008650500311682845,0.4846218662007196,0.00018846520389903873,0.00018846520389903873,2.217237692929867
12820,0.006500467130763717,0.0018699205877701673,0.6285447353849302,0.03638446195091549,0.00868964146834437,0.5841775777038232,0.054080158159304406,0.008656373112918251,0.4849508746732914,0.00018861232739935025,0.00018861232739935025,2.2189685576394145
12830,0.00649428592035063,0.0018709713935403925,0.6288979474085352,0.03635362935896941,0.008694883008975203,0.5845299501832069,0.05404562537019614,0.008662243687066657,0.48527975837908444,0.00018875945089966175,0.00018875945089966175,2.220699422348962
12840,0.006488108956230311,0.0018720214774408464,0.6292509167868391,0.036322814867248476,0.00870012147256776,0.5848821158028746,0.054011105680807,0.00866811203426281,0.48560851732564764,0.00018890657439997325,0.00018890657439997325,2.2224302870585086
12850,0.006481936239458759,0.0018730708392920104,0.6296036434594993,0.03629201847379986,0.008705356859454026,0.5852340745851445,0.053976599090344336,0.008673978154641463,0.4859371515205302,0.00018905369790028477,0.00018905369790028477,2.224161151768056
12860,0.006475767771091963,0.0018741194789143657,0.6299561273661732,0.036261240176670734,0.008710589169965978,0.5855858265523345,0.053942105598015516,0.008679842048337362,0.4862656609712808,0.00018920082140059627,0.00018920082140059627,2.225892016477603
12870,0.006469603552185919,0.0018751673961283932,0.6303083684465186,0.03623047997390827,0.008715818404435598,0.5859373717267627,0.053907625203027894,0.008685703715485257,0.4865940456854486,0.00018934794490090776,0.00018934794490090776,2.22762288118715
12880,0.00646344358379662,0.001876214590754574,0.6306603666401929,0.03619973786355963,0.008721044563194866,0.5862887101307472,0.05387315790458883,0.008691563156219898,0.48692230567058253,0.0001894950684012193,0.0001894950684012193,2.2293537458966974
12890,0.006457287866980059,0.0018772610626133894,0.6310121218868535,0.03616901384367199,0.008726267646575765,0.5866398417866059,0.05383870370190569,0.008697420370676032,0.48725044093423153,0.00018964219190153078,0.00018964219190153078,2.2310846106062443
12900,0.006451136402792228,0.0018783068115253206,0.6313636341261581,0.036138307912292535,0.008731487654910271,0.5869907667166568,0.053804262594185824,0.008703275358988412,0.4875784514839446,0.00018978931540184228,0.00018978931540184228,2.232815475315791
12910,0.006444989192289124,0.0018793518373108485,0.6317149032977641,0.03610762006746842,0.008736704588530372,0.5873414849432181,0.05376983458063658,0.00870912812129178,0.48790633732727057,0.0001899364389021538,0.0001899364389021538,2.234546340025339
12920,0.0064388462365267355,0.0018803961397904543,0.6320659293413291,0.03607695030724682,0.008741918447768043,0.5876919964886078,0.05373541966046535,0.008714978657720892,0.4882340984717587,0.0001900835624024653,0.0001900835624024653,2.236277204734886
12930,0.0064327075365610605,0.001881439718784619,0.6324167121965105,0.036046298629674914,0.008747129232955267,0.5880423013751439,0.05370101783287946,0.008720826968410492,0.4885617349249576,0.0001902306859027768,0.0001902306859027768,2.2380080694444326
12940,0.00642657309344809,0.001882482574113824,0.632767251802966,0.03601566503279987,0.008752336944424025,0.5883923996251443,0.053666629097086284,0.008726673053495332,0.4888892466944163,0.00019037780940308832,0.00019037780940308832,2.23973893415398
12950,0.006420442908243819,0.0018835247055985502,0.633117548100353,0.035985049514668854,0.008757541582506297,0.5887422912609275,0.05363225345229317,0.00873251691311016,0.48921663378768404,0.00019052493290339982,0.00019052493290339982,2.2414697988635273
12960,0.006414316982004238,0.0018845661130592788,0.633467601028329,0.03595445207332905,0.008762743147534065,0.589091976304811,0.0535978908977075,0.008738358547389725,0.48954389621230954,0.0001906720564037113,0.0001906720564037113,2.243200663573074
12970,0.006408195315785344,0.0018856067963164908,0.6338174105265515,0.03592387270682761,0.008767941639839308,0.589441454779113,0.05356354143253661,0.008744197956468776,0.48987103397584175,0.00019081917990402284,0.00019081917990402284,2.2449315282826214
12980,0.0064020779106431286,0.0018866467551906674,0.6341669765346781,0.035893311413211726,0.00877313705975401,0.5897907267061517,0.053529205055987863,0.008750035140482063,0.4901980470858298,0.00019096630340433433,0.00019096630340433433,2.2466623929921683
12990,0.006395964767633585,0.00188768598950229,0.6345162989923664,0.03586276819052856,0.008778329407610147,0.5901397921082451,0.05349488176726863,0.008755870099564333,0.4905249355498226,0.00019111342690464583,0.00019111342690464583,2.2483932577017156
13000,0.006389855887812707,0.0018887244990718392,0.6348653778392737,0.035832243036825286,0.008783518683739704,0.5904886510077111,0.05346057156558626,0.008761702833850337,0.49085169937536904,0.00019126055040495735,0.00019126055040495735,2.250124122411263
13010,0.006383751272236489,0.0018897622837197963,0.6352142130150575,0.03580173595014907,0.00878870488847466,0.5908373034268678,0.0534262744501481,0.008767533343474822,0.491178338570018,0.00019140767390526885,0.00019140767390526885,2.25185498712081
13020,0.006377650921960922,0.0018907993432666426,0.6355628044593756,0.03577124692854709,0.008793888022146997,0.5911857493880334,0.05339199042016153,0.00877336162857254,0.49150485314131875,0.00019155479740558037,0.00019155479740558037,2.253585851830357
13030,0.006371554838042002,0.0018918356775328592,0.6359111521118854,0.03574077597006652,0.008799068085088693,0.5915339889135256,0.053357719474833906,0.008779187689278236,0.49183124309681997,0.00019170192090589187,0.00019170192090589187,2.255316716539904
13040,0.006365463021535721,0.001892871286338927,0.6362592559122443,0.03571032307275453,0.008804245077631733,0.5918820220256626,0.053323461613372564,0.008785011525726662,0.4921575084440707,0.00019184904440620336,0.00019184904440620336,2.2570475812494513
13050,0.006359375473498073,0.0018939061695053272,0.6366071158001099,0.03567988823465828,0.008809419000108096,0.5922298487467627,0.053289216834984894,0.008790833138052567,0.49248364919062004,0.0001919961679065149,0.0001919961679065149,2.2587784459589986
13060,0.0063532921949850515,0.0018949403268525406,0.6369547317151396,0.03564947145382495,0.00881458985284976,0.5925774690991436,0.05325498513887824,0.0087966525263907,0.4928096653440168,0.00019214329140682638,0.00019214329140682638,2.2605093106685454
13070,0.0063472131870526485,0.001895973758201049,0.6373021035969912,0.03561907272830172,0.00881975763618871,0.5929248831051233,0.05322076652425996,0.008802469690875808,0.49313555691181005,0.00019229041490713788,0.00019229041490713788,2.2622401753780927
13080,0.006341138450756859,0.0018970064633713332,0.637649231385322,0.03558869205613575,0.008824922350456926,0.5932720907870201,0.05318656099033741,0.00880828463164264,0.4934613239015485,0.0001924375384074494,0.0001924375384074494,2.26397104008764
13090,0.006335067987153677,0.0018980384421838743,0.6379961150197896,0.035558329435374215,0.008830083995986386,0.5936190921671519,0.05315236853631796,0.008814097348825947,0.4937869663207814,0.0001925846619077609,0.0001925846619077609,2.265701904797187
13100,0.006329001797299094,0.0018990696944591536,0.6383427544400516,0.035527984864064284,0.008835242573109074,0.5939658872678368,0.05311818916140895,0.008819907842560478,0.4941124841770576,0.0001927317854080724,0.0001927317854080724,2.267432769506734
13110,0.006322939882249105,0.0019001002200176517,0.6386891495857652,0.03549765834025313,0.00884039808215697,0.5943124761113928,0.05308402286481776,0.008825716112980981,0.4944378774779261,0.00019287890890838392,0.00019287890890838392,2.269163634216281
13120,0.006316882243059702,0.0019011300186798502,0.6390353003965882,0.03546734986198794,0.008845550523462054,0.594658858720138,0.053049869645751736,0.008831522160222205,0.4947631462309358,0.00019302603240869542,0.00019302603240869542,2.2708944989258284
13130,0.006310828880786878,0.0019021590902662299,0.639381206812178,0.03543705942731586,0.008850699897356307,0.5950050351163904,0.05301572950341824,0.008837325984418899,0.4950882904436358,0.0001931731559090069,0.0001931731559090069,2.2726253636353753
13140,0.00630477979648663,0.0019031874345972724,0.6397268687721924,0.03540678703428408,0.00885584620417171,0.5953510053224678,0.052981602437024634,0.008843127585705813,0.4954133101235749,0.0001933202794093184,0.0001933202794093184,2.274356228344922
13150,0.006298734991214948,0.0019042150514934583,0.6400722862162884,0.035376532680939765,0.008860989444240243,0.5956967693606885,0.052947488445778276,0.008848926964217694,0.4957382052783022,0.00019346740290962993,0.00019346740290962993,2.2760870930544694
13160,0.006292694466027827,0.001905241940775269,0.640417459084124,0.03534629636533008,0.00886612961789389,0.5960423272533707,0.05291338752888652,0.008854724120089294,0.49606297591536663,0.00019361452640994143,0.00019361452640994143,2.2778179577640167
13170,0.0062866582219812586,0.0019062681022631854,0.6407623873153564,0.0353160780855022,0.008871266725464629,0.5963876790228321,0.05287929968555671,0.008860519053455359,0.49638762204231707,0.00019376164991025292,0.00019376164991025292,2.2795488224735636
13180,0.006280626260131239,0.0019072935357776887,0.6411070708496432,0.035285877839503314,0.008876400767284439,0.5967328246913907,0.05284522491499624,0.008866311764450638,0.4967121436667024,0.00019390877341056445,0.00019390877341056445,2.281279687183111
13190,0.00627459858153376,0.0019083182411392602,0.641451509626642,0.03525569562538057,0.008881531743685306,0.597077764281365,0.05281116321641245,0.008872102253209883,0.49703654079607196,0.00019405589691087594,0.00019405589691087594,2.283010551892658
13200,0.006268575187244814,0.001909342218168381,0.6417957035860103,0.03522553144118115,0.008886659654999206,0.5974224978150726,0.05277711458901269,0.008877890519867843,0.4973608134379744,0.00019420302041118744,0.00019420302041118744,2.284741416602205
13210,0.006262556078320396,0.001910365466685532,0.6421396526674057,0.03519538528495223,0.008891784501558123,0.5977670253148317,0.05274307903200434,0.008883676564559262,0.4976849615999587,0.00019435014391149896,0.00019435014391149896,2.2864722813117524
13220,0.0062565412558165,0.0019113879865111944,0.6424833568104854,0.035165257154740975,0.008896906283694037,0.5981113468029604,0.05270905654459474,0.008889460387418894,0.49800898528957394,0.00019449726741181046,0.00019449726741181046,2.2882031460212993
13230,0.006250530720789117,0.0019124097774658494,0.6428268159549073,0.03513514704859456,0.008902025001738928,0.5984554623017765,0.052675047125991255,0.008895241988581486,0.498332884514369,0.00019464439091212196,0.00019464439091212196,2.2899340107308466
13240,0.006244524474294242,0.001913430839369978,0.6431700300403287,0.03510505496456015,0.008907140656024777,0.5987993718335983,0.05264105077540125,0.00890102136818179,0.49865665928189296,0.00019479151441243348,0.00019479151441243348,2.291664875440394
13250,0.00623852251738787,0.0019144511720440615,0.6435129990064071,0.03507498090068493,0.008912253246883566,0.5991430754207439,0.052607067492032075,0.008906798526354547,0.4989803095996945,0.00019493863791274498,0.00019493863791274498,2.2933957401499407
13260,0.006232524851125991,0.0019154707753085809,0.6438557227928002,0.03504492485501605,0.008917362774647273,0.5994865730855309,0.05257309727509109,0.008912573463234515,0.499303835475323,0.00019508576141305647,0.00019508576141305647,2.2951266048594876
13270,0.006226531476564601,0.001916489648984017,0.6441982013391654,0.03501488682560071,0.008922469239647884,0.5998298648502778,0.05253914012378565,0.008918346178956439,0.4996272369163271,0.000195232884913368,0.000195232884913368,2.296857469569035
13280,0.006220542394759693,0.0019175077928908517,0.6445404345851602,0.03498486681048606,0.008927572642217375,0.6001729507373024,0.052505196037323135,0.008924116673655069,0.49995051393025597,0.0001953800084136795,0.0001953800084136795,2.2985883342785822
13290,0.006214557606767259,0.0019185252068495654,0.644882422470442,0.03495486480771927,0.008932672982687727,0.6005158307689227,0.05247126501491088,0.00892988494746515,0.5002736665246583,0.00019552713191399102,0.00019552713191399102,2.3003191989881295
13300,0.006208577113643293,0.0019195418906806394,0.6452241649346686,0.034924880815347524,0.008937770261390924,0.600858504967457,0.05243734705575625,0.008935651000521436,0.5005966947070832,0.0001956742554143025,0.0001956742554143025,2.3020500636976764
13310,0.00620260091644379,0.001920557844204555,0.6455656619174974,0.034894914831417996,0.008942864478658944,0.601200973355223,0.05240344215906661,0.008941414832958676,0.5009195984850798,0.000195821378914614,0.000195821378914614,2.3037809284072233
13320,0.0061966290162247415,0.0019215730672417933,0.645906913358586,0.034864966853977844,0.00894795563482377,0.6015432359545391,0.05236955032404931,0.008947176444911617,0.501242377866197,0.00019596850241492553,0.00019596850241492553,2.305511793116771
13330,0.006190661414042143,0.0019225875596128351,0.6462479191975915,0.03483503688107425,0.00895304373021738,0.6018852927877231,0.052335671549911714,0.008952935836515009,0.5015650328579836,0.00019611562591523703,0.00019611562591523703,2.307242657826318
13340,0.006184698110951984,0.0019236013211381621,0.6465886793741721,0.03480512491075438,0.008958128765171759,0.602227143877093,0.052301805835861186,0.008958693007903598,0.5018875634679887,0.00019626274941554855,0.00019626274941554855,2.308973522535865
13350,0.006178739108010263,0.0019246143516382546,0.6469291938279847,0.0347752309410654,0.008963210740018884,0.6025687892449669,0.052267953181105074,0.008964447959212137,0.5022099697037612,0.00019640987291586005,0.00019640987291586005,2.310704387245412
13360,0.006172784406272971,0.0019256266509335945,0.6472694624986871,0.0347453549700545,0.008968289655090736,0.6029102289136629,0.05223411358485074,0.008970200690575374,0.5025322515728501,0.00019655699641617154,0.00019655699641617154,2.3124352519549594
13370,0.0061668340067961,0.0019266382188446625,0.6476094853259369,0.03471549699576884,0.0089733655107193,0.6032514629054991,0.052200287046305555,0.008975951202128057,0.5028544090828043,0.00019670411991648307,0.00019670411991648307,2.3141661166645067
13380,0.006160887910635645,0.0019276490551919398,0.6479492622493915,0.03468565701625559,0.008978438307236552,0.6035924912427933,0.05216647356467686,0.008981699494004933,0.5031764422411727,0.00019685124341679456,0.00019685124341679456,2.3158969813740535
13390,0.0061549461188476,0.0019286591597959075,0.6482887932087082,0.03465583502956193,0.008983508044974475,0.6039333139478638,0.05213267313917202,0.008987445566340757,0.5034983510555047,0.00019699836691710606,0.00019699836691710606,2.3176278460836004
13400,0.006149008632487957,0.0019296685324770467,0.648628078143545,0.03462603103373502,0.00898857472426505,0.6042739310430285,0.0520988857689984,0.008993189419270273,0.5038201355333487,0.00019714549041741758,0.00019714549041741758,2.3193587107931477
13410,0.006143075452612711,0.0019306771730558385,0.6489671169935591,0.03459624502682204,0.008993638345440256,0.6046143425506054,0.052065111453363344,0.008998931052928231,0.5041417956822539,0.00019729261391772908,0.00019729261391772908,2.321089575502695
13420,0.006137146580277853,0.0019316850813527642,0.6493059096984081,0.03456647700687016,0.008998698908832075,0.6049545484929125,0.05203135019147423,0.00900467046744938,0.5044633315097692,0.00019743973741804058,0.00019743973741804058,2.322820440212242
13430,0.00613122201653938,0.001932692257188305,0.6496444561977496,0.03453672697192655,0.009003756414772489,0.6052945488922681,0.0519976019825384,0.009010407662968473,0.5047847430234439,0.0001975868609183521,0.0001975868609183521,2.324551304921789
13440,0.006125301762453281,0.0019336987003829415,0.6499827564312408,0.03450699492003838,0.009008810863593477,0.60563434377099,0.05196386682576322,0.009016142639620252,0.5051060302308265,0.0001977339844186636,0.0001977339844186636,2.326282169631336
13450,0.006119385819075554,0.0019347044107571553,0.6503208103385395,0.034477280849252834,0.009013862255627022,0.6059739331513964,0.05193014472035606,0.00902187539753947,0.5054271931394662,0.0001978811079189751,0.0001978811079189751,2.3280130343408834
13460,0.006113474187462189,0.001935709388131427,0.6506586178593031,0.034447584757617056,0.009018910591205102,0.6063133170558052,0.05189643566552425,0.009027605936860876,0.5057482317569119,0.00019802823141928662,0.00019802823141928662,2.3297438990504307
13470,0.006107566868669181,0.0019367136323262385,0.6509961789331893,0.034417906643178245,0.0090239558706597,0.6066524955065343,0.05186273966047518,0.00903333425771922,0.5060691460907126,0.0001981753549195981,0.0001981753549195981,2.3314747637599775
13480,0.006101663863752523,0.0019377171431620706,0.6513334934998556,0.03438824650398357,0.009028998094322796,0.6069914685259021,0.05182905670441619,0.009039060360249249,0.5063899361484173,0.0001983224784199096,0.0001983224784199096,2.333205628469525
13490,0.0060957651737682085,0.001938719920459404,0.6516705614989593,0.03435860433808019,0.00903403726252637,0.6073302361362265,0.05179538679655464,0.009044784244585711,0.5067106019375749,0.00019846960192022113,0.00019846960192022113,2.334936493179072
13500,0.006089870799772231,0.00193972196403872,0.652007382870158,0.03432898014351528,0.009039073375602405,0.6076687983598255,0.0517617299360979,0.009050505910863357,0.5070311434657343,0.00019861672542053263,0.00019861672542053263,2.336667357888619
13510,0.006083980742820584,0.0019407232737205004,0.6523439575531094,0.03429937391833601,0.00904410643388288,0.6080071552190172,0.05172808612225332,0.009056225359216937,0.5073515607404446,0.00019876384892084412,0.00019876384892084412,2.338398222598166
13520,0.00607809500396926,0.001941723849325225,0.6526802854874706,0.03426978566058956,0.009049136437699777,0.6083453067361194,0.05169445535422826,0.009061942589781196,0.5076718537692547,0.00019891097242115565,0.00019891097242115565,2.340129087307713
13530,0.006072213584274254,0.001942723690673376,0.6530163666128995,0.0342402153683231,0.009054163387385076,0.6086832529334504,0.051660837631230076,0.009067657602690888,0.5079920225597137,0.00019905809592146714,0.00019905809592146714,2.3418599520172605
13540,0.006066336484791558,0.0019437227975854345,0.6533522008690535,0.0342106630395838,0.009059187283270757,0.6090209938333282,0.05162723295246613,0.009073370398080758,0.5083120671193703,0.00019920521942177864,0.00019920521942177864,2.3435908167268074
13550,0.006060463706577167,0.001944721169881881,0.6536877881955901,0.03418112867241882,0.009064208125688804,0.6093585294580708,0.05159364131714378,0.009079080976085558,0.5086319874557735,0.00019935234292209016,0.00019935234292209016,2.3453216814363547
13560,0.006054595250687073,0.001945718807383197,0.6540231285321669,0.03415161226487535,0.009069225914971193,0.6096958598299961,0.05156006272447039,0.009084789336840034,0.5089517835764725,0.00019949946642240166,0.00019949946642240166,2.3470525461459015
13570,0.00604873111817727,0.0019467157099098634,0.6543582218184414,0.03412211381500055,0.009074240651449909,0.6100329849714223,0.05152649717365331,0.009090495480478938,0.5092714554890161,0.00019964658992271316,0.00019964658992271316,2.348783410855449
13580,0.006042871310103752,0.0019477118772823617,0.654693067994071,0.0340926333208416,0.00907925233545693,0.6103699049046676,0.051492944663899906,0.009096199407137018,0.5095910032009534,0.00019979371342302468,0.00019979371342302468,2.350514275564996
13590,0.00603701582752251,0.0019487073093211727,0.6550276669987134,0.03406317078044566,0.00908426096732424,0.6107066196520498,0.051459405194417523,0.00910190111694902,0.5099104267198331,0.00019994083692333618,0.00019994083692333618,2.352245140274543
13600,0.0060311646714895405,0.0019497020058467775,0.655362018772026,0.03403372619185992,0.009089266547383817,0.6110431292358868,0.05142587876441354,0.009107600610049699,0.5102297260532044,0.00020008796042364767,0.00020008796042364767,2.35397600498409
13610,0.006025317843060835,0.0019506959666796574,0.6556961232536662,0.03400429955313153,0.009094269075967644,0.611379433678497,0.05139236537309531,0.009113297886573798,0.5105489012086162,0.0002002350839239592,0.0002002350839239592,2.3557068696936376
13620,0.006019475343292387,0.0019516891916402934,0.6560299803832919,0.03397489086230768,0.009099268553407699,0.6117155330021982,0.05135886501967018,0.009118992946656069,0.5108679521936172,0.0002003822074242707,0.0002003822074242707,2.3574377344031845
13630,0.006013637173240192,0.0019526816805491667,0.6563635901005601,0.03394550011743552,0.009104264980035965,0.6120514272293085,0.05132537770334551,0.009124685790431263,0.511186879015757,0.0002005293309245822,0.0002005293309245822,2.3591685991127314
13640,0.006007803333960241,0.0019536734332267582,0.6566969523451288,0.033916127316562246,0.00910925835618442,0.6123871163821458,0.051291903423328684,0.009130376418034124,0.5115056816825839,0.0002006764544248937,0.0002006764544248937,2.3608994638222787
13650,0.006001973826508529,0.0019546644494935496,0.6570300670566553,0.03388677245773501,0.00911424868218505,0.6127226004830284,0.05125844217882703,0.009136064829599406,0.5118243602016473,0.0002008235779252052,0.0002008235779252052,2.362630328531826
13660,0.005996148651941048,0.001955654729170021,0.657362934174797,0.033857435539001,0.009119235958369833,0.6130578795542744,0.05122499396904792,0.009141751025261853,0.512142914580496,0.0002009707014255167,0.0002009707014255167,2.364361193241373
13670,0.005990327811313792,0.0019566442720766546,0.6576955536392115,0.03382811655840738,0.009124220185070748,0.6133929536182013,0.05119155879319872,0.009147435005156218,0.5124613448266789,0.00020111782492582823,0.00020111782492582823,2.36609205795092
13680,0.005984511305682756,0.0019576330780339307,0.6580279253895566,0.033798815514001324,0.009129201362619778,0.6137278226971279,0.05115813665048677,0.00915311676941725,0.512779650947745,0.00020126494842613972,0.00020126494842613972,2.367822922660467
13690,0.005978699136103931,0.001958621146862331,0.6583600493654894,0.033769532403829995,0.009134179491348905,0.6140624868133717,0.051124727540119444,0.009158796318179695,0.5130978329512434,0.00020141207192645122,0.00020141207192645122,2.3695537873700143
13700,0.005972891303633311,0.0019596084783823366,0.6586919255066677,0.03374026722594057,0.009139154571590105,0.6143969459892508,0.051091331461304096,0.009164473651578305,0.5134158908447229,0.00020155919542676274,0.00020155919542676274,2.3712846520795616
13710,0.0059670878093268905,0.001960595072414428,0.6590235537527489,0.033711019978380226,0.009144126603675366,0.6147312002470833,0.05105794841324808,0.009170148769747826,0.5137338246357326,0.00020170631892707424,0.00020170631892707424,2.3730155167891085
13720,0.005961288654240662,0.0019615809287790867,0.6593549340433904,0.03368179065919612,0.009149095587936662,0.6150652496091873,0.05102457839515877,0.00917582167282301,0.5140516343318213,0.00020185344242738574,0.00020185344242738574,2.3747463814986554
13730,0.005955493839430619,0.001962566047296794,0.65968606631825,0.033652579266435445,0.009154061524705976,0.6153990940978806,0.05099122140624351,0.009181492360938605,0.514369319940538,0.00020200056592769726,0.00020200056592769726,2.3764772462082027
13740,0.005949703365952757,0.001963550427788031,0.6600169505169851,0.03362338579814536,0.009159024414315292,0.6157327337354818,0.050957877445709655,0.009187160834229359,0.5146868814694319,0.00020214768942800876,0.00020214768942800876,2.37820811091775
13750,0.005943917234863065,0.0019645340700732783,0.6603475865792531,0.03359421025237304,0.009163984257096587,0.6160661685443083,0.05092454651276458,0.009192827092830022,0.5150043189260517,0.00020229481292832025,0.00020229481292832025,2.379938975627297
13760,0.00593813544721754,0.0019655169739730177,0.6606779744447118,0.03356505262716565,0.009168941053381842,0.6163993985466784,0.05089122860661563,0.009198491136875342,0.5153216323179464,0.00020244193642863178,0.00020244193642863178,2.381669840336844
13770,0.005932358004072174,0.00196649913930773,0.6610081140530183,0.033535912920570364,0.009173894803503042,0.6167324237649103,0.050857923726470175,0.009204152966500071,0.5156388216526651,0.00020258905992894327,0.00020258905992894327,2.3834007050463915
13780,0.005926584906482961,0.001967480565897896,0.6613380053438305,0.03350679113063435,0.009178845507792162,0.6170652442213218,0.05082463187153556,0.009209812581838953,0.5159558869377565,0.0002027361834292548,0.0002027361834292548,2.3851315697559388
13790,0.005920816155505895,0.0019684612535639974,0.6616676482568058,0.0334776872554048,0.009183793166581187,0.6173978599382309,0.050791353041019165,0.009215469983026742,0.5162728281807698,0.0002028833069295663,0.0002028833069295663,2.3868624344654856
13800,0.005915051752196969,0.001969441202126515,0.6619970427316015,0.03344860129292886,0.009188737780202096,0.617730270937956,0.050758087234128335,0.009221125170198184,0.516589645389254,0.0002030304304298778,0.0002030304304298778,2.3885932991750325
13810,0.005909291697612175,0.00197042041140593,0.6623261887078755,0.03341953324125372,0.00919367934898687,0.6180624772428147,0.05072483445007042,0.009226778143488028,0.516906338570758,0.00020317755393018928,0.00020317755393018928,2.39032416388458
13820,0.005903535992807508,0.001971398881222723,0.662655086125285,0.03339048309842654,0.00919861787326749,0.6183944788751253,0.050691594688052795,0.009232428903031026,0.5172229077328305,0.0002033246774305008,0.0002033246774305008,2.392055028594127
13830,0.0058977846388389606,0.001972376611397376,0.6629837349234877,0.0333614508624945,0.009203553353375938,0.6187262758572057,0.050658367947282804,0.009238077448961924,0.5175393528830209,0.00020347180093081233,0.00020347180093081233,2.3937858933036744
13840,0.0058920376367625265,0.0019733536017503698,0.663312135042141,0.033332436531504764,0.009208485789644193,0.6190578682113742,0.050625154226967825,0.009243723781415471,0.517855674028878,0.0002036189244311238,0.0002036189244311238,2.395516758013221
13850,0.0058862949876342,0.001974329852102185,0.6636402864209026,0.033303440103504514,0.009213415182404237,0.6193892559599486,0.050591953526315195,0.009249367900526417,0.5181718711779505,0.00020376604793143532,0.00020376604793143532,2.397247622722768
13860,0.005880556692509973,0.001975305362273304,0.6639681889994298,0.03327446157654091,0.009218341531988049,0.6197204391252469,0.05055876584453229,0.009255009806429512,0.5184879443377878,0.00020391317143174685,0.00020391317143174685,2.398978487432316
13870,0.00587482275244584,0.0019762801320842064,0.6642958427173803,0.03324550094866112,0.009223264838727612,0.6200514177295873,0.05052559118082646,0.009260649499259501,0.5188038935159385,0.00020406029493205832,0.00020406029493205832,2.4007093521418623
13880,0.005869093168497795,0.0019772541613553743,0.6646232475144114,0.033216558217912334,0.009228185102954905,0.6203821917952876,0.05049242953440507,0.009266286979151139,0.5191197187199518,0.00020420741843236984,0.00020420741843236984,2.4024402168514096
13890,0.005863367941721829,0.0019782274499072884,0.664950403330181,0.033187633382341715,0.00923310232500191,0.6207127613446661,0.05045928090447547,0.00927192224623917,0.5194354199573764,0.00020435454193268136,0.00020435454193268136,2.404171081560957
13900,0.005857647073173938,0.00197919999756043,0.6652773101043463,0.03315872643999643,0.00923801650520061,0.6210431264000409,0.05042614529024502,0.009277555300658345,0.5197509972357617,0.00020450166543299286,0.00020450166543299286,2.4059019462705042
13910,0.005851930563910114,0.0019801718041352803,0.6656039677765647,0.03312983738892365,0.009242927643882981,0.6213732869837298,0.050393022690921094,0.009283186142543413,0.5200664505626562,0.00020464878893330436,0.00020464878893330436,2.407632810980051
13920,0.005846218414986351,0.00198114286945232,0.6659303762864941,0.033100966227170556,0.009247835741381008,0.6217032431180509,0.05035991310571103,0.009288814772029124,0.5203817799456092,0.00020479591243361588,0.00020479591243361588,2.4093636756895984
13930,0.005840510627458641,0.0019821131933320303,0.6662565355737917,0.03307211295278431,0.00925274079802667,0.6220329948253223,0.0503268165338222,0.009294441189250227,0.5206969853921696,0.00020494303593392738,0.00020494303593392738,2.4110945403991453
13940,0.005834807202382981,0.0019830827755948927,0.6665824455781152,0.0330432775638121,0.009257642814151947,0.6223625421278619,0.050293732974461956,0.009300065394341469,0.5210120669098862,0.00020509015943423887,0.00020509015943423887,2.4128254051086926
13950,0.005829108140815359,0.0019840516160613882,0.666908106239122,0.033014460058301075,0.00926254179008882,0.6226918850479878,0.05026066242683766,0.009305687387437598,0.521327024506308,0.0002052372829345504,0.0002052372829345504,2.41455626981824
13960,0.005823413443811775,0.0019850197145519976,0.6672335174964698,0.03298566043429842,0.009267437726169272,0.6230210236080181,0.050227604890156666,0.009311307168673367,0.5216418581889841,0.0002053844064348619,0.0002053844064348619,2.4162871345277868
13970,0.005817723112428217,0.0019859870708872026,0.6675586792898159,0.032956878689851296,0.009272330622725282,0.6233499578302709,0.05019456036362635,0.009316924738183522,0.5219565679654634,0.0002055315299351734,0.0002055315299351734,2.4180179992373336
13980,0.00581203714772068,0.0019869536848874836,0.667883591558818,0.03292811482300689,0.00927722048008883,0.6236786877370641,0.05016152884645404,0.009322540096102814,0.5222711538432949,0.0002056786534354849,0.0002056786534354849,2.419748863946881
13990,0.005806355550745159,0.0019879195563733223,0.6682082542431336,0.03289936883181237,0.0092821072985919,0.6240072133507159,0.050128510337847126,0.009328153242565989,0.5225856158300274,0.0002058257769357964,0.0002058257769357964,2.4214797286564282
14000,0.005800678322557646,0.0019888846851651995,0.66853266728242,0.03287064071431489,0.00928699107856647,0.6243355346935442,0.05009550483701295,0.0093337641777078,0.5228999539332101,0.0002059729004361079,0.0002059729004361079,2.423210593365975
14010,0.005795005464214133,0.0019898490710835966,0.6688568306163348,0.032841930468561646,0.009291871820344523,0.624663651787867,0.05006251234315887,0.009339372901662993,0.5232141681603918,0.00020612002393641943,0.00020612002393641943,2.4249414580755224
14020,0.005789336976770617,0.0019908127139489943,0.6691807441845359,0.0328132380925998,0.009296749524258038,0.6249915646560025,0.05002953285549225,0.009344979414566319,0.5235282585191215,0.00020626714743673092,0.00020626714743673092,2.4266723227850697
14030,0.005783672861283088,0.0019917756135818744,0.6695044079266804,0.03278456358447651,0.009301624190638996,0.6253192733202686,0.049996566373220454,0.009350583716552525,0.5238422250169481,0.00020641427093704242,0.00020641427093704242,2.4284031874946166
14040,0.005778013118807542,0.0019927377698027173,0.6698278217824258,0.032755906942238976,0.009306495819819377,0.6256467778029833,0.04996361289555083,0.00935618580775636,0.5241560676614206,0.00020656139443735394,0.00020656139443735394,2.430134052204164
14050,0.005772357750399971,0.0019936991824320042,0.67015098569143,0.03272726816393434,0.009311364412131165,0.6259740781264648,0.04993067242169073,0.009361785688312575,0.5244697864600882,0.00020670851793766544,0.00020670851793766544,2.4318649169137108
14060,0.005766706757116369,0.001994659851290217,0.6704738995933502,0.0326986472476098,0.009316229967906337,0.626301174313031,0.04989774495084755,0.009367383358355918,0.5247833814204996,0.00020685564143797694,0.00020685564143797694,2.433595781623258
14070,0.005761060140012729,0.0019956197761978357,0.6707965634278439,0.03267004419131251,0.009321092487476876,0.626628066385,0.0498648304822286,0.009372978818021137,0.5250968525502038,0.00020700276493828846,0.00020700276493828846,2.4353266463328054
14080,0.005755417900145044,0.001996578956975342,0.6711189771345686,0.03264145899308964,0.009325951971174763,0.6269547543646898,0.04983192901504127,0.009378572067442983,0.5254101998567497,0.00020714988843859996,0.00020714988843859996,2.4370575110423522
14090,0.005749780038569309,0.001997537393443217,0.6714411406531822,0.03261289165098838,0.009330808419331978,0.6272812382744186,0.04979904054849291,0.009384163106756205,0.5257234233476865,0.00020729701193891145,0.00020729701193891145,2.438788375751899
14100,0.005744146556341516,0.0019984950854219415,0.6717630539233417,0.032584342163055884,0.009335661832280504,0.6276075181365044,0.04976616508179088,0.00938975193609555,0.526036523030563,0.00020744413543922298,0.00020744413543922298,2.4405192404614464
14110,0.005738517454517658,0.0019994520327319973,0.672084716884705,0.03255581052733933,0.009340512210352316,0.6279335939732648,0.049733302614142536,0.00939533855559577,0.5263494989129283,0.00020759125893953447,0.00020759125893953447,2.4422501051709937
14120,0.005732892734153731,0.002000408235193865,0.6724061294769295,0.03252729674188589,0.009345359553879402,0.6282594658070184,0.04970045314475524,0.00940092296539161,0.526662351002331,0.00020773838243984597,0.00020773838243984597,2.4439809698805406
14130,0.0057272723963057255,0.002001363692628026,0.6727272916396726,0.03249880080474273,0.009350203863193738,0.6285851336600832,0.04966761667283635,0.00940650516561782,0.5269750793063205,0.0002078855059401575,0.0002078855059401575,2.445711834590088
14140,0.005721656442029637,0.002002318404854961,0.673048203312592,0.03247032271395703,0.009355045138627307,0.6289105975547769,0.049634793197593216,0.009412085156409154,0.5272876838324455,0.000208032629440469,0.000208032629440469,2.4474426992996348
14150,0.005716044872381457,0.0020032723716951516,0.673368864435345,0.03244186246757596,0.00935988338051209,0.6292358575134178,0.04960198271823321,0.009417662937900355,0.5276001645882552,0.00020817975294078048,0.00020817975294078048,2.449173564009182
14160,0.005710437688417181,0.0020042255929690785,0.6736892749475893,0.03241342006364669,0.009364718589180067,0.6295609135583237,0.04956918523396369,0.009423238510226173,0.5279125215812982,0.000208326876441092,0.000208326876441092,2.4509044287187294
14170,0.0057048348911928025,0.0020051780684972233,0.6740094347889827,0.03238499550021639,0.009369550764963217,0.6298857657118129,0.04953640074399201,0.009428811873521358,0.5282247548191237,0.0002084739999414035,0.0002084739999414035,2.4526352934282762
14180,0.0056992364817643115,0.0020061297981000667,0.6743293438991821,0.032356588775332235,0.009374379908193523,0.630210413996203,0.04950362924752552,0.009434383027920662,0.5285368643092807,0.000208621123441715,0.000208621123441715,2.4543661581378236
14190,0.005693642461187705,0.0020070807815980897,0.6746490022178453,0.03232819988704139,0.009379206019202967,0.6305348584338127,0.0494708707437716,0.00943995197355883,0.5288488500593181,0.00020876824694202652,0.00020876824694202652,2.456097022847371
14200,0.005688052830518975,0.0020080310188117737,0.6749684096846297,0.032299828833391026,0.009384029098323528,0.6308590990469598,0.04943812523193759,0.00944551871057061,0.5291607120767848,0.00020891537044233802,0.00020891537044233802,2.4578278875569177
14210,0.005682467590814115,0.0020089805095616,0.6752875662391932,0.03227147561242833,0.009388849145887187,0.6311831358579622,0.04940539271123086,0.009451083239090755,0.52947245036923,0.00020906249394264952,0.00020906249394264952,2.4595587522664646
14220,0.005676886743129119,0.002009929253668049,0.6756064718211929,0.03224314022220046,0.009393666162225924,0.6315069688891376,0.04937267318085875,0.00945664555925401,0.5297840649442023,0.00020920961744296104,0.00020920961744296104,2.461289616976012
14230,0.00567131028851998,0.0020108772509516027,0.6759251263702867,0.032214822660754594,0.009398480147671723,0.6318305981628047,0.049339966640028654,0.00946220567119513,0.530095555809251,0.00020935674094327254,0.00020935674094327254,2.463020481685559
14240,0.0056657382280426915,0.0020118245012327417,0.6762435298261316,0.0321865229261379,0.00940329110255656,0.6321540237012812,0.0493072730879479,0.009467763575048858,0.5304069229719248,0.00020950386444358403,0.00020950386444358403,2.464751346395106
14250,0.005660170562753246,0.0020127710043319476,0.6765616821283856,0.03215824101639755,0.00940809902721242,0.6324772455268853,0.04927459252382385,0.009473319270949946,0.5307181664397729,0.00020965098794389556,0.00020965098794389556,2.4664822111046534
14260,0.005654607293707639,0.002013716760069701,0.676879583216706,0.03212997692958071,0.009412903921971283,0.6328002636619349,0.049241924946863885,0.009478872759033141,0.5310292862203441,0.00020979811144420708,0.00020979811144420708,2.4682130758142007
14270,0.0056490484219618615,0.002014661768266483,0.6771972330307505,0.03210173066373456,0.009417705787165127,0.6331230781287479,0.04920927035627533,0.009484424039433195,0.5313402823211874,0.00020994523494451855,0.00020994523494451855,2.4699439405237475
14280,0.005643493948571909,0.002015606028742775,0.6775146315101764,0.032073502216906274,0.009422504623125936,0.6334456889496427,0.04917662875126558,0.009489973112284854,0.5316511547498518,0.00021009235844483007,0.00021009235844483007,2.471674805233295
14290,0.0056379438745937736,0.002016549541319058,0.6778317785946413,0.03204529158714302,0.00942730043018569,0.6337680961469371,0.04914400013104196,0.009495519977722867,0.5319619035138862,0.0002102394819451416,0.0002102394819451416,2.473405669942842
14300,0.005632398201083449,0.0020174923058158133,0.6781486742238028,0.03201709877249196,0.00943209320867637,0.6340902997429492,0.04911138449481185,0.009501064635881986,0.5322725286208396,0.0002103866054454531,0.0002103866054454531,2.475136534652389
14310,0.005626856929096929,0.0020184343220535214,0.678465318337318,0.03198892377100028,0.009436882958929955,0.6344122997599969,0.049078781841782604,0.009506607086896957,0.5325830300782609,0.0002105337289457646,0.0002105337289457646,2.4768673993619363
14320,0.005621320059690207,0.0020193755898526644,0.6787817108748451,0.031960766580715144,0.00944166968127843,0.6347340962203986,0.04904619217116159,0.009512147330902531,0.5328934078936992,0.0002106808524460761,0.0002106808524460761,2.4785982640714836
14330,0.005615787593919275,0.0020203161090337225,0.6790978517760411,0.031932627199683726,0.009446453376053768,0.6350556891464717,0.04901361548215614,0.009517685368033458,0.5332036620747036,0.0002108279759463876,0.0002108279759463876,2.4803291287810305
14340,0.005610259532840129,0.0020212558794171775,0.6794137409805637,0.0319045056259532,0.009451234043587959,0.635377078560535,0.04898105177397363,0.009523221198424484,0.5335137926288227,0.0002109750994466991,0.0002109750994466991,2.4820599934905774
14350,0.005604735877508761,0.00202219490082351,0.6797293784280706,0.03187640185757073,0.009456011684212978,0.635698264484906,0.048948501045821435,0.009528754822210357,0.5338237995636055,0.00021112222294701063,0.00021112222294701063,2.4837908582001247
14360,0.005599216628981165,0.0020231331730732015,0.6800447640582189,0.031848315892583495,0.009460786298260809,0.6360192469419029,0.04891596329690688,0.00953428623952583,0.5341336828866011,0.00021126934644732212,0.00021126934644732212,2.485521722909672
14370,0.0055937017883133325,0.002024070695986733,0.6803598978106664,0.03182024772903866,0.00946555788606343,0.636340025953844,0.04888343852643735,0.00953981545050565,0.5344434426053586,0.00021141646994763362,0.00021141646994763362,2.487252587619219
14380,0.00558819135656126,0.002025007469384585,0.6806747796250705,0.0317921973649834,0.009470326447952825,0.636660601543047,0.048850926733620195,0.009545342455284567,0.5347530787274267,0.00021156359344794514,0.00021156359344794514,2.488983452328766
14390,0.0055826853347809395,0.00202594349308724,0.6809894094410891,0.03176416479846489,0.009475091984260971,0.6369809737318298,0.04881842791766277,0.00955086725399733,0.5350625912603546,0.00021171071694825664,0.00021171071694825664,2.490714317038313
14400,0.005577183724028362,0.002026878766915178,0.681303787198379,0.0317361500275303,0.009479854495319852,0.637301142542511,0.04878594207777244,0.009556389846778686,0.5353719802116911,0.00021185784044856814,0.00021185784044856814,2.4924451817478603
14410,0.005571686525359524,0.0020278132906888804,0.6816179128365984,0.0317081530502268,0.009484613981461446,0.637621107997408,0.048753469213156556,0.009561910233763385,0.5356812455889851,0.00021200496394887966,0.00021200496394887966,2.4941760464574076
14420,0.00556619373983042,0.002028747064228828,0.6819317862954043,0.03168017386460156,0.009489370443017738,0.6379408701188394,0.048721009323022486,0.009567428415086177,0.5359903873997859,0.00021215208744919116,0.00021215208744919116,2.4959069111669545
14430,0.00556070536849704,0.002029680087355503,0.6822454075144546,0.03165221246870176,0.009494123880320704,0.6382604289291228,0.04868856240657758,0.00957294439088181,0.536299405651642,0.00021229921094950265,0.00021229921094950265,2.497637775876502
14440,0.005555221412415378,0.002030612359889385,0.6825587764334067,0.03162426886057456,0.009498874293702327,0.6385797844505765,0.04865612846302921,0.009578458161285034,0.5366083003521027,0.00021244633444981418,0.00021244633444981418,2.499368640586049
14450,0.00554974187264143,0.0020315438816509565,0.6828718929919181,0.03159634303826714,0.00950362168349459,0.6388989367055184,0.04862370749158472,0.009583969726430597,0.5369170715087169,0.00021259345795012567,0.00021259345795012567,2.501099505295596
14460,0.005544266750231187,0.0020324746524606977,0.6831847571296462,0.03156843499982666,0.00950836605002947,0.6392178857162668,0.04859129949145148,0.009589479086453249,0.5372257191290336,0.00021274058145043717,0.00021274058145043717,2.502830370005143
14470,0.005538796046240644,0.00203340467213909,0.6834973687862487,0.031540544743300314,0.009513107393638951,0.6395366315051395,0.048558904461836847,0.009594986241487738,0.5375342432206016,0.0002128877049507487,0.0002128877049507487,2.50456123471469
14480,0.005533329761725792,0.0020343339405066146,0.6838097279013831,0.031512672266735244,0.009517845714655011,0.6398551740944545,0.04852652240194816,0.009600491191668812,0.5378426437909698,0.0002130348284510602,0.0002130348284510602,2.5062920994242375
14490,0.005527867897742627,0.0020352624573837528,0.6841218344147068,0.03148481756817865,0.009522581013409633,0.6401735135065298,0.048494153310992806,0.009605993937131223,0.5381509208476876,0.00021318195195137168,0.00021318195195137168,2.5080229641337843
14500,0.005522410455347142,0.0020361902225909854,0.6844336882658774,0.03145698064567769,0.009527313290234797,0.6404916497636838,0.04846179718817813,0.009611494478009719,0.5384590743983036,0.0002133290754516832,0.0002133290754516832,2.5097538288433316
14510,0.005516957435595328,0.0020371172359487937,0.6847452893945524,0.03142916149727953,0.009532042545462482,0.640809582888234,0.04842945403271149,0.009616992814439047,0.5387671044503668,0.00021347619895199473,0.00021347619895199473,2.511484693552879
14520,0.005511508839543182,0.0020380434972776585,0.6850566377403894,0.031401360121031355,0.009536768779424673,0.641127312902499,0.04839712384380025,0.009622488946553957,0.5390750110114262,0.0002136233224523062,0.0002136233224523062,2.513215558262426
14530,0.005506064668246696,0.002038969006398061,0.6853677332430458,0.03137357651498032,0.009541491992453348,0.6414448398287964,0.04836480662065177,0.0096279828744892,0.5393827940890309,0.00021377044595261772,0.00021377044595261772,2.514946422971973
14540,0.0055006249227618625,0.0020398937631304825,0.685678575842179,0.03134581067717361,0.009546212184880488,0.6417621636894445,0.0483325023624734,0.009633474598379523,0.5396904536907295,0.00021391756945292925,0.00021391756945292925,2.5166772876815204
14550,0.005495189604144676,0.0020408177672954046,0.6859891654774468,0.031318062605658406,0.009550929357038076,0.6420792845067613,0.0483002110684725,0.009638964118359674,0.5399979898240714,0.00021406469295324072,0.00021406469295324072,2.518408152391067
14560,0.00548975871345113,0.0020417410187133075,0.6862995020885067,0.031290332298481854,0.009555643509258088,0.6423962023030646,0.04826793273785644,0.009644451434564405,0.5403054024966053,0.00021421181645355224,0.00021421181645355224,2.5201390171006146
14570,0.005484332251737216,0.002042663517204673,0.6866095856150161,0.031262619753691136,0.009560354641872508,0.6427129171006728,0.04823566736983257,0.009649936547128464,0.5406126917158803,0.00021435893995386376,0.00021435893995386376,2.521869881810162
14580,0.0054789102200589294,0.0020435852625899815,0.6869194159966324,0.031234924969333434,0.009565062755213318,0.6430294289219037,0.04820341496360825,0.009655419456186599,0.5409198574894454,0.00021450606345417523,0.00021450606345417523,2.5236007465197083
14590,0.005473492619472263,0.0020445062546897144,0.6872289931730132,0.03120724794345591,0.009569767849612498,0.6433457377890754,0.04817117551839084,0.009660900161873558,0.5412268998248492,0.00021465318695448676,0.00021465318695448676,2.5253316112292556
14600,0.0054680794510332115,0.0020454264933243535,0.6875383170838163,0.031179588674105738,0.009574469925402028,0.643661843724506,0.048138949033387696,0.009666378664324092,0.541533818729641,0.00021480031045479828,0.00021480031045479828,2.527062475938803
14610,0.005462670715797766,0.002046345978314379,0.6878473876686988,0.031151947159330087,0.009579168982913888,0.6439777467505134,0.04810673550780618,0.009671854963672951,0.5418406142113698,0.00021494743395510975,0.00021494743395510975,2.52879334064835
14620,0.005457266414821922,0.0020472647094802727,0.6881562048673185,0.03112432339717613,0.00958386502248006,0.6442934468894157,0.04807453494085365,0.009677329060054881,0.5421472862775845,0.00021509455745542127,0.00021509455745542127,2.530524205357897
14630,0.0054518665491616715,0.0020481826866425154,0.6884647686193328,0.03109671738569104,0.009588558044432526,0.6446089441635311,0.048042347331737456,0.009682800953604633,0.5424538349358338,0.0002152416809557328,0.0002152416809557328,2.5322550700674444
14640,0.005446471119873008,0.002049099909621588,0.6887730788643993,0.03106912912292199,0.009593248049103265,0.6449242385951773,0.04801017267966497,0.009688270644456955,0.542760260193667,0.0002153888044560443,0.0002153888044560443,2.5339859347769913
14650,0.005441080128011927,0.002050016378237972,0.6890811355421755,0.03104155860691615,0.009597935036824257,0.6452393302066726,0.04797801098384355,0.009693738132746599,0.543066562058633,0.0002155359279563558,0.0002155359279563558,2.5357167994865386
14660,0.005435693574634418,0.0020509320923121485,0.6893889385923188,0.031014005835720688,0.009602619007927485,0.645554219020335,0.04794586224348054,0.00969920341860831,0.5433727405382807,0.0002156830514566673,0.0002156830514566673,2.537447664196086
14670,0.0054303114607964775,0.0020518470516645983,0.6896964879544867,0.030986470807382777,0.00960729996274493,0.6458689050584826,0.047913726457783315,0.009704666502176837,0.543678795640159,0.0002158301749569788,0.0002158301749569788,2.539178528905633
14680,0.005424933787554099,0.0020527612561158028,0.6900037835683369,0.030958953519949598,0.009611977901608572,0.6461833883434333,0.04788160362595923,0.009710127383586932,0.5439847273718169,0.0002159772984572903,0.0002159772984572903,2.5409093936151796
14690,0.005419560555963274,0.002053674705486243,0.690310825373527,0.030931453971468306,0.009616652824850391,0.6464976688975052,0.04784949374721564,0.009715586062973342,0.5442905357408035,0.00021612442195760183,0.00021612442195760183,2.5426402583247274
14700,0.005414191767079997,0.0020545873995964,0.6906176133097143,0.030903972159986085,0.009621324732802368,0.6468117467430162,0.0478173968207599,0.009721042540470817,0.5445962207546675,0.00021627154545791332,0.00021627154545791332,2.5443711230342743
14710,0.005408827421960263,0.0020554993382667546,0.6909241473165562,0.030876508083550108,0.009625993625796485,0.6471256219022847,0.047785312845799385,0.009726496816214104,0.5449017824209582,0.00021641866895822482,0.00021641866895822482,2.546101987743821
14720,0.005403467521660063,0.0020564105213177887,0.6912304273337104,0.030849061740207535,0.009630659504164722,0.6474392943976283,0.047753241821541434,0.009731948890337955,0.5452072207472244,0.00021656579245853634,0.00021656579245853634,2.5478328524533684
14730,0.005398112067235391,0.002057320948569983,0.6915364533008346,0.030821633128005548,0.009635322368239059,0.6477527642513652,0.04772118374719342,0.009737398762977119,0.545512535741015,0.00021671291595884784,0.00021671291595884784,2.5495637171629157
14740,0.00539276105974224,0.0020582306198438185,0.6918422251575861,0.03079422224499131,0.00963998221835148,0.6480660314858137,0.047689138621962696,0.009742846434266341,0.5458177274098791,0.00021686003945915934,0.00021686003945915934,2.5512945818724626
14750,0.005387414500236606,0.0020591395349597763,0.6921477428436222,0.030766829089212005,0.00964463905483396,0.6483790961232914,0.04765710644505662,0.009748291904340374,0.5461227957613655,0.00021700716295947086,0.00021700716295947086,2.55302544658201
14760,0.005382072389774478,0.0020600476937383382,0.692453006298601,0.030739453658714798,0.009649292878018488,0.6486919581861168,0.04762508721568255,0.009753735173333966,0.5464277408030234,0.00021715428645978236,0.00021715428645978236,2.554756311291557
14770,0.005376734729411855,0.002060955095999984,0.6927580154621795,0.030712095951546853,0.009653943688237038,0.6490046176966074,0.04759308093304786,0.009759176241381865,0.5467325625424014,0.00021730140996009385,0.00021730140996009385,2.556487176001104
14780,0.005371401520204724,0.0020618617415651963,0.6930627702740155,0.030684755965755352,0.009658591485821592,0.6493170746770818,0.04756108759635988,0.009764615108618821,0.5470372609870489,0.00021744853346040538,0.00021744853346040538,2.5582180407106514
14790,0.005366072763209084,0.002062767630254455,0.6933672706737664,0.030657433699387466,0.009663236271104134,0.6496293291498577,0.04752910720482599,0.009770051775179582,0.5473418361445144,0.00021759565696071687,0.00021759565696071687,2.5599489054201983
14800,0.005360748459480927,0.002063672761888242,0.6936715166010896,0.030630129150490362,0.009667878044416642,0.6499413811372531,0.047497139757653545,0.009775486241198898,0.5476462880223473,0.00021774278046102837,0.00021774278046102837,2.561679770129745
14810,0.005355428610076244,0.002064577136287038,0.693975507995643,0.03060284231711121,0.009672516806091096,0.6502532306615862,0.0474651852540499,0.009780918506811518,0.5479506166280962,0.0002178899039613399,0.0002178899039613399,2.563410634839293
14820,0.0053501132160510305,0.0020654807532713244,0.6942792447970838,0.03057557319729719,0.00967715255645948,0.650564877745175,0.04743324369322241,0.00978634857215219,0.5482548219693104,0.0002180370274616514,0.0002180370274616514,2.5651414995488397
14830,0.005344802278461279,0.002066383612661582,0.6945827269450695,0.03054832178909547,0.009681785295853774,0.6508763224103377,0.04740131507437845,0.009791776437355664,0.5485589040535387,0.00021818415096196288,0.00021818415096196288,2.5668723642583866
14840,0.005339495798362985,0.002067285714278292,0.6948859543792579,0.030521088090553216,0.009686415024605956,0.651187564679392,0.04736939939672536,0.00979720210255669,0.54886286288833,0.0002183312744622744,0.0002183312744622744,2.568603228967934
14850,0.005334193776812139,0.002068187057941936,0.6951889270393062,0.030493872099717607,0.00969104174304801,0.651498604574656,0.04733749665947051,0.009802625567890015,0.5491666984812333,0.0002184783979625859,0.0002184783979625859,2.5703340936774812
14860,0.005328896214864737,0.0020690876434729943,0.6954916448648719,0.03046667381463581,0.009695665451511916,0.651809442118448,0.04730560686182125,0.009808046833490387,0.5494704108397976,0.0002186255214628974,0.0002186255214628974,2.572064958387028
14870,0.00532360311357677,0.0020699874706919487,0.6957941077956129,0.030439493233354997,0.009700286150329654,0.6521200773330859,0.04727373000298496,0.009813465899492557,0.5497739999715718,0.00021877264496320892,0.00021877264496320892,2.5737958230965754
14880,0.005318314474004233,0.0020708865394192797,0.6960963157711865,0.030412330353922344,0.009704903839833204,0.6524305102408875,0.047241866082168966,0.009818882766031276,0.5500774658841051,0.00021891976846352042,0.00021891976846352042,2.5755266878061223
14890,0.00531303029720312,0.0020717848494754693,0.6963982687312502,0.03038518517438502,0.00970951852035455,0.6527407408641713,0.04721001509858065,0.00982429743324129,0.5503808085849462,0.00021906689196383192,0.00021906689196383192,2.5772575525156696
14900,0.005307750584229423,0.0020726824006809977,0.6966999666154613,0.030358057692790194,0.009714130192225669,0.6530507692252551,0.04717817705142737,0.009829709901257347,0.5506840280816441,0.00021921401546414344,0.00021921401546414344,2.578988417225217
14910,0.005302475336139134,0.0020735791928563467,0.6970014093634779,0.030330947907185036,0.009718738855778546,0.6533605953464569,0.04714635193991648,0.0098351201702142,0.5509871243817479,0.00021936113896445494,0.00021936113896445494,2.5807192819347637
14920,0.005297204553988251,0.0020744752258219966,0.6973025969149569,0.030303855815616725,0.009723344511345159,0.6536702192500947,0.04711453976325533,0.009840528240246595,0.5512900974928064,0.00021950826246476643,0.00021950826246476643,2.5824501466443106
14930,0.005291938238832764,0.0020753704993984297,0.6976035292095562,0.030276781416132433,0.00972794715925749,0.6539796409584867,0.0470827405206513,0.00984593411148928,0.5515929474223686,0.00021965538596507796,0.00021965538596507796,2.584181011353858
14940,0.0052866763917286674,0.002076265013406126,0.697904206186933,0.030249724706779325,0.009732546799847518,0.6542888604939506,0.047050954211311724,0.009851337784077006,0.5518956741779836,0.00021980250946538945,0.00021980250946538945,2.5859118760634052
14950,0.005281419013731954,0.0020771587676655674,0.6982046277867453,0.030222685685604576,0.009737143433447226,0.6545978778788051,0.04701918083444398,0.009856739258144523,0.5521982777672001,0.00021994963296570095,0.00021994963296570095,2.587642740772952
14960,0.005276166105898617,0.0020780517619972344,0.6985047939486502,0.030195664350655353,0.009741737060388594,0.6549066931353675,0.04698742038925542,0.00986213853382658,0.5525007581975675,0.00022009675646601247,0.00022009675646601247,2.5893736054824994
14970,0.005270917669284652,0.0020789439962216084,0.6988047046123053,0.030168660699978835,0.009746327681003602,0.6552153062859564,0.04695567287495339,0.009867535611257923,0.5528031154766344,0.00022024387996632397,0.00022024387996632397,2.5911044701920467
14980,0.00526567370494605,0.002079835470159171,0.6991043597173684,0.03014167473162219,0.00975091529562423,0.6555237173528894,0.04692393829074527,0.009872930490573303,0.5531053496119497,0.00022039100346663546,0.00022039100346663546,2.5928353349015936
14990,0.0052604342139388055,0.0020807261836304023,0.6994037592034965,0.03011470644363259,0.009755499904582464,0.6558319263584849,0.04689221663583842,0.009878323171907469,0.5534074606110627,0.000220538126966947,0.000220538126966947,2.594566199611141
15000,0.0052551991973189115,0.0020816161364557847,0.6997029030103478,0.030087755834057206,0.009760081508210278,0.6561399333250606,0.04686050790944017,0.009883713655395171,0.5537094484815221,0.00022068525046725848,0.00022068525046725848,2.5962970643206877
15010,0.005249968656142362,0.002082505328455798,0.7000017910775791,0.030060822900943206,0.009764660106839657,0.6564477382749349,0.046828812110757914,0.009889101941171156,0.5540113132308772,0.00022083237396756998,0.00022083237396756998,2.598027929030235
15020,0.00524474259146515,0.0020833937594509242,0.7003004233448485,0.030033907642337772,0.009769235700802582,0.6567553412304256,0.04679712923899898,0.009894488029370173,0.5543130548666764,0.0002209794974678815,0.0002209794974678815,2.5997587937397824
15030,0.005239521004343269,0.002084281429261644,0.7005987997518129,0.03000701005628807,0.009773808290431032,0.6570627422138509,0.04676545929337075,0.009899871920126972,0.554614673396469,0.00022112662096819303,0.00022112662096819303,2.6014896584493297
15040,0.005234303895832713,0.0020851683377084386,0.7008969202381305,0.029980130140841266,0.009778377876056987,0.6573699412475285,0.04673380227308058,0.009905253613576304,0.5549161688278041,0.0002212737444685045,0.0002212737444685045,2.603220523158876
15050,0.005229091266989474,0.002086054484611789,0.7011947847434584,0.02995326789404454,0.00978294445801243,0.6576769383537767,0.046702158177335806,0.009910633109852914,0.5552175411682305,0.00022142086796881602,0.00022142086796881602,2.6049513878684234
15060,0.0052238831188695465,0.0020869398697921765,0.7014923932074543,0.029926423313945058,0.009787508036629342,0.6579837335549137,0.046670527005343805,0.009916010409091553,0.5555187904252972,0.00022156799146912754,0.00022156799146912754,2.6066822525779707
15070,0.0052186794525289236,0.0020878244930700824,0.7017897455697756,0.02989959639858999,0.009792068612239704,0.6582903268732574,0.04663890875631194,0.009921385511426972,0.555819916606553,0.000221715114969439,0.000221715114969439,2.6084131172875176
15080,0.005213480269023599,0.0020887083542659875,0.7020868417700797,0.02987278714602652,0.009796626185175494,0.6585967183311257,0.046607303429447564,0.009926758416993914,0.556120919719547,0.00022186223846975054,0.00022186223846975054,2.610143981997065
15090,0.005208285569409566,0.002089591453200373,0.7023836817480245,0.029845995554301806,0.009801180755768696,0.6589029079508365,0.046575711023958036,0.009932129125927135,0.5564217997718283,0.00022200936197006206,0.00022200936197006206,2.611874846706612
15100,0.005203095354742819,0.00209047378969372,0.7026802654432671,0.029819221621463023,0.009805732324351288,0.6592088957547083,0.046544131539050716,0.009937497638361378,0.5567225567709455,0.00022215648547037353,0.00022215648547037353,2.613605711416159
15110,0.0051979096260793495,0.00209135536356651,0.7029765927954654,0.02979246534555735,0.009810280891255253,0.659514681765059,0.04651256497393296,0.009942863954431398,0.5570231907244481,0.00022230360897068505,0.00022230360897068505,2.6153365761257064
15120,0.005192728384475152,0.0020922361746392236,0.7032726637442768,0.02976572672463195,0.00981482645681257,0.6598202660042063,0.04648101132781213,0.00994822807427194,0.5573237016398845,0.00022245073247099658,0.00022245073247099658,2.6170674408352537
15130,0.005187551630986219,0.002093116222732342,0.7035684782293586,0.029739005756734,0.009819369021355223,0.6601256484944686,0.04644947059989558,0.009953589998017752,0.5576240895248041,0.00022259785597130804,0.00022259785597130804,2.6187983055448005
15140,0.005182379366668547,0.0020939955076663464,0.7038640361903685,0.02971230243991067,0.009823908585215188,0.6604308292581638,0.04641794278939067,0.009958949725803586,0.5579243543867555,0.00022274497947161957,0.00022274497947161957,2.620529170254348
15150,0.005177211592578125,0.002094874029261718,0.704159337566964,0.029685616772209125,0.009828445148724451,0.66073580831761,0.04638642789550476,0.00996430725776419,0.558224496233288,0.0002228921029719311,0.0002228921029719311,2.622260034963895
15160,0.005172048309770949,0.002095751787338938,0.7044543822988025,0.02965894875167655,0.009832978712214991,0.6610405856951254,0.04635492591744521,0.009969662594034315,0.5585245150719504,0.0002230392264722426,0.0002230392264722426,2.623990899673442
15170,0.005166889519303013,0.0020966287817184874,0.7047491703255419,0.029632298376360104,0.009837509276018785,0.6613451614130276,0.04632343685441938,0.009975015734748707,0.5588244109102918,0.00022318634997255408,0.00022318634997255408,2.625721764382989
15180,0.005161735222230308,0.002097505012220847,0.7050437015868393,0.029605665644306965,0.009842036840467819,0.6616495354936348,0.04629196070563463,0.009980366680042114,0.5591241837558607,0.00022333347347286558,0.00022333347347286558,2.627452629092536
15190,0.00515658541960883,0.0020983804786664983,0.7053379760223523,0.029579050553564305,0.009846561405894072,0.6619537079592652,0.046260497470298305,0.009985715430049289,0.5594238336162066,0.0002234805969731771,0.0002234805969731771,2.6291834938020835
15200,0.00515144011249457,0.0020992551808759223,0.7056319935717386,0.029552453102179292,0.009851082972629523,0.6622576788322367,0.04622904714761778,0.009991061984904978,0.5597233604988783,0.0002236277204734886,0.0002236277204734886,2.6309143585116304
15210,0.005146299301943524,0.0021001291186696002,0.7059257541746555,0.029525873288199098,0.009855601541006155,0.6625614481348675,0.046197609736800406,0.00999640634474393,0.5600227644114246,0.0002237748439738001,0.0002237748439738001,2.632645223221177
15220,0.0051411629890116845,0.002101002291868013,0.7062192577707606,0.029499311109670898,0.00986011711135595,0.6628650158894756,0.04616618523705354,0.010001748509700897,0.5603220453613948,0.00022392196747411162,0.00022392196747411162,2.6343760879307245
15230,0.005136031174755043,0.002101874700291642,0.7065125042997116,0.029472766564641865,0.009864629684010886,0.6631683821183787,0.04613477364758456,0.010007088479910626,0.5606212033563376,0.00022406909097442312,0.00022406909097442312,2.636106952640272
15240,0.005130903860229595,0.0021027463437609684,0.7068054937011657,0.029446239651159164,0.009869139259302944,0.6634715468438953,0.046103374967600794,0.010012426255507864,0.560920238403802,0.0002242162144747346,0.0002242162144747346,2.6378378173498187
15250,0.005125781046491334,0.0021036172220964726,0.7070982259147806,0.02941973036726997,0.009873645837564109,0.6637745100883434,0.04607198919630962,0.010017761836627365,0.561219150511337,0.00022436333797504614,0.00022436333797504614,2.639568682059366
15260,0.005120662734596252,0.0021044873351186368,0.707390700880214,0.02939323871102146,0.009878149419126354,0.6640772718740405,0.046040616332918394,0.010023095223403874,0.5615179396864916,0.00022451046147535763,0.00022451046147535763,2.6412995467689133
15270,0.005115548925600344,0.002105356682647941,0.7076829185371228,0.029366764680460792,0.009882650004321668,0.6643798322233053,0.04600925637663447,0.010028426415972139,0.5618166059368145,0.00022465758497566913,0.00022465758497566913,2.64303041147846
15280,0.005110439620559602,0.002106225264504867,0.7079748788251654,0.02934030827363515,0.009887147593482026,0.6646821911584554,0.04597790932666522,0.010033755414466912,0.5621151492698551,0.00022480470847598065,0.00022480470847598065,2.6447612761880075
15290,0.00510533482053002,0.002107093080509896,0.7082665816839986,0.029313869488591708,0.009891642186939413,0.6649843487018091,0.04594657518221798,0.010039082219022943,0.562413569693162,0.00022495183197629215,0.00022495183197629215,2.6464921408975544
15300,0.005100234526567592,0.0021079601304835084,0.7085580270532801,0.02928744832337762,0.009896133785025806,0.6652863048756843,0.04591525394250014,0.010044406829774978,0.5627118672142846,0.00022509895547660367,0.00022509895547660367,2.6482230056071017
15310,0.005095138739728311,0.0021088264142461867,0.7088492148726677,0.029261044776040076,0.00990062238807319,0.6655880597023992,0.04588394560671902,0.010049729246857767,0.5630100418407712,0.00022524607897691517,0.00022524607897691517,2.649953870316649
15320,0.00509004746106817,0.0021096919316184104,0.7091401450818184,0.02923465884462624,0.009905107996413542,0.6658896132042716,0.04585265017408201,0.010055049470406058,0.5633080935801713,0.00022539320247722666,0.00022539320247722666,2.651684735026196
15330,0.005084960691643164,0.0021105566824206616,0.7094308176203904,0.02920829052718328,0.009909590610378844,0.6661909654036197,0.04582136764379646,0.010060367500554602,0.5636060224400338,0.0002255403259775382,0.0002255403259775382,2.653415599735743
15340,0.005079878432509283,0.0021114206664734213,0.7097212324280406,0.029181939821758377,0.009914070230301079,0.6664921163227615,0.045790098015069725,0.01006568333743815,0.5639038284279075,0.00022568744947784968,0.00022568744947784968,2.65514646444529
15350,0.005074800684722524,0.00211228388359717,0.7100113894444269,0.0291556067263987,0.009918546856512224,0.666793065984015,0.045758841287109164,0.010070996981191443,0.5642015115513414,0.00022583457297816118,0.00022583457297816118,2.6568773291548373
15360,0.00506972744933888,0.00211314633361239,0.7103012886092066,0.029129291239151412,0.009923020489344262,0.6670938144096982,0.04572759745912214,0.010076308431949238,0.5644990718178845,0.0002259816964784727,0.0002259816964784727,2.6586081938643846
15370,0.005064658727414342,0.0021140080163395613,0.7105909298620373,0.02910299335806369,0.009927491129129174,0.6673943616221293,0.045696366530316,0.01008161768984628,0.5647965092350857,0.0002261288199787842,0.0002261288199787842,2.6603390585739315
15380,0.005059594520004906,0.0021148689315991656,0.7108803131425766,0.029076713081182714,0.009931958776198943,0.6676947076436264,0.045665148499898126,0.01008692475501732,0.5650938238104942,0.0002262759434790957,0.0002262759434790957,2.662069923283479
15390,0.005054534828166564,0.002115729079211684,0.7111694383904819,0.029050450406555635,0.009936423430885546,0.6679948524965073,0.04563394336707585,0.010092229627597104,0.5653910155516585,0.00022642306697940722,0.00022642306697940722,2.663800787993026
15400,0.005049479652955309,0.002116588458997597,0.7114583055454107,0.029024205332229647,0.009940885093520962,0.6682947962030898,0.04560275113105655,0.010097532307720387,0.5656880844661282,0.00022657019047971872,0.00022657019047971872,2.665531652702573
15410,0.005044428995427136,0.0021174470707773863,0.7117469145470205,0.02899797785625191,0.009945343764437177,0.6685945387856925,0.04557157179104758,0.010102832795521911,0.5659850305614516,0.0002267173139800302,0.0002267173139800302,2.66726251741212
15420,0.005039382856638037,0.002118304914371533,0.7120352653349691,0.0289717679766696,0.00994979944396617,0.6688940802666331,0.045540405346256294,0.01010813109113643,0.566281853845178,0.00022686443748034174,0.00022686443748034174,2.668993382121667
15430,0.005034341237644006,0.0021191619896005183,0.7123233578489137,0.028945575691529887,0.009954252132439924,0.6691934206682301,0.045509251795890056,0.01011342719469869,0.5665785543248566,0.00022701156098065323,0.00022701156098065323,2.6707242468312145
15440,0.005029304139501038,0.002120018296284823,0.712611192028512,0.02891940099887994,0.009958701830190413,0.6694925600128008,0.04547811113915623,0.010118721106343442,0.566875132008036,0.00022715868448096473,0.00022715868448096473,2.6724551115407613
15450,0.005024271563265123,0.0021208738342449285,0.7128987678134213,0.02889324389676693,0.009963148537549624,0.6697914983226637,0.04544698337526215,0.010124012826205434,0.5671715869022652,0.00022730580798127625,0.00022730580798127625,2.6741859762503086
15460,0.005019243509992258,0.002121728603301316,0.7131860851432994,0.028867104383238036,0.009967592254849536,0.6700902356201368,0.04541586850341521,0.010129302354419415,0.5674679190150933,0.00022745293148158775,0.00022745293148158775,2.6759168409598555
15470,0.0050142199807384335,0.0021225826032744656,0.7134731439578035,0.028840982456340425,0.00997203298242213,0.6703887719275381,0.045384766522822736,0.010134589691120134,0.5677641283540691,0.00022760005498189924,0.00022760005498189924,2.677647705669403
15480,0.005009200976559645,0.00212343583398486,0.7137599441965914,0.028814878114121267,0.009976470720599387,0.6706871072671855,0.04535367743269211,0.01013987483644234,0.5680602149267419,0.00022774717848221077,0.00022774717848221077,2.67937857037895
15490,0.005004186498511885,0.002124288295252979,0.7140464857993205,0.028788791354627738,0.009980905469713287,0.6709852416613974,0.04532260123223068,0.010145157790520784,0.5683561787406601,0.00022789430198252226,0.00022789430198252226,2.681109435088497
15500,0.004999176547651147,0.0021251399868993043,0.7143327687056484,0.028762722175907,0.009985337230095813,0.6712831751324915,0.04529153792064581,0.010150438553490211,0.5686520198033732,0.00022804142548283376,0.00022804142548283376,2.682840299798044
15510,0.004994170896102798,0.0021259909476625235,0.7146188059369827,0.02873667036358994,0.009989766038189714,0.6715809101304009,0.04526048797335062,0.010155717044530397,0.5689477335871371,0.00022818854898314526,0.00022818854898314526,2.684571164507591
15520,0.004989168483802441,0.002126841357753584,0.7149046580684316,0.02871063493140578,0.00999419206166102,0.6718784579267911,0.045229453594797416,0.01016099288888444,0.5692432990971676,0.00022833567248345675,0.00022833567248345675,2.686302029217138
15530,0.004984169177875769,0.0021276912397611186,0.715190332692813,0.028684615753740064,0.009998615321864194,0.6721758199572566,0.04519843505799446,0.010166266040140943,0.5695387137333862,0.00022848279598376825,0.00022848279598376825,2.6880328939266853
15540,0.004979172978684622,0.0021285405936236133,0.7154758297894498,0.028658612828622795,0.010003035819134129,0.6724729962443111,0.04516743235864696,0.010171536499030019,0.5698339775366957,0.00022862991948407977,0.00022862991948407977,2.6897637586362326
15550,0.004974179886590841,0.002129389419279556,0.7157611493376659,0.02863262615408399,0.010007453553805726,0.6727699868104688,0.045136445492460105,0.010176804266281784,0.5701290905479991,0.00022877704298439127,0.00022877704298439127,2.6914946233457795
15560,0.004969189901956268,0.002130237716667434,0.7160462913167844,0.028606655728153657,0.010011868526213883,0.6730667916782441,0.04510547445513908,0.010182069342626358,0.5704240528081993,0.00022892416648470277,0.00022892416648470277,2.6932254880553264
15570,0.004964203025142742,0.002131085485725733,0.7163312557061288,0.02858070154886181,0.010016280736693497,0.673363410870151,0.045074519242389095,0.010187331728793856,0.5707188643581992,0.0002290712899850143,0.0002290712899850143,2.6949563527648737
15580,0.004959219256512105,0.0021319327263929415,0.7166160424850222,0.028554763614238463,0.010020690185579465,0.6736598444087034,0.04504357984991533,0.010192591425514395,0.5710135252389017,0.00022921841348532579,0.00022921841348532579,2.696687217474421
15590,0.004954238596426198,0.0021327794386075457,0.7169006516327884,0.028528841922313627,0.010025096873206688,0.6739560923164158,0.04501265627342299,0.010197848433518094,0.5713080354912097,0.00022936553698563728,0.00022936553698563728,2.698418082183968
15600,0.004949261045246861,0.002133625622308033,0.7171850831287505,0.028502936471117315,0.01002950079991006,0.6742521546158023,0.04498174850861726,0.010203102753535066,0.5716023951560262,0.0002295126604859488,0.0002295126604859488,2.700148946893515
15610,0.004944286603335935,0.0021344712774328902,0.7174693369522319,0.028477047258679538,0.010033901966024482,0.6745480313293769,0.04495085655120334,0.010208354386295434,0.571896604274254,0.0002296597839862603,0.0002296597839862603,2.701879811603062
15620,0.004939315271055261,0.002135316403920605,0.7177534130825562,0.02845117428303031,0.010038300371884851,0.6748437224796539,0.04491998039688642,0.01021360333252931,0.5721906628867961,0.0002298069074865718,0.0002298069074865718,2.7036106763126093
15630,0.0049343470487666794,0.002136161001709664,0.7180373114990466,0.028425317542199645,0.010042696017826066,0.6751392280891472,0.0448891200413717,0.010218849592966813,0.5724845710345553,0.00022995403098688332,0.00022995403098688332,2.7053415410221566
15640,0.004929381936832032,0.002137005070738554,0.7183210321810264,0.028399477034217552,0.010047088904183021,0.675434548180371,0.04485827548036437,0.010224093168338059,0.5727783287584347,0.00023010115448719482,0.00023010115448719482,2.7070724057317035
15650,0.004924419935613158,0.002137848610945762,0.7186045751078192,0.028373652757114044,0.010051479031290616,0.6757296827758397,0.04482744670956962,0.010229334059373166,0.573071936099337,0.00023024827798750634,0.00023024827798750634,2.708803270441251
15660,0.0049194610454719005,0.002138691622269776,0.7188879402587481,0.028347844708919132,0.010055866399483752,0.6760246318980673,0.044796633724692655,0.01023457226680225,0.5733653930981653,0.00023039540148781784,0.00023039540148781784,2.710534135150798
15670,0.004914505266770099,0.0021395341046490826,0.719171127613137,0.028322052887662832,0.010060251009097323,0.6763193955695679,0.04476583652143866,0.01023980779135543,0.5736586997958224,0.00023054252498812933,0.00023054252498812933,2.712264999860345
15680,0.004909552599869593,0.0021403760580221685,0.7194541371503087,0.028296277291375155,0.010064632860466228,0.6766139738128556,0.04473505509551283,0.01024504063376282,0.5739518562332113,0.00023068964848844086,0.00023068964848844086,2.7139958645698923
15690,0.004904603045132226,0.0021412174823275208,0.7197369688495868,0.028270517918086116,0.010069011953925365,0.6769083666504446,0.044704289442620365,0.010250270794754539,0.5742448624512346,0.00023083677198875235,0.00023083677198875235,2.715726729279439
15700,0.004899656602919836,0.002142058377503627,0.7200196226902947,0.02824477476582572,0.010073388289809632,0.6772025741048491,0.04467353955846645,0.010255498275060703,0.5745377184907957,0.00023098389548906385,0.00023098389548906385,2.7174575939889865
15710,0.004894713273594266,0.002142898743488974,0.7203020986517559,0.028219047832623984,0.010077761868453928,0.6774965961985833,0.04464280543875629,0.010260723075411432,0.5748304243927973,0.00023113101898937537,0.00023113101898937537,2.7191884586985338
15720,0.004889773057517356,0.0021437385802220484,0.7205843967132936,0.02819333711651092,0.010082132690193148,0.6777904329541611,0.04461208707919507,0.01026594519653684,0.5751229801981422,0.00023127814248968687,0.00023127814248968687,2.7209193234080806
15730,0.004884835955050948,0.002144577887641338,0.7208665168542312,0.028167642615516544,0.010086500755362193,0.6780840843940968,0.04458138447548799,0.010271164639167043,0.5754153859477334,0.00023142526598999837,0.00023142526598999837,2.7226501881176275
15740,0.00487990196655688,0.0021454166656853296,0.7211484590538922,0.02814196432767086,0.010090866064295958,0.6783775505409047,0.04455069762334024,0.01027638140403216,0.5757076416824739,0.0002315723894903099,0.0002315723894903099,2.724381052827175
15750,0.004874971092396996,0.00214625491429251,0.7214302232915999,0.028116302251003887,0.010095228617329343,0.6786708314170986,0.04452002651845702,0.010281595491862309,0.5759997474432667,0.00023171951299062139,0.00023171951299062139,2.726111917536722
15760,0.004870043332933134,0.0021470926334013663,0.7217118095466776,0.028090656383545638,0.010099588414797247,0.6789639270451929,0.044489371156543514,0.010286806903387603,0.5762917032710142,0.00023186663649093288,0.00023186663649093288,2.727842782246269
15770,0.004865118688527136,0.002147929822950386,0.7219932177984489,0.02806502672332612,0.010103945457034564,0.6792568374477017,0.04445873153330492,0.010292015639338164,0.5765835092066198,0.0002320137599912444,0.0002320137599912444,2.7295736469558163
15780,0.004860197159540844,0.0021487664828780556,0.7222744480262372,0.02803941326837535,0.010108299744376196,0.6795495626471392,0.04442810764444644,0.010297221700444106,0.5768751652909864,0.0002321608834915559,0.0002321608834915559,2.731304511665363
15790,0.004855278746336097,0.002149602613122863,0.7225555002093655,0.02801381601672334,0.010112651277157037,0.6798421026660192,0.044397499485673265,0.010302425087435547,0.5771666715650167,0.0002323080069918674,0.0002323080069918674,2.7330353763749105
15800,0.004850363449274737,0.002150438213623294,0.7228363743271576,0.027988234966400096,0.010117000055711988,0.6801344575268562,0.04436690705269058,0.010307625801042603,0.5774580280696137,0.00023245513049217892,0.00023245513049217892,2.7347662410844578
15810,0.004845451268718604,0.0021512732843178366,0.7231170703589366,0.02796267011543564,0.010121346080375945,0.6804266272521643,0.044336330341203586,0.01031282384199539,0.5777492348456801,0.00023260225399249042,0.00023260225399249042,2.7364971057940046
15820,0.00484054220502954,0.0021521078251449774,0.7233975882840259,0.027937121461859976,0.010125689351483808,0.6807186118644576,0.04430576934691748,0.01031801921102403,0.5780402919341193,0.00023274937749280191,0.00023274937749280191,2.738227970503552
15830,0.004835636258569384,0.002152941836043204,0.7236779280817492,0.027911589003703125,0.010130029869370474,0.6810104113862502,0.04427522406553745,0.010323211908858635,0.5783311993758339,0.00023289650099311344,0.00023289650099311344,2.7399588352130992
15840,0.004830733429699978,0.002153775316951003,0.7239580897314295,0.02788607273899509,0.010134367634370839,0.6813020258400563,0.044244694492768695,0.010328401936229322,0.5786219572117268,0.00023304362449342493,0.00023304362449342493,2.741689699922646
15850,0.004825833718783163,0.0021546082678068615,0.7242380732123904,0.02786057266576589,0.010138702646819804,0.6815934552483901,0.0442141806243164,0.010333589293866212,0.5789125654827009,0.00023319074799373643,0.00023319074799373643,2.743420564632193
15860,0.0048209371261807785,0.002155440688549267,0.7245178785039552,0.027835088782045533,0.010143034907052264,0.6818846996337655,0.044183682455885775,0.01033877398249942,0.5792030242296593,0.00023333787149404795,0.00023333787149404795,2.7451514293417403
15870,0.004816043652254667,0.002156272579116706,0.7247975055854473,0.027809621085864038,0.010147364415403119,0.682175759018697,0.044153199983182005,0.01034395600285906,0.5794933334935047,0.00023348499499435945,0.00023348499499435945,2.7468822940512876
15880,0.004811153297366668,0.0021571039394476656,0.72507695443619,0.02778416957525141,0.010151691172207265,0.6824666334256984,0.04412273320191028,0.010349135355675254,0.5797834933151402,0.00023363211849467095,0.00023363211849467095,2.7486131587608345
15890,0.004806266061878624,0.002157934769480633,0.7253562250355069,0.027758734248237663,0.010156015177799602,0.6827573228772841,0.0440922821077758,0.010354312041678115,0.5800735037354686,0.00023377924199498247,0.00023377924199498247,2.7503440234703818
15900,0.004801381946152374,0.0021587650691540956,0.7256353173627212,0.027733315102852815,0.010160336432515026,0.683047827395968,0.044061846696483754,0.010359486061597763,0.580363364795393,0.00023392636549529397,0.00023392636549529397,2.7520748881799286
15910,0.004796500950549759,0.0021595948384065403,0.7259142313971564,0.02770791213712687,0.010164654936688437,0.6833381470042645,0.044031426963739344,0.010364657416164312,0.5806530765358158,0.00023407348899560546,0.00023407348899560546,2.753805752889476
15920,0.00479162307543262,0.002160424077176454,0.7261929671181357,0.027682525349089847,0.01016897069065473,0.6836282817246877,0.04400102290524776,0.010369826106107882,0.5809426389976404,0.00023422061249591699,0.00023422061249591699,2.7555366175990232
15930,0.004786748321162799,0.0021612527854023233,0.7264715245049825,0.027657154736771754,0.010173283694748807,0.6839182315797516,0.043970634516714194,0.010374992132158587,0.5812320522217697,0.00023436773599622848,0.00023436773599622848,2.75726748230857
15940,0.004781876688102136,0.0021620809630226363,0.7267499035370205,0.027631800298202606,0.010177593949305562,0.6842079965919704,0.043940261793843846,0.010380155495046547,0.5815213162491063,0.00023451485949654,0.00023451485949654,2.7589983470181174
15950,0.004777008176612471,0.002162908609975879,0.7270281041935728,0.027606462031412413,0.010181901454659895,0.6844975767838585,0.0439099047323419,0.010385316195501879,0.5818104311205535,0.0002346619829968515,0.0002346619829968515,2.7607292117276647
15960,0.004772142787055646,0.0021637357262005393,0.7273061264539626,0.02758113993443119,0.010186206211146702,0.6847869721779295,0.043879563327913554,0.010390474234254696,0.5820993968770137,0.000234809106497163,0.000234809106497163,2.7624600764372116
15970,0.004767280519793501,0.002164562311635104,0.727583970297514,0.02755583400528895,0.010190508219100882,0.6850761827966979,0.043849237576264015,0.010395629612035119,0.5823882135593904,0.00023495622999747452,0.00023495622999747452,2.764190941146759
15980,0.0047624213751878775,0.00216538836621806,0.7278616357035496,0.027530544242015703,0.010194807478857336,0.6853652086626779,0.04381892747309846,0.010400782329573264,0.5826768812085862,0.00023510335349778602,0.00023510335349778602,2.7659218058563058
15990,0.004757565353600616,0.0021662138898878944,0.7281391226513931,0.02750527064264146,0.010199103990750956,0.6856540497983835,0.043788633014122086,0.010405932387599246,0.582965399865504,0.00023525047699809751,0.00023525047699809751,2.767652670565853
16000,0.004752712455393557,0.0021670388825830948,0.7284164311203679,0.027480013205196236,0.010203397755116644,0.6859427062263289,0.043758354195040094,0.010411079786843185,0.5832537695710467,0.00023539760049840904,0.00023539760049840904,2.7693835352754004
16010,0.004747862680928541,0.0021678633442421473,0.7286935610897973,0.027454771927710044,0.010207688772289296,0.6862311779690282,0.043728091011557675,0.010416224528035195,0.5835419903661174,0.00023554472399872053,0.00023554472399872053,2.7711143999849472
16020,0.004743016030567411,0.0021686872748035396,0.7289705125390049,0.027429546808212895,0.010211977042603812,0.6865194650489957,0.04369784345938003,0.010421366611905397,0.5838300622916188,0.00023569184749903203,0.00023569184749903203,2.772845264694494
16030,0.004738172504672004,0.0021695106742057584,0.7292472854473137,0.0274043378447348,0.010216262566395089,0.6868075674887454,0.043667611534212336,0.010426506039183905,0.584117985388454,0.00023583897099934355,0.00023583897099934355,2.7745761294040414
16040,0.004733332103604165,0.0021703335423872913,0.7295238797940475,0.027379145035305773,0.010220545343998024,0.6870954853107915,0.0436373952317598,0.010431642810600836,0.5844057596975258,0.00023598609449965505,0.00023598609449965505,2.7763069941135887
16050,0.0047284948277257315,0.002171155879286625,0.7298002955585294,0.02735396837795583,0.010224825375747515,0.6873832185376479,0.043607194547727615,0.010436776926886307,0.5846933852597371,0.00023613321799996655,0.00023613321799996655,2.7780378588231356
16060,0.004723660677398546,0.002171977684842246,0.7300765327200827,0.027328807870714976,0.010229102661978458,0.687670767191829,0.04357700947782097,0.010441908388770436,0.5849808621159908,0.00023628034150027807,0.00023628034150027807,2.779768723532683
16070,0.004718829652984449,0.0021727989589926428,0.7303525912580312,0.027303663511613226,0.010233377203025756,0.687958131295849,0.043546840017745066,0.01044703719698334,0.5852681903071899,0.00023642746500058957,0.00023642746500058957,2.78149958824223
16080,0.004714001754845282,0.002173619701676301,0.7306284711516978,0.027278535298680594,0.010237648999224304,0.6882453108722221,0.04351668616320509,0.010452163352255135,0.5855553698742373,0.00023657458850090106,0.00023657458850090106,2.783230452951777
16090,0.004709176983342884,0.002174439912831709,0.7309041723804064,0.02725342322994709,0.010241918050908998,0.6885323059434619,0.04348654790990624,0.010457286855315941,0.5858424008580358,0.00023672171200121259,0.00023672171200121259,2.7849613176613244
16100,0.004704355338839098,0.0021752595923973527,0.7311796949234798,0.027228327303442733,0.01024618435841474,0.6888191165320833,0.04345642525355371,0.01046240770689587,0.5861292832994885,0.00023686883550152408,0.00023686883550152408,2.7866921823708712
16110,0.0046995368216957625,0.0021760787403117196,0.7314550387602419,0.027203247517197528,0.010250447922076425,0.6891057426605999,0.043426318189852695,0.010467525907725043,0.5864160172394982,0.00023701595900183558,0.00023701595900183558,2.7884230470804185
16120,0.00469472143227472,0.002176897356513297,0.7317302038700156,0.02717818386924149,0.010254708742228951,0.689392184351526,0.04339622671450839,0.010472641458533575,0.5867026027189678,0.0002371630825021471,0.0002371630825021471,2.790153911789966
16130,0.004689909170937811,0.0021777154409405716,0.7320051902321248,0.027153136357604628,0.010258966819207217,0.6896784416273758,0.043366150823225987,0.010477754360051583,0.5869890397788002,0.0002373102060024586,0.0002373102060024586,2.7918847764995127
16140,0.004685100038046876,0.0021785329935320305,0.7322799978258925,0.02712810498031696,0.010263222153346121,0.6899645145106635,0.04333609051171068,0.010482864613009187,0.5872753284598984,0.0002374573295027701,0.0002374573295027701,2.7936156412090596
16150,0.004680294033963756,0.0021793500142261607,0.7325546266306422,0.027103089735408495,0.01026747474498056,0.6902504030239032,0.04330604577566766,0.010487972218136498,0.5875614688031652,0.00023760445300308162,0.00023760445300308162,2.795346505918607
16160,0.0046754911590502915,0.0021801665029614497,0.7328290766256974,0.027078090620909247,0.010271724594445432,0.6905361071896087,0.043276016610802125,0.01049307717616364,0.5878474608495036,0.00023775157650339311,0.00023775157650339311,2.797077370628154
16170,0.004670691413668324,0.0021809824596763843,0.7331033477903813,0.02705310763484923,0.010275971702075636,0.6908216270302947,0.04324600301281927,0.010498179487820725,0.5881333046398165,0.0002378987000037046,0.0002378987000037046,2.798808235337701
16180,0.004665894798179693,0.0021817978843094513,0.7333774401040172,0.02702814077525845,0.010280216068206068,0.691106962568475,0.04321600497742429,0.010503279153837872,0.5884190002150068,0.00023804582350401613,0.00023804582350401613,2.8005391000472484
16190,0.004661101312946241,0.0021826127767991385,0.7336513535459288,0.027003190040166925,0.010284457693171628,0.691392113826664,0.04318602250032238,0.010508376174945197,0.5887045476159775,0.00023819294700432763,0.00023819294700432763,2.8022699647567952
16200,0.004656310958329807,0.002183427137083932,0.7339250880954392,0.026978255427604667,0.01028869657730721,0.6916770808273753,0.04315605557721872,0.010513470551872819,0.5889899468836313,0.00023834007050463915,0.00023834007050463915,2.804000829466343
16210,0.0046515237346922336,0.0021842409651023193,0.734198643731872,0.026953336935601684,0.010292932720947718,0.6919618635931237,0.04312610420381852,0.010518562285350853,0.5892751980588713,0.00023848719400495065,0.00023848719400495065,2.80573169417589
16220,0.004646739642395361,0.002185054260792788,0.7344720204345506,0.026928434562187995,0.010297166124428046,0.6922464621464232,0.04309616837582697,0.010523651376109416,0.5895603011826004,0.00023863431750526215,0.00023863431750526215,2.8074625588854367
16230,0.0046419586818010295,0.0021858670240938243,0.734745218182798,0.026903548305393606,0.010301396788083091,0.6925308765097875,0.043066248088949266,0.010528737824878625,0.5898452562957213,0.00023878144100557367,0.00023878144100557367,2.809193423594984
16240,0.00463718085327108,0.0021866792549439158,0.735018236955938,0.026878678163248532,0.010305624712247753,0.6928151067057312,0.043036343338890594,0.0105338216323886,0.5901300634391373,0.00023892856450588517,0.00023892856450588517,2.8109242883045313
16250,0.004632406157167354,0.002187490953281549,0.7352910767332937,0.02685382413378279,0.010309849897256931,0.6930991527567685,0.04300645412135616,0.010538902799369454,0.5904147226537508,0.00023907568800619666,0.00023907568800619666,2.812655153014078
16260,0.004627634593851692,0.0021883021190452117,0.7355637374941887,0.02682898621502638,0.010314072343445519,0.693383014685413,0.042976580432051145,0.010543981326551306,0.5906992339804653,0.00023922281150650819,0.00023922281150650819,2.8143860177236255
16270,0.004622866163685934,0.0021891127521733904,0.7358362192179464,0.02680416440500933,0.010318292051148419,0.6936666925141793,0.042946722266680754,0.010549057214664273,0.5909835974601834,0.00023936993500681968,0.00023936993500681968,2.8161168824331724
16280,0.004618100867031922,0.0021899228526045724,0.7361085218838899,0.026779358701761638,0.010322509020700525,0.6939501862655815,0.04291687962095018,0.010554130464438472,0.5912678131338079,0.00023951705850713118,0.00023951705850713118,2.8178477471427197
16290,0.0046133387042514955,0.002190732420277245,0.7363806454713427,0.02675456910331333,0.01032672325243674,0.6942334959621337,0.042887052490564605,0.010559201076604019,0.591551881042242,0.0002396641820074427,0.0002396641820074427,2.819578611852267
16300,0.004608579675706497,0.0021915414551298947,0.7366525899596285,0.026729795607694406,0.010330934746691956,0.6945166216263499,0.04285724087122923,0.01056426905189103,0.5918358012263882,0.0002398113055077542,0.0002398113055077542,2.821309476561814
16310,0.004603823781758766,0.0021923499571010092,0.7369243553280702,0.026705038212934885,0.010335143503801074,0.6947995632807443,0.04282744475864926,0.010569334391029627,0.59211957372715,0.0002399584290080657,0.0002399584290080657,2.8230403412713607
16320,0.004599071022770144,0.0021931579261290747,0.7371959415559914,0.026680296917064777,0.010339349524098993,0.6950823209478314,0.04279766414852988,0.01057439709474992,0.5924031985854297,0.00024010555250837722,0.00024010555250837722,2.824771205980908
16330,0.004594321399102471,0.002193965362152579,0.7374673486227156,0.0266555717181141,0.010343552807920608,0.6953648946501249,0.04276789903657628,0.010579457163782034,0.5926866758421308,0.00024025267600868871,0.00024025267600868871,2.8265020706904553
16340,0.004589574911117588,0.0021947722651100092,0.7377385765075661,0.026630862614112856,0.010347753355600819,0.695647284410139,0.042738149418493666,0.010584514598856079,0.5929700055381557,0.0002403997995090002,0.0002403997995090002,2.828232935400002
16350,0.004584831559177337,0.0021955786349398517,0.738009625189866,0.026606169603091066,0.010351951167474524,0.6959294902503881,0.04270841528998722,0.010589569400702175,0.5932531877144075,0.00024054692300931173,0.00024054692300931173,2.8299638001095495
16360,0.004580091343643559,0.0021963844715805945,0.7382804946489392,0.026581492683078738,0.010356146243876619,0.696211512193386,0.04267869664676214,0.010594621570050438,0.5935362224117893,0.00024069404650962323,0.00024069404650962323,2.831694664819097
16370,0.004575354264878092,0.0021971897749707234,0.7385511848641086,0.02655683185210589,0.010360338585142003,0.6964933502616472,0.04264899348452362,0.010599671107630985,0.5938191096712037,0.00024084117000993473,0.00024084117000993473,2.8334255295286437
16380,0.004570620323242779,0.0021979945450487266,0.738821695814698,0.026532187108202526,0.010364528191605575,0.6967750044776856,0.04261930579897685,0.010604718014173935,0.5941018495335538,0.00024098829351024625,0.00024098829351024625,2.835156394238191
16390,0.0045658895190994605,0.002198798781753091,0.7390920274800306,0.026507558449398665,0.010368715063602232,0.6970564748640156,0.04258963358582704,0.010609762290409405,0.5943844420397426,0.00024113541701055775,0.00024113541701055775,2.836887258947738
16400,0.004561161852809977,0.0021996024850223033,0.7393621798394296,0.026482945873724316,0.01037289920146687,0.6973377614431508,0.04255997684077937,0.010614803937067508,0.5946668872306727,0.00024128254051086924,0.00024128254051086924,2.838618123657285
16410,0.00455643732473617,0.00220040565479485,0.7396321528722185,0.026458349379209493,0.01037708060553439,0.697618864237606,0.042530335559539036,0.010619842954878365,0.5949491851472474,0.00024142966401118077,0.00024142966401118077,2.8403489883668325
16420,0.004551715935239879,0.00220120829100922,0.7399019465577209,0.026433768963884205,0.01038125927613969,0.697899783269895,0.04250070973781123,0.010624879344572092,0.5952313358303692,0.00024157678751149226,0.00024157678751149226,2.8420798530763793
16430,0.004546997684682946,0.0022020103936038985,0.7401715608752599,0.02640920462577847,0.010385435213617664,0.6981805185625319,0.042471099371301155,0.010629913106878804,0.5955133393209414,0.00024172391101180376,0.00024172391101180376,2.843810717785926
16440,0.004542282573427212,0.0022028119625173734,0.7404409958041591,0.0263846563629223,0.010389608418303213,0.6984610701380309,0.042441504455714,0.01063494424252862,0.5957951956598667,0.00024187103451211528,0.00024187103451211528,2.8455415824954735
16450,0.0045375706018345174,0.0022036129976881315,0.7407102513237417,0.026360124173345698,0.010393778890531235,0.6987414380189064,0.04241192498675496,0.010639972752251658,0.5960769048880481,0.00024201815801242678,0.00024201815801242678,2.847272447205021
16460,0.004532861770266702,0.0022044134990546597,0.740979327413331,0.026335608055078688,0.010397946630636628,0.6990216222276723,0.04238236096012922,0.010644998636778034,0.5963584670463885,0.00024216528151273827,0.00024216528151273827,2.8490033119145677
16470,0.004528156079085608,0.002205213466555446,0.7412482240522507,0.026311108006151277,0.010402111638954287,0.6993016227868427,0.04235281237154199,0.010650021896837863,0.5966398821757907,0.0002423124050130498,0.0002423124050130498,2.850734176624115
16480,0.0045234535286530755,0.0022060129001289764,0.7415169412198239,0.026286624024593478,0.010406273915819114,0.6995814397189319,0.04232327921669845,0.010655042533161265,0.5969211503171578,0.0002424595285133613,0.0002424595285133613,2.852465041333662
16490,0.004518754119330946,0.0022068117997137383,0.7417854788953742,0.026262156108435304,0.010410433461566003,0.6998610730464538,0.0422937614913038,0.010660060546478355,0.5972022715113924,0.0002426066520136728,0.0002426066520136728,2.854195906043209
16500,0.0045140578514810585,0.0022076101652482192,0.7420538370582249,0.026237704255706762,0.010414590276529854,0.7001405227919228,0.04226425919106324,0.010665075937519251,0.5974832457993978,0.00024275377551398431,0.00024275377551398431,2.8559267707527565
16510,0.0045093647254652565,0.002208407996670906,0.7423220156876994,0.026213268464437875,0.010418744361045566,0.7004197889778531,0.042234772311681955,0.010670088707014068,0.5977640732220766,0.0002429008990142958,0.0002429008990142958,2.8576576354623033
16520,0.004504674741645379,0.002209205293920285,0.7425900147631208,0.026188848732658646,0.010422895715448036,0.7006988716267586,0.042205300848865146,0.010675098855692927,0.5980447538203321,0.00024304802251460733,0.00024304802251460733,2.8593885001718506
16530,0.004499987900383267,0.002210002056934844,0.742857834263813,0.026164445058399093,0.01042704434007216,0.7009777707611535,0.042175844798318,0.010680106384285942,0.5983252876350668,0.00024319514601491883,0.00024319514601491883,2.861119364881398
16540,0.004495304202040762,0.0022107982856530697,0.743125474169099,0.026140057439689224,0.010431190235252836,0.701256486403552,0.04214640415574571,0.010685111293523229,0.5986056747071837,0.00024334226951523033,0.00024334226951523033,2.862850229590945
16550,0.004490623646979704,0.0022115939800134497,0.7433929344583025,0.026115685874559053,0.010435333401324966,0.7015350185764682,0.04211697891685349,0.010690113584134908,0.5988859150775859,0.00024348939301554185,0.00024348939301554185,2.864581094300492
16560,0.004485946235561934,0.0022123891399544703,0.7436602151107463,0.026091330361038594,0.010439473838623443,0.7018133673024163,0.04208756907734651,0.010695113256851095,0.5991660087871762,0.00024363651651585335,0.00024363651651585335,2.866311959010039
16570,0.004481271968149294,0.0022131837654146194,0.7439273161057544,0.02606699089715786,0.010443611547483168,0.7020915326039104,0.04205817463292997,0.010700110312401907,0.5994459558768576,0.00024378364001616484,0.00024378364001616484,2.8680428237195863
16580,0.004476600845103622,0.0022139778563323833,0.7441942374226498,0.026042667480946857,0.010447746528239038,0.7023695145034646,0.042028795579309074,0.01070510475151746,0.5997257563875328,0.00024393076351647637,0.00024393076351647637,2.8697736884291336
16590,0.004471932866786762,0.0022147714126462496,0.7444609790407561,0.026018360110435606,0.010451878781225952,0.7026473130235933,0.041999431912189,0.010710096574927871,0.6000054103601049,0.00024407788701678786,0.00024407788701678786,2.8715045531386805
16600,0.004467268033560554,0.002215564434294705,0.7447275409393966,0.025994068783654116,0.010456008306778805,0.7029249281868103,0.04197008362727496,0.010715085783363259,0.6002849178354767,0.0002442250105170994,0.0002442250105170994,2.873235417848228
16610,0.004462606345786837,0.002216356921216237,0.7449939230978947,0.025969793498632397,0.010460135105232497,0.70320236001563,0.04194075072027214,0.010720072377553737,0.6005642788545511,0.00024437213401741085,0.00024437213401741085,2.8749662825577746
16620,0.004457947803827453,0.002217148873349332,0.7452601254955737,0.025945534253400463,0.010464259176921925,0.7034796085325663,0.04191143318688573,0.010725056358229427,0.6008434934582312,0.0002445192575177224,0.0002445192575177224,2.876697147267322
16630,0.0044532924080442435,0.002217940290632478,0.7455261481117572,0.025921291045988327,0.01046838052218199,0.7037566737601336,0.04188213102282093,0.010730037726120443,0.6011225616874197,0.0002446663810180339,0.0002446663810180339,2.8784280119768693
16640,0.004448640158799049,0.002218731173004161,0.7457919909257684,0.025897063874426,0.010472499141347584,0.7040335557208459,0.04185284422378293,0.010735016481956903,0.6014014835830198,0.00024481350451834537,0.00024481350451834537,2.880158876686416
16650,0.0044439910564537085,0.0022195215204028687,0.7460576539169306,0.025872852736743494,0.010476615034753611,0.7043102544372174,0.04182357278547692,0.010739992626468924,0.6016802591859342,0.0002449606280186569,0.0002449606280186569,2.8818897413959634
16660,0.004439345101370066,0.002220311332767088,0.7463231370645673,0.025848657630970825,0.010480728202734964,0.7045867699317622,0.041794316703608114,0.010744966160386622,0.6019588885370657,0.0002451077515189684,0.0002451077515189684,2.8836206061055107
16670,0.004434702293909959,0.0022211006100353063,0.746588440348002,0.025824478555138003,0.010484838645626545,0.7048631022269944,0.04176507597388168,0.010749937084440116,0.6022373716773174,0.0002452548750192799,0.0002452548750192799,2.885351470815057
16680,0.004430062634435231,0.00222188935214601,0.7468535637465579,0.02580031550727504,0.010488946363763248,0.7051392513454283,0.041735850592002834,0.01075490539935952,0.6025157086475922,0.0002454019985195914,0.0002454019985195914,2.8870823355246045
16690,0.004425426123307721,0.0022226775590376865,0.7471185072395584,0.025776168485411945,0.010493051357479974,0.705415217309578,0.04170664055367675,0.010759871105874954,0.6027938994887929,0.00024554912201990293,0.00024554912201990293,2.888813200234152
16700,0.0044207927608892715,0.002223465230648823,0.7473832708063269,0.02575203748757874,0.01049715362711162,0.7056910001419575,0.04167744585460864,0.010764834204716533,0.6030719442418226,0.0002456962455202144,0.0002456962455202144,2.8905440649436986
16710,0.0044161625475417216,0.0022242523669179066,0.747647854426187,0.025727922511805425,0.010501253172993082,0.705966599865081,0.04164826649050369,0.010769794696614373,0.603349842947584,0.0002458433690205259,0.0002458433690205259,2.892274929653246
16720,0.004411535483626913,0.002225038967783424,0.7479122580784617,0.025703823556122024,0.01050534999545926,0.7062420165014628,0.0416191024570671,0.010774752582298595,0.6036275956469802,0.00024599049252083745,0.00024599049252083745,2.8940057943627933
16730,0.004406911569506687,0.0022258250331838626,0.7481764817424748,0.02567974061855854,0.010509444094845052,0.7065172500736169,0.04158995375000405,0.010779707862499313,0.6039052023809139,0.0002461376160211489,0.0002461376160211489,2.89573665907234
16740,0.004402290805542883,0.0022266105630577094,0.7484405253975493,0.02565567369714499,0.010513535471485355,0.7067923006040574,0.04156082036501975,0.010784660537946644,0.6041826631902882,0.00024628473952146044,0.00024628473952146044,2.8974675237818874
16750,0.004397673192097343,0.002227395557343451,0.7487043890230086,0.02563162278991139,0.010517624125715068,0.7070671681152986,0.041531702297819384,0.010789610609370706,0.6044599781160059,0.00024643186302177197,0.00024643186302177197,2.8991983884914347
16760,0.004393058729531907,0.002228180015979575,0.7489680725981764,0.025607587894887745,0.010521710057869088,0.7073418526298545,0.04150259954410815,0.010794558077501615,0.6047371471989701,0.00024657898652208343,0.00024657898652208343,2.900929253200981
16770,0.004388447418208416,0.0022289639389045683,0.7492315761023759,0.02558356901010407,0.010525793268282312,0.7076163541702393,0.041473512099591235,0.010799502943069491,0.6050141704800835,0.00024672611002239496,0.00024672611002239496,2.902660117910529
16780,0.004383839258488712,0.0022297473260569182,0.7494948995149305,0.02555956613359038,0.01052987375728964,0.7078906727589672,0.04144443995997385,0.010804445206804448,0.6052910480002492,0.0002468732335227065,0.0002468732335227065,2.9043909826200762
16790,0.0043792342507346345,0.0022305301773751112,0.7497580428151633,0.025535579263376684,0.010533951525225968,0.7081648084185523,0.04141538312096117,0.010809384869436603,0.6055677798003699,0.00024702035702301795,0.00024702035702301795,2.9061218473296226
16800,0.004374632395308024,0.002231312492797635,0.7500210059823984,0.025511608397492995,0.010538026572426196,0.708438761171509,0.04138634157825841,0.010814321931696073,0.6058443659213486,0.0002471674805233295,0.0002471674805233295,2.90785271203917
16810,0.004370033692570723,0.0022320942722629765,0.7502837889959584,0.02548765353396933,0.010542098899225218,0.7087125310403507,0.04135731532757074,0.010819256394312976,0.6061208064040883,0.000247314604023641,0.000247314604023641,2.9095835767487173
16820,0.00436543814288457,0.002232875515709622,0.750546391835167,0.025463714670835694,0.010546168505957937,0.7089861180475924,0.041328304364603365,0.010824188258017429,0.6063971012894919,0.00024746172752395247,0.00024746172752395247,2.911314441458264
16830,0.0043608457466114085,0.00223365622307606,0.7508088144793478,0.025439791806122103,0.010550235392959247,0.7092595222157476,0.04129930868506149,0.010829117523539548,0.606673250618462,0.000247608851024264,0.000247608851024264,2.9130453061678114
16840,0.004356256504113077,0.0022344363943007763,0.7510710569078238,0.02541588493785857,0.010554299560564048,0.7095327435673309,0.04127032828465029,0.010834044191609452,0.6069492544319021,0.0002477559745245755,0.0002477559745245755,2.9147761708773587
16850,0.004351670415751417,0.0022352160293222585,0.7513331190999187,0.025391994064075104,0.010558361009107236,0.7098057821248561,0.04124136315907498,0.010838968262957256,0.6072251127707147,0.000247903098024887,0.000247903098024887,2.9165070355869056
16860,0.00434708748188827,0.0022359951280789933,0.7515950010349557,0.025368119182801723,0.010562419738923712,0.7100786379108377,0.041212413304040726,0.010843889738313078,0.6075008256758027,0.0002480502215251985,0.0002480502215251985,2.918237900296453
16870,0.004342507702885476,0.0022367736905094682,0.7518567026922581,0.025344260292068436,0.01056647575034837,0.7103513109477896,0.04118347871525275,0.010848808618407034,0.6077763931880691,0.00024819734502551003,0.00024819734502551003,2.919968765006
16880,0.004337931079104876,0.0022375517165521704,0.7521182240511496,0.025320417389905252,0.010570529043716111,0.7106238012582259,0.04115455938841623,0.010853724903969242,0.6080518153484169,0.0002483444685258215,0.0002483444685258215,2.9216996297155466
16890,0.004333357610908311,0.002238329206145586,0.7523795650909532,0.02529659047434219,0.010574579619361832,0.7108961088646609,0.04112565531923637,0.010858638595729818,0.6083270921977489,0.000248491592026133,0.000248491592026133,2.923430494425094
16900,0.004328787298657623,0.0022391061592282034,0.7526407257909926,0.025272779543409257,0.010578627477620431,0.7111682337896087,0.041096766503418355,0.01086354969441888,0.608602223776968,0.00024863871552644455,0.00024863871552644455,2.9251613591346417
16910,0.00432422014271465,0.002239882575738509,0.7529017061305912,0.025248984595136473,0.010582672618826804,0.7114401760555833,0.041067892936667384,0.010868458200766545,0.6088772101269774,0.000248785839026756,0.000248785839026756,2.926892223844188
16920,0.004319656143441235,0.0022406584556149893,0.753162506089072,0.02522520562755384,0.010586715043315851,0.7117119356850992,0.04103903461468865,0.01087336411550293,0.6091520512886796,0.00024893296252706754,0.00024893296252706754,2.9286230885537354
16930,0.004315095301199218,0.0022414337987961322,0.7534231256457588,0.02520144263869138,0.01059075475142247,0.7119835127006701,0.04101019153318735,0.010878267439358151,0.6094267473029776,0.00024908008602737906,0.00024908008602737906,2.9303539532632827
16940,0.00431053761635044,0.0022422086052204244,0.7536835647799744,0.025177695626579094,0.010594791743481559,0.7122549071248107,0.04098136368786867,0.010883168173062327,0.6097012982107747,0.00024922720952769053,0.00024922720952769053,2.9320848179728296
16950,0.004305983089256742,0.002242982874826353,0.7539438234710429,0.025153964589247006,0.010598826019828013,0.7125261189800344,0.040952551074437814,0.010888066317345572,0.6099757040529732,0.00024937433302800205,0.00024937433302800205,2.933815682682377
16960,0.004301431720279965,0.002243756607552405,0.7542039016982873,0.02513024952472512,0.010602857580796734,0.712797148288856,0.04092375368859997,0.010892961872938006,0.6102499648704766,0.0002495214565283136,0.0002495214565283136,2.935546547391924
16970,0.004296883509781949,0.002244529803337068,0.7544637994410313,0.025106550431043456,0.010606886426722617,0.7130679950737893,0.040894971526060336,0.010897854840569744,0.6105240807041873,0.0002496685800286251,0.0002496685800286251,2.9372774121014715
16980,0.0042923384581245345,0.0022453024621188282,0.7547235166785977,0.02508286730623202,0.010610912557940562,0.7133386593573485,0.0408662045825241,0.010902745220970903,0.6107980515950087,0.00024981570352893657,0.00024981570352893657,2.9390082768110184
16990,0.004287796565669564,0.0022460745838361732,0.7549830533903102,0.025059200148320828,0.010614935974785463,0.7136091411620478,0.040837452853696464,0.010907633014871602,0.6110718775838433,0.0002499628270292481,0.0002499628270292481,2.9407391415205657
17000,0.0042832578327788775,0.0022468461684275903,0.7552424095554925,0.02503554895533989,0.010618956677592222,0.7138794405104014,0.040808716335282616,0.010912518223001957,0.6113455587115942,0.0002501099505295596,0.0002501099505295596,2.942470006230113
17010,0.004278722259814315,0.0022476172158315657,0.7555015851534674,0.025011913725319218,0.010622974666695737,0.7141495574249234,0.04077999502298775,0.010917400846092083,0.6116190950191643,0.0002502570740298711,0.0002502570740298711,2.9442008709396594
17020,0.004274189847137719,0.002248387725986587,0.7557605801635585,0.024988294456288827,0.010626989942430904,0.7144194919281278,0.040751288912517065,0.0109222808848721,0.6118924865474565,0.0002504041975301826,0.0002504041975301826,2.945931735649207
17030,0.004269660595110928,0.0022491576988311413,0.7560193945650895,0.02496469114627873,0.01063100250513262,0.714689244042529,0.040722597999575755,0.010927158340072123,0.6121657333373739,0.00025055132103049413,0.00025055132103049413,2.9476626003587545
17040,0.0042651345040957845,0.002249927134303716,0.7562780283373833,0.024941103793318938,0.010635012355135785,0.7149588137906409,0.04069392227986901,0.01093203321242227,0.612438835429819,0.0002506984445308056,0.0002506984445308056,2.949393465068301
17050,0.004260611574454129,0.0022506960323427972,0.7565364814597636,0.024917532395439458,0.010639019492775296,0.7152282011949778,0.040665261749102025,0.010936905502652658,0.6127117928656951,0.0002508455680311171,0.0002508455680311171,2.951124329777848
17060,0.0042560918065478025,0.0022514643928868727,0.7567947539115537,0.02489397695067031,0.010643023918386053,0.7154974062780539,0.04063661640297999,0.010941775211493403,0.612984605685905,0.00025099269153142865,0.00025099269153142865,2.9528551944873955
17070,0.004251575200738646,0.0022522322158744293,0.757052845672077,0.024870437457041504,0.010647025632302949,0.7157664290623831,0.040607986237208106,0.010946642339674623,0.6132572739313514,0.0002511398150317401,0.0002511398150317401,2.9545860591969424
17080,0.004247061757388499,0.0022529995012439546,0.7573107567206571,0.024846913912583053,0.010651024634860886,0.7160352695704797,0.04057937124749157,0.010951506887926434,0.6135297976429375,0.00025128693853205164,0.00025128693853205164,2.9563169239064897
17090,0.004242551476859203,0.0022537662489339346,0.7575684870366166,0.024823406315324967,0.01065502092639476,0.7163039278248577,0.040550771429535566,0.010956368856978954,0.613802176861566,0.00025143406203236317,0.00025143406203236317,2.958047788616037
17100,0.0042380443595126,0.002254532458882857,0.7578260365992797,0.024799914663297257,0.01065901450723947,0.7165724038480316,0.040522186779045295,0.0109612282475623,0.61407441162814,0.00025158118553267463,0.00025158118553267463,2.959778653325584
17110,0.004233540405710529,0.0022552981310292094,0.7580834053879695,0.02477643895452994,0.010663005377729915,0.7168406976625151,0.04049361729172595,0.01096608506040659,0.6143465019835624,0.00025172830903298616,0.00025172830903298616,2.961509518035131
17120,0.004229039615814832,0.0022560632653114776,0.7583405933820092,0.024752979187053027,0.01066699353820099,0.7171088092908229,0.04046506296328273,0.010970939296241938,0.614618447968736,0.0002518754325332977,0.0002518754325332977,2.9632403827446785
17130,0.004224541990187349,0.00225682786166815,0.7585976005607227,0.024729535358896527,0.010670978988987594,0.7173767387554685,0.040436523789420815,0.010975790955798462,0.6148902496245637,0.00025202255603360915,0.00025202255603360915,2.964971247454225
17140,0.004220047529189921,0.0022575919200377124,0.7588544269034327,0.02470610746809046,0.010674961730424627,0.7176444860789664,0.04040799976584541,0.010980640039806281,0.6151619069919485,0.0002521696795339207,0.0002521696795339207,2.966702112163772
17150,0.00421555623318439,0.002258355440358653,0.7591110723894631,0.024682695512664832,0.010678941762846983,0.7179120512838306,0.040379490888261704,0.010985486548995511,0.6154334201117934,0.0002523168030342322,0.0002523168030342322,2.96843297687332
17160,0.004211068102532595,0.0022591184225694582,0.7593675369981372,0.024659299490649655,0.010682919086589563,0.7181794343925756,0.040350997152374904,0.010990330484096268,0.6157047890250009,0.00025246392653454367,0.00025246392653454367,2.9701638415828664
17170,0.004206583137596378,0.002259880866608615,0.759623820708778,0.024635919400074945,0.010686893701987265,0.7184466354277151,0.040322518553890185,0.01099517184583867,0.6159760137724745,0.0002526110500348552,0.0002526110500348552,2.9718947062924137
17180,0.004202101338737579,0.0022606427724146108,0.7598799235007094,0.024612555238970713,0.010690865609374984,0.7187136544117636,0.04029405508851275,0.011000010634952834,0.6162470943951168,0.0002527581735351667,0.0002527581735351667,2.973625571001961
17190,0.00419762270631804,0.0022614041399259327,0.7601358453532546,0.024589207005366966,0.01069483480908762,0.7189804913672349,0.0402656067519478,0.011004846852168876,0.6165180309338306,0.0002529052970354782,0.0002529052970354782,2.975356435711508
17200,0.0041931472406996,0.0022621649690810672,0.7603915862457369,0.024565874697293724,0.010698801301460071,0.7192471463166434,0.040237173539900514,0.011009680498216913,0.6167888234295189,0.0002530524205357897,0.0002530524205357897,2.977087300421055
17210,0.004188674942244102,0.002262925259818502,0.7606471461574796,0.024542558312781,0.010702765086827234,0.719513619282503,0.040208755448076096,0.011014511573827065,0.6170594719230849,0.00025319954403610123,0.00025319954403610123,2.9788181651306025
17220,0.004184205811313385,0.002263685012076724,0.7609025250678062,0.0245192578498588,0.01070672616552401,0.7197799102873282,0.04018035247217974,0.011019340079729444,0.6173299764554311,0.0002533466675364127,0.0002533466675364127,2.9805490298401494
17230,0.004179739848269292,0.0022644442257942197,0.7611577229560401,0.024495973306557138,0.01071068453788529,0.7200460193536328,0.040151964607916646,0.011024166016654171,0.6176003370674605,0.0002534937910367242,0.0002534937910367242,2.9822798945496967
17240,0.00417527705347366,0.002265202900909477,0.7614127398015048,0.02447270468090603,0.010714640204245979,0.7203119465039313,0.04012359185099199,0.011028989385331362,0.6178705538000763,0.00025364091453703575,0.00025364091453703575,2.984010759259244
17250,0.004170817427288334,0.0022659610373609823,0.7616675755835234,0.02444945197093549,0.01071859316494097,0.7205776917607374,0.04009523419711098,0.011033810186491135,0.6181406266941812,0.0002537880380373472,0.0002537880380373472,2.9857416239687904
17260,0.004166360970075152,0.0022667186350872233,0.7619222302814196,0.024426215174675518,0.010722543420305167,0.7208432551465658,0.04006689164197881,0.011038628420863603,0.618410555790678,0.00025393516153765874,0.00025393516153765874,2.9874724886783377
17270,0.004161907682195956,0.0022674756940266865,0.7621767038745164,0.024402994290156143,0.01072649097067346,0.72110863668393,0.040038564181300675,0.011043444089178888,0.6186803411304699,0.00025408228503797026,0.00025408228503797026,2.989203353387885
17280,0.0041574575640125865,0.0022682322141178595,0.7624309963421375,0.024379789315407366,0.010730435816380753,0.7213738363953447,0.04001025181078176,0.011048257192167102,0.6189499827544596,0.00025422940853828173,0.00025422940853828173,2.990934218097432
17290,0.004153010615886885,0.0022689881952992286,0.7626851076636062,0.0243566002484592,0.01073437795776194,0.7216388543033236,0.03998195452612726,0.011053067730558367,0.6192194807035499,0.00025437653203859325,0.00025437653203859325,2.992665082806979
17300,0.004148566838180691,0.0022697436375092818,0.7629390378182459,0.024333427087341663,0.010738317395151922,0.7219036904303812,0.03995367232304238,0.011057875705082796,0.619488835018644,0.0002545236555389048,0.0002545236555389048,2.9943959475165265
17310,0.004144126231255847,0.0022704985406865053,0.7631927867853798,0.024310269830084767,0.010742254128885595,0.7221683447990315,0.039925405197232304,0.01106268111647051,0.6197580457406447,0.00025467077903921625,0.00025467077903921625,2.9961268122260734
17320,0.004139688795474191,0.0022712529047693867,0.7634463545443316,0.024287128474718516,0.010746188159297856,0.7224328174317886,0.03989715314440223,0.011067483965451621,0.620027112910455,0.00025481790253952777,0.00025481790253952777,2.9978576769356207
17330,0.0041352545311975665,0.0022720067296964127,0.7636997410744244,0.02426400301927293,0.010750119486723607,0.7226971083511667,0.03986891616025735,0.01107228425275625,0.6202960365689776,0.0002549650260398393,0.0002549650260398393,2.999588541645168
17340,0.004130823438787814,0.002272760015406071,0.7639529463549818,0.024240893461778018,0.010754048111497742,0.72296121757968,0.03984069424050287,0.011077081979114514,0.6205648167571156,0.00025511214954015076,0.00025511214954015076,3.001319406354715
17350,0.0041263955186067736,0.0022735127618368476,0.7642059703653269,0.024217799800263798,0.010757974033955158,0.7232251451398425,0.03981248738084397,0.011081877145256526,0.6208334535157718,0.0002552592730404623,0.0002552592730404623,3.003050271064262
17360,0.0041219707710162855,0.0022742649689272308,0.7644588130847834,0.024194722032760275,0.010761897254430757,0.7234888910541684,0.039784295576985845,0.011086669751912408,0.6211019468858492,0.0002554063965407738,0.0002554063965407738,3.0047811357738095
17370,0.004117549196378192,0.0022750166366157067,0.7647114744926744,0.024171660157297464,0.010765817773259436,0.7237524553451721,0.039756118824633695,0.011091459799812273,0.6213702969082506,0.0002555535200410853,0.0002555535200410853,3.006512000483356
17380,0.004113130795054333,0.0022757677648407625,0.7649639545683234,0.02414861417190538,0.01076973559077609,0.7240158380353673,0.0397279571194927,0.011096247289686242,0.6216385036238792,0.0002557006435413968,0.0002557006435413968,3.008242865192903
17390,0.0041087155674065495,0.0022765183535408857,0.7652162532910539,0.024125584074614032,0.010773650707315618,0.7242790391472683,0.03969981045726808,0.011101032222264428,0.6219065670736373,0.0002558477670417083,0.0002558477670417083,3.0099737299024505
17400,0.0041043035137966815,0.002277268402654563,0.7654683706401891,0.024102569863453438,0.010777563123212921,0.7245420587033895,0.039671678833665014,0.011105814598276949,0.6221744872984285,0.0002559948905420198,0.0002559948905420198,3.0117045946119974
17410,0.004099894634586571,0.002278017912120282,0.7657203065950526,0.024079571536453598,0.010781472838802892,0.7248048967262447,0.03964356224438869,0.011110594418453924,0.6224422643391554,0.0002561420140423313,0.0002561420140423313,3.0134354593215447
17420,0.00409548893013806,0.002278766881876529,0.7659720611349676,0.02405658909164454,0.010785379854420433,0.7250675532383484,0.03961546068514431,0.011115371683525468,0.6227098982367208,0.00025628913754264284,0.00025628913754264284,3.015166324031092
17430,0.004091086400812986,0.002279515311861792,0.7662236342392577,0.024033622527056264,0.01078928417040044,0.7253300282622144,0.039587374151637066,0.0111201463942217,0.622977389032028,0.0002564362610429543,0.0002564362610429543,3.016897188740639
17440,0.004086687046973192,0.0022802632020145564,0.7664750258872458,0.024010671840718787,0.010793185787077811,0.7255923218203569,0.03955930263957216,0.011124918551272735,0.6232447367659796,0.00025658338454326583,0.00025658338454326583,3.018628053450186
17450,0.004082290868980518,0.0022810105522733113,0.7667262360582559,0.023987737030662124,0.010797084704787444,0.7258544339352903,0.03953124614465477,0.01112968815540869,0.6235119414794784,0.00025673050804357736,0.00025673050804357736,3.0203589181597335
17460,0.004077897867196806,0.0022817573625765423,0.7669772647316108,0.023964818094916282,0.010800980923864237,0.7261163646295284,0.03950320466259011,0.011134455207359683,0.6237790032134276,0.0002568776315438889,0.0002568776315438889,3.0220897828692808
17470,0.0040735080419838955,0.002282503632862737,0.7672281118866342,0.02394191503151128,0.010804874444643087,0.7263781139255856,0.03947517818908335,0.011139219707855832,0.6240459220087301,0.00025702475504420035,0.00025702475504420035,3.0238206475788276
17480,0.004069121393703628,0.0022832493630703826,0.7674787775026495,0.023919027838477123,0.010808765267458893,0.7266396818459758,0.03944716671983971,0.01114398165762725,0.6243126979062885,0.0002571718785445119,0.0002571718785445119,3.025551512288375
17490,0.004064737922717844,0.0022839945531379657,0.76772926155898,0.02389615651384383,0.010812653392646554,0.7269010684132137,0.039419170250564364,0.01114874105740406,0.6245793309470061,0.0002573190020448234,0.0002573190020448234,3.0272823769979222
17500,0.004060357629388384,0.002284739203003974,0.767979564034949,0.023873301055641408,0.010816538820540966,0.7271622736498128,0.039391188776962516,0.011153497907916372,0.6248458211717856,0.00025746612554513487,0.00025746612554513487,3.0290132417074687
17510,0.00405598051407709,0.002285483312606894,0.7682296849098803,0.023850461461899872,0.010820421551477026,0.7274232975782873,0.03936322229473936,0.01115825220989431,0.62511216862153,0.0002576132490454464,0.0002576132490454464,3.030744106417016
17520,0.004051606577145801,0.002286226881885213,0.7684796241630968,0.023827637730649234,0.010824301585789635,0.7276841402211519,0.039335270799600086,0.011163003964067986,0.6253783733371421,0.0002577603725457579,0.0002577603725457579,3.0324749711265633
17530,0.00404723581895636,0.002286969910777418,0.7687293817739219,0.02380482985991951,0.010828178923813688,0.72794480160092,0.03930733428724989,0.01116775317116752,0.625644435359525,0.0002579074960460694,0.0002579074960460694,3.03420583583611
17540,0.004042868239870606,0.002287712399221996,0.7689789577216793,0.023782037847740703,0.010832053565884086,0.7282052817401066,0.03927941275339397,0.011172499831923026,0.6259103547295812,0.0002580546195463809,0.0002580546195463809,3.0359367005456575
17550,0.00403850384025038,0.0022884543471574344,0.7692283519856922,0.023759261692142836,0.010835925512335722,0.7284655806612249,0.03925150619373751,0.011177243947064625,0.6261761314882143,0.00025820174304669243,0.00025820174304669243,3.0376675652552048
17560,0.004034142620457525,0.00228919575452222,0.7694775645452839,0.023736501391155913,0.0108397947635035,0.7287256983867898,0.03922361460398572,0.01118198551732243,0.6264417656763266,0.0002583488665470039,0.0002583488665470039,3.0393984299647516
17570,0.004029784580853879,0.00228993662125484,0.7697265953797781,0.02371375694280995,0.010843661319722312,0.728985634939315,0.03919573797984378,0.01118672454342656,0.6267072573348212,0.0002584959900473154,0.0002584959900473154,3.041129294674299
17580,0.004025429721801283,0.002290676947293781,0.7699754444684977,0.02369102834513496,0.010847525181327061,0.7292453903413149,0.03916787631701688,0.01119146102610713,0.6269726065046012,0.00025864311354762695,0.00025864311354762695,3.0428601593838462
17590,0.00402107804366158,0.002291416732577531,0.7702241117907667,0.023668315596160956,0.010851386348652643,0.7295049646153037,0.039140029611210235,0.011196194966094261,0.6272378132265692,0.0002587902370479384,0.0002587902370479384,3.044591024093393
17600,0.004016729546796609,0.0022921559770445756,0.7704725973259077,0.02364561869391795,0.010855244822033953,0.7297643577837951,0.03911219785812902,0.011200926364118067,0.6275028775416284,0.00025893736054824994,0.00025893736054824994,3.0463218888029404
17610,0.004012384231568212,0.002292894680633403,0.7707209010532446,0.02362293763643595,0.010859100601805893,0.7300235698693036,0.03908438105347844,0.011205655220908666,0.6277677994906816,0.00025908448404856146,0.00025908448404856146,3.0480527535124877
17620,0.004008042098338228,0.0022936328432825006,0.7709690229521009,0.023600272421744974,0.010862953688303359,0.7302826008943434,0.03905657919296368,0.011210381537196175,0.6280325791146317,0.00025923160754887293,0.00025923160754887293,3.049783618222034
17630,0.0040037031474685,0.002294370464930354,0.7712169630017996,0.02357762304787503,0.01086680408186125,0.7305414508814284,0.03902879227228995,0.01121510531371071,0.6282972164543815,0.00025937873104918445,0.00025937873104918445,3.0515144829315815
17640,0.003999367379320867,0.002295107545515452,0.7714647211816645,0.023554989512856134,0.010870651782814461,0.7308001198530729,0.03900102028716242,0.01121982655118239,0.6285617115508342,0.000259525854549496,0.000259525854549496,3.0532453476411288
17650,0.00399503479425717,0.0022958440849762804,0.7717122974710185,0.023532371814718296,0.010874496791497894,0.7310586078317911,0.03897326323328631,0.01122454525034133,0.6288260644448924,0.00025967297804980745,0.00025967297804980745,3.0549762123506756
17660,0.003990705392639252,0.0022965800832513263,0.7719596918491852,0.02350976995149153,0.010878339108246444,0.731316914840097,0.03894552110636679,0.011229261411917647,0.6290902751774592,0.00025982010155011897,0.00025982010155011897,3.056707077060223
17670,0.003986379174828952,0.0022973155402790774,0.7722069042954881,0.02348718392120585,0.01088217873339501,0.7315750409005048,0.038917793902109074,0.01123397503664146,0.6293543437894374,0.0002599672250504305,0.0002599672250504305,3.0584379417697702
17680,0.003982056141188109,0.0022980504559980204,0.7724539347892505,0.02346461372189126,0.01088601566727849,0.7318329860355286,0.03889008161621834,0.011238686125242883,0.6296182703217302,0.00026011434855074196,0.00026011434855074196,3.060168806479317
17690,0.003977736292078569,0.0022987848303466425,0.7727007833097957,0.023442059351577782,0.010889849910231782,0.7320907502676828,0.0388623842443998,0.011243394678452036,0.6298820548152402,0.0002602614720510535,0.0002602614720510535,3.0618996711888644
17700,0.003973419627862167,0.0022995186632634307,0.7729474498364473,0.023419520808295423,0.010893681462589783,0.7323483336194812,0.03883470178235863,0.011248100696999034,0.6301456973108703,0.000260408595551365,0.000260408595551365,3.0636305358984117
17710,0.003969106148900748,0.002300251954686872,0.7731939343485285,0.0233969980900742,0.01089751032468739,0.7326057361134379,0.038807034225800036,0.011252804181613995,0.6304091978495235,0.0002605557190516765,0.0002605557190516765,3.065361400607958
17720,0.00396479585555615,0.0023009847045554538,0.7734402368253626,0.023374491194944117,0.010901336496859504,0.7328629577720674,0.038779381570429206,0.011257505133027037,0.6306725564721029,0.000260702842551988,0.000260702842551988,3.067092265317506
17730,0.003960488748190216,0.0023017169128076624,0.773686357246273,0.023352000120935197,0.01090515997944102,0.7331199986178836,0.03875174381195134,0.011262203551968273,0.6309357732195111,0.0002608499660522995,0.0002608499660522995,3.068823130027053
17740,0.003956184827164786,0.002302448579381986,0.7739322955905834,0.023329524866077443,0.010908980772766839,0.7333768586734007,0.038724120946071625,0.011266899439167824,0.6311988481326513,0.000260997089552611,0.000260997089552611,3.0705539947365996
17750,0.0039518840928417,0.0023031797042169103,0.7741780518376168,0.023307065428400876,0.010912798877171856,0.7336335379611331,0.03869651296849526,0.011271592795355808,0.6314617812524262,0.0002611442130529225,0.0002611442130529225,3.072284859446147
17760,0.003947586545582799,0.0023039102872509233,0.7744236259666968,0.0232846218059355,0.01091661429299097,0.7338900365035945,0.03866891987492744,0.011276283621262337,0.6317245726197388,0.00026129133655323404,0.00026129133655323404,3.0740157241556942
17770,0.003943292185749925,0.002304640328422512,0.7746690179571468,0.023262193996711332,0.010920427020559079,0.7341463543232993,0.03864134166107335,0.011280971917617531,0.6319872222754919,0.0002614384600535455,0.0002614384600535455,3.075746588865241
17780,0.003939001013704918,0.002305369827670163,0.77491422778829,0.023239781998758383,0.010924237060211079,0.7344024914427615,0.038613778322638195,0.011285657685151508,0.6322497302605887,0.00026158558355385703,0.00026158558355385703,3.0774774535747884
17790,0.0039347130298096195,0.002306098784932364,0.77515925543945,0.02321738581010667,0.010928044412281871,0.7346584478844955,0.03858622985532717,0.011290340924594383,0.6325120966159319,0.00026173270705416856,0.00026173270705416856,3.0792083182843357
17800,0.003930428234425869,0.0023068272001476016,0.77540410088995,0.0231950054287862,0.010931849077106351,0.7349142236710151,0.03855869625484546,0.011295021636676273,0.6327743213824243,0.00026187983055448,0.00026187983055448,3.0809391829938826
17810,0.00392614662791551,0.002307555073254363,0.7756487641191134,0.023172640852826984,0.010935651055019417,0.7351698188248346,0.03853117751689827,0.011299699822127297,0.633036404600969,0.00026202695405479155,0.00026202695405479155,3.08267004770343
17820,0.003921868210640379,0.002308282404191135,0.7758932451062639,0.02315029208025904,0.010939450346355968,0.7354252333684684,0.038503673637190775,0.01130437548167757,0.633298346312469,0.0002621740775551031,0.0002621740775551031,3.084400912412977
17830,0.00391759298296232,0.002309009192896405,0.7761375438307243,0.023127959109112372,0.010943246951450901,0.7356804673244303,0.03847618461142819,0.011309048616057209,0.6335601465578269,0.00026232120105541454,0.00026232120105541454,3.0861317771225236
17840,0.003913320945243173,0.00230973543930866,0.7763816602718184,0.023105641937417,0.010947040870639115,0.7359355207152345,0.0384487104353157,0.011313719225996333,0.6338218053779457,0.00026246832455572607,0.00026246832455572607,3.087862641832071
17850,0.003909052097844779,0.0023104611433663867,0.7766255944088694,0.023083340563202936,0.010950832104255506,0.7361903935633952,0.0384212511045585,0.011318387312225058,0.6340833228137287,0.0002626154480560376,0.0002626154480560376,3.0895935065416187
17860,0.0039047864411289775,0.002311186305008073,0.7768693462212009,0.02306105498450019,0.010954620652634972,0.7364450858914265,0.038393806614861775,0.0113230528754735,0.6343446989060785,0.00026276257155634906,0.00026276257155634906,3.091324371251165
17870,0.0039005239754576117,0.0023119109241722053,0.7771129156881361,0.023038785199338774,0.010958406516112414,0.7366995977218429,0.03836637696193074,0.011327715916471776,0.6346059336958978,0.0002629096950566606,0.0002629096950566606,3.0930552359607124
17880,0.0038962647011925207,0.0023126350007972706,0.7773563027889985,0.023016531205748703,0.010962189695022726,0.7369539290771578,0.03833896214147057,0.011332376435950003,0.6348670272240898,0.0002630568185569721,0.0002630568185569721,3.0947861006702597
17890,0.003892008618695546,0.0023133585348217565,0.7775995075031114,0.022994293001759987,0.010965970189700807,0.737208079979886,0.03831156214918647,0.0113370344346383,0.6351279795315574,0.0002632039420572836,0.0002632039420572836,3.0965169653798066
17900,0.0038877557283285274,0.0023140815261841496,0.7778425298097982,0.022972070585402637,0.010969748000481555,0.7374620504525414,0.038284176980783624,0.011341689913266784,0.6353887906592035,0.0002633510655575951,0.0002633510655575951,3.098247830089354
17910,0.0038835060304533075,0.002314803974822937,0.7780853696883822,0.02294986395470667,0.01097352312769987,0.7377158405176382,0.03825680663196724,0.01134634287256557,0.6356494606479312,0.0002634981890579066,0.0002634981890579066,3.099978694798901
17920,0.0038792595254317254,0.002315525880676606,0.7783280271181868,0.022927673107702096,0.010977295571690648,0.7379694501976904,0.0382294510984425,0.011350993313264775,0.6359099895386429,0.0002636453125582181,0.0002636453125582181,3.101709559508448
17930,0.0038750162136256226,0.0023162472436836436,0.7785705020785356,0.022905498042418926,0.010981065332788788,0.7382228795152125,0.03820211037591461,0.011355641236094519,0.6361703773722419,0.0002637924360585296,0.0002637924360585296,3.1034404242179954
17940,0.00387077609539684,0.0023169680637825365,0.7788127945487517,0.02288333875688717,0.010984832411329186,0.7384761284927184,0.03817478446008875,0.011360286641784914,0.636430624189631,0.00026393955955884114,0.00026393955955884114,3.1051712889275427
17950,0.0038665391711072182,0.002317688340911772,0.7790549045081586,0.022861195249136847,0.010988596807646741,0.738729197152722,0.038147473346670124,0.011364929531066081,0.6366907300317132,0.0002640866830591526,0.0002640866830591526,3.106902153637089
17960,0.0038623054411185986,0.0023184080750098374,0.7792968319360797,0.022839067517197966,0.01099235852207635,0.7389820855177377,0.038120177031363923,0.011369569904668135,0.6369506949393914,0.00026423380655946413,0.00026423380655946413,3.1086330183466364
17970,0.003858074905792821,0.0023191272660152197,0.7795385768118386,0.02281695555910054,0.010996117554952913,0.7392347936102798,0.03809289550987534,0.011374207763321193,0.6372105189535683,0.00026438093005977565,0.00026438093005977565,3.110363883056184
17980,0.0038538475654917265,0.002319845913866406,0.7797801391147581,0.02279485937287458,0.010999873906611326,0.7394873214528621,0.03806562877790957,0.011378843107755375,0.637470202115147,0.0002645280535600871,0.0002645280535600871,3.1120947477657306
17990,0.003849623420577157,0.0023205640185018825,0.7800215188241622,0.0227727789565501,0.011003627577386488,0.739739669067999,0.038038376831171804,0.011383475938700795,0.6377297444650305,0.00026467517706039865,0.00026467517706039865,3.113825612475278
18000,0.003845402471410952,0.0023212815798601375,0.7802627159193739,0.02275071430815711,0.011007378567613295,0.7399918364782047,0.03801113966536725,0.011388106256887569,0.6379891460441215,0.00026482230056071017,0.00026482230056071017,3.115556477184825
18010,0.003841184718354953,0.0023219985978796573,0.7805037303797165,0.022728665425725627,0.011011126877626648,0.7402438237059931,0.03798391727620108,0.011392734063045818,0.6382484068933232,0.0002649694240610217,0.0002649694240610217,3.1172873418943725
18020,0.0038369701617709997,0.002322715072498929,0.7807445621845139,0.02270663230728566,0.011014872507761442,0.7404956307738784,0.0379567096593785,0.011397359357905656,0.6385075270535381,0.00026511654756133316,0.00026511654756133316,3.1190182066039194
18030,0.003832758802020935,0.0023234310036564405,0.7809852113130893,0.022684614950867217,0.011018615458352577,0.7407472577043749,0.03792951681060471,0.0114019821421972,0.6387665065656695,0.0002652636710616447,0.0002652636710616447,3.1207490713134667
18040,0.0038285506394665977,0.002324146391290678,0.7812256777447656,0.02266261335450032,0.01102235572973495,0.7409987045199965,0.0379023387255849,0.011406602416650568,0.6390253454706201,0.00026541079456195616,0.00026541079456195616,3.1224799360230135
18050,0.0038243456744698296,0.002324861235340128,0.7814659614588666,0.022640627516214974,0.011026093322243458,0.7412499712432575,0.03787517540002426,0.011411220181995878,0.6392840438092929,0.0002655579180622677,0.0002655579180622677,3.124210800732561
18060,0.0038201439073924717,0.002325575535743279,0.7817060624347156,0.022618657434041196,0.011029828236213,0.7415010578966722,0.037848026829627984,0.011415835438963245,0.6395426016225908,0.0002657050415625792,0.0002657050415625792,3.125941665442108
18070,0.003815945338596364,0.002326289292438617,0.7819459806516359,0.022596703106008996,0.011033560471978475,0.7417519645027545,0.03782089301010127,0.011420448188282785,0.6398010189514165,0.00026585216506289067,0.00026585216506289067,3.1276725301516546
18080,0.0038117499684433478,0.0023270025053646302,0.7821857160889513,0.022574764530148384,0.01103729002987478,0.7420026910840187,0.037793773937149305,0.011425058430684618,0.6400592958366733,0.0002659992885632022,0.0002659992885632022,3.129403394861202
18090,0.003807557797295264,0.0023277151744598044,0.7824252687259846,0.022552841704489374,0.01104101691023681,0.7422532376629788,0.037766669606477295,0.01142966616689886,0.6403174323192639,0.0002661464120635137,0.0002661464120635137,3.131134259570749
18100,0.0038033688255139537,0.0023284272996626273,0.7826646385420595,0.02253093462706198,0.011044741113399467,0.742503604262149,0.03773958001379043,0.011434271397655628,0.6405754284400912,0.00026629353556382524,0.00026629353556382524,3.132865124280297
18110,0.0037991830534612565,0.0023291388809115856,0.7829038255164993,0.02250904329589622,0.011048462639697647,0.7427537909040434,0.03771250515479389,0.01143887412368504,0.6408332842400583,0.0002664406590641367,0.0002664406590641367,3.1345959889898434
18120,0.0037950004814990145,0.002329849918145167,0.7831428296286274,0.022487167709022093,0.011052181489466248,0.7430037976111763,0.037685445025192894,0.011443474345717209,0.6410909997600678,0.00026658778256444823,0.00026658778256444823,3.1363268536993907
18130,0.0037908211099890675,0.0023305604113018578,0.7833816508577672,0.02246530786446962,0.011055897663040168,0.7432536244060616,0.03765839962069262,0.011448072064482256,0.6413485750410227,0.00026673490606475976,0.00026673490606475976,3.138057718408938
18140,0.0037866449392932574,0.0023312703603201456,0.7836202891832421,0.022443463760268813,0.011059611160754306,0.7435032713112139,0.03763136893699826,0.011452667280710297,0.6416060101238262,0.0002668820295650712,0.0002668820295650712,3.139788583118485
18150,0.003782471969773424,0.0023319797651385173,0.7838587445843755,0.022421635394449684,0.011063321982943559,0.7437527383491468,0.037604352969815014,0.011457259995131449,0.6418633050493809,0.00026702915306538275,0.00026702915306538275,3.141519447828032
18160,0.0037783022017914085,0.0023326886256954597,0.7840970170404905,0.022399822765042245,0.011067030129942822,0.7440020255423745,0.03757735171484808,0.011461850208475828,0.6421204598585898,0.0002671762765656943,0.0002671762765656943,3.1432503125375795
18170,0.003774135635709052,0.0023333969419294604,0.784335106530911,0.022378025870076503,0.011070735602086998,0.7442511329134116,0.03755036516780264,0.011466437921473551,0.6423774745923558,0.00026732340006600574,0.00026732340006600574,3.1449811772471263
18180,0.003769972271888195,0.002334104713779006,0.7845730130349599,0.02235624470758248,0.011074438399710984,0.7445000604847719,0.037523393324383904,0.011471023134854737,0.6426343492915819,0.00026747052356631727,0.00026747052356631727,3.1467120419566736
18190,0.0037658121106906787,0.0023348119411825837,0.7848107365319608,0.02233447927559018,0.011078138523149674,0.7447488082789696,0.037496436180297056,0.011475605849349502,0.642891083997171,0.00026761764706662874,0.00026761764706662874,3.14844290666622
18200,0.0037616551524783434,0.002335518624078681,0.7850482770012372,0.02231272957212962,0.01108183597273797,0.7449973763185188,0.037469493731247284,0.011480186065687962,0.6431476787500259,0.00026776477056694026,0.00026776477056694026,3.1501737713757674
18210,0.00375750139761303,0.0023362247624057844,0.7852856344221123,0.022290995595230814,0.011085530748810767,0.7452457646259338,0.0374425659729398,0.011484763784600236,0.6434041335910496,0.0002679118940672518,0.0002679118940672518,3.1519046360853147
18220,0.0037533508464565792,0.0023369303561023807,0.7855228087739095,0.02226927734292377,0.011089222851702964,0.7454939732237286,0.03741565290107979,0.011489339006816437,0.6436604485611449,0.0002680590175675633,0.0002680590175675633,3.153635500794862
18230,0.003749203499370832,0.0023376354051069578,0.785759800035952,0.0222475748132385,0.011092912281749459,0.7457420021344172,0.037388754511372434,0.011493911733066688,0.643916623701215,0.0002682061410678748,0.0002682061410678748,3.155366365504409
18240,0.0037450593567176296,0.002338339909358002,0.7859966081875637,0.02222588800420502,0.01109659903928515,0.7459898513805141,0.03736187079952294,0.011498481964081101,0.6441726590521625,0.0002683532645681863,0.0002683532645681863,3.157097230213956
18250,0.0037409184188588124,0.002339043868794001,0.7862332332080675,0.022204216913853343,0.011100283124644937,0.7462375209845336,0.03733500176123651,0.011503049700589794,0.6444285546548905,0.0002685003880684978,0.0002685003880684978,3.1588280949235035
18260,0.003736780686156221,0.0023397472833534415,0.7864696750767869,0.022182561540213475,0.011103964538163714,0.7464850109689891,0.03730814739221833,0.011507614943322886,0.6446843105503017,0.0002686475115688093,0.0002686475115688093,3.1605589596330503
18270,0.003732646158971696,0.0023404501529748108,0.7867059337730455,0.022160921881315434,0.01110764328017638,0.7467323213563952,0.03728130768817358,0.011512177693010493,0.6449399267792993,0.0002687946350691208,0.0002687946350691208,3.1622898243425976
18280,0.0037285148376670794,0.0023411524775965955,0.7869420092761664,0.022139297935189234,0.011111319351017834,0.7469794521692661,0.03725448264480747,0.011516737950382732,0.6451954033827861,0.00026894175856943234,0.00026894175856943234,3.164020689052145
18290,0.0037243867226042114,0.0023418542571572833,0.7871779015654733,0.02211768969986488,0.011114992751022975,0.7472264034301158,0.037227672257825195,0.011521295716169718,0.645450740401665,0.0002690888820697438,0.0002690888820697438,3.165751553761692
18300,0.0037202618141449323,0.002342555491595361,0.7874136106202894,0.02209609717337239,0.0111186634805267,0.7474731751614587,0.03720087652293194,0.011525850991101571,0.6457059378768387,0.00026923600557005533,0.00026923600557005533,3.167482418471239
18310,0.0037161401126510835,0.002343256180849315,0.7876491364199376,0.022074520353741776,0.011122331539863903,0.7477197673858085,0.03717409543583291,0.011530403775908407,0.6459609958492105,0.00026938312907036685,0.00026938312907036685,3.1692132831807864
18320,0.003712021618484505,0.0023439563248576333,0.7878844789437423,0.022052959239003047,0.011125996929369487,0.7479661801256796,0.03714732899223329,0.011534954071320342,0.646215914359683,0.0002695302525706783,0.0002695302525706783,3.170944147890333
18330,0.003707906332007039,0.0023446559235588025,0.7881196381710259,0.022031413827186222,0.011129659649378346,0.7482124134035862,0.037120577187838275,0.011539501878067494,0.6464706934491593,0.00026967737607098985,0.00026967737607098985,3.17267501259988
18340,0.0037037942535805253,0.00234535497689131,0.7883546140811125,0.022009884116321307,0.011133319700225384,0.7484584672420425,0.03709384001835307,0.01154404719687998,0.6467253331585423,0.00026982449957130137,0.00026982449957130137,3.1744058773094275
18350,0.0036996853835668054,0.0023460534847936426,0.7885894066533251,0.021988370104438316,0.011136977082245491,0.7487043416635623,0.03706711747948285,0.011548590028487916,0.6469798335287348,0.00026997162307161284,0.00026997162307161284,3.1761367420189743
18360,0.003695579722327719,0.002346751447204287,0.7888240158669871,0.021966871789567258,0.01114063179577357,0.7489500366906601,0.03704040956693283,0.01155313037362142,0.6472341946006398,0.00027011874657192436,0.00027011874657192436,3.1778676067285216
18370,0.0036914772702251078,0.002347448864061731,0.789058441701422,0.021945389169738153,0.011144283841144518,0.7491955523458498,0.03701371627640819,0.01155766823301061,0.6474884164151602,0.0002702658700722359,0.0002702658700722359,3.179598471438069
18380,0.0036873780276208117,0.0023481457353044612,0.7892926841359533,0.02192392224298101,0.011147933218693232,0.7494408886516458,0.036987037603614124,0.0115622036073856,0.6477424990131989,0.00027041299357254736,0.00027041299357254736,3.181329336147616
18390,0.0036832819948766733,0.002348842060870965,0.7895267431499041,0.02190247100732584,0.011151579928754611,0.7496860456305621,0.036960373544255826,0.011566736497476509,0.6479964424356588,0.0002705601170728589,0.0002705601170728589,3.183060200857163
18400,0.0036791891723545315,0.0023495378406997286,0.7897606187225977,0.021881035460802657,0.011155223971663552,0.7499310233051127,0.0369337240940385,0.011571266904013455,0.6482502467234428,0.0002707072405731704,0.0002707072405731704,3.1847910655667104
18410,0.0036750995604162284,0.0023502330747292403,0.7899943108333579,0.021859615601441472,0.011158865347754954,0.7501758216978118,0.03690708924866734,0.011575794827726554,0.648503911917454,0.00027085436407348187,0.00027085436407348187,3.1865219302762573
18420,0.0036710131594236044,0.0023509277628979866,0.790227819461508,0.021838211427272297,0.011162504057363715,0.750420440831174,0.03688046900384753,0.011580320269345922,0.6487574380585951,0.0002710014875737934,0.0002710014875737934,3.1882527949858046
18430,0.0036669299697384998,0.002351621905144454,0.7904611445863711,0.02181682293632515,0.01116614010082473,0.7506648807277129,0.03685386335528427,0.011584843229601675,0.649010825187769,0.0002711486110741049,0.0002711486110741049,3.189983659695352
18440,0.003662849991722756,0.002352315501407131,0.7906942861872708,0.021795450126630034,0.0111697734784729,0.7509091414099427,0.036827272298682746,0.011589363709223935,0.6492640733458788,0.00027129573457441644,0.00027129573457441644,3.1917145244048992
18450,0.0036587732257382134,0.0023530085516245028,0.7909272442435303,0.02177409299621697,0.01117340419064312,0.7511532229003778,0.03680069582974816,0.011593881708942815,0.6495171825738272,0.0002714428580747279,0.0002714428580747279,3.1934453891144456
18460,0.0036546996721467137,0.0023537010557350578,0.7911600187344732,0.021752751543115963,0.011177032237670291,0.7513971252215321,0.03677413394418571,0.01159839722948843,0.649770152912517,0.00027158998157503943,0.00027158998157503943,3.195176253823993
18470,0.0036506293313100964,0.002354393013677283,0.7913926096394228,0.02173142576535703,0.01118065761988931,0.7516408483959199,0.036747586637700586,0.011602910271590902,0.6500229844028517,0.00027173710507535096,0.00027173710507535096,3.1969071185335403
18480,0.0036465622035902036,0.002355084425389665,0.7916250169377025,0.02171011566097018,0.011184280337635074,0.7518843924460553,0.036721053905997975,0.011607420835980346,0.6502756770857336,0.0002718842285756624,0.0002718842285756624,3.198637983243087
18490,0.0036424982893488752,0.0023557752908106903,0.7918572406086354,0.021688821227985433,0.011187900391242482,0.7521277573944525,0.03669453574478308,0.011611928923386878,0.650528231002066,0.00027203135207597395,0.00027203135207597395,3.2003688479526344
18500,0.0036384375889479525,0.0023564656098788474,0.7920892806315453,0.02166754246443279,0.01119151778104643,0.7523709432636254,0.036668032149761096,0.011616434534540615,0.6507806461927516,0.0002721784755762854,0.0002721784755762854,3.2020997126621813
18510,0.0036343801027492757,0.0023571553825326224,0.7923211369857553,0.02164627936834227,0.011195132507381819,0.7526139500760886,0.0366415431166372,0.011620937670171676,0.6510329226986934,0.00027232559907659694,0.00027232559907659694,3.2038305773717286
18520,0.003630325831114686,0.0023578446087105026,0.792552809650589,0.021625031937743885,0.011198744570583544,0.7528567778543558,0.03661506864111661,0.011625438331010178,0.6512850605607943,0.00027247272257690847,0.00027247272257690847,3.205561442081276
18530,0.003626274774406025,0.002358533288350975,0.7927842986053696,0.021603800170667653,0.011202353970986505,0.7530994266209414,0.036588608718904514,0.011629936517786234,0.6515370598199571,0.00027261984607721994,0.00027261984607721994,3.2072923067908223
18540,0.003622226932985132,0.0023592214213925267,0.7930156038294207,0.021582584065143573,0.011205960708925596,0.7533418963983594,0.0365621633457061,0.011634432231229966,0.6517889205170849,0.00027276696957753146,0.00027276696957753146,3.20902317150037
18550,0.003618182307213849,0.002359909007773645,0.7932467253020654,0.02156138361920167,0.01120956478473572,0.7535841872091239,0.036535732517226555,0.011638925472071487,0.6520406426930806,0.000272914093077843,0.000272914093077843,3.2107540362099174
18560,0.0036141408974540165,0.0023605960474328163,0.7934776630026273,0.021540198830871948,0.011213166198751774,0.7538262990757495,0.036509316229171085,0.011643416241040917,0.6522922263888469,0.0002730612165781545,0.0002730612165781545,3.2124849009194647
18570,0.003610102704067475,0.0023612825403085285,0.7937084169104297,0.021519029698184422,0.011216764951308652,0.7540682320207497,0.03648291447724488,0.01164790453886837,0.6525436716452869,0.000273208340078466,0.000273208340078466,3.214215765629011
18580,0.003606067727416065,0.002361968486339268,0.7939389870047959,0.021497876219169106,0.011220361042741257,0.754309986066639,0.036456527257153135,0.011652390366283967,0.6527949785033035,0.0002733554635787775,0.0002733554635787775,3.2159466303385584
18590,0.0036020359678616285,0.0023626538854635225,0.7941693732650494,0.02147673839185601,0.011223954473384482,0.7545515612359315,0.03643015456460105,0.011656873724017823,0.6530461470037996,0.000273502587079089,0.000273502587079089,3.2176774950481057
18600,0.003598007425766005,0.002363338737619778,0.7943995756705137,0.021455616214275153,0.01122754524357323,0.7547929575511414,0.036403796395293814,0.011661354612800053,0.653297177187678,0.0002736497105794005,0.0002736497105794005,3.2194083597576526
18610,0.0035939821014910364,0.002364023042746523,0.7946295942005119,0.021434509684456537,0.011231133353642394,0.7550341750347828,0.03637745274493662,0.011665833033360776,0.6535480690958418,0.000273796834079712,0.000273796834079712,3.2211392244672
18620,0.003589959995398563,0.0023647068007822437,0.7948594288343677,0.02141341880043018,0.011234718803926874,0.7552752137093697,0.036351123609234655,0.01167030898643011,0.6537988227691939,0.00027394395758002354,0.00027394395758002354,3.222870089176747
18630,0.0035859411078504252,0.002365390011665427,0.795089079551404,0.021392343560226096,0.011238301594761569,0.7555160735974163,0.03632480898389312,0.01167478247273817,0.6540494382486369,0.000274091081080335,0.000274091081080335,3.224600953886294
18640,0.0035819254392084653,0.0023660726753345603,0.7953185463309446,0.021371283961874293,0.011241881726481376,0.755756754721437,0.03629850886461722,0.011679253493015074,0.6542999155750742,0.00027423820458064653,0.00027423820458064653,3.2263318185958414
18650,0.0035779129898345216,0.0023667547917281305,0.7955478291523127,0.021350240003404783,0.01124545919942119,0.7559972571039455,0.036272223247112136,0.011683722047990938,0.6545502547894083,0.00027438532808095805,0.00027438532808095805,3.2280626833053887
18660,0.0035739037600904374,0.002367436360784625,0.7957769279948318,0.021329211682847585,0.011249034013915915,0.7562375807674564,0.036245952127083064,0.01168818813839588,0.6548004559325423,0.0002745324515812695,0.0002745324515812695,3.229793548014935
18670,0.0035698977503380524,0.00236811738244253,0.7960058428378252,0.021308198998232705,0.011252606170300446,0.7564777257344836,0.0362196955002352,0.011692651764960017,0.655050519045379,0.00027467957508158105,0.00027467957508158105,3.231524412724483
18680,0.0035658949609392076,0.002368797856640334,0.7962345736606163,0.021287201947590158,0.011256175668909678,0.7567176920275412,0.03619345336227373,0.011697112928413467,0.6553004441688217,0.00027482669858189257,0.00027482669858189257,3.23325527743403
18690,0.0035618953922557433,0.002369477783316523,0.7964631204425286,0.021266220528949956,0.011259742510078512,0.7569574796691436,0.03616722570890386,0.011701571629486344,0.6555502313437728,0.00027497382208220404,0.00027497382208220404,3.2349861421435766
18700,0.003557899044649501,0.002370157162409584,0.7966914831628853,0.021245254740342112,0.011263306694141845,0.7571970886818047,0.03614101253583078,0.011706027868908769,0.6557998806111355,0.00027512094558251556,0.00027512094558251556,3.236717006853124
18710,0.0035539059184823214,0.0023708359938580045,0.7969196618010098,0.021224304579796634,0.011266868221434577,0.7574365190880387,0.03611481383875969,0.011710481647410854,0.6560493920118126,0.0002752680690828271,0.0002752680690828271,3.238447871562671
18720,0.0035499160141160445,0.0023715142776002717,0.7971476563362256,0.02120337004534354,0.011270427092291603,0.7576757709103596,0.036088629613395776,0.01171493296572272,0.656298765586707,0.00027541519258313856,0.00027541519258313856,3.240178736272218
18730,0.003545929331912513,0.002372192013574872,0.7973754667478561,0.021182451135012846,0.01127398330704782,0.757914844171282,0.03606245985544423,0.011719381824574483,0.6565480013767218,0.0002755623160834501,0.0002755623160834501,3.2419096009817654
18740,0.0035419458722335652,0.0023728692017202934,0.7976030930152246,0.02116154784683455,0.011277536866038131,0.7581537388933197,0.036036304560610244,0.01172382822469626,0.6567970994227598,0.0002757094395837616,0.0002757094395837616,3.2436404656913127
18750,0.0035379656354410437,0.0023735458419750217,0.7978305351176542,0.02114066017883868,0.01128108776959743,0.7583924550989868,0.036010163724599024,0.011728272166818168,0.6570460597657237,0.00027585656308407307,0.00027585656308407307,3.2453713304008596
18760,0.003533988621896789,0.0023742219342775452,0.798057793034469,0.02111978812905524,0.011284636018060614,0.7586309928107975,0.03598403734311576,0.011732713651670322,0.6572948824465167,0.0002760036865843846,0.0002760036865843846,3.247102195110407
18770,0.003530014831962641,0.00237489747856635,0.7982848667449916,0.021098931695514238,0.011288181611762585,0.758869352051266,0.03595792541186564,0.011737152679982842,0.6575435675060415,0.0002761508100846961,0.0002761508100846961,3.248833059819954
18780,0.003526044266000442,0.002375572474779924,0.7985117562285458,0.021078090876245698,0.011291724551038235,0.7591075328429064,0.03593182792655387,0.011741589252485843,0.6577921149852013,0.0002762979335850076,0.0002762979335850076,3.2505639245295006
18790,0.003522076924372032,0.002376246922856754,0.798738461464455,0.021057265669279627,0.011295264836222469,0.7593455352082331,0.03590574488288563,0.011746023369909445,0.6580405249248988,0.0002764450570853191,0.0002764450570853191,3.252294789239048
18800,0.003518112807439251,0.0023769208227353263,0.7989649824320424,0.021036456072646037,0.01129880246765018,0.7595833591697598,0.03587967627656612,0.011750455032983761,0.6582887973660371,0.00027659218058563063,0.00027659218058563063,3.2540256539485957
18810,0.0035141519155639416,0.0023775941743541295,0.7991913191106317,0.021015662084374935,0.011302337445656266,0.7598210047500009,0.035853622103300536,0.01175488424243891,0.6585369323495187,0.0002767393040859421,0.0002767393040859421,3.255756518658142
18820,0.003510194249107943,0.002378266977651649,0.7994174714795458,0.020994883702496345,0.011305869770575627,0.7600584719714707,0.035827582358794074,0.01175931099900501,0.658784929916247,0.0002768864275862536,0.0002768864275862536,3.2574873833676894
18830,0.003506239808433097,0.002378939232566373,0.7996434395181085,0.020974120925040265,0.01130939944274316,0.7602957608566828,0.03580155703875192,0.011763735303412175,0.6590327901071247,0.00027703355108656515,0.00027703355108656515,3.2592182480772367
18840,0.0035022885939012443,0.002379610939036788,0.7998692232056429,0.020953373750036725,0.011312926462493761,0.7605328714281518,0.03577554613887928,0.011768157156390523,0.6592805129630545,0.0002771806745868766,0.0002771806745868766,3.2609491127867836
18850,0.003498340605874225,0.002380282097001381,0.8000948225214726,0.02093264217551572,0.011316450830162332,0.760769803708392,0.035749549654881335,0.011772576558670174,0.6595280985249398,0.00027732779808718814,0.00027732779808718814,3.262679977496331
18860,0.0034943958447138804,0.0023809527063986397,0.8003202374449209,0.020911926199507276,0.011319972546083768,0.761006557719917,0.03572356758246329,0.011776993510981243,0.6597755468336831,0.00027747492158749967,0.00027747492158749967,3.264410842205878
18870,0.0034904543107820516,0.0023816227671670503,0.800545467955311,0.020891225820041395,0.011323491610592967,0.7612431334852413,0.03569759991733033,0.011781408014053845,0.6600228579301874,0.00027762204508781114,0.00027762204508781114,3.266141706915425
18880,0.0034865160044405792,0.002382292279245101,0.8007705140319666,0.020870541035148096,0.011327008024024829,0.7614795310268792,0.035671646655187655,0.0117858200686181,0.6602700318553557,0.00027776916858812266,0.00027776916858812266,3.2678725716249724
18890,0.003482580926051304,0.0023829612425712776,0.8009953756542109,0.020849871842857387,0.011330521786714249,0.7617157503673443,0.035645707791740464,0.011790229675404123,0.660517068650091,0.0002779162920884342,0.0002779162920884342,3.2696034363345197
18900,0.0034786490759760665,0.002383629657084068,0.8012200528013674,0.020829218241199286,0.011334032898996127,0.7619517915291513,0.03561978332269394,0.011794636835142033,0.6607639683552959,0.00027806341558874565,0.00027806341558874565,3.271334301044066
18910,0.0034747204545767076,0.002384297522721959,0.8014445454527592,0.0208085802282038,0.011337541361205359,0.762187654534814,0.03559387324375328,0.011799041548561944,0.6610107310118736,0.0002782105390890572,0.0002782105390890572,3.2730651657536134
18920,0.0034707950622150686,0.0023849648394234377,0.8016688535877101,0.020787957801900944,0.011341047173676844,0.7624233394068465,0.03556797755062368,0.011803443816393975,0.6612573566607269,0.0002783576625893687,0.0002783576625893687,3.2747960304631607
18930,0.00346687289925299,0.002385631607126991,0.8018929771855431,0.02076735096032073,0.01134455033674548,0.7626588461677634,0.035542096239010335,0.011807843639368244,0.6615038453427587,0.00027850478608968017,0.00027850478608968017,3.2765268951727076
18940,0.0034629539660523123,0.002386297825771106,0.8021169162255818,0.02074675970149317,0.011348050850746166,0.7628941748400783,0.03551622930461844,0.011812241018214866,0.6617501970988721,0.0002786519095899917,0.0002786519095899917,3.278257759882255
18950,0.003459038262974877,0.00238696349529427,0.8023406706871495,0.020726184023448276,0.011351548716013798,0.7631293254463056,0.03549037674315319,0.01181663595366396,0.6619964119699697,0.0002787990330903032,0.0002787990330903032,3.279988624591802
18960,0.003455125790382524,0.0023876286156349702,0.8025642405495698,0.020705623924216057,0.011355043932883275,0.7633642980089596,0.03546453855031977,0.01182102844644564,0.6622424899969546,0.0002789461565906147,0.0002789461565906147,3.281719489301349
18970,0.003451216548637095,0.002388293186731693,0.8027876257921657,0.020685079401826536,0.011358536501689494,0.7635990925505541,0.03543871472182339,0.011825418497290026,0.6624884312207298,0.0002790932800909262,0.0002790932800909262,3.2834503540108964
18980,0.0034473105381004304,0.002388957208522926,0.8030108263942608,0.02066455045430972,0.011362026422767353,0.7638337090936034,0.03541290525336922,0.011829806106927233,0.6627342356821979,0.00027924040359123773,0.00027924040359123773,3.2851812187204437
18990,0.0034434077591343716,0.002389620680947156,0.8032338423351785,0.02064403707969561,0.011365513696451751,0.7640681476606218,0.03538711014066248,0.01183419127608738,0.6629799034222622,0.0002793875270915492,0.0002793875270915492,3.2869120834299905
19000,0.003439508212100758,0.0023902836039428705,0.8034566735942421,0.020623539276014236,0.011368998323077585,0.7643024082741233,0.03536132937940835,0.011838574005500582,0.6632254344818254,0.0002795346505918607,0.0002795346505918607,3.288642948139538
19010,0.0034356118973614316,0.002390945977448556,0.803679320150775,0.0206030570412956,0.011372480302979753,0.764536490956622,0.035335562965312026,0.011842954295896957,0.6634708289017903,0.00027968177409217225,0.00027968177409217225,3.290373812849085
19020,0.0034317188152782323,0.0023916078014027,0.8039017819841007,0.020582590373569715,0.011375959636493153,0.764770395730632,0.035309810894078704,0.011847332148006621,0.6637160867230599,0.0002798288975924837,0.0002798288975924837,3.2921046775586316
19030,0.0034278289662130024,0.0023922690757437887,0.8041240590735423,0.0205621392708666,0.011379436323952682,0.7650041226186676,0.035284073161413576,0.011851707562559693,0.6639612079865373,0.00027997602109279524,0.00027997602109279524,3.293835542268179
19040,0.003423942350527581,0.0023929298004103103,0.8043461513984236,0.020541703731216256,0.011382910365693241,0.765237671643243,0.03525834976302184,0.011856080540286288,0.6642061927331253,0.00028012314459310676,0.00028012314459310676,3.295566406977726
19050,0.0034200589685838105,0.0023935899753407515,0.8045680589380677,0.02052128375264871,0.011386381762049725,0.7654710428268722,0.03523264069460869,0.011860451081916525,0.6644510410037269,0.00028027026809341823,0.00028027026809341823,3.297297271687273
19060,0.0034161788207435306,0.002394249600473599,0.8047897816717979,0.02050087933319396,0.01138985051335703,0.7657042361920692,0.035206945951879315,0.011864819188180518,0.6646957528392446,0.00028041739159372976,0.00028041739159372976,3.2990281363968204
19070,0.0034123019073685826,0.0023949086757473403,0.8050113195789379,0.020480490470882032,0.011393316619950059,0.7659372517613483,0.03518126553053891,0.011869184859808387,0.6649403282805819,0.0002805645150940413,0.0002805645150940413,3.3007590011063677
19080,0.0034084282288208067,0.002395567201100462,0.8052326726388107,0.020460117163742922,0.011396780082163707,0.7661700895572239,0.03515559942629267,0.011873548097530247,0.6651847673686413,0.00028071163859435275,0.00028071163859435275,3.3024898658159145
19090,0.0034045577854620443,0.0023962251764714517,0.80545384083074,0.02043975940980666,0.011400240900332873,0.7664027496022099,0.035129947634845796,0.011877908902076217,0.6654290701443258,0.00028085876209466427,0.00028085876209466427,3.304220730525462
19100,0.003400690577654136,0.002396882601798796,0.8056748241340491,0.020419417207103246,0.011403699074792453,0.7666352319188202,0.03510431015190347,0.011882267274176411,0.6656732366485384,0.0002810058855949758,0.0002810058855949758,3.305951595235009
19110,0.0033968266057589234,0.0023975394770209824,0.8058956225280612,0.020399090553662694,0.011407154605877346,0.7668675365295694,0.03507868697317089,0.01188662321456095,0.6659172669221821,0.00028115300909528726,0.00028115300909528726,3.307682459944556
19120,0.0033929658701382457,0.0023981958020764973,0.8061162359920998,0.020378779447515025,0.011410607493922451,0.7670996634569714,0.03505307809435326,0.011890976723959947,0.6661611610061595,0.0002813001325955988,0.0002813001325955988,3.3094133246541033
19130,0.0033891083711539453,0.0023988515769038285,0.8063366645054886,0.02035848388669024,0.011414057739262663,0.7673316127235403,0.03502748351115576,0.011895327803103522,0.6664049189413738,0.0002814472560959103,0.0002814472560959103,3.3111441893636506
19140,0.0033852541091678613,0.0023995068014414627,0.8065569080475504,0.020338203869218356,0.011417505342232884,0.7675633843517904,0.0350019032192836,0.01189967645272179,0.6666485407687277,0.0002815943795962218,0.0002815943795962218,3.312875054073197
19150,0.0033814030845418365,0.002400161475627887,0.806776966597609,0.02031793939312939,0.011420950303168009,0.7677949783642358,0.03497633721444196,0.01190402267354487,0.6668920265291244,0.0002817415030965333,0.0002817415030965333,3.3146059187827444
19160,0.0033775552976377105,0.0024008155994015884,0.8069968401349876,0.020297690456453348,0.011424392622402937,0.7680263947833906,0.03495078549233603,0.011908366466302875,0.6671353762634664,0.0002818886265968448,0.0002818886265968448,3.3163367834922917
19170,0.0033737107488173244,0.0024014691727010542,0.8072165286390097,0.02027745705722024,0.011427832300272563,0.7682576336317688,0.03492524804867102,0.011912707831725928,0.667378590012657,0.0002820357500971563,0.0002820357500971563,3.3180676482018385
19180,0.0033698694384425186,0.002402122195464771,0.8074360320889986,0.02025723919346009,0.011431269337111789,0.7684886949318849,0.03489972487915212,0.011917046770544141,0.6676216678175989,0.0002821828735974678,0.0002821828735974678,3.319798512911386
19190,0.0033660313668751347,0.0024027746676312262,0.8076553504642776,0.020237036863202898,0.011434703733255511,0.7687195787062527,0.03487421597948452,0.011921383283487633,0.6678646097191951,0.00028232999709777934,0.00028232999709777934,3.321529377620933
19200,0.0033621965344770126,0.002403426589138907,0.8078744837441704,0.020216850064478684,0.011438135489038628,0.7689502849773866,0.03484872134537341,0.011925717371286521,0.6681074157583485,0.0002824771205980908,0.0002824771205980908,3.32326024233048
19210,0.0033583649416099944,0.0024040779599263005,0.8080934319080001,0.020196678795317457,0.011441564604796037,0.7691808137678008,0.034823240972524,0.011930049034670922,0.668350085975962,0.00028262424409840234,0.00028262424409840234,3.3249911070400273
19220,0.0033545365886359195,0.002404728779931893,0.80831219493509,0.020176523053749236,0.011444991080862634,0.7694111651000088,0.03479777485664146,0.011934378274370952,0.6685926204129384,0.00028277136759871386,0.00028277136759871386,3.3267219717495746
19230,0.003350711475916629,0.0024053790490941723,0.8085307728047637,0.02015638283780402,0.011448414917573322,0.7696413389965256,0.034772322993431005,0.01193870509111673,0.668835019110181,0.0002829184910990254,0.0002829184910990254,3.328452836459122
19240,0.0033468896038139646,0.002406028767351625,0.8087491654963445,0.02013625814551183,0.011451836115262994,0.7698713354798651,0.03474688537859782,0.011943029485638372,0.6690772821085923,0.00028306561459933685,0.00028306561459933685,3.330183701168669
19250,0.0033430709726897665,0.002406677934642739,0.8089673729891559,0.02011614897490268,0.011455254674266549,0.7701011545725409,0.034721462007847106,0.011947351458665994,0.6693194094490753,0.0002832127380996484,0.0002832127380996484,3.331914565878216
19260,0.0033392555829058752,0.0024073265509060005,0.8091853952625211,0.02009605532400658,0.011458670594918886,0.7703307962970679,0.03469605287688404,0.011951671010929714,0.669561401172533,0.00028335986159995984,0.00028335986159995984,3.3336454305877625
19270,0.003335443434824132,0.002407974616079897,0.8094032322957636,0.02007597719085354,0.011462083877554903,0.7705602606759598,0.03467065798141384,0.011955988143159648,0.6698032573198682,0.00028350698510027137,0.00028350698510027137,3.33537629529731
19280,0.0033316345288063776,0.002408622130102915,0.8096208840682066,0.020055914573473575,0.011465494522509497,0.7707895477317308,0.03464527731714168,0.011960302856085915,0.670044977931984,0.0002836541086005829,0.0002836541086005829,3.337107160006857
19290,0.0033278288652144527,0.0024092690929135422,0.8098383505591739,0.020035867469896697,0.011468902530117566,0.771018657486895,0.03461991087977277,0.01196461515043863,0.6702865630497832,0.00028380123210089436,0.00028380123210089436,3.338838024716404
19300,0.0033240264444101986,0.0024099155044502657,0.8100556317479883,0.02001583587815292,0.011472307900714008,0.7712475899639668,0.03459455866501229,0.011968925026947911,0.6705280127141687,0.0002839483556012059,0.0002839483556012059,3.3405688894259513
19310,0.0033202272667554548,0.002410561364651572,0.8102727276139736,0.019995819796272254,0.01147571063463372,0.7714763451854602,0.034569220668565444,0.011973232486343875,0.6707693269660434,0.0002840954791015174,0.0002840954791015174,3.3422997541354986
19320,0.0033164313326120637,0.0024112066734559485,0.8104896381364531,0.01997581922228471,0.011479110732211605,0.7717049231738893,0.03454389688613742,0.01197753752935664,0.6710105058463104,0.00028424260260182893,0.00028424260260182893,3.344030618845046
19330,0.003312638642341865,0.002411851430801882,0.8107063632947502,0.019955834154220302,0.011482508193782553,0.7719333239517682,0.03451858731343342,0.011981840156716321,0.6712515493958724,0.0002843897261021404,0.0002843897261021404,3.345761483554593
19340,0.003308849196306701,0.00241249563662786,0.8109229030681883,0.019935864590109046,0.011485903019681467,0.7721615475416111,0.034493291946158626,0.011986140369153034,0.6714924576556321,0.0002845368496024519,0.0002845368496024519,3.34749234826414
19350,0.0033050629948684104,0.0024131392908723695,0.8111392574360905,0.01991591052798095,0.011489295210243243,0.7723895939659322,0.034468010780018245,0.0119904381673969,0.6717332306664929,0.00028468397310276345,0.00028468397310276345,3.3492232129736874
19360,0.0033012800383888357,0.0024137823934738973,0.8113554263777805,0.019895971965866024,0.01149268476580278,0.7726174632472457,0.03444274381071746,0.011994733552178033,0.6719738684693576,0.0002848310966030749,0.0002848310966030749,3.3509540776832343
19370,0.0032975003272298162,0.0024144249443709305,0.8115714098725816,0.019876048901794292,0.011496071686694975,0.7728451554080655,0.034417491033961474,0.01199902652422655,0.6722143711051289,0.00028497822010338644,0.00028497822010338644,3.3526849423927816
19380,0.003293723861753194,0.0024150669435019563,0.8117872078998172,0.01985614133379575,0.011499455973254727,0.773072670470906,0.034392252445455476,0.012003317084272571,0.6724547386147098,0.00028512534360369796,0.00028512534360369796,3.354415807102329
19390,0.00328995064232081,0.0024157083908054617,0.8120028204388106,0.01983624925990042,0.011502837625816933,0.7733000084582811,0.03436702804090466,0.012007605233046208,0.6726949710390032,0.00028527246710400943,0.00028527246710400943,3.3561466718118753
19400,0.003286180669294504,0.0024163492862199335,0.8122182474688852,0.019816372678138315,0.011506216644716492,0.7735271693927053,0.034341817816014225,0.012011890971277583,0.6729350684189123,0.00028541959060432096,0.00028541959060432096,3.3578775365214226
19410,0.0032824139430361176,0.0024169896296838593,0.8124334889693645,0.019796511586539445,0.011509593030288298,0.7737541532966923,0.03431662176648936,0.01201617429969681,0.6731750307953395,0.0002855667141046324,0.0002855667141046324,3.3596084012309695
19420,0.0032786504639074907,0.002417629421135726,0.8126485449195716,0.019776665983133823,0.011512966782867255,0.7739809601927565,0.034291439888035256,0.012020455219034007,0.6734148582091881,0.00028571383760494395,0.00028571383760494395,3.361339265940517
19430,0.003274890232270465,0.00241826866051402,0.8128634152988302,0.01975683586595146,0.011516337902788257,0.7742075901034121,0.03426627217635712,0.01202473373001929,0.6736545507013608,0.00028586096110525547,0.00028586096110525547,3.363070130650064
19440,0.0032711332484868815,0.0024189073477572294,0.8130781000864636,0.01973702123302237,0.011519706390386202,0.7744340430511731,0.03424111862716013,0.01202900983338278,0.6738941083127608,0.000286008084605567,0.000286008084605567,3.3648009953596114
19450,0.00326737951291858,0.0024195454828038407,0.8132925992617952,0.019717222082376563,0.011523072245995988,0.7746603190585537,0.034215979236149496,0.012033283529854588,0.6741335310842906,0.00028615520810587846,0.00028615520810587846,3.3665318600691583
19460,0.0032636290259274022,0.002420183065592341,0.8135069128041481,0.019697438412044056,0.011526435469952516,0.7748864181480682,0.03419085399903039,0.012037554820164834,0.6743728190568534,0.00028630233160619,0.00028630233160619,3.3682627247787056
19470,0.0032598817878751888,0.0024208200960612173,0.8137210406928461,0.019677670220054858,0.01152979606259068,0.7751123403422304,0.034165742911508035,0.012041823705043635,0.6746119722713521,0.0002864494551065015,0.0002864494551065015,3.369993589488253
19480,0.00325613779912378,0.0024214565741489565,0.8139349829072122,0.01965791750443898,0.011533154024245379,0.7753380856635548,0.034140645969287606,0.012046090185221108,0.6748509907686896,0.000286596578606813,0.000286596578606813,3.3717244541977993
19490,0.003252397060035017,0.0024220924997940462,0.8141487394265702,0.019638180263226435,0.01153650935525151,0.7755636541345553,0.034115563168074306,0.012050354261427369,0.6750898745897685,0.0002867437021071245,0.0002867437021071245,3.373455318907347
19500,0.0032486595709707404,0.0024227278729349734,0.8143623102302432,0.01961845849444724,0.011539862055943973,0.775789045777746,0.03409049450357332,0.012054615934392537,0.6753286237754922,0.000286890825607436,0.000286890825607436,3.3751861836168944
19510,0.0032449253322927914,0.0024233626935102246,0.8145756952975545,0.0195987521961314,0.011543212126657666,0.7760142606156413,0.03406543997148985,0.012058875204846727,0.6755672383667634,0.0002870379491077475,0.0002870379491077475,3.376917048326441
19520,0.003241194344363011,0.0024239969614582874,0.8147888946078277,0.019579061366308936,0.011546559567727486,0.7762392986707553,0.03404039956752908,0.012063132073520057,0.675805718404485,0.000287185072608059,0.000287185072608059,3.378647913035988
19530,0.0032374666075432393,0.0024246306767176486,0.815001908140386,0.019559386003009854,0.01154990437948833,0.7764641599656019,0.03401537328739622,0.012067386541142644,0.6760440639295598,0.00028733219610837054,0.00028733219610837054,3.3803787777455354
19540,0.0032337421221953176,0.0024252638392267952,0.815214735874553,0.019539726104264167,0.011553246562275096,0.7766888445226954,0.033990361126796445,0.012071638608444605,0.6762822749828911,0.000287479319608682,0.000287479319608682,3.3821096424550823
19550,0.0032300208886810863,0.0024258964489242145,0.8154273777896519,0.019520081668101888,0.011556586116422683,0.7769133523645501,0.03396536308143497,0.012075888276156056,0.6765203516053813,0.00028762644310899354,0.00028762644310899354,3.3838405071646296
19560,0.003226302907362387,0.0024265285057483935,0.8156398338650063,0.01950045269255303,0.011559923042265989,0.7771376835136798,0.033940379147016975,0.012080135545007116,0.6767582938379336,0.00028777356660930506,0.00028777356660930506,3.385571371874177
19570,0.0032225881786010595,0.002427160009637819,0.8158521040799391,0.019480839175647607,0.011563257340139911,0.777361837992599,0.03391540931924765,0.0120843804157279,0.676996101721451,0.0002879206901096166,0.0002879206901096166,3.387302236583724
19580,0.0032188767027589446,0.0024277909605309785,0.8160641884137741,0.019461241115415626,0.011566589010379347,0.7775858158238216,0.0338904535938322,0.012088622889048526,0.6772337752968361,0.00028806781360992805,0.00028806781360992805,3.389033101293271
19590,0.003215168480197885,0.0024284213583663588,0.8162760868458347,0.019441658509887105,0.011569918053319196,0.7778096170298618,0.03386551196647582,0.012092862965699112,0.6774713146049923,0.0002882149371102396,0.0002882149371102396,3.3907639660028184
19600,0.0032114635112797194,0.002429051203082447,0.8164877993554444,0.01942209135709206,0.011573244469294355,0.7780332416332338,0.033840584432883694,0.012097100646409772,0.677708719686822,0.00028836206061055104,0.00028836206061055104,3.392494830712365
19610,0.003207761796366289,0.00242968049461773,0.816699325921926,0.01940253965506049,0.011576568258639721,0.7782566896564517,0.03381567098876103,0.012101335931910626,0.6779459905832284,0.00028850918411086257,0.00028850918411086257,3.394225695421912
19620,0.0032040633358194352,0.0024303092329106954,0.8169106665246034,0.019383003401822415,0.011579889421690194,0.7784799611220298,0.03379077162981301,0.01210556882293179,0.6781831273351142,0.0002886563076111741,0.0002886563076111741,3.39595656013146
19630,0.0032003681300009986,0.0024309374178998295,0.8171218211427999,0.01936348259540785,0.01158320795878067,0.7787030560524818,0.03376588635174483,0.01210979932020338,0.6784201299833826,0.00028880343111148556,0.00028880343111148556,3.3976874248410063
19640,0.00319667617927282,0.0024315650495236197,0.8173327897558385,0.019343977233846805,0.011586523870246048,0.7789259744703225,0.03374101515026169,0.012114027424455514,0.6786569985689364,0.0002889505546117971,0.0002889505546117971,3.3994182895505536
19650,0.00319298748399674,0.0024321921277205534,0.8175435723430432,0.01932448731516929,0.011589837156421225,0.7791487163980655,0.033716158021068775,0.01211825313641831,0.6788937331326784,0.0002890976781121086,0.0002890976781121086,3.401149154260101
19660,0.0031893020445345997,0.0024328186524291175,0.817754168883737,0.019305012837405322,0.0115931478176411,0.7793712818582251,0.033691314959871294,0.012122476456821882,0.6791303337155116,0.00028924480161242013,0.00028924480161242013,3.402880018969648
19670,0.00318561986124824,0.0024334446235877985,0.8179645793572431,0.01928555379858491,0.01159645585424057,0.7795936708733154,0.033666485962374426,0.01212669738639635,0.6793668003583389,0.0002893919251127316,0.0002893919251127316,3.404610883679195
19680,0.003181940934499501,0.002434070041135084,0.8181748037428853,0.019266110196738066,0.011599761266554534,0.7798158834658508,0.033641671024283365,0.01213091592587183,0.6796031331020633,0.0002895390486130431,0.0002895390486130431,3.4063417483887424
19690,0.0031782652646502245,0.002434694905009461,0.8183848420199867,0.019246682029894803,0.011603064054917888,0.7800379196583453,0.033616870141303316,0.012135132075978437,0.6798393319875875,0.00028968617211335465,0.00028968617211335465,3.4080726130982897
19700,0.00317459285206225,0.0024353192151494165,0.8185946941678711,0.019227269296085134,0.011606364219665532,0.7802597794733129,0.03359208330913947,0.012139345837446292,0.6800753970558147,0.0002898332956136661,0.0002898332956136661,3.4098034778078365
19710,0.0031709236970974206,0.0024359429714934377,0.8188043601658613,0.019207871993339072,0.011609661761132362,0.7804814629332679,0.03356731052349702,0.012143557211005507,0.6803113283476475,0.00028998041911397764,0.00028998041911397764,3.411534342517384
19720,0.0031672578001175748,0.0024365661739800116,0.8190138399932811,0.01918849011968663,0.011612956679653277,0.7807029700607244,0.033542551780081156,0.012147766197386205,0.6805471259039891,0.00029012754261428916,0.00029012754261428916,3.413265207226931
19730,0.003163595161484554,0.002437188822547625,0.8192231336294538,0.019169123673157817,0.011616248975563175,0.7809243008781965,0.033517807074597075,0.0121519727973185,0.6807827897657422,0.00029027466611460063,0.00029027466611460063,3.4149960719364776
19740,0.0031599357815602,0.002437810917134765,0.8194322410537026,0.01914977265178265,0.011619538649196954,0.7811454554081985,0.03349307640274997,0.012156177011532507,0.6810183199738099,0.00029042178961491216,0.00029042178961491216,3.416726936646025
19750,0.003156279660706352,0.002438432457679919,0.8196411622453509,0.01913043705359114,0.011622825700889511,0.7813664336732443,0.03346835976024504,0.012160378840758344,0.681253716569095,0.0002905689131152237,0.0002905689131152237,3.4184578013555726
19760,0.0031526267992848522,0.002439053444121574,0.8198498971837224,0.019111116876613293,0.011626110130975746,0.7815872356958484,0.03344365714278748,0.01216457828572613,0.6814889795925003,0.00029071603661553515,0.00029071603661553515,3.420188666065119
19770,0.0031489771976575404,0.0024396738763982173,0.8200584458481402,0.01909181211887913,0.011629391939790554,0.7818078614985245,0.03341896854608247,0.012168775347165981,0.681724109084929,0.00029086316011584667,0.00029086316011584667,3.4219195307746664
19780,0.003145330856186259,0.002440293754448335,0.8202668082179276,0.019072522778418657,0.011632671127668833,0.782028311103787,0.033394293965835216,0.012172970025808014,0.6819591050872837,0.0002910102836161582,0.0002910102836161582,3.4236503954842137
19790,0.0031416877752328473,0.002440913078210415,0.8204749842724083,0.019053248853261887,0.011635947694945484,0.7822485845341501,0.03336963339775091,0.012177162322382345,0.6821939676404675,0.00029115740711646966,0.00029115740711646966,3.4253812601937605
19800,0.003138047955159146,0.0024415318476229443,0.8206829739909055,0.01903399034143884,0.011639221641955402,0.7824686818121278,0.03334498683753475,0.012181352237619094,0.6824286967853834,0.0002913045306167812,0.0002913045306167812,3.427112124903308
19810,0.003134411396326997,0.0024421500626244097,0.8208907773527427,0.01901474724097952,0.011642492969033486,0.7826886029602342,0.033320354280891924,0.012185539772248373,0.6826632925629341,0.0002914516541170927,0.0002914516541170927,3.428842989612855
19820,0.00313077809909824,0.0024427677231532983,0.821098394337243,0.018995519549913943,0.011645761676514634,0.7829083480009836,0.033295735723527634,0.012189724927000304,0.6828977550140226,0.0002915987776174042,0.0002915987776174042,3.430573854322402
19830,0.0031271480638347168,0.0024433848291480972,0.8213058249237302,0.01897630726627212,0.011649027764733744,0.7831279169568902,0.03327113116114706,0.012193907702605,0.6831320841795518,0.0002917459011177157,0.0002917459011177157,3.4323047190319493
19840,0.003123521290898268,0.0024440013805472937,0.8215130690915271,0.018957110388084068,0.011652291234025714,0.7833473098504681,0.033246540589455406,0.012198088099792581,0.6833662801004248,0.0002918930246180272,0.0002918930246180272,3.4340355837414966
19850,0.003119897780650734,0.0024446173772893747,0.8217201268199579,0.01893792891337979,0.01165555208472544,0.7835665267042312,0.03322196400415787,0.012202266119293164,0.6836003428175442,0.0002920401481183387,0.0002920401481183387,3.435766448451043
19860,0.0031162775334539553,0.0024452328193128267,0.821926998088345,0.018918762840189306,0.011658810317167822,0.7837855675406938,0.033197401400959635,0.012206441761836863,0.683834272371813,0.0002921872716186502,0.0002921872716186502,3.4374973131605904
19870,0.003112660549669774,0.0024458477065561375,0.8221336828760126,0.01889961216654263,0.011662065931687757,0.7840044323823702,0.033172852775565906,0.012210615028153798,0.6840680688041344,0.00029233439511896174,0.00029233439511896174,3.4392281778701377
19880,0.0031090468296600293,0.0024464620389577944,0.8223401811622837,0.018880476890469764,0.011665318928620143,0.7842231212517743,0.033148318123681866,0.012214785918974083,0.6843017321554109,0.0002924815186192732,0.0002924815186192732,3.4409590425796845
19890,0.003105436373786563,0.0024470758164562836,0.8225464929264819,0.01886135701000073,0.01166856930829988,0.7844416341714204,0.03312379744101272,0.012218954435027839,0.6845352624665456,0.00029262864211958474,0.00029262864211958474,3.442689907289232
19900,0.0031018291824112163,0.0024476890389900923,0.8227526181479301,0.018842252523165536,0.011671817071061862,0.7846599711638225,0.03309929072326366,0.01222312057704518,0.6847686597784414,0.00029277576561989626,0.00029277576561989626,3.444420771998779
19910,0.0030982252558958293,0.0024483017064977084,0.8229585568059523,0.0188231634279942,0.01167506221724099,0.7848781322514952,0.03307479796613987,0.012227284345756224,0.6850019241320013,0.00029292288912020773,0.00029292288912020773,3.446151636708326
19920,0.0030946245946022423,0.002448913818917618,0.8231643088798715,0.018804089722516727,0.011678304747172161,0.7850961174569518,0.03305031916534656,0.012231445741891087,0.6852350555681281,0.00029307001262051925,0.00029307001262051925,3.4478825014178733
19930,0.003091027198892298,0.0024495253761883085,0.8233698743490112,0.01878503140476313,0.011681544661190273,0.7853139268027073,0.03302585431658891,0.012235604766179888,0.6854680541277248,0.0002932171361208308,0.0002932171361208308,3.4496133661274206
19940,0.003087433069127835,0.0024501363782482672,0.8235752531926948,0.018765988472763423,0.011684781959630222,0.7855315603112754,0.03300140341557212,0.012239761419352742,0.6857009198516942,0.00029336425962114224,0.00029336425962114224,3.4513442308369675
19950,0.0030838422056706956,0.002450746825035981,0.8237804453902456,0.018746960924547626,0.011688016642826909,0.7857490180051703,0.032976966458001376,0.012243915702139768,0.6859336527809394,0.00029351138312145377,0.00029351138312145377,3.453075095546515
19960,0.00308025460888272,0.002451356716489937,0.8239854509209872,0.01872794875814574,0.011691248711115229,0.785966299906906,0.032952543439581886,0.01224806761527108,0.686166252956363,0.0002936585066217653,0.0002936585066217653,3.454805960256062
19970,0.0030766702791257487,0.002451966052548622,0.8241902697642426,0.018708951971587777,0.011694478164830083,0.7861834060389971,0.032928134356018844,0.012252217159476797,0.6863987204188682,0.00029380563012207676,0.00029380563012207676,3.4565368249656085
19980,0.0030730892167616236,0.0024525748331505233,0.8243949018993355,0.018689970562903762,0.011697705004306365,0.7864003364239571,0.03290373920301744,0.012256364335487036,0.6866310552093577,0.0002939527536223883,0.0002939527536223883,3.458267689675156
19990,0.0030695114221521848,0.002453183058234128,0.824599347305589,0.018671004530123693,0.011700929229878976,0.7866170910843008,0.03287935797628286,0.012260509144031916,0.6868632573687349,0.0002940998771226998,0.0002940998771226998,3.459998554384703
20000,0.003065936895659273,0.002453790727737923,0.8248036059623269,0.018652053871277594,0.011704150841882813,0.7868336700425419,0.0328549906715203,0.01226465158584155,0.687095326937902,0.0002942470006230113,0.0002942470006230113,3.46172941909425
20010,0.0030623656376447287,0.0024543978416003954,0.8250076778488723,0.018633118584395474,0.011707369840652775,0.7870500733211949,0.032830637284434964,0.012268791661646058,0.6873272639577623,0.0002943941241233228,0.0002943941241233228,3.4634602838037973
20020,0.003058797648470393,0.0024550043997600326,0.8252115629445487,0.01861419866750734,0.011710586226523757,0.7872663009427734,0.032806297810732035,0.012272929372175554,0.6875590684692188,0.0002945412476236343,0.0002945412476236343,3.4651911485133446
20030,0.003055232928498108,0.0024556104021553208,0.8254152612286793,0.018595294118643205,0.01171379999983066,0.7874823529297922,0.032781972246116724,0.012277064718160159,0.6877907405131741,0.0002946883711239458,0.0002946883711239458,3.4669220132228915
20040,0.0030516714780897125,0.002456215848724748,0.8256187726805875,0.01857640493583309,0.01171701116090838,0.787698229304765,0.0327576605862942,0.012281197700329986,0.6880222801305313,0.0002948354946242573,0.0002948354946242573,3.468652877932439
20050,0.0030481132976070487,0.0024568207394068007,0.8258220972795968,0.018557531117107,0.011720219710091816,0.787913930090206,0.03273336282696968,0.012285328319415156,0.6882536873621936,0.00029498261812456884,0.00029498261812456884,3.470383742641986
20060,0.003044558387411957,0.0024574250741399664,0.8260252350050307,0.01853867266049495,0.011723425647715863,0.7881294553086293,0.03270907896384835,0.012289456576145781,0.6884849622490633,0.0002951297416248803,0.0002951297416248803,3.472114607351533
20070,0.0030410067478662778,0.002458028852862732,0.8262281858362123,0.018519829564026945,0.011726628974115423,0.7883448049825493,0.0326848089926354,0.012293582471251983,0.6887161048320439,0.00029527686512519183,0.00029527686512519183,3.4738454720610803
20080,0.003037458379331853,0.002458632075513584,0.8264309497524651,0.018501001825733013,0.011729829689625392,0.7885599791344801,0.03266055290903603,0.012297706005463876,0.6889471151520379,0.00029542398862550336,0.00029542398862550336,3.4755763367706276
20090,0.0030339132821705214,0.0024592347420310107,0.8266335267331129,0.01848218944364315,0.011733027794580669,0.7887749777869356,0.03263631070875543,0.012301827179511579,0.6891779932499484,0.0002955711121258148,0.0002955711121258148,3.477307201480174
20100,0.0030303714567441256,0.0024598368523534976,0.8268359167574781,0.01846339241578738,0.01173622328931615,0.7889898009624301,0.03261208238749879,0.012305945994125206,0.6894087391666782,0.00029571823562612635,0.00029571823562612635,3.4790380661897213
20110,0.003026832903414506,0.002460438406419533,0.8270381198048851,0.01844461074019571,0.011739416174166734,0.7892044486834777,0.03258786794097132,0.012310062450034878,0.6896393529431304,0.00029586535912643787,0.00029586535912643787,3.4807689308992686
20120,0.003023297622543503,0.002461039404167604,0.8272401358546566,0.01842584441489815,0.011742606449467318,0.7894189209725927,0.0325636673648782,0.012314176547970707,0.6898698346202077,0.00029601248262674934,0.00029601248262674934,3.4824997956088155
20130,0.0030197656144929585,0.0024616398455361965,0.8274419648861164,0.018407093437924717,0.011745794115552802,0.7896332178522891,0.032539480654924624,0.012318288288662816,0.6901001842388133,0.00029615960612706086,0.00029615960612706086,3.484230660318363
20140,0.003016236879624712,0.002462239730463798,0.8276436068785875,0.018388357807305425,0.011748979172758082,0.789847339345081,0.032515307806815795,0.012322397672841316,0.6903304018398497,0.0002963067296273724,0.0002963067296273724,3.48596152502791
20150,0.0030127114183006046,0.0024628390588888965,0.8278450618113937,0.018369637521070282,0.011752161621418056,0.7900612854734826,0.0324911488162569,0.01232650470123633,0.6905604874642202,0.00029645385312768386,0.00029645385312768386,3.487692389737457
20160,0.003009189230882477,0.002463437830749978,0.828046329663858,0.0183509325772493,0.011755341461867623,0.7902750562600082,0.03246700367895313,0.012330609374577969,0.6907904411528274,0.0002966009766279954,0.0002966009766279954,3.4894232544470043
20170,0.003005670317732171,0.0024640360459855302,0.8282474104153043,0.018332242973872495,0.01175851869444168,0.7904886517271716,0.032442872390609695,0.012334711693596354,0.6910202629465744,0.0002967481001283069,0.0002967481001283069,3.4911541191565516
20180,0.0030021546792115272,0.0024646337045340395,0.8284483040450552,0.018313568708969878,0.011761693319475125,0.7907020718974873,0.03241875494693176,0.012338811659021601,0.6912499528863641,0.00029689522362861837,0.00029689522362861837,3.4928849838660985
20190,0.0029986423156823853,0.0024652308063339936,0.8286490105324348,0.01829490978057146,0.011764865337302857,0.7909153167934693,0.03239465134362456,0.012342909271583826,0.6914795110130995,0.0002970423471289299,0.0002970423471289299,3.4946158485756458
20200,0.0029951332275065866,0.0024658273513238796,0.8288495298567662,0.018276266186707253,0.011768034748259772,0.7911283864376316,0.03237056157639326,0.012347004532013147,0.6917089373676834,0.0002971894706292414,0.0002971894706292414,3.496346713285193
20210,0.002991627415045972,0.002466423339442184,0.8290498619973727,0.018257637925407272,0.011771201552680768,0.7913412808524884,0.03234648564094305,0.012351097441039682,0.6919382319910186,0.0002973365941295529,0.0002973365941295529,3.4980775779947395
20220,0.0029881248786623833,0.002467018770627394,0.8292500069335776,0.01823902499470153,0.011774365750900745,0.7915540000605541,0.03232242353297915,0.012355187999393547,0.6921673949240083,0.0002974837176298644,0.0002974837176298644,3.499808442704287
20230,0.00298462561871766,0.002467613644817997,0.8294499646447049,0.018220427392620035,0.0117775273432546,0.7917665440843428,0.03229837524820673,0.012359276207804857,0.692396426207555,0.00029763084113017594,0.00029763084113017594,3.501539307413834
20240,0.0029811296355736427,0.00246820796195248,0.8296497351100772,0.0182018451171928,0.011780686330077228,0.7919789129463682,0.03227434078233099,0.012363362067003732,0.692625325882562,0.0002977779646304874,0.0002977779646304874,3.503270172123381
20250,0.0029776369295921737,0.00246880172196933,0.8298493183090183,0.018183278166449837,0.011783842711703532,0.7921911066691449,0.032250320131057136,0.01236744557772029,0.6928540939899321,0.00029792508813079893,0.00029792508813079893,3.5050010368329283
20260,0.002974147501135092,0.0024693949248070337,0.8300487142208516,0.018164726538421168,0.011786996488468406,0.7924031252751869,0.03222631329009035,0.012371526740684643,0.6930827305705682,0.00029807221163111045,0.00029807221163111045,3.5067319015424756
20270,0.0029706613505642403,0.0024699875704040784,0.8302479228249002,0.018146190231136797,0.01179014766070675,0.7926149687870083,0.03220232025513583,0.01237560555662691,0.6933112356653731,0.0002982193351314219,0.0002982193351314219,3.5084627662520225
20280,0.002967178478241458,0.0024705796586989514,0.8304469441004878,0.01812766924262673,0.01179329622875346,0.7928266372271232,0.03217834102189877,0.01237968202627721,0.6935396093152498,0.00029836645863173344,0.00029836645863173344,3.5101936309615698
20290,0.0029636988845285865,0.0024711711896301396,0.8306457780269376,0.01810916357092099,0.011796442192943436,0.7930381306180461,0.03215437558608436,0.01238375615036566,0.6937678515611014,0.00029851358213204497,0.00029851358213204497,3.511924495671117
20300,0.0029602225697874665,0.0024717621631361298,0.830844424583573,0.018090673214049585,0.011799585553611575,0.7932494489822907,0.032130423943397796,0.012387827929622376,0.6939959624438307,0.00029866070563235644,0.00029866070563235644,3.5136553603806635
20310,0.0029567495343799386,0.0024723525791554095,0.8310428837497175,0.018072198170042533,0.011802726311092774,0.7934605923423713,0.03210648608954428,0.012391897364777475,0.6942239420043403,0.00029880782913266796,0.00029880782913266796,3.5153862250902113
20320,0.002953279778667844,0.0024729424376264656,0.8312411555046942,0.018053738436929836,0.011805864465721932,0.7936715607208021,0.032082562020228994,0.012395964456561073,0.6944517902835335,0.0002989549526329795,0.0002989549526329795,3.5171170897997586
20330,0.0029498133030130234,0.0024735317384877854,0.831439239827827,0.018035294012741513,0.011809000017833946,0.7938823541400971,0.03205865173115715,0.012400029205703286,0.6946795073223129,0.00029910207613329095,0.00029910207613329095,3.518847954509305
20340,0.0029463501077773174,0.0024741204816778554,0.8316371366984386,0.01801686489550758,0.011812132967763716,0.7940929726227708,0.032034755218033915,0.012404091612934235,0.6949070931615818,0.0002992491996336025,0.0002992491996336025,3.5205788192188523
20350,0.002942890193322567,0.002474708667135163,0.8318348460958531,0.017998451083258038,0.011815263315846139,0.7943034161913369,0.032010872476564506,0.012408151678984035,0.6951345478422428,0.000299396323133914,0.000299396323133914,3.5223096839283996
20360,0.002939433560010613,0.002475296294798195,0.8320323679993933,0.017980052574022912,0.01181839106241611,0.7945136848683098,0.03198700350245411,0.012412209404582802,0.6953618714051989,0.00029954344663422547,0.00029954344663422547,3.5240405486379465
20370,0.0029359802082032957,0.002475883364605439,0.8322297023883828,0.017961669365832204,0.01182151620780853,0.7947237786762036,0.03196314829140792,0.012416264790460655,0.6955890638913532,0.000299690570134537,0.000299690570134537,3.5257714133474938
20380,0.002932530138262457,0.0024764698764953817,0.832426849242145,0.017943301456715934,0.011824638752358296,0.7949336976375323,0.03193930683913113,0.012420317837347709,0.6958161253416083,0.0002998376936348485,0.0002998376936348485,3.527502278057041
20390,0.0029290833505499366,0.00247705583040651,0.8326238085400034,0.01792494884470411,0.011827758696400306,0.7951434417748104,0.031915479141328945,0.012424368545974082,0.6960430557968673,0.00029998481713516,0.00029998481713516,3.529233142766588
20400,0.002925639845427576,0.002477641226277311,0.8328205802612809,0.017906611527826743,0.011830876040269458,0.7953530111105518,0.031891665193706537,0.01242841691706989,0.6962698552980331,0.0003001319406354715,0.0003001319406354715,3.5309640074761353
20410,0.0029221996232572157,0.0024782260640462727,0.8330171643853017,0.017888289504113853,0.01183399078430065,0.7955624056672704,0.031867864991969114,0.012432462951365252,0.6964965238860086,0.00030027906413578303,0.00030027906413578303,3.5326948721856826
20420,0.002918762684400697,0.002478810343651881,0.8332135608913885,0.017869982771595447,0.01183710292882878,0.7957716254674809,0.03184407853182187,0.012436506649590284,0.6967230616016966,0.0003004261876360945,0.0003004261876360945,3.534425736895229
20430,0.00291532902921986,0.002479394065032623,0.8334097697588649,0.01785169132830153,0.011840212474188745,0.7959806705336969,0.031820305808969995,0.012440548012475103,0.6969494684860001,0.0003005733111364061,0.0003005733111364061,3.536156601604777
20440,0.002911898658076546,0.0024799772281269864,0.8336057909670542,0.01783341517226213,0.011843319420715443,0.7961895408884331,0.031796546819118685,0.012444587040749824,0.697175744579822,0.00030072043463671755,0.00030072043463671755,3.537887466314324
20450,0.0029084715713325955,0.002480559832873458,0.8338016244952798,0.017815154301507246,0.011846423768743772,0.796398236554203,0.031772801557973136,0.01244862373514457,0.6974018899240655,0.00030086755813702907,0.00030086755813702907,3.5396183310238714
20460,0.0029050477693498495,0.0024811418792105248,0.8339972703228654,0.017796908714066903,0.011849525518608631,0.7966067575535213,0.03174907002123854,0.012452658096389449,0.697627904559633,0.00030101468163734054,0.00030101468163734054,3.5413491957334178
20470,0.0029016272524901485,0.002481723367076674,0.8341927284291342,0.0177786784079711,0.011852624670644917,0.7968151039089019,0.0317253522046201,0.012456690125214585,0.6978537885274277,0.00030116180513765206,0.00030116180513765206,3.543080060442965
20480,0.0028982100211153343,0.0024823042964103926,0.8343879987934093,0.017760463381249855,0.011855721225187528,0.7970232756428589,0.03170164810382299,0.012460719822350093,0.6980795418683525,0.0003013089286379636,0.0003013089286379636,3.5448109251525124
20490,0.0028947960755872464,0.0024828846671501674,0.8345830813950141,0.017742263631933184,0.011858815182571363,0.7972312727779065,0.031677957714552424,0.012464747188526089,0.6983051646233104,0.00030145605213827506,0.00030145605213827506,3.5465417898620593
20500,0.0028913854162677262,0.0024834644792344858,0.8347779762132724,0.017724079158051097,0.011861906543131318,0.797439095336559,0.03165428103251358,0.012468772224472692,0.698530656833204,0.0003016031756385866,0.0003016031756385866,3.5482726545716066
20510,0.0028879780435186147,0.0024840437326018347,0.8349726832275074,0.0177059099576336,0.011864995307202293,0.7976467433413305,0.03163061805341166,0.012472794930920017,0.6987560185389365,0.0003017502991388981,0.0003017502991388981,3.550003519281154
20520,0.0028845739577017526,0.0024846224271907013,0.8351672024170425,0.017687756028710713,0.011868081475119183,0.7978542168147349,0.03160696877295187,0.012476815308598184,0.6989812497814109,0.00030189742263920957,0.00030189742263920957,3.5517343839907007
20530,0.0028811731591789807,0.0024852005629395725,0.8353615337612008,0.01766961736931245,0.011871165047216888,0.7980615157792864,0.03158333318683938,0.012480833358237305,0.6992063506015297,0.0003020445461395211,0.0003020445461395211,3.553465248700248
20540,0.002877775648312139,0.0024857781397869356,0.835555677239306,0.01765149397746882,0.011874246023830306,0.7982686402574994,0.031559711290779405,0.012484849080567502,0.6994313210401962,0.0003021916696398326,0.0003021916696398326,3.5551961134097954
20550,0.0028743814254630707,0.002486355157671277,0.8357496328306814,0.01763338585120983,0.011877324405294333,0.7984755902718879,0.031536103080477135,0.012488862476318889,0.6996561611383131,0.0003023387931401441,0.0003023387931401441,3.5569269781193418
20560,0.0028709904909936133,0.002486931616531085,0.8359434005146502,0.017615292988565498,0.01188040019194387,0.7986823658449659,0.03151250855163775,0.012492873546221583,0.6998808709367834,0.0003024859166404556,0.0003024859166404556,3.558657842828889
20570,0.0028676028452656105,0.0024875075163048456,0.8361369802705362,0.01759721538756584,0.011883473384113812,0.7988889669992477,0.03148892769996646,0.012496882291005703,0.70010545047651,0.0003026330401407671,0.0003026330401407671,3.560388707538436
20580,0.002864218488640901,0.002488082856931046,0.8363303720776624,0.01757915304624086,0.011886543982139059,0.7990953937572476,0.031465360521168446,0.012500888711401365,0.7003298997983958,0.00030278016364107866,0.00030278016364107866,3.562119572247984
20590,0.002860837421481327,0.002488657638348174,0.8365235759153525,0.017561105962620574,0.011889611986354506,0.7993016461414792,0.03144180701094891,0.012504892808138686,0.7005542189433438,0.00030292728714139013,0.00030292728714139013,3.5638504369575306
20600,0.0028574596441487284,0.0024892318604947156,0.8367165917629296,0.017543074134735,0.011892677397095054,0.7995077241744573,0.03141826716501306,0.012508894581947781,0.7007784079522567,0.0003030744106417016,0.0003030744106417016,3.5655813016670774
20610,0.0028540851570049465,0.0024898055233091585,0.8369094195997171,0.017525057560614142,0.0118957402146956,0.7997136278786956,0.031394740979066055,0.01251289403355877,0.7010024668660376,0.0003032215341420132,0.0003032215341420132,3.567312166376625
20620,0.0028507139604118216,0.0024903786267299896,0.8371020594050385,0.017507056238288014,0.011898800439491042,0.7999193572767086,0.03137122844881312,0.012516891163701771,0.7012263957255894,0.00030336865764232464,0.00030336865764232464,3.569043031086172
20630,0.0028473460547311967,0.002490951170695696,0.837294511158217,0.017489070165786637,0.011901858071816276,0.80012491239101,0.03134772956995944,0.012520885973106896,0.7014501945718149,0.00030351578114263617,0.00030351578114263617,3.5707738957957194
20640,0.0028439814403249095,0.0024915231551447645,0.8374867748385763,0.01747109934114001,0.011904913112006203,0.8003302932441143,0.0313242443382102,0.012524878462504267,0.7016738634456172,0.00030366290464294764,0.00030366290464294764,3.572504760505266
20650,0.0028406201175548026,0.002492094580015683,0.8376788504254395,0.01745314376237815,0.011907965560395719,0.8005354998585357,0.03130077274927061,0.012528868632623997,0.701897402387899,0.00030381002814325916,0.00030381002814325916,3.5742356252148135
20660,0.0028372620867827157,0.0024926654452469377,0.8378707378981303,0.017435203427531076,0.011911015417319721,0.8007405322567878,0.03127731479884585,0.012532856484196206,0.7021208114395634,0.0003039571516435707,0.0003039571516435707,3.575966489924361
20670,0.0028339073483704905,0.002493235750777016,0.8380624372359716,0.01741727833462879,0.01191406268311311,0.8009453904613855,0.031253870482641125,0.01253684201795101,0.7023440906415132,0.0003041042751438822,0.0003041042751438822,3.577697354633908
20680,0.0028305559026799683,0.0024938054965444045,0.8382539484182873,0.01739936848170132,0.01191710735811078,0.8011500744948422,0.03123043979636162,0.012540825234618526,0.7025672400346513,0.0003042513986441937,0.0003042513986441937,3.5794282193434546
20690,0.0028272077500729894,0.0024943746824875913,0.8384452714244003,0.017381473866778657,0.011920149442647632,0.8013545843796726,0.031207022735712533,0.01254480613492887,0.7027902596598807,0.00030439852214450515,0.00030439852214450515,3.5811590840530014
20700,0.002823862890911393,0.0024949433085450622,0.8386364062336343,0.017363594487890828,0.011923188937058564,0.8015589201383907,0.03118361929639906,0.012548784719612162,0.7030131495581043,0.0003045456456448167,0.0003045456456448167,3.5828899487625496
20710,0.0028205213255570226,0.0024955113746553056,0.8388273528253128,0.017345730343067845,0.01192622584167847,0.8017630817935105,0.0311602294741264,0.012552760989398514,0.7032359097702249,0.0003046927691451282,0.0003046927691451282,3.584620813472096
20720,0.002817183054371717,0.0024960788807568074,0.8390181111787588,0.01732788143033972,0.011929260156842253,0.8019670693675464,0.03113685326459973,0.012556734945018046,0.7034585403371455,0.0003048398926454397,0.0003048398926454397,3.5863516781816434
20730,0.002813848077717318,0.002496645826788055,0.8392086812732958,0.01731004774773645,0.011932291882884808,0.8021708828830122,0.03111349066352426,0.012560706587200878,0.703681041299769,0.00030498701614575124,0.00030498701614575124,3.5880825428911907
20740,0.0028105163959556666,0.002497212212687536,0.8393990630882473,0.017292229293288074,0.011935321020141032,0.8023745223624222,0.03109014166660518,0.01256467591667712,0.7039034126989984,0.0003051341396460627,0.0003051341396460627,3.5898134076007375
20750,0.002807188009448603,0.002497778038393737,0.8395892566029367,0.017274426065024582,0.011938347568945826,0.8025779878282907,0.031066806269547678,0.012568642934176895,0.7041256545757364,0.00030528126314637423,0.00030528126314637423,3.591544272310285
20760,0.0028038629185579674,0.002498343303845145,0.8397792617966873,0.017256638060976,0.011941371529634086,0.8027812793031317,0.03104348446805696,0.012572607640430318,0.7043477669708862,0.00030542838664668575,0.00030542838664668575,3.593275137019832
20770,0.002800541123645602,0.002498908008980247,0.8399690786488224,0.01723886527917233,0.011944392902540709,0.8029843968094593,0.03102017625783821,0.012576570036167505,0.7045697499253505,0.0003055755101469972,0.0003055755101469972,3.595006001729379
20780,0.0027972226250733475,0.00249947215373753,0.8401587071386656,0.01722110771764359,0.011947411688000594,0.8031873403697877,0.030996881634596622,0.012580530122118575,0.7047916034800322,0.00030572263364730875,0.00030572263364730875,3.5967368664389263
20790,0.0027939074232030438,0.0025000357380554816,0.84034814724554,0.017203365374419792,0.01195042788634864,0.8033901100066311,0.0309736005940374,0.012584487899013643,0.7050133276758344,0.0003058697571476202,0.0003058697571476202,3.5984677311484727
20800,0.0027905955183965317,0.002500598761872589,0.8405373989487693,0.01718563824753095,0.011953441497919742,0.8035927057425036,0.030950333131865723,0.012588443367582828,0.7052349225536598,0.00030601688064793174,0.00030601688064793174,3.60019859585802
20810,0.002787286911015653,0.0025011612251273382,0.8407264622276767,0.017167926335007074,0.011956452523048802,0.8037951275999193,0.0309270792437868,0.012592396528556246,0.7054563881544115,0.00030616400414824326,0.00030616400414824326,3.6019294605675674
20820,0.0027839816014222475,0.002501723127758217,0.8409153370615855,0.017150229634878177,0.011959460962070713,0.8039973756013923,0.03090383892550582,0.012596347382664012,0.7056777245189922,0.00030631112764855473,0.00030631112764855473,3.603660325277114
20830,0.002780679589978157,0.0025022844697037126,0.8411040234298193,0.017132548145174273,0.011962466815320379,0.8041994497694371,0.030880612172727973,0.012600295930636246,0.7058989316883051,0.00030645825114886626,0.00030645825114886626,3.6053911899866615
20840,0.0027773808770452215,0.0025028452509023116,0.8412925213117013,0.01711488186392537,0.01196547008313269,0.8044013501265673,0.030857398981158454,0.012604242173203065,0.7061200097032528,0.0003066053746491777,0.0003066053746491777,3.6071220546962084
20850,0.0027740854629852824,0.0025034054712925013,0.841480830686555,0.017097230789161484,0.011968470765842553,0.8046030766952975,0.030834199346502462,0.012608186111094582,0.7063409586047384,0.0003067524981494893,0.0003067524981494893,3.608852919405756
20860,0.002770793348160179,0.0025039651308127685,0.8416689515337037,0.017079594918912623,0.011971468863784859,0.8048046294981416,0.030811013264465184,0.01261212774504092,0.706561778433665,0.00030689962164980077,0.00030689962164980077,3.610583784115303
20870,0.0027675045329317548,0.0025045242294016007,0.8418568838324708,0.01706197425120881,0.011974464377294507,0.8050060085576138,0.030787840730751824,0.012616067075772192,0.7067824692309351,0.0003070467451501123,0.0003070467451501123,3.6123146488248503
20880,0.0027642190176618486,0.002505082766997485,0.8420446275621797,0.017044368784080048,0.011977457306706397,0.8052072138962283,0.03076468174106757,0.012620004104018515,0.7070030310374518,0.0003071938686504238,0.0003071938686504238,3.6140455135343976
20890,0.002760936802712302,0.002505640743538908,0.8422321827021538,0.017026778515556347,0.011980447652355425,0.805408245536499,0.030741536291117616,0.012623938830510007,0.707223463894118,0.0003073409921507353,0.0003073409921507353,3.6157763782439445
20900,0.0027576578884449554,0.0025061981589643567,0.8424195492317165,0.017009203443667728,0.01198343541457649,0.8056091035009404,0.030718404376607153,0.012627871255976785,0.7074437678418367,0.0003074881156510468,0.0003074881156510468,3.617507242953492
20910,0.002754382275221649,0.002506755013212319,0.8426067271301911,0.016991643566444198,0.011986420593704491,0.8058097878120665,0.03069528599324138,0.012631801381148966,0.7076639429215108,0.00030763523915135834,0.00030763523915135834,3.619238107663039
20920,0.002751109963404225,0.002507311306221281,0.842793716376901,0.01697409888191577,0.011989403190074324,0.8060102984923915,0.030672181136725492,0.012635729206756667,0.7078839891740429,0.0003077823626516698,0.0003077823626516698,3.6209689723725855
20930,0.002747840953354524,0.00250786703792973,0.8429805169511696,0.016956569388112457,0.011992383204020886,0.8062106355644292,0.030649089802764682,0.012639654733530004,0.7081039066403364,0.00030792948615198133,0.00030792948615198133,3.622699837082133
20940,0.002744575245434386,0.002508422208276154,0.8431671288323206,0.016939055083064272,0.011995360635879079,0.8064107990506943,0.03062601198706414,0.012643577962199098,0.708323695361294,0.00030807660965229285,0.00030807660965229285,3.62443070179168
20950,0.002741312840005652,0.0025089768171990385,0.8433535519996767,0.01692155596480123,0.011998335485983795,0.8066107889737004,0.030602947685329066,0.01264749889349406,0.7085433553778184,0.0003082237331526043,0.0003082237331526043,3.626161566501227
20960,0.0027380537374301628,0.0025095308646368715,0.8435397864325617,0.016904072031353332,0.012001307754669937,0.806810605355962,0.03057989689326465,0.01265141752814501,0.7087628867308129,0.00030837085665291584,0.00030837085665291584,3.6278924312107743
20970,0.0027347979380697596,0.00251008435052814,0.8437258321102991,0.016886603280750603,0.012004277442272402,0.8070102482199932,0.030556859606576087,0.012655333866882066,0.7089822894611801,0.00030851798015322737,0.00030851798015322737,3.6296232959203216
20980,0.0027315454422862837,0.002510637274811331,0.843911689012212,0.016869149711023053,0.012007244549126085,0.8072097175883082,0.030533835820968573,0.012659247910435344,0.7092015636098232,0.00030866510365353884,0.00030866510365353884,3.6313541606298685
20990,0.002728296250441575,0.0025111896374249315,0.844097357117624,0.01685171132020069,0.012010209075565888,0.8074090134834209,0.0305108255321473,0.01266315965953496,0.7094207092176448,0.00030881222715385036,0.00030881222715385036,3.633085025339416
21000,0.0027250503628974735,0.0025117414383074286,0.8442828364058583,0.016834288106313527,0.012013171021926705,0.8076081359278455,0.030487828735817464,0.012667069114911032,0.7096397263255481,0.0003089593506541619,0.0003089593506541619,3.634815890048963
21010,0.0027218077800158225,0.0025122926773973094,0.8444681268562384,0.016816880067391578,0.012016130388543437,0.8078070849440965,0.030464845427684257,0.012670976277293678,0.7098586149744357,0.00030910647415447335,0.00030910647415447335,3.63654675475851
21020,0.00271856850215846,0.002512843354633061,0.8446532284480878,0.016799487201464857,0.012019087175750977,0.8080058605546874,0.03044187560345287,0.012674881147413013,0.7100773752052109,0.0003092535976547849,0.0003092535976547849,3.6382776194680573
21030,0.00271533252968723,0.00251339346995317,0.8448381411607294,0.016782109506563378,0.01202204138388423,0.808204462782133,0.03041891925882851,0.012678783725999154,0.7102960070587762,0.0003094007211550964,0.0003094007211550964,3.6400084841776046
21040,0.00271209986296397,0.0025139430232961244,0.8450228649734871,0.016764746980717143,0.01202499301327809,0.8084028916489471,0.030395976389516355,0.012682684013782222,0.7105145105760348,0.00030954784465540787,0.00030954784465540787,3.641739348887151
21050,0.0027088705023505227,0.0025144920146004104,0.845207399865684,0.016747399621956174,0.012027942064267456,0.808601147177644,0.030373046991221606,0.012686582011492328,0.7107328857978895,0.0003096949681557194,0.0003096949681557194,3.6434702135966983
21060,0.002705644448208729,0.0025150404438045153,0.8453917458166437,0.016730067428310486,0.012030888537187222,0.8087992293907375,0.030350131059649465,0.012690477719859592,0.7109511327652432,0.0003098420916560309,0.0003098420916560309,3.6452010783062456
21070,0.002702421700900428,0.0025155883108469263,0.8455759028056895,0.01671275039781008,0.012033832432372292,0.8089971383107422,0.030327228590505115,0.012694371139614132,0.711169251518999,0.0003099892151563424,0.0003099892151563424,3.6469319430157925
21080,0.0026992022607874627,0.0025161356156661306,0.8457598708121447,0.016695448528484973,0.012036773750157558,0.8091948739601719,0.03030433957949375,0.012698262271486065,0.7113872421000597,0.0003101363386566539,0.0003101363386566539,3.64866280772534
21090,0.002695986128231673,0.0025166823582006147,0.8459436498153327,0.01667816181836518,0.012039712490877923,0.8093924363615409,0.03028146402232057,0.012702151116205504,0.7116051045493279,0.00031028346215696543,0.00031028346215696543,3.650393672434887
21100,0.0026927733035949,0.0025172285383888663,0.8461272397945768,0.01666089026548072,0.012042648654868282,0.8095898255373634,0.03025860191469077,0.01270603767450257,0.711822838907707,0.0003104305856572769,0.0003104305856572769,3.652124537144434
21110,0.0026895637872389826,0.002517774156169372,0.8463106407292006,0.016643633867861586,0.012045582242463534,0.8097870415101535,0.03023575325230954,0.012709921947107381,0.7120404452160998,0.0003105777091575884,0.0003105777091575884,3.6538554018539813
21120,0.002686357579525764,0.0025183192114806192,0.8464938525985274,0.01662639262353781,0.012048513253998576,0.8099840843024252,0.030212918030882073,0.012713803934750047,0.7122579235154088,0.00031072483265789995,0.00031072483265789995,3.6555862665635286
21130,0.002683154680817085,0.002518863704261095,0.8466768753818805,0.016609166530539392,0.012051441689808307,0.8101809539366929,0.030190096246113567,0.012717683638160695,0.7124752738465375,0.0003108719561582114,0.0003108719561582114,3.657317131273075
21140,0.0026799550914747856,0.0025194076344492856,0.8468597090585833,0.01659195558689635,0.012054367550227624,0.8103776504354704,0.030167287893709212,0.012721561058069434,0.7126924962503886,0.00031101907965852294,0.00031101907965852294,3.6590479959826228
21150,0.0026767588118607054,0.002519951001983679,0.8470423536079593,0.016574759790638695,0.012057290835591426,0.8105741738212722,0.030144492969374208,0.012725436195206385,0.7129095907678646,0.00031116620315883446,0.00031116620315883446,3.66077886069217
21160,0.002673565842336687,0.0025204938068027626,0.847224809009332,0.01655757913979644,0.012060211546234609,0.8107705241166122,0.03012171146881374,0.012729309050301665,0.7131265574398692,0.00031131332665914593,0.00031131332665914593,3.6625097254017165
21170,0.0026703761832645705,0.002521036048845022,0.8474070752420242,0.0165404136323996,0.012063129682492072,0.8109667013440047,0.030098943387733015,0.012733179624085388,0.7133433963073046,0.00031146045015945746,0.00031146045015945746,3.664240590111264
21180,0.0026671898350061974,0.0025215777280489455,0.8475891522853598,0.016523263266478176,0.012066045244698714,0.8111627055259638,0.03007618872183722,0.012737047917287674,0.7135601074110742,0.000311607573659769,0.000311607573659769,3.665971454820811
21190,0.0026640067979234075,0.00252211884435302,0.8477710401186621,0.01650612804006219,0.01206895823318943,0.8113585366850037,0.030053447466831543,0.012740913930638639,0.7137766907920806,0.00031175469716008045,0.00031175469716008045,3.667702319530358
21200,0.002660827072378042,0.002522659397695732,0.8479527387212542,0.01648900795118166,0.012071868648299122,0.8115541948436383,0.030030719618421187,0.012744777664868399,0.7139931464912268,0.00031190182066039197,0.00031190182066039197,3.6694331842399053
21210,0.0026576506587319424,0.002523199388015569,0.8481342480724601,0.016471902997866585,0.012074776490362685,0.8117496800243821,0.030008005172311343,0.012748639120707074,0.7142094745494159,0.0003120489441607035,0.0003120489441607035,3.6711640489494526
21220,0.0026544775573469487,0.002523738815251018,0.8483155681516027,0.01645481317814699,0.012077681759715016,0.8119449922497489,0.029985304124207204,0.012752498298884776,0.7144256750075505,0.00031219606766101496,0.00031219606766101496,3.6728949136589994
21230,0.0026513077685849018,0.0025242776793405657,0.8484966989380053,0.016437738490052874,0.012080584456691017,0.8121401315422532,0.02996261646981397,0.012756355200131627,0.7146417479065338,0.0003123431911613265,0.0003123431911613265,3.6746257783685468
21240,0.0026481412928076424,0.0025248159802227,0.8486776404109916,0.01642067893161426,0.01208348458162558,0.8123350979244086,0.029939942204836825,0.01276020982517774,0.7148576932872683,0.000312490314661638,0.000312490314661638,3.676356643078094
21250,0.002644978130377012,0.002525353717835907,0.8488583925498847,0.01640363450086116,0.012086382134853607,0.8125298914187298,0.029917281324980973,0.012764062174753236,0.7150735111906574,0.0003126374381619495,0.0003126374381619495,3.6780875077876405
21260,0.0026418182816548503,0.0025258908921186748,0.8490389553340082,0.01638660519582357,0.012089277116709997,0.8127245120477308,0.029894633825951603,0.01276791224958823,0.7152892016576039,0.000312784561662261,0.000312784561662261,3.6798183724971882
21270,0.0026386617470029986,0.0025264275030094895,0.8492193287426854,0.016369591014531525,0.012092169527529645,0.8129189598339256,0.029871999703453906,0.012771760050412837,0.7155047647290105,0.00031293168516257253,0.00031293168516257253,3.6815492372067355
21280,0.0026355085267832984,0.0025269635504468384,0.8493995127552397,0.016352591955015032,0.012095059367647449,0.8131132347998283,0.029849378953193083,0.012775605577957178,0.7157202004457802,0.000313078808662884,0.000313078808662884,3.683280101916282
21290,0.00263235862135759,0.0025274990343692088,0.8495795073509945,0.016335608015304093,0.01209794663739831,0.8133073369679534,0.029826771570874325,0.012779448832951366,0.7159355088488161,0.0003132259321631955,0.0003132259321631955,3.6850109666258293
21300,0.002629212031087714,0.002528033954715088,0.8497593125092732,0.016318639193428727,0.012100831337117122,0.8135012663608148,0.029804177552202826,0.012783289816125521,0.7161506899790208,0.00031337305566350704,0.00031337305566350704,3.6867418313353766
21310,0.002626068756335511,0.002528568311422962,0.849938928209399,0.016301685487418942,0.012103713467138785,0.8136950230009266,0.029781596892883785,0.012787128528209759,0.7163657438772975,0.0003135201791638185,0.0003135201791638185,3.6884726960449234
21320,0.002622928797462823,0.002529102104431319,0.8501183544306955,0.01628474689530476,0.012106593027798195,0.8138886069108029,0.029759029588622386,0.012790964969934196,0.7165806705845488,0.00031366730266413004,0.00031366730266413004,3.6902035607544708
21330,0.00261979215483149,0.002529635333678646,0.850297591152486,0.01626782341511619,0.012109470019430253,0.8140820181129581,0.029736475635123834,0.01279479914202895,0.7167954701416779,0.00031381442616444156,0.00031381442616444156,3.691934425464018
21340,0.0026166588288033528,0.002530167999103429,0.8504766383540937,0.016250915044883234,0.012112344442369855,0.8142752566299061,0.02971393502809331,0.012798631045224138,0.7170101425895876,0.00031396154966475303,0.00031396154966475303,3.693665290173565
21350,0.002613528819740252,0.0025307001006441565,0.8506554960148424,0.016234021782635916,0.012115216296951899,0.8144683224841611,0.029691407763236016,0.012802460680249879,0.7172246879691808,0.00031410867316506455,0.00031410867316506455,3.6953961548831122
21360,0.0026104021280040283,0.0025312316382393144,0.8508341641140552,0.01621714362640425,0.012118085583511282,0.8146612156982374,0.029668893836257152,0.012806288047836284,0.7174391063213604,0.0003142557966653761,0.0003142557966653761,3.6971270195926595
21370,0.0026072787539565233,0.0025317626118273903,0.8510126426310555,0.016200280574218236,0.012120952302382904,0.814853936294649,0.029646393242861904,0.012810113148713477,0.7176533976870296,0.00031440292016568755,0.00031440292016568755,3.698857884302206
21380,0.0026041586979595774,0.002532293021346871,0.8511909315451666,0.016183432624107895,0.012123816453901662,0.81504648429591,0.029623905978755465,0.012813935983611573,0.7178675621070909,0.00031455004366599907,0.00031455004366599907,3.7005887490117533
21390,0.002601041960375031,0.002532822866736244,0.8513690308357122,0.01616659977410324,0.012126678038402453,0.8152388597245345,0.02960143203964304,0.012817756553260685,0.7180815996224473,0.0003146971671663106,0.0003146971671663106,3.702319613721301
21400,0.0025979285415647256,0.0025333521479339958,0.8515469404820154,0.01614978202223428,0.012129537056220177,0.815431062603037,0.029578971421229807,0.012821574858390933,0.7182955102740018,0.00031484429066662206,0.00031484429066662206,3.7040504784308474
21410,0.002594818441890502,0.0025338808648786137,0.8517246604633995,0.016132979366531026,0.012132393507689729,0.8156230929539312,0.029556524119220974,0.012825390899732435,0.7185092941026574,0.0003149914141669336,0.0003149914141669336,3.7057813431403948
21420,0.0025917116617142,0.0025344090175085853,0.8519021907591883,0.016116191805023494,0.01213524739314601,0.8158149507997318,0.029534090129321726,0.012829204678015307,0.718722951149317,0.0003151385376672451,0.0003151385376672451,3.707512207849942
21430,0.002588608201397661,0.0025349366057623966,0.8520795313487047,0.0160994193357417,0.012138098712923916,0.8160066361629522,0.029511669447237262,0.012833016193969666,0.7189364814548833,0.0003152856611675566,0.0003152856611675566,3.709243072559489
21440,0.002585508061302727,0.0025354636295785355,0.8522566822112724,0.01608266195671565,0.012140947467358344,0.8161981490661071,0.029489262068672778,0.01283682544832563,0.7191498850602595,0.0003154327846678681,0.0003154327846678681,3.7109739372690362
21450,0.002582411241791237,0.002535990088895489,0.8524336433262147,0.016065919665975353,0.012143793656784195,0.8163894895317105,0.029466867989333463,0.012840632441813313,0.7193631620063481,0.0003155799081681796,0.0003155799081681796,3.7127048019785835
21460,0.0025793177432250325,0.002536515983651744,0.852610414672855,0.01604919246155083,0.012146637281536364,0.8165806575822764,0.02944448720492451,0.012844437175162834,0.7195763123340523,0.00031572703166849115,0.00031572703166849115,3.714435666688131
21470,0.0025762275659659546,0.0025370413137857867,0.8527869962305165,0.01603248034147209,0.01214947834194975,0.8167716532403192,0.02942211971115112,0.012848239649104311,0.7197893360842751,0.0003158741551688026,0.0003158741551688026,3.7161665313976777
21480,0.002573140710375844,0.0025375660792361057,0.8529633879785229,0.016015783303769144,0.01215231683835925,0.8169624765283527,0.02939976550371848,0.01285203986436786,0.7200022332979192,0.00031602127866911414,0.00031602127866911414,3.717897396107225
21490,0.0025700571768165416,0.002538090279941187,0.8531395898961973,0.015999101346472006,0.012155152771099763,0.8171531274688915,0.029377424578331788,0.012855837821683598,0.7202150040158879,0.00031616840216942566,0.00031616840216942566,3.7196282608167723
21500,0.002566976965649887,0.0025386139158395183,0.8533156019628633,0.01598243446761069,0.012157986140506187,0.8173436060844494,0.029355096930696243,0.012859633521781641,0.7204276482790836,0.00031631552566973713,0.00031631552566973713,3.7213591255263188
21510,0.0025639000772377228,0.0025391369868695865,0.8534914241578442,0.0159657826652152,0.01216081694691342,0.8175339123975408,0.02933278255651703,0.012863426965392107,0.7206401661284094,0.00031646264917004866,0.00031646264917004866,3.723089990235866
21520,0.002560826511941889,0.002539659492969878,0.8536670564604631,0.01594914593731556,0.01216364519065636,0.8177240464306795,0.029310481451499344,0.012867218153245112,0.7208525576047682,0.0003166097726703601,0.0003166097726703601,3.724820854945413
21530,0.002557756270124227,0.0025401814340788808,0.8538424988500439,0.015932524281941775,0.012166470872069903,0.8179140082063799,0.029288193611348382,0.012871007086070776,0.721064822749063,0.00031675689617067165,0.00031675689617067165,3.7265517196549602
21540,0.002554689352146576,0.002540702810135081,0.8540177513059096,0.01591591769712386,0.012169293991488948,0.818103797747156,0.029265919031769342,0.012874793764599213,0.7212769616021968,0.00031690401967098317,0.00031690401967098317,3.7282825843645075
21550,0.002551625758370778,0.0025412236210769668,0.8541928138073838,0.015899326180891828,0.012172114549248395,0.8182934150755221,0.029243657708467416,0.01287857818956054,0.7214889742050723,0.00031705114317129464,0.00031705114317129464,3.7300134490740544
21560,0.0025485654891586737,0.0025417438668430244,0.8543676863337897,0.015882749731275687,0.012174932545683137,0.8184828602139923,0.02922140963714779,0.012882360361684877,0.7217008605985925,0.00031719826667160616,0.00031719826667160616,3.7317443137836017
21570,0.002545508544872104,0.0025422635473717416,0.8545423688644509,0.015866188346305453,0.012177747981128077,0.8186721331850807,0.029199174813515666,0.012886140281702338,0.7219126208236604,0.0003173453901719177,0.0003173453901719177,3.733475178493149
21580,0.0025424549258729104,0.0025427826626016046,0.8547168613786906,0.015849642024011137,0.01218056085591811,0.8188612340113015,0.02917695323327624,0.01288991795034304,0.7221242549211787,0.00031749251367222916,0.00031749251367222916,3.735206043202696
21590,0.002539404632522932,0.002543301212471101,0.8548911638558322,0.015833110762422754,0.012183371170388136,0.8190501627151687,0.0291547448921347,0.012893693368337102,0.7223357629320506,0.00031763963717254074,0.00031763963717254074,3.7369369079122436
21600,0.002536357665184011,0.0025438191969187176,0.8550652762751991,0.015816594559570317,0.01218617892487305,0.8192389193191966,0.029132549785796245,0.01289746653641464,0.7225471448971788,0.0003177867606728522,0.0003177867606728522,3.7386677726217905
21610,0.002533314024217987,0.0025443366158829413,0.8552391986161147,0.01580009341348383,0.012188984119707754,0.8194275038458992,0.029110367909966062,0.01290123745530577,0.7227584008574661,0.0003179338841731637,0.0003179338841731637,3.740398637331337
21620,0.002530273709986702,0.00254485346930226,0.8554129308579024,0.01578360732219332,0.01219178675522714,0.8196159163177908,0.029088199260349352,0.01290500612574061,0.7229695308538157,0.0003180810076734752,0.0003180810076734752,3.7421295020408842
21630,0.002527236722851997,0.0025453697571151596,0.8555864729798855,0.01576713628372878,0.012194586831766111,0.8198041567573855,0.02906604383265131,0.012908772548449278,0.7231805349271304,0.0003182281311737867,0.0003182281311737867,3.7438603667504315
21640,0.0025242030631757112,0.0025458854792601284,0.8557598249613876,0.01575068029612024,0.012197384349659564,0.8199922251871974,0.029043901622577122,0.012912536724161889,0.7233914131183131,0.00031837525467409824,0.00031837525467409824,3.745591231459979
21650,0.002521172731319686,0.0025464006356756526,0.8559329867817318,0.015734239357397702,0.012200179309242394,0.8201801216297406,0.02902177262583199,0.012916298653608563,0.7236021654682668,0.0003185223781744097,0.0003185223781744097,3.7473220961695257
21660,0.0025181457276457634,0.0025469152263002193,0.8561059584202417,0.015717813465591184,0.012202971710849502,0.8203678461075294,0.02899965683812111,0.012920058337519413,0.7238127920178944,0.00031866950167472124,0.00031866950167472124,3.749052960879073
21670,0.0025151220525157832,0.002547429251072316,0.8562787398562406,0.015701402618730695,0.012205761554815786,0.820555398643078,0.028977554255149664,0.012923815776624558,0.7240232928080984,0.0003188166251750327,0.0003188166251750327,3.75078382558862
21680,0.0025121017062915865,0.0025479427099304296,0.8564513310690519,0.015685006814846247,0.012208548841476142,0.8207427792589002,0.028955464872622856,0.012927570971654116,0.7242336678797824,0.0003189637486753443,0.0003189637486753443,3.7525146902981676
21690,0.0025090846893350144,0.0025484556028130467,0.8566237320379989,0.01566862605196786,0.012211333571165469,0.8209299879775104,0.02893338868624588,0.012931323923338203,0.7244439172738488,0.00031911087217565575,0.00031911087217565575,3.7542455550077145
21700,0.0025060710020079068,0.0025489679296586553,0.8567959427424051,0.01565226032812553,0.012214115744218663,0.8211170248214226,0.028911325691723923,0.012935074632406934,0.7246540410312008,0.0003192579956759673,0.0003192579956759673,3.755976419717262
21710,0.002503060644672105,0.0025494796904057416,0.8569679631615937,0.01563590964134929,0.012216895360970625,0.8213038898131512,0.02888927588476219,0.012938823099590428,0.7248640391927411,0.00031940511917627875,0.00031940511917627875,3.7577072844268087
21720,0.00250005361768945,0.002549990884992793,0.8571397932748883,0.015619573989669136,0.012219672421756252,0.82149058297521,0.028867239261065866,0.012942569325618804,0.7250739117993728,0.00031955224267659027,0.00031955224267659027,3.759438149136356
21730,0.002497049921421782,0.002550501513358296,0.8573114330616121,0.015603253371115084,0.01222244692691044,0.8216771043301135,0.02884521581634015,0.012946313311222176,0.7252836588919986,0.0003196993661769018,0.0003196993661769018,3.7611690138459033
21740,0.0024940495562309427,0.002551011575440739,0.8574828825010887,0.015586947783717154,0.012225218876768088,0.8218634539003755,0.028823205546290233,0.012950055057130662,0.7254932805115216,0.00031984648967721326,0.00031984648967721326,3.7628998785554497
21750,0.002491052522478772,0.002551521071178608,0.8576541415726412,0.015570657225505352,0.012227988271664096,0.8220496317085105,0.028801208446621308,0.012953794564074379,0.7257027766988448,0.0003199936131775248,0.0003199936131775248,3.764630743264997
21760,0.0024880588205271124,0.00255203000051039,0.8578252102555932,0.015554381694509688,0.012230755111933358,0.8222356377770323,0.028779224513038573,0.012957531832783444,0.7259121474948709,0.0003201407366778363,0.0003201407366778363,3.7663616079745443
21770,0.0024850684507378025,0.0025525383633745726,0.8579960885292681,0.015538121188760178,0.012233519397910774,0.8224214721284553,0.028757253741247223,0.012961266863987972,0.7261213929405027,0.00032028786017814783,0.00032028786017814783,3.7680924726840916
21780,0.0024820814134726846,0.002553046159709643,0.8581667763729891,0.015521875706286837,0.012236281129931241,0.8226071347852935,0.02873529612695245,0.012964999658418085,0.7263305130766434,0.0003204349836784593,0.0003204349836784593,3.7698233373936385
21790,0.002479097709093599,0.0025535533894540875,0.8583372737660798,0.015505645245119675,0.01223904030832966,0.8227926257700611,0.028713351665859446,0.012968730216803896,0.7265395079441959,0.0003205821071787708,0.0003205821071787708,3.771554202103186
21800,0.0024761173379623863,0.002554060052546394,0.8585075806878635,0.015489429803288702,0.012241796933440924,0.8229779451052722,0.028691420353673405,0.012972458539875522,0.7267483775840629,0.0003207292306790823,0.0003207292306790823,3.7732850668127327
21810,0.002473140300440887,0.0025545661489250484,0.8586776971176633,0.015473229378823932,0.012244551005599937,0.823163092813441,0.028669502186099524,0.012976184628363082,0.7269571220371475,0.0003208763541793938,0.0003208763541793938,3.77501593152228
21820,0.002470166596890943,0.002555071678528539,0.8588476230348028,0.015457043969755379,0.01224730252514159,0.8233480689170816,0.028647597158843,0.012979908482996691,0.7271657413443525,0.00032102347767970534,0.00032102347767970534,3.7767467962318273
21830,0.0024671962276743946,0.0025555766412953523,0.8590173584186057,0.015440873574113053,0.012250051492400785,0.8235328734387081,0.02862570526760902,0.012983630104506467,0.7273742355465808,0.0003211706011800168,0.0003211706011800168,3.778477660941374
21840,0.0024642291931530826,0.0025560810371639754,0.8591869032483951,0.015424718189926965,0.01225279790771242,0.8237175064008349,0.02860382650810278,0.012987349493622529,0.7275826046847355,0.00032131772468032833,0.00032131772468032833,3.7802085256509215
21850,0.002461265493688848,0.002556584866072895,0.859356257503494,0.015408577815227132,0.012255541771411391,0.8239019678259757,0.02858196087602948,0.01299106665107499,0.7277908487997193,0.0003214648481806398,0.0003214648481806398,3.781939390360468
21860,0.002458305129643531,0.0025570881279605986,0.8595254211632264,0.015392452448043565,0.012258283083832599,0.8240862577366451,0.028560108367094307,0.01299478157759397,0.7279989679324352,0.0003216119716809514,0.0003216119716809514,3.783670255070016
21870,0.002455348101378973,0.0025575908227655738,0.8596943942069154,0.015376342086406274,0.012261021845310938,0.824270376155357,0.02853826897700246,0.012998494273909584,0.7282069621237862,0.00032175909518126285,0.00032175909518126285,3.7854011197795625
21880,0.0024523944092570147,0.0025580929504263068,0.8598631766138846,0.015360246728345274,0.012263758056181307,0.8244543231046256,0.028516442701459126,0.01300220474075195,0.728414831414675,0.00032190621868157437,0.00032190621868157437,3.78713198448911
21890,0.0024494440536394963,0.0025585945108812847,0.8600317683634571,0.015344166371890575,0.012266491716778606,0.824638098606965,0.02849462953616951,0.013005912978851186,0.7286225758460048,0.0003220533421818859,0.0003220533421818859,3.788862849198657
21900,0.0024464970348882596,0.002559095504068995,0.8602001694349563,0.015328101015072192,0.012269222827437731,0.8248217026848893,0.028472829476838796,0.013009618988937406,0.7288301954586782,0.00032220046568219736,0.00032220046568219736,3.790593713908204
21910,0.0024435533533651447,0.0025595959299279246,0.8603683798077056,0.015312050655920133,0.012271951388493582,0.8250051353609129,0.028451042519172184,0.013013322771740731,0.7290376902935984,0.0003223475891825089,0.0003223475891825089,3.7923245786177513
21920,0.002440613009431993,0.0025600957883965604,0.8605363994610286,0.015296015292464413,0.012274677400281054,0.8251883966575497,0.02842926865887486,0.013017024327991275,0.7292450603916681,0.0003224947126828204,0.0003224947126828204,3.7940554433272986
21930,0.0024376760034506453,0.0025605950794133896,0.8607042283742484,0.01527999492273505,0.012277400863135047,0.825371486597314,0.028407507891652035,0.013020723658419154,0.7294523057937902,0.0003226418361831319,0.0003226418361831319,3.7957863080368455
21940,0.0024347423357829415,0.002561093802916899,0.8608718665266888,0.015263989544762047,0.012280121777390456,0.8255544052027196,0.028385760213208888,0.01302442076375449,0.7296594265408678,0.0003227889596834434,0.0003227889596834434,3.7975171727463928
21950,0.002431812006790723,0.002561591958845576,0.8610393138976725,0.01524799915657542,0.012282840143382183,0.8257371524962811,0.028364025619250617,0.013028115644727396,0.7298664226738037,0.00032293608318375493,0.00032293608318375493,3.79924803745594
21960,0.002428885016835831,0.002562089547137908,0.8612065704665236,0.01523202375620518,0.012285555961445123,0.8259197285005123,0.02834230410548242,0.01303180830206799,0.7300732942335009,0.0003230832066840664,0.0003230832066840664,3.800978902165487
21970,0.0024259613662801056,0.0025625865677323814,0.8613736362125651,0.015216063341681345,0.012288269231914176,0.8261021332379277,0.028320595667609486,0.013035498736506388,0.7302800412608621,0.0003232303301843779,0.0003232303301843779,3.8027097668750343
21980,0.0024230410554853875,0.0025630830205674833,0.8615405111151204,0.015200117911033923,0.012290979955124237,0.826284366731041,0.02829890030133701,0.01303918694877271,0.7304866637967904,0.0003233774536846894,0.0003233774536846894,3.8044406315845807
21990,0.0024201240848135187,0.002563578905581701,0.8617071951535129,0.015184187462292924,0.012293688131410206,0.8264664290023668,0.028277218002370187,0.013042872939597069,0.7306931618821887,0.0003235245771850009,0.0003235245771850009,3.806171496294128
22000,0.0024172104546263387,0.0025640742227135216,0.861873688307066,0.015168271993488365,0.012296393761106982,0.8266483200744189,0.02825554876641421,0.013046556709709585,0.73089953555796,0.00032367170068531244,0.00032367170068531244,3.8079023610036753
22010,0.002414300165285689,0.002564568971901432,0.8620399905551032,0.015152371502650258,0.01229909684454946,0.8268300399697116,0.02823389258917428,0.013050238259840374,0.7311057848650069,0.00032381882418562396,0.00032381882418562396,3.8096332257132226
22020,0.0024113932171534107,0.0025650631530839195,0.8622061018769477,0.015136485987808613,0.01230179738207254,0.8270115887107589,0.028212249466355577,0.013053917590719553,0.7313119098442327,0.00032396594768593543,0.00032396594768593543,3.8113640904227695
22030,0.0024084896105913437,0.0025655567661994707,0.8623720222519229,0.01512061544699344,0.01230449537401112,0.8271929663200751,0.02819061939366331,0.013057594703077238,0.7315179105365399,0.00032411307118624695,0.00032411307118624695,3.8130949551323168
22040,0.00240558934596133,0.002566049811186573,0.8625377516593522,0.015104759878234758,0.012307190820700096,0.8273741728201744,0.028169002366802667,0.013061269597643548,0.7317237869828319,0.0003242601946865585,0.0003242601946865585,3.814825819841864
22050,0.002402692423625209,0.002566542287983714,0.8627032900785593,0.015088919279562577,0.012309883722474366,0.8275552082335706,0.02814739838147884,0.013064942275148598,0.731929539224011,0.00032440731818686994,0.00032440731818686994,3.816556684551411
22060,0.0023997988439448227,0.0025670341965293793,0.8628686374888669,0.015073093649006906,0.01231257407966883,0.8277360725827784,0.028125807433397026,0.013068612736322507,0.7321351673009808,0.00032455444168718147,0.00032455444168718147,3.8182875492609583
22070,0.002396908607282011,0.0025675255367620573,0.863033793869599,0.015057282984597761,0.012315261892618386,0.8279167658903116,0.028104229518262414,0.01307228098189539,0.7323406712546437,0.000324701565187493,0.000324701565187493,3.8200184139705056
22080,0.0023940217139986155,0.0025680163086202346,0.8631987592000788,0.01504148728436515,0.01231794716165793,0.8280972881786842,0.028082664631780208,0.013075947012597365,0.7325460511259028,0.00032484868868780446,0.00032484868868780446,3.821749278680052
22090,0.0023911381644564763,0.002568506512042398,0.8633635334596296,0.01502570654633909,0.012320629887122358,0.8282776394704106,0.028061112769655592,0.013079610829158551,0.7327513069556612,0.000324995812188116,0.000324995812188116,3.8234801433895997
22100,0.0023882579590174344,0.0025689961469670354,0.8635281166275749,0.015009940768549591,0.012323310069346574,0.8284578197880048,0.028039573927593764,0.01308327243230906,0.7329564387848213,0.0003251429356884275,0.0003251429356884275,3.825211008099147
22110,0.002385381098043331,0.002569485213332633,0.8636925086832379,0.014994189949026671,0.01232598770866547,0.828637829153981,0.028018048101299924,0.013086931822779015,0.7331614466542865,0.000325290059188739,0.000325290059188739,3.8269418728086935
22120,0.0023825075818960065,0.002569973711077678,0.8638567096059422,0.014978454085800333,0.012328662805413948,0.8288176675908535,0.027996535286479256,0.013090589001298527,0.7333663306049595,0.0003254371826890505,0.0003254371826890505,3.8286727375182408
22130,0.002379637410937303,0.002570461640140658,0.8640207193750109,0.014962733176900594,0.012331335359926903,0.8289973351211363,0.02797503547883696,0.013094243968597718,0.7335710906777433,0.000325584306189362,0.000325584306189362,3.830403602227788
22140,0.002376770585529059,0.0025709490004600594,0.8641845379697677,0.014947027220357468,0.012334005372539234,0.8291768317673434,0.02795354867407823,0.013097896725406701,0.7337757269135406,0.0003257314296896735,0.0003257314296896735,3.832134466937335
22150,0.002373907106033117,0.0025714357919743693,0.8643481653695358,0.014931336214200968,0.01233667284358584,0.8293561575519891,0.02793207486790826,0.013101547272455596,0.7339802393532547,0.000325878553189985,0.000325878553189985,3.8338653316468823
22160,0.0023710469728113175,0.002571922014622075,0.8645116015536387,0.0149156601564611,0.012339337773401618,0.8295353124975876,0.027910614056032238,0.01310519561047452,0.7341846280377883,0.00032602567669029654,0.00032602567669029654,3.8355961963564296
22170,0.0023681901862255004,0.002572407668341664,0.8646748465013997,0.01489999904516788,0.012342000162321464,0.8297142966266529,0.02788916623415537,0.013108841740193588,0.7343888930080442,0.000326172800190608,0.000326172800190608,3.8373270610659764
22180,0.002365336746637508,0.0025728927530716227,0.864837900192142,0.014884352878351324,0.01234466001068028,0.8298931099616994,0.027867731397982837,0.013112485662342918,0.7345930343049254,0.00032631992369091953,0.00032631992369091953,3.8390579257755237
22190,0.00236248665440918,0.0025733772687504385,0.8650007626051893,0.014868721654041439,0.012347317318812959,0.8300717525252408,0.02784630954321984,0.013116127377652628,0.7347970519693349,0.00032646704719123106,0.00032646704719123106,3.840788790485071
22200,0.0023596399099023576,0.0025738612153165985,0.8651634337198649,0.014853105370268242,0.012349972087054404,0.8302502243397918,0.027824900665571577,0.013119766886852832,0.7350009460421755,0.0003266141706915425,0.0003266141706915425,3.8425196551946175
22210,0.002356796513478882,0.0025743445927085894,0.8653259135154922,0.014837504025061739,0.012352624315739509,0.8304285254278659,0.027803504760743235,0.013123404190673652,0.7352047165643503,0.00032676129419185405,0.00032676129419185405,3.844250519904165
22220,0.0023539564655005924,0.0025748274008648986,0.8654882019713944,0.014821917616451949,0.012355274005203174,0.830606655811978,0.027782121824440006,0.0131270392898452,0.7354083635767619,0.00032690841769216557,0.00032690841769216557,3.8459813846137125
22230,0.002351119766329332,0.002575309639724013,0.8656502990668951,0.014806346142468882,0.012357921155780296,0.8307846155146416,0.027760751852367097,0.013130672185097595,0.7356118871203134,0.00032705554119247704,0.00032705554119247704,3.847712249323259
22240,0.00234828641632694,0.0025757913092244195,0.8658122047813175,0.014790789601142546,0.01236056576780577,0.830962404558371,0.02773939484022969,0.013134302877160954,0.7358152872359078,0.00032720266469278856,0.00032720266469278856,3.8494431140328063
22250,0.002345456415855258,0.0025762724093046055,0.865973919093985,0.014775247990502963,0.012363207841614501,0.8311400229656806,0.027718050783732986,0.013137931366765394,0.7360185639644479,0.0003273497881931001,0.0003273497881931001,3.8511739787423536
22260,0.0023426297652761256,0.002576752939903058,0.8661354419842211,0.014759721308580134,0.012365847377541381,0.8313174707590844,0.027696719678582175,0.01314155765464103,0.7362217173468365,0.00032749691169341156,0.00032749691169341156,3.8529048434519004
22270,0.0023398064649513854,0.0025772329009582638,0.8662967734313491,0.014744209553404079,0.01236848437592131,0.8314947479610963,0.027675401520482455,0.013145181741517985,0.7364247474239768,0.0003276440351937231,0.0003276440351937231,3.8546357081614477
22280,0.002336986515242877,0.0025777122924087103,0.8664579134146925,0.014728712723004807,0.012371118837089187,0.831671854594231,0.02765409630513901,0.01314880362812637,0.7366276542367713,0.0003277911586940346,0.0003277911586940346,3.856366572870995
22290,0.0023341699165124407,0.002578191114192884,0.8666188619135744,0.014713230815412339,0.012373750761379908,0.8318487906810021,0.02763280402825705,0.013152423315196303,0.7368304378261235,0.0003279382821943461,0.0003279382821943461,3.858097437580542
22300,0.002331356669121919,0.002578669366249273,0.8667796189073187,0.014697763828656674,0.01237638014912837,0.8320255562439239,0.02761152468554175,0.013156040803457903,0.7370330982329357,0.0003280854056946576,0.0003280854056946576,3.859828302290089
22310,0.0023285467734331516,0.0025791470485163636,0.8669401843752481,0.01468231176076783,0.012379007000669472,0.8322021513055107,0.027590258272698325,0.013159656093641286,0.7372356354981112,0.0003282325291949691,0.0003282325291949691,3.8615591669996365
22320,0.0023257402298079793,0.0025796241609326426,0.8671005582966865,0.01466687460977582,0.012381631316338116,0.8323785758882766,0.027569004785431957,0.013163269186476569,0.7374380496625529,0.0003283796526952806,0.0003283796526952806,3.863290031709183
22330,0.002322937038608243,0.002580100703436598,0.8672607406509573,0.014651452373710655,0.012384253096469193,0.8325548300147355,0.027547764219447834,0.013166880082693868,0.7376403407671634,0.0003285267761955921,0.0003285267761955921,3.8650208964187303
22340,0.002320137200195784,0.002580576675966716,0.8674207314173834,0.014636045050602354,0.012386872341397605,0.8327309137074019,0.02752653657045117,0.013170488783023302,0.7378425088528461,0.00032867389969590364,0.00032867389969590364,3.866751761128278
22350,0.0023173407149324424,0.002581052078461484,0.8675805305752886,0.014620652638480919,0.012389489051458247,0.8329068269887897,0.02750532183414714,0.013174095288194987,0.7380445539605035,0.0003288210231962151,0.0003288210231962151,3.8684826258378244
22360,0.0023145475831800595,0.002581526910859389,0.8677401381039963,0.014605275135376372,0.012392103226986022,0.833082569881413,0.02748412000624095,0.01317769959893904,0.7382464761310387,0.00032896814669652663,0.00032896814669652663,3.8702134905473717
22370,0.002311757805300476,0.0025820011730989184,0.8678995539828297,0.014589912539318716,0.012394714868315823,0.8332581424077864,0.027462931082437785,0.013181301715985578,0.7384482754053545,0.00032911527019683815,0.00032911527019683815,3.871944355256919
22380,0.002308971381655533,0.002582474865118559,0.8680587781911121,0.014574564848337971,0.01239732397578255,0.8334335445904234,0.027441755058442843,0.013184901640064717,0.738649951824354,0.0003292623936971496,0.0003292623936971496,3.873675219966466
22390,0.0023061883126070703,0.002582947986856797,0.8682178107081671,0.014559232060464146,0.012399930549721098,0.8336087764518384,0.027420591929961324,0.013188499371906576,0.7388515054289398,0.00032940951719746114,0.00032940951719746114,3.875406084676013
22400,0.00230340859851693,0.002583420538252121,0.868376651513318,0.014543914173727255,0.01240253459046637,0.8337838380145458,0.027399441692698413,0.01319209491224127,0.7390529362600152,0.00032955664069777267,0.00032955664069777267,3.8771369493855605
22410,0.0023006322397469514,0.0025838925192430175,0.8685353005858881,0.014528611186157307,0.012405136098353262,0.8339587293010595,0.02737830434235931,0.013195688261798918,0.7392542443584829,0.00032970376419808414,0.00032970376419808414,3.8788678140951074
22420,0.002297859236658977,0.0025843639297679732,0.868693757905201,0.01451332309578432,0.01240773507371667,0.8341334503338936,0.027357179874649206,0.013199279421309636,0.7394554297652457,0.00032985088769839566,0.00032985088769839566,3.8805986788046547
22430,0.0022950895896148467,0.002584834769765475,0.8688520234505798,0.014498049900638297,0.012410331516891495,0.8343080011355626,0.027336068285273293,0.013202868391503541,0.7396564925212067,0.0003299980111987072,0.0003299980111987072,3.882329543514202
22440,0.002292323298976402,0.002585305039174011,0.8690100972013481,0.014482791598749262,0.01241292542821263,0.83448238172858,0.027314969569936773,0.01320645517311075,0.739857432667269,0.00033014513469901865,0.00033014513469901865,3.8840604082237484
22450,0.002289560365105482,0.0025857747379320673,0.8691679791368293,0.014467548188147219,0.012415516808014978,0.8346565921354606,0.027293883724344836,0.01321003976686138,0.7400582502443349,0.0003302922581993302,0.0003302922581993302,3.8857912729332957
22460,0.002286800788363929,0.0025862438659781314,0.8693256692363466,0.014452319666862183,0.012418105656633434,0.8348306323787181,0.027272810744202673,0.013213622173485547,0.7402589452933079,0.0003304393816996417,0.0003304393816996417,3.887522137642843
22470,0.002284044569113584,0.00258671242325069,0.8694831674792234,0.014437106032924162,0.012420691974402896,0.8350045024808668,0.027251750625215482,0.01321720239371337,0.7404595178550908,0.00033058650519995317,0.00033058650519995317,3.88925300235239
22480,0.002281291707716287,0.0025871804096882305,0.8696404738447834,0.014421907284363183,0.012423275761658263,0.835178202464421,0.027230703363088454,0.013220780428274964,0.7406599679705862,0.0003307336287002647,0.0003307336287002647,3.890983867061937
22490,0.0022785422045338787,0.0025876478252292398,0.8697975883123494,0.01440672341920924,0.012425857018734433,0.8353517323518944,0.027209668953526788,0.013224356277900449,0.7408602956806974,0.0003308807522005762,0.0003308807522005762,3.8927147317714845
22500,0.002275796059928201,0.002588114669812205,0.8699545108612453,0.014391554435492355,0.012428435745966304,0.8355250921658018,0.02718864739223567,0.013227929943319937,0.741060501026327,0.0003310278757008877,0.0003310278757008877,3.8944455964810314
22510,0.0022730532742610936,0.0025885809433756134,0.8701112414707943,0.014376400331242538,0.012431011943688772,0.8356982819286568,0.0271676386749203,0.01323150142526355,0.7412605840483781,0.0003311749992011992,0.0003311749992011992,3.8961764611905787
22520,0.002270313847894398,0.0025890466458579516,0.8702677801203197,0.014361261104489802,0.012433585612236737,0.8358713016629737,0.02714664279728587,0.013235070724461402,0.7414605447877536,0.00033132212270151073,0.00033132212270151073,3.897907325900126
22530,0.0022675777811899545,0.002589511777197707,0.8704241267891452,0.014346136753264164,0.012436156751945097,0.8360441513912669,0.027125659755037584,0.013238637841643612,0.7416603832853564,0.0003314692462018222,0.0003314692462018222,3.899638190609673
22540,0.002264845074509604,0.0025899763373333664,0.8705802814565937,0.01433102727559563,0.012438725363148747,0.83621683113605,0.027104689543880622,0.013242202777540296,0.7418600995820894,0.0003316163697021338,0.0003316163697021338,3.9013690553192206
22550,0.0022621157282151872,0.0025904403262034174,0.870736244101989,0.014315932669514215,0.012441291446182588,0.8363893409198377,0.027083732159520185,0.01324576553288157,0.7420596937188555,0.00033176349320244525,0.00033176349320244525,3.9030999200287675
22560,0.0022593897426685457,0.0025909037437463465,0.8708920147046543,0.014300852933049927,0.012443855001381517,0.8365616807651439,0.027062787597661463,0.013249326108397552,0.7422591657365575,0.00033191061670275677,0.00033191061670275677,3.904830784738315
22570,0.0022566671182315196,0.002591366589900641,0.8710475932439128,0.014285788064232783,0.01244641602908043,0.8367338506944826,0.027041855854009655,0.01325288450481836,0.7424585156760987,0.0003320577402030683,0.0003320577402030683,3.906561649447862
22580,0.0022539478552659506,0.002591828864604788,0.8712029796990882,0.014270738061092799,0.012448974529614229,0.8369058507303683,0.02702093692426995,0.013256440722874109,0.7426577435783814,0.00033220486370337976,0.00033220486370337976,3.9082925141574085
22590,0.0022512319541336773,0.002592290567797274,0.8713581740495039,0.014255702921659978,0.012451530503317808,0.8370776808953148,0.027000030804147545,0.013259994763294917,0.7428568494843091,0.0003323519872036913,0.0003323519872036913,3.910023378866956
22600,0.0022485194151965434,0.002592751699416587,0.871513176274483,0.01424068264396434,0.012454083950526067,0.8372493412118364,0.02697913748934764,0.013263546626810903,0.7430558334347845,0.0003324991107040028,0.0003324991107040028,3.9117542435765036
22610,0.0022458102388163872,0.0025932122594012133,0.871667986353349,0.014225677226035894,0.012456634871573903,0.8374208317024471,0.026958256975575415,0.01326709631415218,0.7432546954707104,0.0003326462342043143,0.0003326462342043143,3.91348510828605
22620,0.002243104425355051,0.0025936722476896405,0.8718226042654253,0.014210686665904651,0.012459183266796214,0.8375921523896613,0.026937389258536077,0.013270643826048869,0.7434534356329898,0.0003327933577046258,0.0003327933577046258,3.9152159729955973
22630,0.0022404019751743765,0.0025941316642203553,0.8719770299900353,0.01419571096160063,0.012461729136527898,0.837763303295993,0.02691653433393482,0.013274189163231082,0.7436520539625256,0.0003329404812049373,0.0003329404812049373,3.916946837705144
22640,0.002237702888636202,0.002594590508931845,0.8721312635065025,0.014180750111153832,0.012464272481103853,0.8379342844439565,0.02689569219747683,0.01327773232642894,0.7438505505002208,0.0003330876047052488,0.0003330876047052488,3.9186777024146915
22650,0.0022350071661023695,0.0025950487817625965,0.87228530479415,0.014165804112594278,0.012466813300858977,0.8381050958560655,0.026874862844867297,0.01328127331637256,0.7440489252869781,0.0003332347282055603,0.0003332347282055603,3.920408567124239
22660,0.00223231480793472,0.0025955064826510966,0.8724391538323014,0.014150872963951977,0.012469351596128168,0.8382757375548348,0.026854046271811434,0.013284812133792057,0.7442471783637007,0.0003333818517058718,0.0003333818517058718,3.9221394318337857
22670,0.0022296258144950945,0.002595963611535833,0.8725928106002799,0.01413595666325695,0.012471887367246323,0.8384462095627778,0.026833242474014415,0.01328834877941755,0.7444453097712913,0.0003335289752061833,0.0003335289752061833,3.923870296543333
22680,0.0022269401861453337,0.0025964201683552927,0.8727462750774092,0.014121055208539193,0.012474420614548341,0.8386165119024094,0.02681245144718145,0.013291883253979155,0.744643319550653,0.00033367609870649484,0.00033367609870649484,3.9256011612528803
22690,0.002224257923247278,0.002596876153047962,0.8728995472430124,0.014106168597828733,0.01247695133836912,0.8387866445962432,0.026791673187017723,0.013295415558206989,0.7448412077426885,0.00033382322220680636,0.00033382322220680636,3.9273320259624276
22700,0.0022215790261627677,0.0025973315655523285,0.873052627076413,0.014091296829155574,0.012479479539043556,0.8389566076667936,0.02677090768922843,0.013298945692831167,0.7450389743883007,0.00033397034570711783,0.00033397034570711783,3.929062890671974
22710,0.002218903495253645,0.00259778640580688,0.8732055145569343,0.014076439900549732,0.01248200521690655,0.8391264011365746,0.02675015494951877,0.01330247365858181,0.7452366195283927,0.00033411746920742935,0.00033411746920742935,3.9307937553815213
22720,0.00221623133088175,0.0025982406737501016,0.8733582096638997,0.014061597810041218,0.012484528372292997,0.8392960250281005,0.02672941496359393,0.013305999456189033,0.7454341432038674,0.0003342645927077409,0.0003342645927077409,3.9325246200910686
22730,0.0022135625334089234,0.002598694369320482,0.8735107123766326,0.014046770555660048,0.012487049005537796,0.8394654793638854,0.02670868772715911,0.013309523086382953,0.7456315454556277,0.00033441171620805234,0.00033441171620805234,3.9342554848006155
22740,0.0022108971031970064,0.0025991474924565083,0.8736630226744566,0.014031958135436229,0.012489567116975846,0.8396347641664433,0.026687973235919506,0.013313044549893686,0.7458288263245763,0.00033455883970836387,0.00033455883970836387,3.935986349510163
22750,0.0022082350406078394,0.0025996000430966665,0.8738151405366946,0.014017160547399776,0.012492082706942041,0.8398038794582884,0.0266672714855803,0.01331656384745135,0.7460259858516163,0.0003347059632086754,0.0003347059632086754,3.93771721421971
22760,0.0022055763460032633,0.0026000520211794443,0.8739670659426703,0.014002377789580701,0.012494595775771285,0.839972825261935,0.026646582471846696,0.013320080979786063,0.7462230240776506,0.00033485308670898686,0.00033485308670898686,3.939448078929257
22770,0.002202921019745119,0.002600503426643329,0.8741187988717072,0.013987609860009015,0.012497106323798472,0.8401416015998971,0.02662590619042389,0.01332359594762794,0.7464199410435821,0.0003350002102092984,0.0003350002102092984,3.9411789436388043
22780,0.002200269062195248,0.0026009542594268072,0.8742703393031284,0.013972856756714735,0.0124996143513585,0.840310208494689,0.02660524263701707,0.0133271087517071,0.7466167367903137,0.0003351473337096099,0.0003351473337096099,3.9429098083483516
22790,0.00219762047371549,0.0026014045194683658,0.8744216872162573,0.013958118477727864,0.012502119858786267,0.8404786459688245,0.026584591807331425,0.013330619392753658,0.7468134113587483,0.0003352944572099214,0.0003352944572099214,3.9446406730578985
22800,0.002194975254667686,0.0026018542067064924,0.8745728425904176,0.013943395021078428,0.012504622846416673,0.8406469140448183,0.026563953697072172,0.013334127871497733,0.747009964789789,0.0003354415807102329,0.0003354415807102329,3.9463715377674458
22810,0.002192333405413677,0.002602303321079674,0.8747238054049324,0.013928686384796427,0.012507123314584612,0.8408150127451839,0.02654332830194447,0.01333763418866944,0.7472063971243385,0.0003355887042105444,0.0003355887042105444,3.948102402476993
22820,0.002189694926315304,0.0026027518625263975,0.8748745756391251,0.013913992566911882,0.012509621263624985,0.8409829420924358,0.02652271561765355,0.013341138344998898,0.7474027084032996,0.0003357358277108559,0.0003357358277108559,3.9498332671865395
22830,0.002187059817734408,0.00260319983098515,0.8750251532723192,0.0138993135654548,0.012512116693872689,0.8411507021090882,0.02650211563990458,0.013344640341216223,0.7475988986675756,0.0003358829512111674,0.0003358829512111674,3.951564131896087
22840,0.002184428080032829,0.0026036472263944186,0.8751755382838381,0.013884649378455191,0.012514609605662622,0.8413182928176551,0.026481528364402766,0.013348140178051532,0.7477949679580691,0.00033603007471147894,0.00033603007471147894,3.953294996605634
22850,0.0021817997135724085,0.00260409404869269,0.875325730653005,0.013870000003943072,0.012517099999329682,0.8414857142406508,0.026460953786853297,0.01335163785623494,0.7479909163156829,0.0003361771982117904,0.0003361771982117904,3.955025861315181
22860,0.0021791747187149867,0.0026045402978184516,0.8754757303591433,0.01385536543994846,0.012519587875208765,0.8416529664005892,0.02644039190296137,0.013355133376496568,0.7481867437813204,0.00033632432171210193,0.00033632432171210193,3.9567567260247283
22870,0.0021765530958224046,0.0026049859737101904,0.8756255373815766,0.013840745684501358,0.012522073233634773,0.8418200493199846,0.026419842708432176,0.013358626739566531,0.7483824503958841,0.00033647144521241346,0.00033647144521241346,3.9584875907342756
22880,0.0021739348452565047,0.0026054310763063936,0.875775151699628,0.013826140735631782,0.012524556074942602,0.8419869630213512,0.026399306198970917,0.013362117946174945,0.7485780362002771,0.0003366185687127249,0.0003366185687127249,3.9602184554438224
22890,0.002171319967379125,0.002605875605545548,0.8759245732926211,0.013811550591369745,0.012527036399467149,0.8421537075272032,0.026378782370282777,0.01336560699705193,0.7487735012354022,0.00033676569221303645,0.00033676569221303645,3.9619493201533698
22900,0.002168708462552108,0.002606319561366141,0.8760738021398793,0.013796975249745259,0.012529514207543311,0.8423202828600544,0.026358271218072955,0.013369093892927598,0.7489688455421624,0.00033691281571334797,0.00033691281571334797,3.963680184862917
22910,0.0021661003311372936,0.002606762943706659,0.8762228382207258,0.01378241470878834,0.012531989499505986,0.8424866890424191,0.026337772738046647,0.013372578634532072,0.7491640691614606,0.00033705993921365944,0.00033705993921365944,3.965411049572464
22920,0.002163495573496524,0.00260720575250559,0.876371681514484,0.013767868966528993,0.012534462275690075,0.8426529260968116,0.026317286925909043,0.013376061222595464,0.7493591721341997,0.00033720706271397096,0.00033720706271397096,3.9671419142820112
22930,0.002160894189991639,0.0026076479877014205,0.8765203320004774,0.013753338020997237,0.012536932536430474,0.842818994045746,0.02629681377736534,0.013379541657847894,0.7495541545012826,0.0003373541862142825,0.0003373541862142825,3.9688727789915585
22940,0.0021582961809844797,0.0026080896492326378,0.8766687896580294,0.01373882187022308,0.012539400282062081,0.8429848929117365,0.026276353288120727,0.013383019941019477,0.7497490163036122,0.00033750130971459396,0.00033750130971459396,3.970603643701105
22950,0.002155701546836887,0.0026085307370377286,0.8768170544664633,0.013724320512236538,0.012541865512919793,0.8431506227172969,0.026255905453880405,0.013386496072840332,0.7499437575820914,0.0003376484332149055,0.0003376484332149055,3.9723345084106523
22960,0.0021531102879107007,0.00260897125105518,0.8769651264051024,0.013709833945067619,0.012544328229338509,0.8433161834849416,0.02623547027034957,0.013389970054040575,0.7501383783776232,0.000337795556715217,0.000337795556715217,3.9740653731201996
22970,0.0021505224045677627,0.0026094111912234796,0.8771130054532703,0.013695362166746338,0.012546788431653126,0.8434815752371848,0.026215047733233403,0.013393441885350322,0.7503328787311105,0.0003379426802155285,0.0003379426802155285,3.9757962378297464
22980,0.002147937897169914,0.0026098505574811137,0.8772606915902903,0.013680905175302708,0.012549246120198544,0.8436467979965406,0.026194637838237108,0.013396911567499692,0.7505272586834562,0.00033808980371584,0.00033808980371584,3.9775271025392938
22990,0.0021453567660789943,0.0026102893497665703,0.8774081847954858,0.013666462968766741,0.012551701295309659,0.8438118517855232,0.026174240581065884,0.013400379101218801,0.7507215182755631,0.0003382369272161515,0.0003382369272161515,3.979257967248841
23000,0.0021427790116568452,0.0026107275680183357,0.8775554850481799,0.013652035545168447,0.012554153957321368,0.8439767366266465,0.026153855957424914,0.013403844487237766,0.7509156575483342,0.000338384050716463,0.000338384050716463,3.980988831958388
23010,0.002140204634265307,0.002611165212174897,0.8777025923276964,0.013637622902537843,0.012556604106568572,0.8441414525424249,0.0261334839630194,0.013407307726286705,0.7511096765426726,0.0003385311742167745,0.0003385311742167745,3.9827196966679352
23020,0.0021376336342662215,0.0026116022821747412,0.8778495066133584,0.013623225038904936,0.012559051743386167,0.8443059995553723,0.026113124593554526,0.013410768819095732,0.7513035752994808,0.00033867829771708604,0.00033867829771708604,3.9844505613774825
23030,0.002135066012021429,0.002612038777956356,0.8779962278844894,0.013608841952299737,0.012561496868109048,0.8444703776880031,0.026092777844735498,0.013414227766394966,0.751497353859662,0.0003388254212173975,0.0003388254212173975,3.986181426087029
23040,0.0021325017678927704,0.0026124746994582284,0.8781427561204128,0.013594473640752266,0.01256393948107212,0.8446345869628314,0.026072443712267506,0.013417684568914526,0.751691012264119,0.00033897254471770903,0.00033897254471770903,3.9879122907965767
23050,0.0021299409022420856,0.0026129100466188446,0.8782890913004519,0.013580120102292535,0.012566379582610273,0.8447986274023712,0.02605212219185574,0.013421139227384525,0.7518845505537549,0.00033911966821802055,0.00033911966821802055,3.989643155506124
23060,0.0021273834154312164,0.0026133448193766924,0.8784352334039301,0.01356578133495055,0.01256881717305841,0.8449624990291368,0.0260318132792054,0.013424591742535083,0.7520779687694725,0.000339266791718332,0.000339266791718332,3.9913740202156704
23070,0.0021248293078220035,0.0026137790176702586,0.8785811824101709,0.013551457336756325,0.012571252252751429,0.8451262018656421,0.02601151697002168,0.013428042115096316,0.7522712669521746,0.00033941391521864354,0.00033941391521864354,3.9931048849252178
23080,0.002122278579776287,0.0026142126414380306,0.8787269382984976,0.013537148105739874,0.012573684822024225,0.8452897359344015,0.025991233260009766,0.013431490345798342,0.7524644451427642,0.00033956103871895507,0.00033956103871895507,3.994835749634765
23090,0.0021197312316559086,0.0026146456906184948,0.8788725010482334,0.01352285363993121,0.012576114881211698,0.8454531012579292,0.02597096214487486,0.013434936435371275,0.7526575033821442,0.00033970816221926654,0.00033970816221926654,3.996566614344312
23100,0.002117187263822709,0.0026150781651501386,0.879017870638702,0.013508573937360347,0.012578542430648746,0.8456162978587392,0.025950703620322153,0.013438380384545236,0.7528504417112177,0.00033985528571957806,0.00033985528571957806,3.9982974790538592
23110,0.002114646676638528,0.0026155100649714494,0.8791630470492265,0.01349430899605729,0.012580967470670265,0.8457793257593454,0.02593045768205684,0.013441822194050337,0.7530432601708873,0.0003400024092198896,0.0003400024092198896,4.0000283437634065
23120,0.002112109470465208,0.0026159413900209137,0.8793080302591306,0.013480058814052061,0.012583390001611154,0.8459421849822624,0.02591022432578412,0.013445261864616701,0.7532359588020562,0.00034014953272020105,0.00034014953272020105,4.001759208472953
23130,0.0021095756456645885,0.002616372140237019,0.8794528202477374,0.013465823389374663,0.01258581002380631,0.846104875550004,0.02589000354720918,0.013448699396974441,0.753428537645627,0.0003402966562205126,0.0003402966562205126,4.0034900731825
23140,0.0021070452025985114,0.0026168023155582524,0.8795974169943704,0.013451602720055118,0.012588227537590634,0.8462673974850845,0.02586979534203721,0.013452134791853676,0.7536209967425028,0.0003404437797208241,0.0003404437797208241,4.005220937892048
23150,0.0021045181416288164,0.0026172319159231006,0.879741820478353,0.01343739680412343,0.012590642543299021,0.8464297508100181,0.025849599705973416,0.01345556804998452,0.7538133361335866,0.00034059090322113557,0.00034059090322113557,4.006951802601595
23160,0.0021019944631173446,0.0026176609412700506,0.8798860306790085,0.013423205639609614,0.01259305504126637,0.8465919355473188,0.025829416634722983,0.013458999172097093,0.7540055558597811,0.0003407380267214471,0.0003407380267214471,4.008682667311142
23170,0.002099474167425937,0.0026180893915375898,0.8800300475756604,0.013409029224543683,0.012595465031827579,0.846753951719501,0.02580924612399111,0.013462428158921512,0.7541976559619895,0.0003408851502217586,0.0003408851502217586,4.0104135320206895
23180,0.002096957254916436,0.0026185172666642054,0.8801738711476319,0.013394867556955655,0.012597872515317543,0.8469157993490785,0.025789088169482995,0.013465855011187891,0.7543896364811143,0.0003410322737220701,0.0003410322737220701,4.012144396730236
23190,0.002094443725950679,0.0026189445665883836,0.8803175013742465,0.01338072063487553,0.012600277492071165,0.8470774784585656,0.025768942766903825,0.013469279729626351,0.7545814974580589,0.0003411793972223816,0.0003411793972223816,4.013875261439783
23200,0.0020919335808905096,0.0026193712912486126,0.8804609382348277,0.013366588456333333,0.012602679962423338,0.8472389890704763,0.025748809911958794,0.013472702314967007,0.7547732389337258,0.00034132652072269313,0.00034132652072269313,4.015606126149331
23210,0.0020894268200977676,0.002619797440583379,0.8806041817086987,0.013352471019359062,0.012605079926708965,0.8474003312073253,0.025728689600353096,0.013476122767939976,0.7549648609490182,0.0003414736442230046,0.0003414736442230046,4.017336990858877
23220,0.002086923443934293,0.0026202230145311693,0.8807472317751829,0.013338368321982744,0.012607477385262938,0.847561504891626,0.025708581827791926,0.013479541089275373,0.7551563635448388,0.0003416207677233161,0.0003416207677233161,4.019067855568425
23230,0.002084423452761929,0.0026206480130304714,0.8808900884136038,0.01332428036223438,0.01260987233842016,0.847722510145893,0.025688486589980488,0.013482957279703318,0.7553477467620907,0.00034176789122362765,0.00034176789122362765,4.0207987202779725
23240,0.002081926846942514,0.002621072436019772,0.8810327516032846,0.013310207138143997,0.012612264786515524,0.8478833469926401,0.02566840388262396,0.013486371339953928,0.7555390106416766,0.0003419150147239391,0.0003419150147239391,4.0225295849875184
23250,0.002079433626837889,0.002621496283437558,0.8811752213235489,0.013296148647741592,0.012614654729883934,0.848044015454382,0.025648333701427547,0.013489783270757318,0.7557301552244996,0.00034206213822425064,0.00034206213822425064,4.024260449697066
23260,0.002076943792809897,0.002621919555222317,0.8813174975537198,0.013282104889057183,0.012617042168860284,0.8482045155536323,0.02562827604209644,0.013493193072843607,0.7559211805514626,0.00034220926172456216,0.00034220926172456216,4.025991314406613
23270,0.002074457345220377,0.002622342251312535,0.881459580273121,0.01326807586012078,0.012619427103779472,0.8483648473129055,0.02560823090033583,0.013496600746942911,0.7561120866634684,0.00034235638522487363,0.00034235638522487363,4.02772217911616
23280,0.002071974284431169,0.0026227643716467005,0.8816014694610756,0.0132540615589624,0.012621809534976396,0.8485250107547156,0.025588198271850913,0.013500006293785347,0.75630287360142,0.0003425035087251852,0.0003425035087251852,4.029453043825708
23290,0.0020694946108041168,0.0026231859161632994,0.8817431650969072,0.013240061983612059,0.012624189462785955,0.8486850059015766,0.02556817815234689,0.013503409714101031,0.7564935414062203,0.0003426506322254967,0.0003426506322254967,4.0311839085352545
23300,0.002067018324701058,0.002623606884800819,0.8818846671599391,0.013226077132099756,0.012626566887543045,0.848844832776003,0.025548170537528943,0.01350681100862008,0.756684090118772,0.0003427977557258082,0.0003427977557258082,4.032914773244802
23310,0.0020645454264838358,0.002624027277497747,0.8820259756294947,0.013212107002455517,0.012628941809582565,0.8490044914005085,0.025528175423102272,0.013510210178072614,0.7568745197799784,0.0003429448792261197,0.0003429448792261197,4.034645637954349
23320,0.002062075916514289,0.0026244470941925698,0.8821670904848973,0.013198151592709347,0.012631314229239417,0.8491639817976077,0.025508192804772078,0.013513607223188749,0.7570648304307422,0.0003430920027264312,0.0003430920027264312,4.036376502663896
23330,0.0020596097951542606,0.002624866334823775,0.8823080117054706,0.01318421090089126,0.012633684146848491,0.8493233039898144,0.02548822267824354,0.013517002144698599,0.7572550221119664,0.0003432391262267427,0.0003432391262267427,4.038107367373444
23340,0.0020571470627655897,0.002625284999329849,0.8824487392705376,0.013170284925031268,0.012636051562744688,0.8494824579996428,0.02546826503922187,0.013520394943332284,0.7574450948645537,0.0003433862497270542,0.0003433862497270542,4.03983823208299
23350,0.0020546877197101165,0.0026257030876492794,0.8825892731594216,0.013156373663159382,0.01263841647726291,0.8496414438496072,0.025448319883412243,0.01352378561981992,0.7576350487294072,0.0003435333732273657,0.0003435333732273657,4.0415690967925375
23360,0.002052231766349684,0.0026261205997205527,0.8827296133514462,0.013142477113305616,0.01264077889073805,0.8498002615622217,0.02542838720651987,0.013527174174891623,0.7578248837474298,0.0003436804967276772,0.0003436804967276772,4.043299961502084
23370,0.002049779203046132,0.002626537535482157,0.8828697598259351,0.013128595273499986,0.012643138803505007,0.8499589111600004,0.025408467004249938,0.013530560609277511,0.7580145999595245,0.0003438276202279887,0.0003438276202279887,4.045030826211631
23380,0.002047330030161301,0.002626953894872578,0.8830097125622111,0.013114728141772496,0.01264549621589868,0.8501173926654573,0.025388559272307636,0.013533944923707703,0.7582041974065941,0.00034397474372830023,0.00034397474372830023,4.046761690921179
23390,0.0020448842480570327,0.0026273696778303037,0.8831494715395978,0.013100875716153166,0.012647851128253966,0.8502757061011069,0.025368664006398166,0.013537327118912312,0.7583936761295413,0.0003441218672286117,0.0003441218672286117,4.048492555630726
23400,0.0020424418570951664,0.0026277848842938207,0.8832890367374187,0.013087037994672007,0.012650203540905763,0.8504338514894629,0.025348781202226722,0.013540707195621459,0.7585830361692695,0.0003442689907289232,0.0003442689907289232,4.050223420340273
23410,0.002040002857637544,0.0026281995142016165,0.883428408134997,0.013073214975359026,0.01265255345418897,0.8505918288530399,0.025328910855498488,0.013544085154565257,0.7587722775666811,0.00034441611422923474,0.00034441611422923474,4.0519542850498205
23420,0.002037567250046006,0.002628613567492178,0.8835675857116564,0.013059406656244239,0.012654900868438484,0.8507496382143518,0.025309052961918675,0.013547460996473828,0.7589614003626795,0.0003445632377295462,0.0003445632377295462,4.053685149759367
23430,0.002035135034682394,0.002629027044103992,0.8837065694467199,0.013045613035357662,0.012657245783989203,0.8509072795959126,0.02528920751719246,0.013550834722077283,0.7591504045981672,0.0003447103612298578,0.0003447103612298578,4.055416014468915
23440,0.0020327062119085476,0.002629439943975546,0.8838453593195111,0.0130318341107293,0.012659588201176023,0.8510647530202368,0.02526937451702505,0.013554206332105743,0.7593392903140472,0.00034485748473016926,0.00034485748473016926,4.057146879178462
23450,0.0020302807820863087,0.0026298522670453266,0.8839839553093534,0.013018069880389171,0.012661928120333845,0.8512220585098382,0.025249553957121626,0.013557575827289324,0.7595280575512227,0.00034500460823048073,0.00034500460823048073,4.058877743888008
23460,0.0020278587455775173,0.0026302640132518213,0.8841223573955701,0.013004320342367287,0.012664265541797566,0.8513791960872312,0.025229745833187395,0.013560943208358144,0.7597167063505963,0.00034515173173079225,0.00034515173173079225,4.060608608597556
23470,0.0020254401027440133,0.002630675182533517,0.8842605655574846,0.012990585494693657,0.012666600465902083,0.8515361657749299,0.025209950140927546,0.013564308476042319,0.7599052367530711,0.0003452988552311038,0.0003452988552311038,4.0623394733071025
23480,0.00202302485394764,0.0026310857748289003,0.8843985797744203,0.012976865335398297,0.012668932892982293,0.8516929675954481,0.025190166876047276,0.013567671631071965,0.7600936487995499,0.0003454459787314153,0.0003454459787314153,4.06407033801665
23490,0.0020206129995502366,0.002631495790076459,0.8845364000257004,0.012963159862511217,0.012671262823373098,0.8518496015713006,0.025170396034251773,0.0135710326741772,0.7602819425309356,0.00034559310223172677,0.00034559310223172677,4.065801202726197
23500,0.002018204539913644,0.0026319052282146797,0.8846740262906485,0.012949469074062431,0.012673590257409391,0.8520060677250009,0.025150637611246238,0.013574391606088141,0.7604701179881311,0.0003457402257320383,0.0003457402257320383,4.067532067435744
23510,0.0020157994753997035,0.0026323140891820495,0.8848114585485881,0.01293579296808195,0.012675915195426074,0.8521623660790637,0.025130891602735857,0.013577748427534906,0.7606581752120396,0.00034588734923234976,0.00034588734923234976,4.069262932145291
23520,0.0020133978063702554,0.002632722372917056,0.8849486967788422,0.012922131542599788,0.012678237637758041,0.8523184966560027,0.025111158004425833,0.01358110313924761,0.7608461142435636,0.00034603447273266134,0.00034603447273266134,4.070993796854839
23530,0.0020109995331871414,0.002633130079358185,0.8850857409607343,0.012908484795645953,0.012680557584740192,0.8524744594783321,0.02509143681202135,0.013584455741956372,0.7610339351236063,0.0003461815962329728,0.0003461815962329728,4.0727246615643855
23540,0.0020086046562122007,0.002633537208443925,0.8852225910735881,0.012894852725250462,0.012682875036707425,0.8526302545685662,0.025071728021227608,0.013587806236391307,0.7612216378930704,0.00034632871973328433,0.00034632871973328433,4.074455526273933
23550,0.0020062131758072756,0.0026339437601127624,0.8853592470967268,0.012881235329443328,0.01268518999399464,0.8527858819492193,0.025052031627749806,0.013591154623282534,0.7614092225928591,0.00034647584323359586,0.00034647584323359586,4.07618639098348
23560,0.002003825092334206,0.002634349734303184,0.8854957090094736,0.01286763260625456,0.01268750245693673,0.8529413416428052,0.025032347627293134,0.013594500903360169,0.761596689263875,0.0003466229667339073,0.0003466229667339073,4.077917255693027
23570,0.0020014404061548335,0.0026347551309536775,0.885631976791152,0.01285404455371417,0.012689812425868596,0.8530966336718382,0.02501267601556278,0.013597845077354329,0.7617840379470212,0.00034677009023421885,0.00034677009023421885,4.079648120402575
23580,0.0019990591176309983,0.0026351599500027295,0.8857680504210854,0.012840471169852173,0.012692119901125135,0.8532517580588325,0.024993016788263947,0.01360118714599513,0.7619712686832005,0.0003469172137345303,0.0003469172137345303,4.081378985112121
23590,0.001996681227124541,0.002635564191388827,0.8859039298785972,0.012826912452698583,0.012694424883041247,0.8534067148263021,0.024973369941101827,0.013604527110012692,0.762158381513316,0.00034706433723484184,0.00034706433723484184,4.0831098498216685
23600,0.001994306734997304,0.0026359678550504574,0.8860396151430109,0.012813368400283406,0.012696727371951825,0.8535615039967612,0.024953735469781607,0.013607864970137128,0.7623453764782705,0.00034721146073515336,0.00034721146073515336,4.084840714531215
23610,0.001991935641611125,0.0026363709409261077,0.8861751061936495,0.012799839010636659,0.012699027368191772,0.853716125592724,0.02493411337000849,0.013611200727098557,0.7625322536189668,0.00034735858423546483,0.00034735858423546483,4.086571579240762
23620,0.0019895679473278484,0.002636773448954265,0.8863104030098369,0.012786324281788355,0.012701324872095984,0.8538705796367047,0.024914503637487664,0.013614534381627097,0.762719012976308,0.00034750570773577636,0.00034750570773577636,4.08830244395031
23630,0.001987203652509312,0.002637175379073416,0.8864455055708961,0.012772824211768504,0.01270361988399936,0.8540248661512173,0.024894906267924333,0.013617865934452864,0.7629056545911969,0.0003476528312360879,0.0003476528312360879,4.090033308659857
23640,0.0019848427575173597,0.002637576731222048,0.8865804138561506,0.012759338798607116,0.012705912404236795,0.854178985158776,0.024875321257023675,0.013621195386305976,0.7630921785045365,0.00034779995473639935,0.00034779995473639935,4.091764173369404
23650,0.0019824852627138294,0.002637977505338648,0.8867151278449238,0.012745868040334209,0.012708202433143188,0.8543329366818948,0.0248557486004909,0.013624522737916547,0.7632785847572295,0.0003479470782367109,0.0003479470782367109,4.093495038078951
23660,0.001980131168460563,0.0026383777013617034,0.8868496475165388,0.012732411934979794,0.01271048997105344,0.8544867207430882,0.024836188294031194,0.013627847990014697,0.7634648733901791,0.0003480942017370224,0.0003480942017370224,4.095225902788498
23670,0.001977780475119402,0.002638777319229701,0.8869839728503196,0.012718970480573886,0.012712775018302444,0.85464033736487,0.024816640333349748,0.013631171143330543,0.7636510444442881,0.00034824132523733387,0.00034824132523733387,4.096956767498045
23680,0.0019754331830521862,0.0026391763588811275,0.8871181038255891,0.012705543675146487,0.012715057575225102,0.8547937865697547,0.024797104714151766,0.013634492198594202,0.7638370979604595,0.0003483884487376454,0.0003483884487376454,4.098687632207593
23690,0.0019730892926207574,0.0026395748202544707,0.8872520404216707,0.012692131516727621,0.01271733764215631,0.854947068380256,0.024777581432142436,0.013637811156535787,0.764023033979596,0.00034853557223795686,0.00034853557223795686,4.100418496917139
23700,0.001970748804186955,0.0026399727032882167,0.8873857826178879,0.012678734003347292,0.012719615219430965,0.8551001828188882,0.02475807048302695,0.01364112801788542,0.7642088525426005,0.00034868269573826844,0.00034868269573826844,4.1021493616266875
23710,0.0019684117181126204,0.0026403700079208536,0.8875193303935641,0.012665351133035515,0.012721890307383967,0.8552531299081657,0.024738571862510505,0.013644442783373217,0.7643945536903762,0.0003488298192385799,0.0003488298192385799,4.1038802263362335
23720,0.0019660780347595954,0.002640766734090868,0.8876526837280228,0.012651982903822311,0.012724162906350213,0.8554059096706024,0.024719085566298295,0.013647755453729291,0.7645801374638259,0.00034897694273889143,0.00034897694273889143,4.105611091045781
23730,0.0019637477544897203,0.002641162881736747,0.8877858426005871,0.012638629313737673,0.012726433016664599,0.8555585221287124,0.02469961159009552,0.013651066029683762,0.7647656039038522,0.00034912406623920295,0.00034912406623920295,4.107341955755328
23740,0.001961420877664835,0.0026415584507969775,0.8879188069905806,0.012625290360811635,0.012728700638662027,0.8557109673050101,0.02468014992960736,0.01365437451196675,0.7649509530513585,0.0003492711897395144,0.0003492711897395144,4.109072820464875
23750,0.001959097404646781,0.0026419534412100466,0.8880515768773265,0.012611966043074196,0.012730965772677391,0.8558632452220094,0.024660700580539017,0.013657680901308368,0.7651361849472476,0.00034941831323982594,0.00034941831323982594,4.110803685174423
23760,0.0019567773357973984,0.0026423478529144415,0.8881841522401484,0.01259865635855537,0.01273322841904559,0.8560153559022246,0.024641263538595692,0.013660985198438735,0.7653212996324221,0.00034956543674013747,0.00034956543674013747,4.11253454988397
23770,0.00195446067147853,0.0026427416858486492,0.8883165330583693,0.012585361305285172,0.012735488578101525,0.8561672993681696,0.02462183879948257,0.013664287404087965,0.7655062971477852,0.00034971256024044894,0.00034971256024044894,4.1142654145935165
23780,0.0019521474120520153,0.002643134939951157,0.8884487193113132,0.01257208088129361,0.01273774625018009,0.8563190756423588,0.024602426358904847,0.013667587518986177,0.7656911775342397,0.00034985968374076046,0.00034985968374076046,4.115996279303064
23790,0.0019498375578796945,0.0026435276151604513,0.8885807109783029,0.012558815084610705,0.012740001435616185,0.8564706847473064,0.024583026212567718,0.01367088554386349,0.7658759408326885,0.000350006807241072,0.000350006807241072,4.117727144012611
23800,0.001947531109323409,0.0026439197114150196,0.888712508038662,0.012545563913266462,0.012742254134744706,0.8566221267055263,0.024563638356176375,0.013674181479450018,0.7660605870840346,0.00035015393074138345,0.00035015393074138345,4.119458008722158
23810,0.0019452280667449995,0.002644311228653349,0.888844110471714,0.012532327365290894,0.012744504347900552,0.8567734015395327,0.024544262785436016,0.013677475326475879,0.7662451163291809,0.0003503010542416949,0.0003503010542416949,4.121188873431705
23820,0.0019429284305063073,0.002644702166813927,0.8889755182567821,0.012519105438714019,0.012746752075418621,0.8569245092718399,0.02452489949605183,0.01368076708567119,0.7664295286090302,0.0003504481777420065,0.0003504481777420065,4.122919738141253
23830,0.001940632200969173,0.00264509252583524,0.8891067313731897,0.012505898131565836,0.012748997317633811,0.8570754499249621,0.024505548483729017,0.013684056757766069,0.7666138239644856,0.00035059530124231797,0.00035059530124231797,4.124650602850799
23840,0.0019383393784954375,0.0026454823056557748,0.8892377498002604,0.012492705441876376,0.01275124007488102,0.8572262235214131,0.024486209744172774,0.01368734434349063,0.7667980024364499,0.0003507424247426295,0.0003507424247426295,4.126381467560346
23850,0.0019360499634469407,0.002645871506214019,0.8893685735173172,0.012479527367675637,0.012753480347495145,0.8573768300837071,0.02446688327308828,0.013690629843574994,0.766982064065826,0.000350889548242941,0.000350889548242941,4.128112332269894
23860,0.0019337639561855238,0.00264626012744846,0.8894992025036839,0.012466363906993641,0.012755718135811086,0.8575272696343585,0.024447569066180744,0.013693913258749274,0.7671660088935168,0.0003510366717432525,0.0003510366717432525,4.129843196979441
23870,0.0019314813570730288,0.0026466481692975843,0.8896296367386837,0.012453215057860394,0.012757953440163738,0.8576775421958813,0.024428267119155352,0.01369719458974359,0.7673498369604251,0.000351183795243564,0.000351183795243564,4.131574061688988
23880,0.0019292021664712956,0.002647035631699879,0.8897598762016399,0.012440080818305908,0.012760186260888,0.8578276477907898,0.0244089774277173,0.01370047383728806,0.7675335483074543,0.00035133091874387553,0.00035133091874387553,4.1333049263985355
23890,0.0019269263847421642,0.002647422514593831,0.8898899208718759,0.012426961186360195,0.012762416598318772,0.8579775864415979,0.024389699987571786,0.013703751002112798,0.7677171429755069,0.000351478042244187,0.000351478042244187,4.135035791108082
23900,0.001924654012247477,0.002647808817917928,0.8900197707287152,0.012413856160053274,0.012764644452790947,0.8581273581708199,0.024370434794424,0.013707026084947923,0.767900621005486,0.0003516251657444985,0.0003516251657444985,4.136766655817629
23910,0.0019223850493490734,0.002648194541610657,0.8901494257514813,0.012400765737415154,0.012766869824639428,0.8582769630009699,0.024351181843979136,0.013710299086523547,0.7680839824382939,0.00035177228924481005,0.00035177228924481005,4.138497520527177
23920,0.001920119496408796,0.002648579685610504,0.890278885919497,0.012387689916475843,0.01276909271419911,0.8584264009545619,0.02433194113194239,0.013713570007569795,0.7682672273148345,0.0003519194127451215,0.0003519194127451215,4.140228385236724
23930,0.0019178573537884836,0.0026489642498559573,0.8904081512120865,0.012374628695265358,0.012771313121804894,0.8585756720541105,0.024312712654018954,0.01371683884881678,0.76845035567601,0.00035206653624543304,0.00035206653624543304,4.141959249946271
23940,0.0019155986218499775,0.002649348234285503,0.8905372216085724,0.01236158207181371,0.012773531047791673,0.8587247763221292,0.024293496405914026,0.013720105610994618,0.7686333675627236,0.00035221365974574456,0.00035221365974574456,4.1436901146558185
23950,0.0019133433009551194,0.002649731638837629,0.8906660970882785,0.012348550044150915,0.012775746492494348,0.8588737137811325,0.0242742923833328,0.013723370294833427,0.7688162630158782,0.00035236078324605603,0.00035236078324605603,4.1454209793653645
23960,0.0019110913914657498,0.0026501144634508214,0.8907947776305281,0.012335532610306982,0.01277795945624782,0.8590224844536347,0.02425510058198046,0.013726632901063324,0.7689990420763766,0.00035250790674636756,0.00035250790674636756,4.147151844074912
23970,0.0019088428937437093,0.0026504967080635687,0.8909232632146449,0.012322529768311916,0.012780169939386979,0.8591710883621497,0.024235920997562214,0.013729893430414425,0.7691817047851218,0.0003526550302466791,0.0003526550302466791,4.148882708784459
23980,0.0019065978081508382,0.0026508783726143566,0.8910515538199517,0.012309541516195743,0.012782377942246728,0.8593195255291917,0.024216753625783245,0.013733151883616849,0.7693642511830168,0.00035280215374699055,0.00035280215374699055,4.150613573494006
23990,0.0019043561350489788,0.0026512594570416727,0.8911796494257723,0.012296567851988464,0.012784583465161965,0.8594677959772747,0.024197598462348754,0.013736408261400712,0.7695466813109643,0.000352949277247302,0.000352949277247302,4.152344438203553
24000,0.0019021178747999704,0.0026516399612840046,0.8913075500114301,0.012283608773720103,0.012786786508467587,0.8596158997289133,0.024178455502963932,0.013739662564496132,0.7697289952098674,0.0003530964007476136,0.0003530964007476136,4.154075302913101
24010,0.0018998830277656541,0.002652019885279838,0.8914352555562479,0.012270664279420664,0.012788987072498492,0.8597638368066212,0.024159324743333977,0.013742914793633225,0.7699111929206289,0.00035324352424792507,0.00035324352424792507,4.155806167622647
24020,0.0018976515943078722,0.002652399228967661,0.8915627660395499,0.012257734367120156,0.012791185157589577,0.8599116072329126,0.024140206179164084,0.013746164949542108,0.7700932744841518,0.0003533906477482366,0.0003533906477482366,4.157537032332195
24030,0.0018954235747884623,0.0026527779922859607,0.891690081440659,0.0122448190348486,0.012793380764075742,0.8600592110303018,0.024121099806159438,0.013749413032952896,0.7702752399413387,0.0003535377712485481,0.0003535377712485481,4.159267897041742
24040,0.0018931989695692682,0.0026531561751732234,0.8918172017388986,0.012231918280636005,0.012795573892291884,0.860206648221303,0.02410200562002524,0.013752659044595711,0.7704570893330931,0.0003536848947488596,0.0003536848947488596,4.160998761751289
24050,0.0018909777790121294,0.002653533777567937,0.8919441269135923,0.012219032102512382,0.0127977645425729,0.8603539188284302,0.02408292361646668,0.013755902985200665,0.7706388227003174,0.0003538320182491711,0.0003538320182491711,4.162729626460837
24060,0.001888760003478888,0.0026539107994085886,0.8920708569440634,0.012206160498507746,0.012799952715253686,0.8605010228741972,0.024063853791188958,0.013759144855497878,0.7708204400839147,0.00035397914174948263,0.00035397914174948263,4.1644604911703835
24070,0.0018865456433313824,0.002654287240633664,0.8921973918096349,0.012193303466652112,0.012802138410669146,0.860647960381119,0.024044796139897268,0.013762384656217467,0.7710019415247881,0.0003541262652497941,0.0003541262652497941,4.16619135587993
24080,0.0018843346989314553,0.0026546631011816514,0.8923237314896306,0.012180461004975482,0.012804321629154172,0.8607947313717089,0.024025750658296794,0.013765622388089547,0.7711833270638402,0.0003542733887501056,0.0003542733887501056,4.167922220589477
24090,0.0018821271706409475,0.002655038380991038,0.8924498759633741,0.012167633111507876,0.012806502371043665,0.8609413358684815,0.02400671734209274,0.013768858051844236,0.771364596741974,0.00035442051225041714,0.00035442051225041714,4.169653085299025
24100,0.0018799230588216996,0.0026554130800003103,0.8925758252101883,0.012154819784279309,0.012808680636672521,0.8610877738939509,0.023987696186990298,0.01377209164821165,0.7715457506000925,0.0003545676357507286,0.0003545676357507286,4.171383950008572
24110,0.0018777223638355516,0.0026557871981479552,0.8927015792093967,0.012142021021319786,0.01281085642637564,0.8612340454706312,0.023968687188694663,0.013775323177921909,0.7717267886790986,0.00035471475925104014,0.00035471475925104014,4.173114814718119
24120,0.0018755250860443447,0.0026561607353724603,0.8928271379403228,0.012129236820659323,0.01281302974048792,0.8613801506210365,0.023949690342911025,0.013778552641705126,0.771907711019895,0.00035486188275135166,0.00035486188275135166,4.1748456794276665
24130,0.0018733312258099205,0.0026565336916123125,0.8929525013822899,0.012116467180327932,0.012815200579344255,0.8615260893676809,0.023930705645344583,0.013781780040291423,0.772088517663385,0.00035500900625166313,0.00035500900625166313,4.176576544137213
24140,0.0018711407834941188,0.0026569060668059988,0.8930776695146214,0.012103712098355628,0.012817368943279547,0.8616718617330786,0.02391173309170052,0.013785005374410911,0.7722692086504712,0.00035515612975197465,0.00035515612975197465,4.17830740884676
24150,0.001868953759458781,0.0026572778608920065,0.8932026423166408,0.012090971572772419,0.012819534832628692,0.8618174677397439,0.02389277267768405,0.013788228644793713,0.7724497840220568,0.0003553032532522862,0.0003553032532522862,4.180038273556308
24160,0.0018667701540657478,0.002657649073808822,0.8933274197676713,0.01207824560160832,0.01282169824772659,0.8619629074101908,0.023873824399000355,0.013791449852169941,0.7726302438190443,0.00035545037675259765,0.00035545037675259765,4.181769138265854
24170,0.00186458996767686,0.002658019705494933,0.8934520018470363,0.012065534182893342,0.012823859188908137,0.8621081807669335,0.023854888251354626,0.013794668997269714,0.7728105880823369,0.00035559750025290917,0.00035559750025290917,4.183500002975402
24180,0.0018624132006539577,0.0026583897558888265,0.8935763885340592,0.012052837314657495,0.01282601765650823,0.862253287832486,0.02383596423045206,0.01379788608082315,0.7729908168528375,0.0003557446237532207,0.0003557446237532207,4.1852308676849495
24190,0.0018602398533588823,0.002658759224928989,0.8937005798080635,0.012040154994930802,0.012828173650861769,0.8623982286293626,0.023817052331997858,0.013801101103560365,0.7731709301714491,0.00035589174725353216,0.00035589174725353216,4.186961732394495
24200,0.001858069926153475,0.0026591281125539082,0.8938245756483725,0.012027487221743259,0.01283032717230365,0.8625430031800772,0.0237981525516972,0.013804314066211477,0.7733509280790744,0.0003560388707538437,0.0003560388707538437,4.188692597104043
24210,0.0018559034193995775,0.002659496418702071,0.8939483760343097,0.01201483399312489,0.012832478221168772,0.8626876115071442,0.023779264885255297,0.013807524969506602,0.7735308106166163,0.0003561859942541552,0.0003561859942541552,4.19042346181359
24220,0.0018537403334590277,0.0026598641433119644,0.894071980945198,0.012002195307105706,0.012834626797792034,0.8628320536330778,0.02376038932837733,0.013810733814175856,0.773710577824978,0.0003563331177544667,0.0003563331177544667,4.192154326523137
24230,0.0018515806686936684,0.0026602312863220753,0.8941953903603614,0.011989571161715715,0.012836772902508332,0.8629763295803919,0.0237415258767685,0.013813940600949356,0.773890229745062,0.00035648024125477826,0.00035648024125477826,4.193885191232685
24240,0.0018494244254653406,0.002660597847670891,0.8943186042591229,0.011976961554984938,0.012838916535652565,0.8631204393716009,0.023722674526133997,0.013817145330557222,0.7740697664177715,0.0003566273647550897,0.0003566273647550897,4.1956160559422315
24250,0.0018472716041358847,0.0026609638272968987,0.8944416226208062,0.011964366484943378,0.01284105769755963,0.8632643830292187,0.02370383527217902,0.013820348003729568,0.7742491878840094,0.0003567744882554012,0.0003567744882554012,4.197346920651778
24260,0.0018451222050671415,0.0026613292251385853,0.8945644454247346,0.011951785949621055,0.012843196388564425,0.8634081605757595,0.023685008110608755,0.013823548621196512,0.7744284941846786,0.0003569216117557127,0.0003569216117557127,4.199077785361326
24270,0.0018429762286209512,0.0026616940411344375,0.894687072650231,0.011939219947047972,0.01284533260900185,0.8635517720337377,0.023666193037128407,0.013826747183688173,0.7746076853606819,0.00035706873525602424,0.00035706873525602424,4.200808650070873
24280,0.0018408336751591556,0.0026620582752229427,0.8948095042766193,0.011926668475254146,0.012847466359206798,0.863695217425667,0.02364739004744316,0.013829943691934663,0.7747867614529224,0.0003572158587563357,0.0003572158587563357,4.20253951478042
24290,0.0018386945450435941,0.002662421927342588,0.8949317402832228,0.011914131532269598,0.012849597639514173,0.8638384967740619,0.023628599137258215,0.013833138146666105,0.7749657225023028,0.00035736298225664723,0.00035736298225664723,4.204270379489967
24300,0.0018365588386361092,0.0026627849974318607,0.8950537806493649,0.011901609116124322,0.01285172645025887,0.8639816101014365,0.023609820302278765,0.013836330548612611,0.7751445685497261,0.00035751010575695876,0.00035751010575695876,4.2060012441995145
24310,0.0018344265562985416,0.002663147485429247,0.8951756253543686,0.011889101224848347,0.012853852791775786,0.8641245574303048,0.023591053538209998,0.013839520898504301,0.7753232996360954,0.0003576572292572702,0.0003576572292572702,4.207732108909061
24320,0.0018322976983927305,0.002663509391273235,0.8952972743775579,0.011876607856471676,0.012855976664399818,0.8642673387831808,0.02357229884075712,0.013842709197071291,0.7755019158023133,0.00035780435275758175,0.00035780435275758175,4.209462973618608
24330,0.0018301722652805182,0.002663870714902311,0.8954187276982557,0.011864129009024331,0.012858098068465868,0.8644099541825793,0.02355355620562531,0.0138458954450437,0.7756804170892829,0.0003579514762578933,0.0003579514762578933,4.211193838328156
24340,0.00182804994018737,0.0026642315101681464,0.8955400034178643,0.01185166376711866,0.012860217159589833,0.8645524140900727,0.02353482559489047,0.01384907964886862,0.775858803858186,0.0003580985997582047,0.0003580985997582047,4.212924703037702
24350,0.0018259292981708814,0.0026645920193109495,0.8956611829616635,0.011839208024248532,0.012862334635877755,0.8646947654371598,0.023516106853323848,0.013852261834934945,0.7760370775873919,0.0003582457232585162,0.0003582457232585162,4.214655567747249
24360,0.0018238101669306756,0.0026649522716217845,0.8957822761753896,0.011826761282622566,0.01286445058195417,0.8648370139128854,0.02349739995880466,0.013855442007003208,0.7762152384875747,0.00035839284675882773,0.00035839284675882773,4.216386432456797
24370,0.0018216925466694857,0.002665312267066187,0.8959032830474577,0.01181432354133948,0.012866564997972294,0.864979159527549,0.023478704907519386,0.013858620165721704,0.7763932865950535,0.0003585399702591392,0.0003585399702591392,4.218117297166343
24380,0.0018195764375900445,0.0026656720056096915,0.8960242035662828,0.011801894799497998,0.012868677884085345,0.8651212022914517,0.02346002169565451,0.013861796311738733,0.7765712219461476,0.00035868709375945073,0.00035868709375945073,4.21984816187589
24390,0.0018174618398950856,0.002666031487217835,0.8961450377202805,0.011789475056196843,0.012870789240446542,0.8652631422148934,0.02344135031939652,0.013864970445702592,0.7767490445771761,0.00035883421725976225,0.00035883421725976225,4.221579026585438
24400,0.0018153487537873414,0.002666390711856151,0.8962657854978658,0.011777064310534739,0.0128728990672091,0.8654049793081747,0.023422690774931896,0.013868142568261578,0.7769267545244581,0.0003589813407600737,0.0003589813407600737,4.223309891294985
24410,0.0018132371794695452,0.0026667496794901767,0.8963864468874543,0.011764662561610408,0.012875007364526236,0.8655467135815956,0.02340404305844713,0.013871312680063988,0.777104351824313,0.00035912846426038524,0.00035912846426038524,4.225040756004532
24420,0.00181112711714443,0.002667108390085446,0.8965070218774608,0.011752269808522571,0.012877114132551168,0.8656883450454566,0.023385407166128695,0.013874480781758122,0.77728183651306,0.00035927558776069677,0.00035927558776069677,4.2267716207140795
24430,0.001809018567014729,0.0026674668436074953,0.8966275104563008,0.011739886050369953,0.012879219371437113,0.8658298737100578,0.023366783094163086,0.013877646873992277,0.7774592086270182,0.00035942271126100824,0.00035942271126100824,4.228502485423626
24440,0.0018069115292831748,0.0026678250400218595,0.8967479126123897,0.011727511286251274,0.01288132308133729,0.8659712995857001,0.02334817083873678,0.013880810957414747,0.7776364682025069,0.00035956983476131976,0.00035956983476131976,4.230233350133173
24450,0.001804806004152501,0.002668182979294074,0.8968682283341425,0.01171514551526526,0.01288342526240491,0.866112622682683,0.023329570396036267,0.013883973032673835,0.7778136152758451,0.0003597169582616313,0.0003597169582616313,4.231964214842721
24460,0.0018027019918254404,0.0026685406613896744,0.8969884576099745,0.011702788736510632,0.012885525914793198,0.8662538430113074,0.02331098176224803,0.013887133100417835,0.7779906498833522,0.00035986408176194275,0.00035986408176194275,4.233695079552267
24470,0.0018005994925047258,0.002668898086274196,0.8971086004283011,0.011690440949086113,0.012887625038655367,0.8663949605818733,0.02329240493355855,0.013890291161295046,0.7781675720613471,0.0003600112052622543,0.0003600112052622543,4.235425944261815
24480,0.0017984985063930906,0.002669255253913174,0.8972286567775374,0.011678102152090426,0.012889722634144634,0.8665359754046812,0.023273839906154316,0.013893447215953767,0.7783443818461494,0.0003601583287625658,0.0003601583287625658,4.237156808971362
24490,0.0017963990336932675,0.0026696121642721437,0.8973486266460986,0.011665772344622294,0.012891818701414216,0.8666768874900311,0.02325528667622181,0.013896601265042292,0.778521079274078,0.00036030545226287727,0.00036030545226287727,4.2388876736809085
24500,0.00179430107460799,0.002669968817316641,0.8974685100224002,0.011653451525780439,0.012893913240617332,0.8668176968482239,0.023236745239947516,0.013899753309208921,0.7786976643814522,0.0003604525757631888,0.0003604525757631888,4.240618538390456
24510,0.0017922046293399906,0.002670325213012201,0.8975883068948574,0.011641139694663584,0.012896006251907196,0.8669584034895593,0.023218215593517923,0.013902903349101953,0.7788741372045913,0.0003605996992635003,0.0003605996992635003,4.242349403100003
24520,0.0017901096980920026,0.0026706813513243588,0.8977080172518852,0.011628836850370451,0.012898097735437028,0.8670990074243379,0.02319969773311951,0.013906051385369683,0.7790504977798143,0.0003607468227638118,0.0003607468227638118,4.24408026780955
24530,0.0017880162810667592,0.0026710372322186504,0.8978276410818992,0.011616542991999762,0.012900187691360046,0.8672395086628601,0.023181191654938763,0.01390919741866041,0.7792267461434403,0.0003608939462641233,0.0003608939462641233,4.245811132519098
24540,0.001785924378466993,0.0026713928556606104,0.8979471783733143,0.011604258118650243,0.012902276119829465,0.867379907215426,0.023162697355162166,0.013912341449622431,0.7794028823317889,0.00036104106976443483,0.00036104106976443483,4.247541997228645
24550,0.0017838339904954375,0.002671748221615775,0.8980666291145462,0.011591982229420615,0.0129043630209985,0.867520203092336,0.02314421482997621,0.013915483478904044,0.7795789063811789,0.0003611881932647463,0.0003611881932647463,4.249272861938191
24560,0.0017817451173548252,0.002672103330049679,0.8981859932940097,0.0115797153234096,0.012906448395020373,0.8676603963038905,0.02312574407556737,0.013918623507153548,0.7797548183279299,0.0003613353167650578,0.0003613353167650578,4.251003726647739
24570,0.0017796577592478896,0.002672458180927858,0.8983052709001204,0.011567457399715922,0.012908532242048298,0.8678004868603897,0.02310728508812213,0.013921761535019238,0.7799306182083606,0.00036148244026536935,0.00036148244026536935,4.252734591357286
24580,0.0017775719163773637,0.0026728127742158474,0.8984244619212931,0.011555208457438302,0.012910614562235493,0.867940474772134,0.023088837863826983,0.013924897563149413,0.7801063060587906,0.0003616295637656808,0.0003616295637656808,4.254465456066833
24590,0.0017754875889459804,0.0026731671098791827,0.8985435663459437,0.011542968495675465,0.012912695355735176,0.8680803600494235,0.02307040239886841,0.01392803159219237,0.7802818819155389,0.00036177668726599234,0.00036177668726599234,4.25619632077638
24600,0.0017734047771564728,0.002673521187883399,0.8986625841624869,0.01153073751352613,0.012914774622700563,0.8682201427025588,0.023051978689432893,0.013931163622796408,0.7804573458149248,0.00036192381076630386,0.00036192381076630386,4.2579271854859275
24610,0.0017713234812115738,0.002673875008194032,0.8987815153593384,0.011518515510089025,0.01291685236328487,0.8683598227418399,0.02303356673170692,0.013934293655609824,0.7806326977932675,0.00036207093426661533,0.00036207093426661533,4.259658050195474
24620,0.0017692437013140164,0.0026742285707766164,0.898900359924913,0.011506302484462869,0.012918928577641318,0.8684994001775675,0.023015166521876972,0.013937421691280915,0.7808079378868861,0.00036221805776692686,0.00036221805776692686,4.261388914905021
24630,0.0017671654376665339,0.0026745818755966886,0.8990191178476263,0.011494098435746386,0.012921003265923119,0.8686388750200414,0.022996778056129534,0.01394054773045798,0.7809830661320997,0.0003623651812672384,0.0003623651812672384,4.263119779614569
24640,0.0017650886904718593,0.002674934922619783,0.8991377891158934,0.011481903363038297,0.012923076428283494,0.8687782472795625,0.022978401330651092,0.013943671773789315,0.7811580825652278,0.00036251230476754985,0.00036251230476754985,4.264850644324116
24650,0.0017630134599327255,0.002675287711811436,0.8992563737181296,0.01146971726543733,0.01292514806487566,0.8689175169664308,0.02296003634162813,0.013946793821923218,0.7813329872225891,0.00036265942826786137,0.00036265942826786137,4.266581509033663
24660,0.0017609397462518654,0.0026756402431371822,0.8993748716427502,0.0114575401420422,0.012927218175852831,0.8690566840909465,0.022941683085247137,0.013949913875507987,0.7815077801405035,0.0003628065517681729,0.0003628065517681729,4.2683123737432105
24670,0.0017588675496320123,0.0026759925165625574,0.8994932828781705,0.011445371991951635,0.012929286761368227,0.8691957486634101,0.02292334155769459,0.01395303193519192,0.7816824613552896,0.00036295367526848436,0.00036295367526848436,4.270043238452757
24680,0.001756796870275899,0.0026763445320530962,0.8996116074128053,0.011433212814264355,0.012931353821575065,0.8693347106941218,0.022905011755156975,0.013956148001623314,0.781857030903267,0.0003631007987687959,0.0003631007987687959,4.271774103162304
24690,0.001754727708386259,0.002676696289574335,0.8997298452350705,0.011421062608079086,0.012933419356626561,0.8694735701933822,0.02288669367382078,0.013959262075450467,0.7820314888207545,0.0003632479222691074,0.0003632479222691074,4.273504967871852
24700,0.0017526600641658246,0.002677047789091809,0.8998479963333811,0.011408921372494548,0.012935483366675932,0.8696123271714911,0.022868387309872486,0.013962374157321678,0.7822058351440716,0.0003633950457694189,0.0003633950457694189,4.275235832581398
24710,0.0017505939378173296,0.002677399030571053,0.8999660606961523,0.011396789106609463,0.012937545851876396,0.8697509816387492,0.02285009265949858,0.013965484247885242,0.7823800699095373,0.0003635421692697304,0.0003635421692697304,4.276966697290946
24720,0.0017485293295435064,0.0026777500139776034,0.9000840383117994,0.011384665809522557,0.01293960681238117,0.8698895336054567,0.022831809718885543,0.013968592347789457,0.782554193153471,0.00036368929277004193,0.00036368929277004193,4.278697562000493
24730,0.0017464662395470884,0.0026781007392769943,0.9002019291687374,0.011372551480332551,0.012941666248343472,0.870027983081914,0.022813538484219863,0.013971698457682624,0.7827282049121919,0.00036383641627035345,0.00036383641627035345,4.28042842671004
24740,0.0017444046680308086,0.0026784512064347617,0.9003197332553821,0.011360446118138167,0.012943724159916518,0.8701663300784213,0.022795278951688022,0.013974802578213036,0.7829021052220188,0.0003639835397706649,0.0003639835397706649,4.282159291419587
24750,0.0017423446151974,0.0026788014154164414,0.9004374505601483,0.01134834972203813,0.012945780547253524,0.8703045746052788,0.022777031117476507,0.013977904710028993,0.7830758941192714,0.00036413066327097644,0.00036413066327097644,4.283890156129134
24760,0.0017402860812495956,0.002679151366187568,0.9005550810714513,0.01133626229113116,0.012947835410507709,0.8704427166727869,0.022758794977771803,0.013981004853778794,0.7832495716402686,0.00036427778677128797,0.00036427778677128797,4.285621020838682
24770,0.0017382290663901284,0.0026795010587136775,0.9006726247777066,0.011324183824515981,0.012949888749832288,0.8705807562912461,0.02274057052876039,0.013984103010110735,0.7834231378213297,0.00036442491027159944,0.00036442491027159944,4.287351885548229
24780,0.0017361735708217316,0.002679850492960305,0.9007900816673294,0.011312114321291316,0.012951940565380482,0.8707186934709567,0.022722357766628756,0.013987199179673112,0.7835965926987738,0.00036457203377191096,0.00036457203377191096,4.2890827502577755
24790,0.001734119594747138,0.002680199668892986,0.9009074517287347,0.011300053780555886,0.012953990857305505,0.8708565282222187,0.022704156687563384,0.013990293363114225,0.7837699363089202,0.0003647191572722225,0.0003647191572722225,4.290813614967323
24800,0.0017320671383690808,0.0026805485864772557,0.9010247349503381,0.011288002201408418,0.012956039625760574,0.8709942605553326,0.02268596728775076,0.01399338556108237,0.783943168688088,0.00036486628077253395,0.00036486628077253395,4.29254447967687
24810,0.001730016201890293,0.0026808972456786495,0.9011419313205544,0.01127595958294763,0.01295808687089891,0.8711318904805988,0.022667789563377366,0.013996475774225848,0.7841162898725965,0.0003650134042728455,0.0003650134042728455,4.294275344386417
24820,0.0017279667855135076,0.002681245646462703,0.9012590408277992,0.011263925924272247,0.012960132592873723,0.8712694180083175,0.02264962351062969,0.013999564003192954,0.784289299898765,0.000365160527773157,0.000365160527773157,4.296006209095965
24830,0.0017259188894414577,0.0026815937887949516,0.9013760634604878,0.01125190122448099,0.012962176791838238,0.8714068431487889,0.022631469125694213,0.014002650248631983,0.7844621988029122,0.00036530765127346847,0.00036530765127346847,4.297737073805511
24840,0.0017238725138768762,0.00268194167264093,0.9014929992070352,0.011239885482672584,0.012964219467945666,0.8715441659123135,0.02261332640475742,0.01400573451119124,0.784634986621358,0.00036545477477378,0.00036545477477378,4.2994679385150585
24850,0.0017218276590224963,0.0026822892979661748,0.901609848055857,0.01122787869794575,0.012966260621349228,0.8716813863091917,0.022595195344005798,0.014008816791519014,0.784807663390421,0.0003656018982740915,0.0003656018982740915,4.301198803224605
24860,0.0017197843250810509,0.0026826366647362205,0.9017266099953682,0.011215880869399213,0.01296830025220214,0.8718185043497235,0.02257707593962583,0.01401189709026361,0.7849802291464206,0.000365749021774403,0.000365749021774403,4.302929667934152
24870,0.001717742512255273,0.002682983772916603,0.9018432850139841,0.011203891996131693,0.012970338360657618,0.8719555200442095,0.022558968187804,0.01401497540807332,0.7851526839256762,0.0003658961452747145,0.0003658961452747145,4.3046605326437
24880,0.001715702220747896,0.002683330622472857,0.9019598731001199,0.011191912077241914,0.01297237494686888,0.8720924334029498,0.02254087208472679,0.014018051745596446,0.7853250277645067,0.00036604326877502603,0.00036604326877502603,4.306391397353247
24890,0.0017136634507616526,0.0026836772133705185,0.902076374242191,0.0111799411118286,0.012974410010989144,0.8722292444362448,0.022522787626580693,0.014021126103481283,0.7854972606992315,0.0003661903922753375,0.0003661903922753375,4.308122262062794
24900,0.001711626202499276,0.002684023545575122,0.9021927884286124,0.011167979098990472,0.012976443553171626,0.8723659531543949,0.02250471480955218,0.014024198482376128,0.7856693827661697,0.000366337515775649,0.000366337515775649,4.3098531267723414
24910,0.0017095904761634988,0.0026843696190522043,0.9023091156477997,0.011156026037826252,0.012978475573569542,0.8725025595677002,0.022486653629827748,0.014027268882929282,0.7858413940016405,0.00036648463927596055,0.00036648463927596055,4.311583991481888
24920,0.0017075562719570548,0.0026847154337673,0.9024253558881681,0.011144081927434666,0.012980506072336112,0.8726390636864612,0.022468604083593878,0.01403033730578904,0.7860132944419631,0.000366631762776272,0.000366631762776272,4.313314856191435
24930,0.0017055235900826763,0.0026850609896859443,0.9025415091381325,0.011132146766914432,0.012982535049624553,0.8727754655209782,0.02245056616703705,0.014033403751603701,0.7861850841234567,0.00036677888627658354,0.00036677888627658354,4.315045720900983
24940,0.0017034924307430968,0.002685406286773673,0.9026575753861085,0.011120220555364277,0.012984562505588078,0.8729117650815513,0.022432539876343752,0.014036468221021562,0.7863567630824405,0.00036692600977689506,0.00036692600977689506,4.31677658561053
24950,0.001701462794141049,0.002685751324996021,0.9027735546205112,0.01110830329188292,0.012986588440379908,0.873047962378481,0.02241452520770047,0.01403953071469092,0.7865283313552337,0.00036707313327720653,0.00036707313327720653,4.318507450320077
24960,0.0016994346804792664,0.002686096104318524,0.9028894468297559,0.011096394975569088,0.01298861285415326,0.8731840574220678,0.022396522157293684,0.014042591233260075,0.7866997889781555,0.00036722025677751806,0.00036722025677751806,4.3202383150296235
24970,0.0016974080899604814,0.0026864406247067174,0.9030052520022579,0.0110844956055215,0.01299063574706135,0.8733200502226117,0.02237853072130988,0.01404564977737732,0.7868711359875249,0.0003673673802778296,0.0003673673802778296,4.321969179739171
24980,0.0016953830227874277,0.0026867848861261367,0.9031209701264323,0.011072605180838883,0.012992657119257395,0.873455940790413,0.022360550895935548,0.014048706347690957,0.7870423724196615,0.00036751450377814105,0.00036751450377814105,4.323700044448718
24990,0.0016933594791628378,0.002687128888542317,0.9032366011906947,0.011060723700619956,0.012994676970894613,0.8735917291357721,0.022342582677357163,0.014051760944849282,0.7872134983108842,0.00036766162727845257,0.00036766162727845257,4.325430909158265
25000,0.001691337459289445,0.0026874726319207937,0.9033521451834601,0.01104885116396344,0.01299669530212622,0.8737274152689894,0.022324626061761218,0.014054813569500594,0.7873845136975122,0.0003678087507787641,0.0003678087507787641,4.327161773867813
25010,0.0016893169633699825,0.002687816116227102,0.9034676020931435,0.011036987569968064,0.012998712113105434,0.8738629992003651,0.02230668104533419,0.014057864222293187,0.7875554186158648,0.00036795587427907556,0.00036795587427907556,4.32889263857736
25020,0.001687297991607183,0.002688159341426778,0.9035829719081606,0.011025132917732544,0.013000727403985474,0.8739984809401998,0.02228874762426257,0.014060912903875364,0.7877262131022613,0.0003681029977793871,0.0003681029977793871,4.3306235032869065
25030,0.0016852805442037796,0.002688502307485357,0.9036982546169265,0.011013287206355608,0.013002741174919553,0.8741338604987934,0.02227082579473284,0.014063959614895418,0.7878968971930207,0.0003682501212796986,0.0003682501212796986,4.332354367996454
25040,0.0016832646213625054,0.0026888450143683733,0.9038134502078565,0.011001450434935977,0.013004753426060889,0.8742691378864461,0.022252915552931483,0.014067004356001648,0.788067470924462,0.0003683972447800101,0.0003683972447800101,4.334085232706
25050,0.0016812502232860934,0.0026891874620413635,0.9039285586693658,0.010989622602572371,0.013006764157562703,0.8744043131134589,0.022235016895044982,0.014070047127842353,0.7882379343329049,0.0003685443682803216,0.0003685443682803216,4.335816097415548
25060,0.0016792373501772768,0.0026895296504698624,0.9040435799898696,0.010977803708363518,0.013008773369578208,0.8745393861901315,0.022217129817259828,0.01407308793106583,0.7884082874546684,0.00036869149178063313,0.00036869149178063313,4.337546962125096
25070,0.0016772260022387883,0.0026898715796194054,0.9041585141577833,0.010965993751408136,0.013010781062260623,0.8746743571267644,0.0221992543157625,0.014076126766320375,0.7885785303260715,0.0003688386152809446,0.0003688386152809446,4.339277826834642
25080,0.0016752161796733615,0.0026902132494555277,0.9042733611615218,0.010954192730804951,0.013012787235763164,0.874809225933658,0.022181390386739483,0.014079163634254288,0.7887486629834336,0.0003689857387812561,0.0003689857387812561,4.3410086915441894
25090,0.0016732078826837285,0.0026905546599437654,0.9043881209895009,0.010942400645652682,0.013014791890239049,0.8749439926211124,0.022163538026377265,0.014082198535515865,0.7889186854630738,0.00036913286228156764,0.00036913286228156764,4.342739556253736
25100,0.0016712011114726234,0.0026908958110496532,0.9045027936301354,0.010930617495050057,0.013016795025841497,0.8750786571994282,0.022145697230862328,0.014085231470753405,0.7890885978013112,0.0003692799857818791,0.0003692799857818791,4.344470420963283
25110,0.0016691958662427785,0.002691236702738727,0.9046173790718409,0.010918843278095794,0.01301879664272372,0.8752132196789054,0.022127867996381154,0.014088262440615205,0.7892584000344652,0.00036942710928219064,0.00036942710928219064,4.346201285672831
25120,0.0016671921471969272,0.0026915773349765215,0.9047318773030323,0.010907077993888617,0.013020796741038941,0.8753476800698448,0.02211005031912023,0.014091291445749561,0.7894280921988549,0.00036957423278250216,0.00036957423278250216,4.347932150382378
25130,0.0016651899545378024,0.002691917707728573,0.9048462883121253,0.01089532164152725,0.013022795320940373,0.875482038382546,0.022092244195266043,0.014094318486804773,0.7895976743307996,0.00036972135628281363,0.00036972135628281363,4.349663015091925
25140,0.001663189288468137,0.002692257820960416,0.9049606120875346,0.010883574220110414,0.013024792382581234,0.8756162946273097,0.022074449621005073,0.014097343564429137,0.7897671464666184,0.00036986847978312515,0.00036986847978312515,4.351393879801472
25150,0.0016611901491906643,0.0026925976746375864,0.905074848617676,0.010871835728736835,0.013026787926114744,0.8757504488144364,0.022056666592523807,0.014100366679270953,0.7899365086426304,0.0003700156032834367,0.0003700156032834367,4.353124744511019
25160,0.0016591925369081172,0.0026929372687256193,0.9051889978909644,0.010860106166505231,0.013028781951694116,0.8758845009542262,0.02203889510600873,0.014103387831978516,0.7901057608951549,0.00037016272678374814,0.00037016272678374814,4.354855609220566
25170,0.0016571964518232289,0.0026932766031900505,0.9053030598958152,0.010848385532514328,0.01303077445947257,0.8760184510569793,0.02202113515764632,0.014106407023200125,0.7902749032605112,0.00037030985028405967,0.00037030985028405967,4.356586473930113
25180,0.001655201894138732,0.002693615677996415,0.9054170346206437,0.010836673825862848,0.013032765449603322,0.8761522991329963,0.022003386743623073,0.014109424253584078,0.7904439357750184,0.0003704569737843712,0.0003704569737843712,4.358317338639661
25190,0.00165320886405736,0.002693954493110248,0.9055309220538648,0.010824971045649513,0.013034754922239588,0.8762860451925772,0.021985649860125463,0.014112439523778672,0.7906128584749957,0.00037060409728468266,0.00037060409728468266,4.360048203349208
25200,0.0016512173617818458,0.0026942930484970856,0.9056447221838944,0.010813277190973048,0.013036742877534587,0.8764196892460225,0.02196792450333998,0.014115452834432204,0.7907816713967621,0.0003707512207849942,0.0003707512207849942,4.3617790680587545
25210,0.0016492273875149221,0.0026946313441224626,0.905758434999147,0.010801592260932172,0.013038729315641536,0.8765532313036325,0.021950210669453105,0.014118464186192971,0.7909503745766371,0.0003708983442853057,0.0003708983442853057,4.363509932768302
25220,0.0016472389414593225,0.0026949693799519143,0.9058720604880384,0.01078991625462561,0.013040714236713652,0.8766866713757075,0.021932508354651326,0.014121473579709274,0.7911189680509397,0.0003710454677856172,0.0003710454677856172,4.365240797477849
25230,0.0016452520238177796,0.0026953071559509766,0.9059855986389836,0.010778249171152086,0.01304269764090415,0.8768200094725478,0.021914817555121126,0.014124481015629409,0.7912874518559893,0.0003711925912859287,0.0003711925912859287,4.366971662187396
25240,0.0016432666347930267,0.002695644672085185,0.9060990494403981,0.010766591009610322,0.01304467952836625,0.8769532456044536,0.02189713826704899,0.014127486494601672,0.7914558260281048,0.0003713397147862402,0.0003713397147862402,4.368702526896944
25250,0.0016412827745877967,0.0026959819283200737,0.9062124128806969,0.010754941769099038,0.013046659899253169,0.8770863797817254,0.021879470486621404,0.014130490017274362,0.7916240906036057,0.0003714868382865517,0.0003714868382865517,4.370433391606491
25260,0.0016393004434048226,0.0026963189246211796,0.9063256889482956,0.010743301448716958,0.013048638753718122,0.8772194120146636,0.02186181421002485,0.014133491584295776,0.791792245618811,0.0003716339617868632,0.0003716339617868632,4.3721642563160374
25270,0.0016373196414468376,0.002696655660954037,0.906438877631609,0.010731670047562808,0.013050616091914328,0.8773523423135682,0.021844169433445807,0.014136491196314212,0.79196029111004,0.00037178108528717474,0.00037178108528717474,4.373895121025585
25280,0.0016353403689165747,0.0026969921372841815,0.9065519789190526,0.010720047564735307,0.013052591913995003,0.8774851706887397,0.021826536153070772,0.014139488853977969,0.7921282271136116,0.0003719282087874862,0.0003719282087874862,4.375625985735131
25290,0.0016333626260167668,0.002697328353577149,0.9066649927990416,0.010708433999333179,0.013054566220113365,0.8776178971504782,0.021808914365086217,0.014142484557935342,0.7922960536658455,0.00037207533228779773,0.00037207533228779773,4.377356850444679
25300,0.001631386412950147,0.0026976643097984744,0.9067779192599913,0.010696829350455146,0.01305653901042263,0.8777505217090843,0.021791304065678637,0.014145478308834633,0.7924637708030606,0.00037222245578810926,0.00037222245578810926,4.379087715154226
25310,0.0016294117299194483,0.002698000005913693,0.9068907582903168,0.010685233617199932,0.013058510285076017,0.8778830443748582,0.02177370525103451,0.014148470107324134,0.7926313785615762,0.0003723695792884207,0.0003723695792884207,4.380818579863773
25320,0.0016274385771274037,0.0026983354418883406,0.9070035098784338,0.010673646798666258,0.013060480044226741,0.8780154651581001,0.021756117917340324,0.014151459954052146,0.7927988769777112,0.00037251670278873225,0.00037251670278873225,4.38254944457332
25330,0.0016254669547767465,0.0026986706176879522,0.907116174012757,0.01066206889395285,0.01306244828802802,0.8781477840691105,0.02173854206078256,0.014154447849666966,0.7929662660877852,0.00037266382628904377,0.00037266382628904377,4.384280309282867
25340,0.0016234968630702094,0.0026990055332780636,0.907228750681702,0.010650499902158427,0.013064415016633073,0.8782800011181897,0.0217209776775477,0.014157433794816892,0.7931335459281172,0.00037281094978935524,0.00037281094978935524,4.386011173992414
25350,0.0016215283022105256,0.0026993401886242097,0.9073412398736839,0.010638939822381713,0.013066380230195114,0.8784121163156378,0.021703424763822237,0.01416041779015022,0.7933007165350263,0.00037295807328966676,0.00037295807328966676,4.387742038701962
25360,0.0016195612724004282,0.0026996745836919264,0.907453641577118,0.010627388653721433,0.013068343928867363,0.8785441296717553,0.021685883315792652,0.01416339983631525,0.7934677779448319,0.0003731051967899783,0.0003731051967899783,4.389472903411509
25370,0.00161759577384265,0.0027000087184467485,0.9075659557804195,0.010615846395276305,0.013070306112803033,0.8786760411968424,0.021668353329645427,0.014166379933960277,0.7936347301938531,0.00037325232029028976,0.00037325232029028976,4.391203768121056
25380,0.0016156318067399244,0.002700342592854212,0.9076781824720039,0.010604313046145057,0.013072266782155346,0.8788078509011996,0.021650834801567046,0.014169358083733602,0.7938015733184091,0.0003733994437906013,0.0003733994437906013,4.392934632830603
25390,0.001613669371294984,0.002700676206879852,0.9077903216402864,0.010592788605426407,0.013074225937077516,0.878939558795127,0.021633327727743998,0.014172334286283521,0.7939683073548192,0.0003735465672909128,0.0003735465672909128,4.39466549754015
25400,0.0016117084677105622,0.0027010095604892035,0.9079023732736817,0.010581273072219082,0.013076183577722762,0.8790711648889251,0.021615832104362766,0.01417530854225833,0.7941349323394022,0.00037369369079122433,0.00037369369079122433,4.396396362249698
25410,0.001609749096189392,0.002701342653647803,0.9080143373606059,0.010569766445621801,0.013078139704244299,0.8792026691928939,0.02159834792760983,0.01417828085230633,0.7943014483084778,0.0003738408142915358,0.0003738408142915358,4.398127226959244
25420,0.001607791256934206,0.0027016754863211844,0.9081262138894737,0.01055826872473329,0.013080094316795346,0.879334071717334,0.021580875193671682,0.014181251217075815,0.7944678552983649,0.0003739879377918473,0.0003739879377918473,4.399858091668792
25430,0.0016058349501477378,0.002702008058474884,0.9082380028487004,0.010546779908652269,0.01308204741552912,0.8794653724725457,0.0215634138987348,0.014184219637215084,0.7946341533453829,0.0003741350612921588,0.0003741350612921588,4.401588956378339
25440,0.00160388017603272,0.002702340370074437,0.9083497042267014,0.010535299996477461,0.013083999000598838,0.8795965714688293,0.02154596403898567,0.014187186113372437,0.7948003424858509,0.0003742821847924703,0.0003742821847924703,4.403319821087885
25450,0.0016019269347918859,0.0027026724210853785,0.9084613180118919,0.010523828987307592,0.013085949072157715,0.8797276687164849,0.021528525610610777,0.014190150646196168,0.7949664227560879,0.00037442930829278184,0.00037442930829278184,4.405050685797433
25460,0.0015999752266279686,0.0027030042114732445,0.9085728441926871,0.01051236688024138,0.013087897630358971,0.879858664225813,0.021511098609796605,0.014193113236334577,0.7951323941924133,0.00037457643179309336,0.00037457643179309336,4.40678155050698
25470,0.0015980250517437008,0.00270333574120357,0.9086842827575026,0.010500913674377553,0.013089844675355821,0.8799895580071139,0.02149368303272964,0.014196073884435962,0.7952982568311464,0.00037472355529340483,0.00037472355529340483,4.408512415216527
25480,0.001596076410341816,0.0027036670102418905,0.908795633694753,0.010489469368814827,0.013091790207301484,0.8801203500706879,0.021476278875596368,0.014199032591148618,0.7954640107086061,0.00037487067879371635,0.00037487067879371635,4.410243279926075
25490,0.0015941293026250467,0.0027039980185537414,0.9089068969928542,0.010478033962651932,0.013093734226349176,0.8802510404268352,0.021458886134583268,0.014201989357120845,0.7956296558611117,0.0003750178022940279,0.0003750178022940279,4.4119741446356215
25500,0.0015921837287961264,0.0027043287661046578,0.9090180726402209,0.010466607454987585,0.013095676732652117,0.8803816290858565,0.02144150480587683,0.01420494418300094,0.7957951923249826,0.00037516492579433934,0.00037516492579433934,4.413705009345168
25510,0.0015902396890577878,0.0027046592528601754,0.909129160625269,0.010455189844920512,0.013097617726363519,0.8805121160580515,0.021424134885663533,0.0142078970694372,0.7959606201365378,0.00037531204929465087,0.00037531204929465087,4.415435874054716
25520,0.0015882971836127641,0.0027049894787858292,0.9092401609364131,0.010443781131549434,0.013099557207636602,0.8806425013537209,0.021406776370129867,0.014210848017077922,0.7961259393320965,0.0003754591727949624,0.0003754591727949624,4.417166738764263
25530,0.0015863562126637884,0.002705319443847155,0.9093510735620688,0.010432381313973076,0.013101495176624582,0.8807727849831651,0.021389429255462312,0.014213797026571407,0.796291149947978,0.00037560629629527386,0.00037560629629527386,4.41889760347381
25540,0.0015844167764135935,0.0027056491480096883,0.9094618984906514,0.010420990391290158,0.013103431633480678,0.8809029669566841,0.02137209353784736,0.01421674409856595,0.7964562520205014,0.0003757534197955854,0.0003757534197955854,4.420628468183357
25550,0.0015824788750649127,0.002705978591238964,0.909572635710576,0.010409608362599403,0.013105366578358106,0.8810330472845784,0.021354769213471483,0.014219689233709849,0.796621245585986,0.0003759005432958969,0.0003759005432958969,4.4223593328929045
25560,0.001580542508820479,0.002706307773500518,0.909683285210258,0.010398235226999536,0.013107300011410083,0.8811630259771484,0.021337456278521173,0.014222632432651401,0.7967861306807508,0.0003760476667962084,0.0003760476667962084,4.424090197602451
25570,0.0015786076778830252,0.002706636694759885,0.9097938469781125,0.010386870983589279,0.013109231932789829,0.8812929030446942,0.021320154729182916,0.014225573696038904,0.7969509073411151,0.0003761947902965199,0.0003761947902965199,4.425821062311998
25580,0.0015766743824552844,0.002706965354982601,0.9099043210025548,0.010375515631467352,0.013111162342650556,0.8814226784975163,0.021302864561643195,0.014228513024520658,0.7971155756033982,0.0003763419137968314,0.0003763419137968314,4.427551927021546
25590,0.0015747426227399899,0.0027072937541342008,0.9100147072720002,0.010364169169732481,0.013113091241145484,0.8815523523459148,0.02128558577208849,0.014231450418744957,0.7972801355039191,0.0003764890372971429,0.0003764890372971429,4.429282791731093
25600,0.0015728123989398744,0.0027076218921802207,0.910125005774864,0.010352831597483387,0.01311501862842783,0.8816819246001901,0.02126831835670529,0.0142343858793601,0.7974445870789972,0.0003766361607974544,0.0003766361607974544,4.43101365644064
25610,0.0015708837112576712,0.002707949769086195,0.9102352164995613,0.010341502913818794,0.013116944504650811,0.8818113952706426,0.021251062311680082,0.014237319407014386,0.7976089303649516,0.00037678328429776594,0.00037678328429776594,4.4327445211501875
25620,0.0015689565598961132,0.00270827738481766,0.9103453394345075,0.010330183117837424,0.013118868869967644,0.8819407643675725,0.021233817633199346,0.01424025100235611,0.7977731653981015,0.0003769304077980774,0.0003769304077980774,4.434475385859734
25630,0.0015670309450579335,0.0027086047393401506,0.9104553745681178,0.010318872208637999,0.013120791724531546,0.8820700319012803,0.021216584317449567,0.014243180666033573,0.797937292214766,0.00037707753129838893,0.00037707753129838893,4.436206250569281
25640,0.001565106866945865,0.0027089318326192022,0.9105653218888073,0.010307570185319245,0.013122713068495735,0.8821991978820661,0.02119936236061723,0.01424610839869507,0.7981013108512645,0.00037722465479870046,0.00037722465479870046,4.437937115278829
25650,0.0015631843257626408,0.0027092586646203505,0.9106751813849916,0.01029627704697988,0.013124632902013426,0.8823282623202302,0.02118215175888882,0.014249034200988902,0.7982652213439161,0.0003773717782990119,0.0003773717782990119,4.439667979988375
25660,0.001561263321710994,0.0027095852353091303,0.9107849530450858,0.010284992792718628,0.013126551225237839,0.8824572252260731,0.02116495250845082,0.01425195807356336,0.7984290237290399,0.00037751890179932345,0.00037751890179932345,4.441398844697923
25670,0.0015593438549936578,0.0027099115446510775,0.9108946368575049,0.010273717421634214,0.013128468038322188,0.8825860866098949,0.021147764605489717,0.014254880017066748,0.7985927180429551,0.00037766602529963497,0.00037766602529963497,4.4431297094074695
25680,0.0015574259258133649,0.0027102375926117274,0.9110042328106646,0.01026245093282536,0.013130383341419694,0.882714846481996,0.021130588046191993,0.014257800032147362,0.7987563043219811,0.00037781314879994644,0.00037781314879994644,4.444860574117016
25690,0.0015555095343728483,0.002710563379156615,0.9111137408929797,0.010251193325390786,0.013132297134683571,0.8828435048526769,0.02111342282674413,0.014260718119453498,0.7989197826024369,0.00037796027230025796,0.00037796027230025796,4.446591438826564
25700,0.0015535946808748415,0.002710888904251276,0.9112231610928658,0.01023994459842922,0.013134209418267038,0.8829720617322376,0.02109626894333262,0.014263634279633454,0.7990831529206417,0.0003781073958005695,0.0003781073958005695,4.448322303536111
25710,0.001551681365522077,0.002711214167861246,0.9113324933987382,0.01022870475103938,0.013136120192323311,0.8831005171309787,0.021079126392143942,0.014266548513335529,0.7992464153129148,0.00037825451930088096,0.00037825451930088096,4.450053168245658
25720,0.0015497695885172882,0.0027115391699520605,0.9114417377990119,0.01021747378231999,0.013138029457005608,0.8832288710592004,0.021061995169364585,0.014269460821208021,0.7994095698155754,0.0003784016428011925,0.0003784016428011925,4.451784032955206
25730,0.001547859350063208,0.002711863910489254,0.9115508942821021,0.010206251691369773,0.013139937212467144,0.8833571235272029,0.021044875271181027,0.014272371203899226,0.7995726164649426,0.000378548766301504,0.000378548766301504,4.4535148976647525
25740,0.0015459506503625693,0.0027121883894383626,0.9116599628364243,0.010195038477287453,0.013141843458861139,0.8834852745452865,0.021027766693779756,0.014275279662057442,0.7997355552973358,0.0003786958898018155,0.0003786958898018155,4.455245762374299
25750,0.0015440434896181053,0.0027125126067649215,0.9117689434503937,0.01018383413917175,0.013143748196340808,0.8836133241237516,0.021010669433347257,0.014278186196330967,0.7998983863490738,0.000378843013302127,0.000378843013302127,4.456976627083847
25760,0.0015421378680325493,0.002712836562434466,0.9118778361124255,0.01017263867612139,0.01314565142505937,0.8837412722728986,0.02099358348607001,0.0142810908073681,0.8000611096564761,0.0003789901368024385,0.0003789901368024385,4.458707491793394
25770,0.0015402337858086339,0.0027131602564125314,0.911986640810935,0.010161452087235092,0.01314755314517004,0.8838691190030278,0.020976508848134505,0.014283993495817134,0.8002237252558618,0.00037913726030275,0.00037913726030275,4.460438356502941
25780,0.001538331243149092,0.0027134836886646536,0.9120953575343372,0.01015027437161158,0.013149453356826036,0.8839968643244392,0.02095944551572723,0.014286894262326372,0.8003862331835503,0.0003792843838030615,0.0003792843838030615,4.462169221212488
25790,0.0015364302402566573,0.0027138068591563676,0.9122039862710478,0.01013910552834958,0.013151352060180577,0.8841245082474336,0.020942393485034655,0.01428979310754411,0.8005486334758605,0.00037943150730337304,0.00037943150730337304,4.4639000859220355
25800,0.0015345307773340622,0.0027141297678532086,0.9123125270094818,0.01012794555654781,0.013153249255386877,0.8842520507823108,0.02092535275224328,0.014292690032118643,0.8007109261691117,0.00037957863080368456,0.00037957863080368456,4.465630950631582
25810,0.0015326328545840402,0.0027144524147207126,0.9124209797380546,0.010116794455304997,0.013155144942598156,0.8843794919393717,0.02090832331353958,0.014295585036698272,0.8008731112996231,0.00037972575430399603,0.00037972575430399603,4.467361815341129
25820,0.001530736472209324,0.0027147747997244144,0.9125293444451812,0.01010565222371986,0.01315703912196763,0.8845068317289161,0.020891305165110043,0.014298478121931293,0.8010351889037138,0.00037987287780430755,0.00037987287780430755,4.469092680050677
25830,0.0015288416304126467,0.002715096922829849,0.9126376211192769,0.010094518860891124,0.013158931793648514,0.8846340701612445,0.020874298303141154,0.014301369288466004,0.8011971590177034,0.0003800200013046191,0.0003800200013046191,4.470823544760224
25840,0.0015269483293967414,0.0027154187840025532,0.9127458097487573,0.010083394365917512,0.013160822957794029,0.8847612072466573,0.020857302723819394,0.014304258536950703,0.8013590216779106,0.00038016712480493054,0.00038016712480493054,4.472554409469771
25850,0.0015250565693643412,0.002715740383208061,0.9128539103220372,0.010072278737897745,0.01316271261455739,0.8848882429954547,0.020840318423331252,0.014307145868033687,0.8015207769206548,0.00038031424830524207,0.00038031424830524207,4.474285274179318
25860,0.0015231663505181792,0.0027160617204119086,0.9129619228275322,0.010061171975930545,0.013164600764091813,0.8850151774179368,0.020823345397863208,0.014310031282363255,0.8016824247822553,0.0003804613718055536,0.0003804613718055536,4.476016138888865
25870,0.0015212776730609882,0.0027163827955796315,0.9130698472536576,0.01005007407911464,0.013166487406550516,0.8851420105244043,0.020806383643601753,0.014312914780587702,0.8018439652990309,0.00038060849530586506,0.00038060849530586506,4.477747003598412
25880,0.0015193905371955012,0.002716703608676764,0.9131776835888281,0.010038985046548746,0.013168372542086719,0.8852687423251574,0.020789433156733362,0.014315796363355329,0.8020053985073013,0.0003807556188061766,0.0003807556188061766,4.47947786830796
25890,0.0015175049431244514,0.0027170241596688426,0.9132854318214596,0.01002790487733159,0.013170256170853635,0.8853953728304963,0.020772493933444526,0.014318676031314431,0.8021667244433855,0.0003809027423064881,0.0003809027423064881,4.481208733017507
25900,0.001515620891050572,0.002717344448521402,0.9133930919399669,0.010016833570561892,0.013172138293004483,0.8855219020507213,0.02075556596992173,0.014321553785113307,0.8023279431436027,0.0003810498658067996,0.0003810498658067996,4.482939597727054
25910,0.0015137383811765956,0.002717664475199978,0.9135006639327657,0.010005771125338379,0.013174018908692482,0.8856483299961331,0.020738649262351458,0.014324429625400252,0.8024890546442718,0.0003811969893071111,0.0003811969893071111,4.4846704624366005
25920,0.0015118574137052555,0.002717984239670106,0.9136081477882709,0.009994717540759769,0.013175898018070845,0.8857746566770316,0.02072174380692019,0.014327303552823568,0.8026500589817125,0.0003813441128074226,0.0003813441128074226,4.486401327146148
25930,0.0015099779888392848,0.002718303741897321,0.9137155434948977,0.009983672815924785,0.013177775621292792,0.885900882103717,0.020704849599814414,0.01433017556803155,0.8028109561922437,0.0003814912363077341,0.0003814912363077341,4.488132191855695
25940,0.0015081001067814165,0.0027186229818471587,0.9138228510410616,0.009972636949932154,0.013179651718511539,0.8860270062864899,0.020687966637220615,0.014333045671672496,0.8029717463121847,0.0003816383598080456,0.0003816383598080456,4.489863056565242
25950,0.0015062237677343836,0.002718941959485154,0.9139300704151777,0.009961609941880596,0.013181526309880304,0.8861530292356505,0.020671094915325275,0.014335913864394704,0.8031324293778546,0.00038178548330835714,0.00038178548330835714,4.49159392127479
25960,0.0015043489719009189,0.002719260674776843,0.9140372016056615,0.009950591790868834,0.013183399395552305,0.8862789509614993,0.02065423443031488,0.014338780146846471,0.8032930054255726,0.0003819326068086686,0.0003819326068086686,4.493324785984337
25970,0.0015024757194837556,0.0027195791276877607,0.9141442446009278,0.009939582495995589,0.013185270975680756,0.8864047714743364,0.020637385178375916,0.014341644519676094,0.8034534744916579,0.00038207973030898013,0.00038207973030898013,4.4950556506938835
25980,0.001500604010685627,0.0027198973181834425,0.9142511993893924,0.009928582056359585,0.013187141050418875,0.8865304907844621,0.020620547155694863,0.014344506983531874,0.8036138366124299,0.00038222685380929166,0.00038222685380929166,4.496786515403431
25990,0.001498733845709266,0.0027202152462294242,0.9143580659594702,0.009917590471059548,0.013189009619919883,0.8866561089021769,0.020603720358458213,0.014347367539062104,0.8037740918242074,0.0003823739773096031,0.0003823739773096031,4.498517380112977
26000,0.0014968652247574054,0.0027205329117912405,0.9144648442995766,0.009906607739194195,0.013190876684336992,0.8867816258377809,0.020586904782852442,0.014350226186915085,0.80393424016331,0.00038252110080991465,0.00038252110080991465,4.500248244822525
26010,0.0014949981480327783,0.002720850314834427,0.9145715343981267,0.009895633859862253,0.013192742243823422,0.8869070416015745,0.02057010042506404,0.014353082927739114,0.8040942816660568,0.00038266822431022617,0.00038266822431022617,4.501979109532073
26020,0.001493132615738118,0.002721167455324519,0.9146781362435358,0.009884668832162442,0.01319460629853239,0.887032356203858,0.02055330728127949,0.014355937762182486,0.8042542163687667,0.00038281534781053764,0.00038281534781053764,4.503709974241619
26030,0.0014912686280761573,0.0027214843332270524,0.9147846498242193,0.009873712655193488,0.013196468848617113,0.8871575696549319,0.020536525347685273,0.014358790690893504,0.8044140443077593,0.00038296247131084916,0.00038296247131084916,4.505440838951166
26040,0.0014894061852496292,0.0027218009485075623,0.9148910751285924,0.00986276532805411,0.013198329894230807,0.8872826819650961,0.02051975462046788,0.014361641714520462,0.8045737655193536,0.0003831095948111607,0.0003831095948111607,4.507171703660713
26050,0.0014875452874612669,0.0027221173011315837,0.91499741214507,0.009851826849843034,0.01320018943552669,0.8874076931446513,0.02050299509581379,0.014364490833711656,0.8047333800398686,0.00038325671831147216,0.00038325671831147216,4.50890256837026
26060,0.0014856859349138035,0.0027224333910646527,0.9151036608620681,0.00984089721965898,0.013202047472657978,0.8875326032038975,0.02048624676990949,0.014367338049115387,0.804892887905624,0.0003834038418117837,0.0003834038418117837,4.510633433079808
26070,0.0014838281278099718,0.002722749218272304,0.9152098212680012,0.009829976436600671,0.013203904005777891,0.8876574121531354,0.020469509638941463,0.014370183361379952,0.8050522891529386,0.0003835509653120952,0.0003835509653120952,4.512364297789355
26080,0.0014819718663525048,0.0027230647827200735,0.915315893351285,0.009819064499766833,0.013205759035039644,0.8877821200026651,0.020452783699096196,0.014373026771153647,0.8052115838181315,0.00038369808881240667,0.00038369808881240667,4.514095162498902
26090,0.001480117150744136,0.002723380084373496,0.9154218771003347,0.009808161408256183,0.013207612560596453,0.8879067267627867,0.020436068946560172,0.014375868279084771,0.8053707719375222,0.0003838452123127182,0.0003838452123127182,4.515826027208449
26100,0.0014782639811875978,0.0027236951231981075,0.9155277725035654,0.00979726716116745,0.013209464582601539,0.8880312324438008,0.020419365377519875,0.014378707885821622,0.8055298535474298,0.0003839923358130297,0.0003839923358130297,4.517556891917996
26110,0.0014764123578856233,0.0027240098991594434,0.9156335795493926,0.009786381757599352,0.013211315101208116,0.8881556370560076,0.020402672988161792,0.014381545592012495,0.8056888286841734,0.0003841394593133412,0.0003841394593133412,4.519287756627543
26120,0.0014745622810409462,0.0027243244122230384,0.9157392982262313,0.009775505196650615,0.013213164116569401,0.8882799406097075,0.020385991774672402,0.014384381398305692,0.8058476973840724,0.0003842865828136527,0.0003842865828136527,4.52101862133709
26130,0.001472713750856299,0.0027246386623544284,0.9158449285224969,0.00976463747741996,0.013215011628838612,0.8884041431152007,0.020369321733238195,0.014387215305349508,0.8060064596834459,0.00038443370631396424,0.00038443370631396424,4.522749486046638
26140,0.0014708667675344149,0.0027249526495191486,0.9159504704266046,0.00975377859900611,0.013216857638168968,0.8885282445827876,0.020352662860045653,0.01439004731379224,0.8061651156186129,0.0003845808298142757,0.0003845808298142757,4.524480350756185
26150,0.0014690213312780268,0.0027252663736827346,0.9160559239269696,0.009742928560507787,0.01321870214471368,0.8886522450227684,0.02033601515128126,0.014392877424282186,0.8063236652258927,0.00038472795331458723,0.00038472795331458723,4.5262112154657315
26160,0.0014671774422898678,0.002725579834810722,0.9161612890120073,0.009732087361023715,0.013220545148625975,0.8887761444454435,0.020319378603131502,0.014395705637467645,0.8064821085416047,0.00038487507681489875,0.00038487507681489875,4.527942080175279
26170,0.001465335100772671,0.0027258930328686454,0.9162665656701329,0.009721254999652616,0.013222386650059061,0.8888999428611132,0.020302753211782862,0.014398531953996914,0.806640445602068,0.0003850222003152102,0.0003850222003152102,4.529672944884826
26180,0.0014634943069291692,0.0027262059678220406,0.9163717538897616,0.009710431475493213,0.013224226649166159,0.8890236402800777,0.020286138973421824,0.01440135637451829,0.8067986764436017,0.00038516932381552174,0.00038516932381552174,4.531403809594373
26190,0.001461655060962096,0.002726518639636443,0.9164768536593085,0.009699616787644229,0.013226065146100486,0.8891472367126375,0.020269535884234875,0.014404178899680072,0.806956801102525,0.00038531644731583327,0.00038531644731583327,4.533134674303921
26200,0.0014598173630741835,0.002726831048277388,0.9165818649671891,0.009688810935204385,0.01322790214101526,0.889270732169093,0.020252943940408497,0.014406999530130556,0.8071148196151572,0.00038546357081614474,0.00038546357081614474,4.534865539013468
26210,0.0014579812134681658,0.002727143193710411,0.9166867878018188,0.009678013917272408,0.013229737634063696,0.8893941266597442,0.02023636313812918,0.01440981826651804,0.8072727320178174,0.00038561069431645626,0.00038561069431645626,4.536596403723014
26220,0.0014561466123467752,0.0027274550759010473,0.9167916221516125,0.009667225732947017,0.013231571625399013,0.8895174201948916,0.020219793473583398,0.014412635109490823,0.8074305383468249,0.0003857578178167678,0.0003857578178167678,4.538327268432562
26230,0.001454313559912745,0.002727766694814833,0.9168963680049858,0.009656446381326934,0.013233404115174426,0.8896406127848352,0.020203234942957643,0.0144154500596972,0.8075882386384986,0.00038590494131707925,0.00038590494131707925,4.540058133142108
26240,0.0014524820563688082,0.002728078050417302,0.9170010253503535,0.009645675861510883,0.013235235103543155,0.8897637044398758,0.020186687542438398,0.014418263117785473,0.8077458329291581,0.0003860520648173908,0.0003860520648173908,4.541788997851656
26250,0.0014506521019176978,0.0027283891426739906,0.9171055941761312,0.009634914172597589,0.013237064590658416,0.8898866951703135,0.02017015126821215,0.014421074284403935,0.8079033212551224,0.0003861991883177023,0.0003861991883177023,4.543519862561203
26260,0.0014488236967621468,0.0027286999715504345,0.9172100744707342,0.009624161313685771,0.013238892576673425,0.8900095849864486,0.02015362611646538,0.014423883560200886,0.8080607036527107,0.00038634631181801377,0.00038634631181801377,4.54525072727075
26270,0.0014469968411048883,0.0027290105370121683,0.9173144662225775,0.009613417283874156,0.013240719061741398,0.8901323738985814,0.020137112083384572,0.014426690945824622,0.8082179801582421,0.0003864934353183253,0.0003864934353183253,4.546981591980297
26280,0.0014451715351486555,0.0027293208390247277,0.9174187694200764,0.009602682082261463,0.013242544046015556,0.8902550619170121,0.020120609165156213,0.014429496441923444,0.808375150808036,0.0003866405588186368,0.0003866405588186368,4.548712456689844
26290,0.0014433477790961812,0.0027296308775536485,0.9175229840516465,0.009591955707946414,0.013244367529649114,0.8903776490520412,0.020104117357966782,0.014432300049145646,0.8085322156384116,0.0003867876823189483,0.0003867876823189483,4.550443321399391
26300,0.0014415255731501985,0.0027299406525644657,0.9176271101057026,0.009581238160027736,0.01324618951279529,0.890500135313969,0.020087636658002773,0.014435101768139528,0.8086891746856879,0.0003869348058192598,0.0003869348058192598,4.552174186108939
26310,0.0014397049175134402,0.0027302501640227143,0.9177311475706602,0.009570529437604149,0.0132480099956073,0.8906225207130957,0.02007116706145066,0.014437901599553387,0.8088460279861842,0.00038708192931957133,0.00038708192931957133,4.553905050818486
26320,0.00143788581238864,0.0027305594118939304,0.9178350964349345,0.009559829539774375,0.013249828978238362,0.8907448052597217,0.02005470856449694,0.014440699544035521,0.8090027755762197,0.0003872290528198828,0.0003872290528198828,4.555635915528033
26330,0.00143606825797853,0.002730868396143649,0.9179389566869408,0.009549138465637139,0.013251646460841692,0.8908669889641472,0.020038261163328085,0.014443495602234225,0.8091594174921134,0.0003873761763201943,0.0003873761763201943,4.55736678023758
26340,0.0014342522544858443,0.0027311771167374058,0.9180427283150944,0.009538456214291162,0.013253462443570507,0.8909890718366726,0.020021824854130586,0.0144462897747978,0.8093159537701848,0.00038752329982050585,0.00038752329982050585,4.559097644947127
26350,0.001432437802113315,0.0027314855736407357,0.9181464113078102,0.009527782784835168,0.013255276926578026,0.8911110538875983,0.020005399633090927,0.014449082062374543,0.8094723844467531,0.0003876704233208173,0.0003876704233208173,4.560828509656674
26360,0.0014306249010636756,0.0027317937668191743,0.9182500056535039,0.00951711817636788,0.013257089910017466,0.8912329351272245,0.01998898549639559,0.01445187246561275,0.8096287095581373,0.00038781754682112884,0.00038781754682112884,4.562559374366221
26370,0.0014288135515396591,0.0027321016962382574,0.9183535113405906,0.009506462387988017,0.013258901394042042,0.8913547155658514,0.01997258244023106,0.01445466098516072,0.8097849291406566,0.00038796467032144036,0.00038796467032144036,4.564290239075769
26380,0.0014270037537439985,0.0027324093618635195,0.9184569283574854,0.009495815418794308,0.013260711378804973,0.8914763952137796,0.019956190460783823,0.014457447621666751,0.8099410432306303,0.00038811179382175183,0.00038811179382175183,4.566021103785316
26390,0.0014251955078794266,0.002732716763660497,0.9185602566926039,0.00948517726788547,0.013262519864459475,0.8915979740813091,0.019939809554240365,0.014460232375779139,0.8100970518643775,0.00038825891732206336,0.00038825891732206336,4.567751968494862
26400,0.001423388814148677,0.002733023901594724,0.918663496334361,0.009474547934360228,0.013264326851158767,0.8917194521787405,0.019923439716787165,0.014463015248146182,0.8102529550782175,0.0003884060408223749,0.0003884060408223749,4.56948283320441
26410,0.001421583672754482,0.002733330775631737,0.9187666472711721,0.009463927417317306,0.013266132339056063,0.8918408295163739,0.019907080944610713,0.014465796239416179,0.8104087529084694,0.00038855316432268635,0.00038855316432268635,4.571213697913957
26420,0.0014197800838995753,0.0027336373857370713,0.9188697094914525,0.009453315715855424,0.013267936328304582,0.8919621061045095,0.01989073323389749,0.014468575350237427,0.8105644453914524,0.00038870028782299787,0.00038870028782299787,4.572944562623504
26430,0.0014179780477866896,0.0027339437318762622,0.9189726829836176,0.009442712829073307,0.013269738819057544,0.8920832819534482,0.019874396580833984,0.014471352581258224,0.8107200325634859,0.0003888474113233094,0.0003888474113233094,4.574675427333052
26440,0.0014161775646185579,0.0027342498140148445,0.919075567736082,0.009432118756069679,0.01327153981146816,0.8922043570734897,0.019858070981606676,0.014474127933126866,0.8108755144608889,0.00038899453482362087,0.00038899453482362087,4.5764062920425985
26450,0.0014143786345979133,0.002734555632118354,0.9191783637372617,0.009421533495943258,0.013273339305689651,0.8923253314749344,0.01984175643240205,0.014476901406491651,0.8110308911199805,0.0003891416583239324,0.0003891416583239324,4.578137156752145
26460,0.001412581257927489,0.002734861186152326,0.9192810709755717,0.009410957047792769,0.013275137301875234,0.8924462051680828,0.019825452929406594,0.014479673002000879,0.8111861625770801,0.0003892887818242439,0.0003892887818242439,4.579868021461693
26470,0.001410785434810018,0.0027351664760822962,0.9193836894394273,0.009400389410716936,0.013276933800178126,0.8925669781632353,0.01980916046880679,0.014482442720302847,0.8113413288685069,0.0003894359053245554,0.0003894359053245554,4.581598886171239
26480,0.0014089911654482329,0.0027354715018737996,0.9194862191172435,0.009389830583814481,0.013278728800751543,0.8926876504706919,0.019792879046789124,0.01448521056204585,0.8114963900305798,0.0003895830288248669,0.0003895830288248669,4.583329750880787
26490,0.0014071984500448674,0.0027357762634923717,0.9195886599974359,0.009379280566184128,0.013280522303748704,0.8928082221007531,0.01977660865954008,0.014487976527878187,0.8116513460996183,0.00038973015232517843,0.00038973015232517843,4.585060615590334
26500,0.0014054072888026541,0.002736080760903548,0.9196910120684195,0.009368739356924595,0.013282314309322824,0.8929286930637191,0.01976034930324614,0.014490740618448156,0.8118061971119416,0.0003898772758254899,0.0003898772758254899,4.586791480299881
26510,0.0014036176819243258,0.0027363849940728636,0.9197932753186095,0.00935820695513461,0.013284104817627122,0.8930490633698904,0.019744100974093792,0.014493502834404056,0.8119609431038687,0.0003900243993258014,0.0003900243993258014,4.588522345009428
26520,0.0014018296296126162,0.0027366889629658543,0.9198954497364215,0.009347683359912894,0.013285893828814814,0.8931693330295671,0.019727863668269518,0.014496263176394183,0.8121155841117189,0.00039017152282611294,0.00039017152282611294,4.590253209718975
26530,0.001400043132070258,0.002736992667548055,0.9199975353102706,0.009337168570358169,0.013287681343039117,0.8932895020530498,0.0197116373819598,0.014499021645066834,0.8122701201718114,0.0003903186463264244,0.0003903186463264244,4.591984074428522
26540,0.0013982581894999842,0.002737296107785002,0.9200995320285721,0.009326662585569159,0.013289467360453248,0.8934095704506384,0.019695422111351134,0.014501778241070308,0.8124245513204654,0.00039046576982673594,0.00039046576982673594,4.59371493913807
26550,0.001396474802104528,0.0027375992836422293,0.9202014398797409,0.009316165404644585,0.013291251881210426,0.8935295382326336,0.01967921785262999,0.014504532965052903,0.8125788775940002,0.00039061289332704746,0.00039061289332704746,4.595445803847617
26560,0.0013946929700866223,0.0027379021950852734,0.9203032588521927,0.009305677026683171,0.013293034905463866,0.8936494054093354,0.01966302460198286,0.014507285817662913,0.8127330990287346,0.00039076001682735893,0.00039076001682735893,4.597176668557164
26570,0.0013929126936489998,0.002738204842079669,0.9204049889343425,0.00929519745078364,0.013294816433366786,0.8937691719910443,0.01964684235559623,0.014510036799548641,0.8128872156609883,0.00039090714032767045,0.00039090714032767045,4.598907533266711
26580,0.0013911339729943942,0.0027385072245909524,0.9205066301146058,0.009284726676044713,0.013296596465072405,0.8938888379880606,0.019630671109656578,0.014512785911358381,0.8130412275270802,0.000391054263827982,0.000391054263827982,4.600638397976258
26590,0.0013893568083255382,0.0027388093425846577,0.9206081823813975,0.009274264701565114,0.013298375000733937,0.8940084034106847,0.019614510860350397,0.014515533153740432,0.8131951346633296,0.0003912013873282935,0.0003912013873282935,4.602369262685806
26600,0.0013875811998451649,0.0027391111960263213,0.9207096457231331,0.009263811526443566,0.013300152040504599,0.8941278682692166,0.01959836160386416,0.014518278527343094,0.8133489371060556,0.00039134851082860497,0.00039134851082860497,4.604100127395352
26610,0.001385807147756007,0.002739412784881478,0.9208110201282279,0.009253367149778792,0.013301927584537611,0.8942472325739569,0.01958222333638436,0.014521022032814659,0.8135026348915775,0.0003914956343289165,0.0003914956343289165,4.6058309921049
26620,0.001384034652260798,0.0027397141091156634,0.920912305585097,0.009242931570669514,0.013303701632986189,0.8943664963352058,0.019566096054097485,0.014523763670803429,0.8136562280562145,0.00039164275782922796,0.00039164275782922796,4.6075618568144465
26630,0.0013822637135622708,0.002740015168694413,0.9210135020821556,0.009232504788214455,0.013305474186003549,0.8944856595632636,0.01954997975319001,0.0145265034419577,0.8138097166362857,0.0003917898813295395,0.0003917898813295395,4.609292721523993
26640,0.0013804943318631584,0.0027403159635832623,0.9211146096078192,0.009222086801512337,0.013307245243742908,0.8946047222684307,0.01953387442984842,0.014529241346925768,0.8139631006681102,0.000391937004829851,0.000391937004829851,4.611023586233541
26650,0.0013787265073661938,0.0027406164937477462,0.9212156281505028,0.009211677609661881,0.013309014806357485,0.8947236844610073,0.019517780080259207,0.014531977386355935,0.8141163801880076,0.0003920841283301625,0.0003920841283301625,4.612754450943088
26660,0.0013769602402741098,0.0027409167591534007,0.9213165576986221,0.009201277211761815,0.013310782874000497,0.8948425461512939,0.019501696700608855,0.014534711560896495,0.8142695552322966,0.000392231251830474,0.000392231251830474,4.614485315652635
26670,0.00137519553078964,0.0027412167597657606,0.9214173982405917,0.009190885606910858,0.01331254944682516,0.8949613073495905,0.01948562428708384,0.014537443871195748,0.8144226258372967,0.0003923783753307855,0.0003923783753307855,4.616216180362183
26680,0.0013734323791155171,0.0027415164955503614,0.9215181497648273,0.009180502794207734,0.01331431452498469,0.8950799680661975,0.019469562835870653,0.014540174317901989,0.8145755920393272,0.00039252549883109705,0.00039252549883109705,4.6179470450717295
26690,0.0013716707854544742,0.0027418159664727385,0.921618812259744,0.009170128772751165,0.013316078108632308,0.8951985283114156,0.019453512343155774,0.014542902901663518,0.8147284538747068,0.0003926726223314085,0.0003926726223314085,4.619677909781276
26700,0.0013699107500092442,0.0027421151724984277,0.9217193857137571,0.009159763541639873,0.013317840197921227,0.8953169880955446,0.019437472805125693,0.014545629623128633,0.8148812113797553,0.00039281974583172004,0.00039281974583172004,4.621408774490824
26710,0.0013681522729825603,0.002742414113592964,0.9218198701152819,0.009149407099972582,0.013319600793004666,0.895435347428885,0.01942144421796689,0.014548354482945629,0.8150338645907915,0.00039296686933203156,0.00039296686933203156,4.623139639200371
26720,0.0013663953545771555,0.002742712789721883,0.9219202654527338,0.009139059446848015,0.013321359894035843,0.8955536063217373,0.019405426577865856,0.014551077481762806,0.8151864135441348,0.00039311399283234303,0.00039311399283234303,4.624870503909918
26730,0.0013646399949957626,0.00274301120085072,0.9220205717145276,0.009128720581364894,0.013323117501167974,0.8956717647844015,0.019389419881009066,0.014553798620228459,0.8153388582761041,0.00039326111633265456,0.00039326111633265456,4.626601368619465
26740,0.0013628861944411151,0.00274330934694501,0.9221207888890789,0.009118390502621941,0.013324873614554275,0.895789822827178,0.019373424123583012,0.014556517898990888,0.815491198823019,0.000393408239832966,0.000393408239832966,4.628332233329012
26750,0.0013611339531159456,0.0027436072279702884,0.9222209169648028,0.00910806920971788,0.013326628234347966,0.8959077804603675,0.019357439301774172,0.01455923531869839,0.8156434352211984,0.00039355536333327755,0.00039355536333327755,4.630063098038559
26760,0.0013593832712229872,0.0027439048438920913,0.9223209559301146,0.009097756701751433,0.013328381360702262,0.8960256376942696,0.019341465411769038,0.014561950879999265,0.8157955675069616,0.00039370248683358907,0.00039370248683358907,4.631793962748106
26770,0.0013576341489649733,0.002744202194675954,0.9224209057734298,0.009087452977821323,0.01333013299377038,0.8961433945391851,0.019325502449754086,0.014564664583541805,0.8159475957166277,0.0003938496103339006,0.0003938496103339006,4.633524827457654
26780,0.0013558865865446366,0.002744499280287411,0.9225207664831633,0.009077158037026273,0.013331883133705539,0.8962610510054142,0.01930955041191581,0.014567376429974313,0.8160995198865162,0.00039399673383421207,0.00039399673383421207,4.635255692167201
26790,0.0013541405841647103,0.0027447961006919984,0.9226205380477305,0.009066871878465006,0.013333631780660955,0.8963786071032573,0.019293609294440687,0.014570086419945083,0.8162513400529459,0.0003941438573345236,0.0003941438573345236,4.636986556876748
26800,0.001352396142027927,0.002745092655855252,0.9227202204555468,0.009056594501236245,0.013335378934789845,0.8964960628430145,0.0192776790935152,0.014572794554102417,0.8164030562522363,0.0003942909808348351,0.0003942909808348351,4.638717421586295
26810,0.0013506532603370204,0.0027453889457427056,0.922819813695027,0.00904632590443871,0.013337124596245425,0.8966134182349864,0.019261759805325844,0.014575500833094607,0.8165546685207064,0.0003944381043351466,0.0003944381043351466,4.640448286295841
26820,0.0013489119392947233,0.0027456849703198965,0.922919317754587,0.009036066087171127,0.013338868765180914,0.8967306732894731,0.019245851426059092,0.014578205257569954,0.8167061768946753,0.0003945852278354581,0.0003945852278354581,4.642179151005389
26830,0.0013471721791037685,0.0027459807295523585,0.9230187326226414,0.009025815048532218,0.013340611441749528,0.8968478280167749,0.019229953951901437,0.014580907828176755,0.8168575814104625,0.00039473235133576963,0.00039473235133576963,4.643910015714937
26840,0.0013454339799668891,0.002746276223405628,0.923118058287606,0.009015572787620704,0.013342352626104486,0.8969648824271922,0.01921406737903936,0.01458360854556331,0.8170088821043872,0.0003948794748360811,0.0003948794748360811,4.645640880424483
26850,0.0013436973420868185,0.00274657145184524,0.9232172947378957,0.009005339303535309,0.013344092318399003,0.8970818365310252,0.019198191703659342,0.014586307410377912,0.8171600790127682,0.0003950265983363926,0.0003950265983363926,4.647371745134031
26860,0.0013419622656662892,0.0027468664148367302,0.9233164419619261,0.008995114595374755,0.013345830518786296,0.8971986903385745,0.019182326921947872,0.014589004423268862,0.8173111721719251,0.00039517372183670414,0.00039517372183670414,4.6491026098435775
26870,0.0013402287509080347,0.0027471611123456334,0.923415499948112,0.008984898662237766,0.013347567227419586,0.8973154438601402,0.019166473030091436,0.014591699584884456,0.8174621616181769,0.0003953208453370156,0.0003953208453370156,4.650833474553124
26880,0.0013384967980147877,0.0027474555443374855,0.923514468684869,0.008974691503223064,0.013349302444452085,0.8974320971060225,0.019150630024276513,0.014594392895872993,0.8176130473878428,0.00039546796883732714,0.00039546796883732714,4.652564339262672
26890,0.0013367664071892813,0.0027477497107778214,0.9236133481606121,0.008964493117429372,0.013351036170037012,0.8975486500865217,0.019134797900689587,0.01459708435688277,0.8177638295172419,0.00039561509233763866,0.00039561509233763866,4.654295203972219
26900,0.0013350375786342489,0.002748043611632177,0.923712138363757,0.008954303503955412,0.013352768404327585,0.8976651028119383,0.019118976655517154,0.014599773968562085,0.8179145080426938,0.00039576221583795013,0.00039576221583795013,4.656026068681766
26910,0.001333310312552423,0.0027483372468660875,0.9238108392827185,0.008944122661899909,0.01335449914747702,0.8977814552925727,0.019103166284945683,0.014602461731559234,0.8180650830005173,0.00039590933933826165,0.00039590933933826165,4.657756933391314
26920,0.0013315846091465368,0.002748630616445088,0.9239094509059118,0.008933950590361582,0.013356228399638537,0.8978977075387251,0.019087366785161666,0.014605147646522517,0.8182155544270318,0.0003960564628385732,0.0003960564628385732,4.6594877981008604
26930,0.0013298604686193235,0.002748923720334714,0.9240079732217525,0.008923787288439157,0.01335795616096535,0.8980138595606957,0.019071578152351592,0.01460783171410023,0.8183659223585563,0.0003962035863388847,0.0003962035863388847,4.661218662810408
26940,0.0013281378911735161,0.0027492165585005016,0.9241064062186559,0.008913632755231354,0.013359682431610675,0.8981299113687847,0.019055800382701937,0.01461051393494067,0.81851618683141,0.00039635070983919617,0.00039635070983919617,4.662949527519954
26950,0.0013264168770118474,0.002749509130907985,0.924204749885037,0.008903486989836899,0.013361407211727733,0.8982458629732928,0.019040033472399187,0.014613194309692138,0.8186663478819125,0.0003964978333395077,0.0003964978333395077,4.664680392229502
26960,0.0013246974263370508,0.0027498014375227004,0.924303004209311,0.008893349991354512,0.013363130501469738,0.8983617143845201,0.019024277417629833,0.014615872839002928,0.8188164055463825,0.00039664495683981916,0.00039664495683981916,4.666411256939049
26970,0.0013229795393518591,0.002750093478310183,0.9244011691798933,0.008883221758882917,0.01336485230098991,0.898477465612767,0.01900853221458035,0.01461854952352134,0.8189663598611395,0.0003967920803401307,0.0003967920803401307,4.668142121648596
26980,0.0013212632162590053,0.0027503852532359684,0.9244992447851993,0.008873102291520836,0.013366572610441463,0.8985931166683335,0.01899279785943723,0.014621224363895671,0.8191162108625026,0.0003969392038404422,0.0003969392038404422,4.669872986358143
26990,0.0013195484572612226,0.0027506767622655914,0.9245972310136441,0.008862991588366991,0.013368291429977617,0.8987086675615203,0.018977074348386955,0.014623897360774218,0.819265958586791,0.0003970863273407537,0.0003970863273407537,4.67160385106769
27000,0.0013178352625612439,0.0027509680053645876,0.9246951278536428,0.008852889648520108,0.013370008759751587,0.8988241183026275,0.018961361677616008,0.01462656851480528,0.8194156030703238,0.0003972334508410652,0.0003972334508410652,4.673334715777237
27010,0.0013161236323618022,0.002751258982498493,0.9247929352936111,0.008842796471078907,0.013371724599916592,0.8989394689019556,0.018945659843310876,0.014629237826637151,0.8195651443494202,0.0003973805743413767,0.0003973805743413767,4.675065580486785
27020,0.0013144135668656308,0.002751549693632842,0.9248906533219636,0.008832712055142111,0.013373438950625847,0.8990547193698047,0.01892996884165804,0.014631905296918133,0.8197145824603996,0.00039752769784168825,0.00039752769784168825,4.676796445196332
27030,0.0013127050662754625,0.0027518401387331705,0.9249882819271161,0.008822636399808443,0.01337515181203257,0.8991698697164752,0.01891428866884399,0.014634570926296522,0.8198639174395811,0.0003976748213419997,0.0003976748213419997,4.678527309905879
27040,0.0013109981307940304,0.002752130317765014,0.9250858210974837,0.008812569504176625,0.013376863184289978,0.8992849199522673,0.0188986193210552,0.014637234715420616,0.8200131493232838,0.00039782194484231124,0.00039782194484231124,4.680258174615426
27050,0.0013092927606240675,0.0027524202306939078,0.9251832708214814,0.008802511367345382,0.01337857306755129,0.8993998700874816,0.018882960794478168,0.014639896664938711,0.8201622781478269,0.00039796906834262276,0.00039796906834262276,4.681989039324973
27060,0.0013075889559683068,0.002752709877485387,0.925280631087525,0.008792461988413434,0.013380281461969722,0.8995147201324182,0.018867313085299372,0.014642556775499107,0.8203113039495299,0.00039811619184293423,0.00039811619184293423,4.68371990403452
27070,0.0013058867170294814,0.0027529992581049874,0.9253779018840292,0.008782421366479505,0.013381988367698489,0.8996294700973773,0.018851676189705298,0.0146452150477501,0.8204602267647115,0.00039826331534324576,0.00039826331534324576,4.685450768744067
27080,0.0013041860440103244,0.002753288372518244,0.9254750831994097,0.008772389500642318,0.01338369378489081,0.8997441199926595,0.018836050103882424,0.014647871482339987,0.8206090466296911,0.0003984104388435573,0.0003984104388435573,4.687181633453615
27090,0.0013024869371135689,0.0027535772206906924,0.9255721750220813,0.008762366390000595,0.013385397713699905,0.8998586698285649,0.01882043482401724,0.01465052607991707,0.8207577635807882,0.00039855756234386875,0.00039855756234386875,4.688912498163162
27100,0.0013007893965419474,0.002753865802587868,0.9256691773404598,0.008752352033653061,0.013387100154278984,0.8999731196153938,0.018804830346296233,0.014653178841129641,0.8209063776543216,0.00039870468584418027,0.00039870468584418027,4.690643362872708
27110,0.0012990934224981938,0.0027541541181753063,0.92576609014296,0.008742346430698435,0.013388801106781272,0.9000874693634467,0.018789236666905882,0.014655829766626001,0.8210548888866107,0.0003988518093444918,0.0003988518093444918,4.692374227582256
27120,0.0012973990151850406,0.0027544421674185423,0.9258629134179973,0.008732349580235443,0.01339050057135998,0.9002017190830237,0.018773653782032676,0.014658478857054446,0.8212032973139746,0.00039899893284480327,0.00039899893284480327,4.694105092291803
27130,0.0012957061748052204,0.0027547299502831118,0.9259596471539872,0.008722361481362805,0.01339219854816833,0.9003158687844255,0.018758081687863096,0.014661126113063274,0.8213516029727325,0.0003991460563451148,0.0003991460563451148,4.69583595700135
27140,0.0012940149015614672,0.0027550174667345497,0.9260562913393444,0.008712382133179247,0.013393895037359533,0.9004299184779517,0.018742520380583626,0.014663771535300784,0.8214998058992036,0.0003992931798454263,0.0003992931798454263,4.697566821710898
27150,0.0012923251956565135,0.002755304716738392,0.9261528459624846,0.008702411534783487,0.013395590039086813,0.9005438681739033,0.018726969856380758,0.014666415124415272,0.8216479061297072,0.0003994403033457378,0.0003994403033457378,4.6992976864204445
27160,0.0012906370572930924,0.0027555917002601736,0.926249311011823,0.008692449685274252,0.013397283553503383,0.9006577178825802,0.018711430111440962,0.014669056881055036,0.8217959037005622,0.0003995874268460493,0.0003995874268460493,4.701028551129991
27170,0.001288950486673937,0.00275587841726543,0.9263456864757748,0.008682496583750263,0.013398975580762461,0.900771467614283,0.018695901141950737,0.014671696805868375,0.8219437986480882,0.00039973455034636083,0.00039973455034636083,4.702759415839539
27180,0.0012872654840017802,0.0027561648677196966,0.926441972342755,0.008672552229310243,0.013400666121017264,0.9008851173793118,0.01868038294409656,0.014674334899503585,0.8220915910086042,0.0003998816738466723,0.0003998816738466723,4.704490280549085
27190,0.001285582049479355,0.002756451051588509,0.9265381686011795,0.008662616621052915,0.01340235517442101,0.900998667187967,0.018664875514064917,0.014676971162608965,0.8222392808184293,0.0004000287973469838,0.0004000287973469838,4.706221145258633
27200,0.0012839001833093947,0.0027567369688374023,0.9266342752394628,0.008652689758077,0.013404042741126915,0.9011121170505488,0.018649378848042294,0.01467960559583281,0.822386868113883,0.00040017592084729534,0.00040017592084729534,4.70795200996818
27210,0.0012822198856946322,0.0027570226194319116,0.9267302922460207,0.008642771639481225,0.013405728821288198,0.9012254669773577,0.018633892942215173,0.01468223819982342,0.8225343529312841,0.0004003230443476068,0.0004003230443476068,4.709682874677727
27220,0.0012805411568378004,0.0027573080033375733,0.9268262196092683,0.008632862264364308,0.013407413415058073,0.9013387169786939,0.01861841779277004,0.014684868975229094,0.8226817353069521,0.00040047016784791834,0.00040047016784791834,4.711413739387274
27230,0.0012788639969416326,0.0027575931205199218,0.9269220573176207,0.008622961631824974,0.01340909652258976,0.9014518670648577,0.018602953395893376,0.014687497922698127,0.822829015277206,0.00040061729134822986,0.00040061729134822986,4.713144604096821
27240,0.0012771884062088615,0.002757877970944493,0.9270178053594933,0.008613069740961946,0.013410778144036475,0.9015649172461495,0.01858749974777167,0.014690125042878817,0.8229761928783651,0.00040076441484854133,0.00040076441484854133,4.714875468806368
27250,0.0012755143848422205,0.0027581625545768217,0.9271134637233014,0.008603186590873946,0.013412458279551434,0.9016778675328694,0.018572056844591407,0.014692750336419461,0.8231232681467485,0.00040091153834885285,0.00040091153834885285,4.716606333515916
27260,0.0012738419330444424,0.002758446871382444,0.92720903239746,0.008593312180659694,0.013414136929287857,0.901790717935318,0.018556624682539068,0.014695373803968358,0.8232702411186755,0.0004010586618491644,0.0004010586618491644,4.718337198225463
27270,0.0012721710510182605,0.002758730921326895,0.9273045113703848,0.00858344650941792,0.013415814093398959,0.9019034684637953,0.01854120325780114,0.014697995446173806,0.8234171118304654,0.00040120578534947585,0.00040120578534947585,4.72006806293501
27280,0.0012705017389664072,0.00275901470437571,0.9273999006304907,0.00857358957624734,0.013417489772037957,0.902016119128602,0.018525792566564104,0.014700615263684103,0.8235638803184372,0.00040135290884978737,0.00040135290884978737,4.721798927644557
27290,0.0012688339970916163,0.0027592982204944247,0.9274952001661931,0.00856374138024668,0.013419163965358069,0.902128669940038,0.01851039260501445,0.014703233257147544,0.8237105466189101,0.0004015000323500989,0.0004015000323500989,4.723529792354104
27300,0.0012671678255966204,0.0027595814696485736,0.927590409965907,0.00855390192051466,0.013420836673512513,0.9022411209084041,0.018495003369338653,0.014705849427212429,0.8238571107682033,0.00040164715585041036,0.00040164715585041036,4.725260657063651
27310,0.0012655032246841526,0.0027598644518036933,0.927685530018048,0.008544071196150006,0.013422507896654504,0.9023534720440002,0.018479624855723208,0.014708463774527055,0.8240035728026361,0.0004017942793507219,0.0004017942793507219,4.726991521773198
27320,0.001263840194556946,0.0027601471669253183,0.9277805603110313,0.008534249206251438,0.013424177634937261,0.9024657233571267,0.018464257060354594,0.01471107629973972,0.8241499327585278,0.0004019414028510334,0.0004019414028510334,4.728722386482746
27330,0.0012621787354177337,0.0027604296149789844,0.927875500833272,0.008524435949917681,0.013425845888513999,0.9025778748580838,0.0184488999794193,0.01471368700349872,0.8242961906721973,0.0004020885263513449,0.0004020885263513449,4.7304532511922925
27340,0.0012605188474692484,0.002760711795930227,0.9279703515731854,0.008514631426247457,0.013427512657537938,0.9026899265571722,0.0184335536091038,0.014716295886452353,0.8244423465799638,0.0004022356498516564,0.0004022356498516564,4.732184115901839
27350,0.0012588605309142235,0.0027609937097445815,0.928065112519187,0.008504835634339488,0.013429177942162293,0.9028018784646918,0.01841821794559459,0.01471890294924892,0.8245884005181467,0.0004023827733519679,0.0004023827733519679,4.733914980611387
27360,0.001257203785955392,0.0027612753563875827,0.9281597836596917,0.008495048573292497,0.013430841742540282,0.9029137305909432,0.01840289298507815,0.014721508192536715,0.8247343525230654,0.0004025298968522794,0.0004025298968522794,4.735645845320934
27370,0.0012555486127954867,0.0027615567358247666,0.9282543649831148,0.008485270242205207,0.01343250405882512,0.9030254829462264,0.018387578723740965,0.014724111616964037,0.8248802026310385,0.0004026770203525909,0.0004026770203525909,4.737376710030481
27380,0.0012538950116372407,0.002761837848021668,0.9283488564778715,0.00847550064017634,0.013434164891170027,0.9031371355408421,0.01837227515776952,0.014726713223179182,0.8250259508783856,0.00040282414385290244,0.00040282414385290244,4.739107574740029
27390,0.0012522429826833876,0.0027621186929438235,0.9284432581323776,0.00846573976630462,0.01343582423972822,0.9032486883850903,0.018356982283350295,0.01472931301183045,0.8251715973014258,0.0004029712673532139,0.0004029712673532139,4.7408384394495755
27400,0.0012505925261366594,0.002762399270556767,0.9285375699350477,0.008455987619688769,0.013437482104652915,0.9033601414892715,0.01834170009666978,0.014731910983566137,0.8253171419364783,0.00040311839085352543,0.00040311839085352543,4.742569304159122
27410,0.00124894364219979,0.002762679580826035,0.9286317918742973,0.00844624419942751,0.013439138486097329,0.9034714948636859,0.018326428593914455,0.014734507139034543,0.8254625848198625,0.00040326551435383696,0.00040326551435383696,4.74430016886867
27420,0.001247296331075512,0.0027629596237171623,0.9287259239385418,0.008436509504619565,0.013440793384214679,0.9035827485186337,0.018311167771270807,0.014737101478883963,0.825607925987897,0.0004034126378541484,0.0004034126378541484,4.746031033578216
27430,0.0012456505929665585,0.002763239399195684,0.9288199661161962,0.008426783534363658,0.013442446799158184,0.9036939024644157,0.01829591762492532,0.014739694003762696,0.8257531654769017,0.00040355976135445995,0.00040355976135445995,4.747761898287764
27440,0.0012440064280756626,0.0027635189072271367,0.9289139183956762,0.00841706628775851,0.013444098731081058,0.9038049567113315,0.018280678151064482,0.014742284714319038,0.8258983033231954,0.00040370688485477147,0.00040370688485477147,4.749492762997311
27450,0.0012423638366055574,0.0027637981477770545,0.9290077807653965,0.008407357763902844,0.013445749180136522,0.9039159112696821,0.018265449345874773,0.01474487361120129,0.8260433395630975,0.00040385400835508294,0.00040385400835508294,4.751223627706858
27460,0.001240722818758976,0.0027640771208109734,0.9291015532137725,0.008397657961895386,0.01344739814647779,0.9040267661497672,0.01825023120554268,0.014747460695057744,0.8261882742329268,0.00040400113185539447,0.00040400113185539447,4.752954492416405
27470,0.001239083374738651,0.0027643558262944287,0.9291952357292197,0.008387966880834855,0.01344904563025808,0.9041375213618876,0.01823502372625468,0.014750045966536705,0.8263331073690031,0.000404148255355706,0.000404148255355706,4.754685357125952
27480,0.001237445504747316,0.0027646342641929555,0.9292888283001529,0.008378284519819975,0.01345069163163061,0.9042481769163434,0.01821982690419727,0.014752629426286464,0.826477839007645,0.00040429537885601746,0.00040429537885601746,4.756416221835499
27490,0.0012358092089877035,0.00276491243447209,0.9293823309149881,0.008368610877949469,0.013452336150748596,0.9043587328234349,0.018204640735556925,0.014755211074955324,0.8266224691851721,0.000404442502356329,0.000404442502356329,4.758147086545047
27500,0.0012341744876625468,0.0027651903370973663,0.9294757435621398,0.008358945954322058,0.013453979187765256,0.9044691890934624,0.01818946521652013,0.014757790913191578,0.8267669979379035,0.0004045896258566405,0.0004045896258566405,4.759877951254594
27510,0.001232541340974579,0.002765467972034321,0.9295690662300237,0.008349289748036465,0.013455620742833806,0.9045795457367264,0.01817430034327338,0.014760368941643526,0.8269114253021583,0.000404736749356952,0.000404736749356952,4.7616088159641405
27520,0.0012309097691265334,0.0027657453392484887,0.929662298907055,0.008339642258191417,0.013457260816107465,0.904689802763527,0.018159146112003144,0.014762945160959466,0.8270557513142558,0.0004048838728572635,0.0004048838728572635,4.763339680673688
27530,0.0012292797723211424,0.0027660224387054053,0.9297554415816488,0.008330003483885632,0.013458899407739448,0.9047999601841644,0.018144002518895915,0.014765519571787695,0.8271999760105151,0.000405030996357575,0.000405030996357575,4.765070545383235
27540,0.0012276513507611395,0.0027662992703706055,0.9298484942422203,0.008320373424217835,0.013460536517882973,0.9049100180089392,0.018128869560138178,0.01476809217477651,0.8273440994272554,0.0004051781198578865,0.0004051781198578865,4.766801410092782
27550,0.0012260245046492573,0.0027665758342096257,0.9299414568771851,0.008310752078286748,0.013462172146691258,0.9050199762481517,0.018113747231916416,0.01477066297057421,0.8274881216007961,0.000405325243358198,0.000405325243358198,4.768532274802329
27560,0.0012243992341882293,0.0027668521301880003,0.9300343294749581,0.008301139445191093,0.01346380629431752,0.905129834912102,0.01809863553041711,0.01477323195982909,0.8276320425674561,0.00040547236685850954,0.00040547236685850954,4.770263139511877
27570,0.0012227755395807882,0.0027671281582712652,0.9301271120239546,0.008291535524029593,0.013465438960914974,0.9052395940110906,0.01808353445182675,0.014775799143189453,0.8277758623635548,0.000405619490358821,0.000405619490358821,4.7719940042214235
27580,0.0012211534210296673,0.0027674039184249558,0.9302198045125901,0.008281940313900973,0.01346707014663684,0.9053492535554176,0.01806844399233182,0.014778364521303591,0.8279195810254113,0.00040576661385913253,0.00040576661385913253,4.77372486893097
27590,0.0012195328787375993,0.0027676794106146073,0.9303124069292796,0.008272353813903953,0.013468699851636333,0.9054588135553836,0.0180533641481188,0.014780928094819804,0.8280631985893447,0.00040591373735944405,0.00040591373735944405,4.775455733640518
27600,0.001217913912907318,0.0027679546348057553,0.9304049192624386,0.008262776023137255,0.013470328076066672,0.9055682740212888,0.01803829491537418,0.01478348986438639,0.8282067150916744,0.0004060608608597556,0.0004060608608597556,4.777186598350065
27610,0.0012162965237415553,0.002768229590963935,0.9304973415004822,0.008253206940699608,0.013471954820081072,0.9056776349634332,0.01802323629028444,0.014786049830651645,0.8283501305687196,0.00040620798436006705,0.00040620798436006705,4.778917463059612
27620,0.0012146807114430452,0.0027685042790546815,0.9305896736318257,0.008243646565689726,0.013473580083832752,0.9057868963921177,0.018008188269036066,0.01478860799426387,0.8284934450567994,0.00040635510786037857,0.00040635510786037857,4.78064832776916
27630,0.0012130664762145201,0.002768778699043531,0.9306819156448843,0.008234094897206338,0.013475203867474929,0.9058960583176422,0.01799315084781554,0.014791164355871357,0.8286366585922329,0.0004065022313606901,0.0004065022313606901,4.7823791924787065
27640,0.0012114538182587133,0.002769052850896018,0.9307740675280731,0.008224551934348161,0.013476826171160817,0.9060051207503069,0.017978124022809353,0.01479371891612241,0.8287797712113395,0.00040664935486100156,0.00040664935486100156,4.784110057188253
27650,0.001209842737778358,0.0027693267345776785,0.9308661292698078,0.008215017676213925,0.013478446995043638,0.9061140837004125,0.017963107790203985,0.014796271675665324,0.8289227829504383,0.0004067964783613131,0.0004067964783613131,4.785840921897801
27660,0.001208233234976187,0.0027696003500540475,0.9309581008585033,0.008205492121902348,0.013480066339276606,0.9062229471782591,0.017948102146185918,0.014798822635148394,0.8290656938458484,0.00040694360186162455,0.00040694360186162455,4.787571786607347
27670,0.0012066253100549333,0.0027698736972906605,0.931049982282575,0.008195975270512154,0.01348168420401294,0.9063317111941471,0.017933107086941638,0.014801371795219922,0.8292085039338892,0.0004070907253619361,0.0004070907253619361,4.789302651316895
27680,0.00120501896321733,0.002770146776253053,0.9311417735304379,0.008186467121142066,0.013483300589405854,0.9064403757583765,0.017918122608657636,0.014803919156528202,0.8293512132508797,0.0004072378488622476,0.0004072378488622476,4.791033516026442
27690,0.0012034141946661104,0.0027704195869067607,0.9312334745905078,0.008176967672890806,0.013484915495608568,0.9065489408812482,0.01790314870752039,0.014806464719721534,0.8294938218331392,0.0004073849723625591,0.0004073849723625591,4.792764380735989
27700,0.001201811004604007,0.002770692129217318,0.9313250854511993,0.008167476924857095,0.013486528922774299,0.906657406573062,0.017888185379716384,0.014809008485448215,0.8296363297169868,0.0004075320958628706,0.0004075320958628706,4.794495245445536
27710,0.0012002093932337533,0.0027709644031502613,0.9314166061009281,0.00815799487613966,0.013488140871056263,0.9067657728441184,0.017873232621432106,0.014811550454356542,0.8297787369387418,0.0004076792193631821,0.0004076792193631821,4.796226110155083
27720,0.0011986093607580823,0.0027712364086711254,0.9315080365281093,0.008148521525837222,0.013489751340607679,0.9068740397047178,0.017858290428854038,0.014814090627094814,0.8299210435347234,0.00040782634286349364,0.00040782634286349364,4.797956974864631
27730,0.0011970109073797266,0.002771508145745446,0.9315993767211582,0.0081390568730485,0.01349136033158176,0.9069822071651602,0.017843358798168663,0.014816629004311327,0.8300632495412508,0.0004079734663638051,0.0004079734663638051,4.799687839574178
27740,0.00119541403330142,0.002771779614338758,0.93169062666849,0.008129600916872223,0.013492967844131728,0.9070902752357463,0.017828437725562474,0.01481916558665438,0.8302053549946431,0.00040812058986411663,0.00040812058986411663,4.801418704283725
27750,0.0011938187387258944,0.0027720508144165974,0.9317817863585199,0.008120153656407109,0.013494573878410797,0.9071982439267762,0.01781352720722194,0.01482170037477227,0.8303473599312197,0.00040826771336442816,0.00040826771336442816,4.803149568993272
27760,0.0011922250238558837,0.002772321745944499,0.9318728557796636,0.008110715090751883,0.013496178434572185,0.90730611324855,0.01779862723933356,0.014824233369313294,0.8304892643872994,0.0004084148368647396,0.0004084148368647396,4.804880433702818
27770,0.0011906328888941211,0.0027725924088879985,0.9319638349203355,0.008101285219005269,0.01349778151276911,0.9074138832113686,0.017783737818083813,0.014826764570925752,0.8306310683992019,0.00040856196036505115,0.00040856196036505115,4.806611298412366
27780,0.0011890423340433394,0.0027728628032126315,0.9320547237689517,0.008091864040265984,0.013499383113154788,0.9075215538255318,0.017768858939659182,0.01482929398025794,0.830772772003246,0.00040870908386536267,0.00040870908386536267,4.808342163121914
27790,0.0011874533595062709,0.002773132928883933,0.9321455223139271,0.008082451553632757,0.013500983235882436,0.9076291251013401,0.017753990600246156,0.014831821597958154,0.830914375235751,0.00040885620736567414,0.00040885620736567414,4.81007302783146
27800,0.0011858659654856497,0.0027734027858674387,0.9322362305436768,0.008073047758204308,0.013502581881105273,0.9077365970490939,0.017739132796031214,0.014834347424674694,0.831055878133036,0.00040900333086598567,0.00040900333086598567,4.811803892541008
27810,0.0011842801521842082,0.002773672374128684,0.9323268484466164,0.008063652653079359,0.013504179048976514,0.9078439696790932,0.017724285523200843,0.014836871461055856,0.8311972807314205,0.0004091504543662972,0.0004091504543662972,4.8135347572505545
27820,0.0011826959198046796,0.0027739416936332036,0.9324173760111609,0.008054266237356634,0.013505774739649378,0.9079512430016388,0.017709448777941526,0.014839393707749941,0.8313385830672235,0.00040929757786660866,0.00040929757786660866,4.815265621960101
27830,0.0011811132685497971,0.0027742107443465337,0.9325078132257254,0.008044888510134856,0.01350736895327708,0.9080584170270304,0.01769462255643975,0.014841914165405243,0.8314797851767642,0.0004094447013669202,0.0004094447013669202,4.816996486669649
27840,0.0011795321986222936,0.0027744795262342093,0.9325981600787256,0.008035519470512748,0.013508961690012838,0.9081654917655688,0.017679806854881998,0.01484443283467006,0.8316208870963618,0.0004095918248672317,0.0004095918248672317,4.818727351379196
27850,0.0011779527102249018,0.0027747480392617658,0.9326884165585767,0.00802615911758903,0.01351055295000987,0.9082724672275541,0.017665001669454755,0.014846949716192692,0.8317618888623357,0.0004097389483675432,0.0004097389483675432,4.820458216088743
27860,0.0011763748035603554,0.002775016283394739,0.9327785826536936,0.008016807450462429,0.013512142733421393,0.9083793434232867,0.017650206996344505,0.014849464810621434,0.8319027905110047,0.0004098860718678547,0.0004098860718678547,4.822189080798291
27870,0.001174798478831387,0.0027752842585986636,0.9328686583524919,0.008007464468231664,0.013513731040400623,0.908486120363067,0.017635422831737736,0.014851978118604586,0.8320435920786883,0.0004100331953681662,0.0004100331953681662,4.823919945507837
27880,0.0011732237362407296,0.002775551964839075,0.9329586436433864,0.00799813016999546,0.013515317871100777,0.908592798057195,0.017620649171820924,0.014854489640790444,0.8321842936017055,0.0004101803188684777,0.0004101803188684777,4.825650810217384
27890,0.0011716505759911166,0.0027758194020815093,0.9330485385147929,0.007988804554852538,0.013516903225675074,0.9086993765159713,0.017605886012780562,0.014856999377827305,0.8323248951163756,0.0004103274423687892,0.0004103274423687892,4.827381674926931
27900,0.0011700789982852806,0.0027760865702915016,0.9331383429551264,0.00797948762190162,0.01351848710427673,0.9088058557496961,0.01759113335080313,0.014859507330363468,0.8324653966590179,0.00041047456586910074,0.00041047456586910074,4.829112539636479
27910,0.0011685090033259548,0.0027763534694345868,0.9332280569528021,0.007970179370241434,0.013520069507058962,0.9089122357686695,0.017576391182075112,0.014862013499047231,0.8326057982659514,0.0004106216893694122,0.0004106216893694122,4.830843404346026
27920,0.0011669405913158726,0.002776620099476301,0.9333176804962355,0.007960879798970696,0.013521650434174987,0.9090185165831922,0.017561659502782996,0.014864517884526892,0.8327460999734954,0.00041076881286972373,0.00041076881286972373,4.832574269055573
27930,0.0011653737624577666,0.002776886460382179,0.9334072135738416,0.007951588907188133,0.013523229885778023,0.9091246982035645,0.017546938309113264,0.014867020487450745,0.832886301817969,0.00041091593637003525,0.00041091593637003525,4.83430513376512
27940,0.0011638085169543696,0.0027771525521177566,0.9334966561740358,0.007942306693992467,0.013524807862021286,0.9092307806400862,0.017532227597252398,0.014869521308467092,0.8330264038356915,0.0004110630598703468,0.0004110630598703468,4.836035998474667
27950,0.001162244855008415,0.0027774183746485685,0.9335860082852331,0.007933033158482419,0.013526384363057994,0.9093367639030583,0.01751752736338689,0.014872020348224229,0.833166406062982,0.00041121018337065825,0.00041121018337065825,4.837766863184214
27960,0.0011606827768226363,0.0027776839279401513,0.9336752698958491,0.007923768299756714,0.013527959389041364,0.9094426480027806,0.01750283760370322,0.014874517607370453,0.8333063085361598,0.00041135730687096977,0.00041135730687096977,4.839497727893762
27970,0.0011591222825997655,0.0027779492119580393,0.9337644409942988,0.007914512116914074,0.013529532940124612,0.9095484329495537,0.01748815831438787,0.014877013086554062,0.8334461112915441,0.00041150443037128124,0.00041150443037128124,4.841228592603309
27980,0.0011575633725425362,0.002778214226667768,0.9338535215689976,0.00790526460905322,0.013531105016460957,0.9096541187536776,0.017473489491627324,0.014879506786423354,0.833585814365454,0.00041165155387159276,0.00041165155387159276,4.842959457312856
27990,0.0011560060468536817,0.002778478972034873,0.9339425116083607,0.007896025775272878,0.013532675618203616,0.909759705425453,0.017458831131608073,0.014881998707626628,0.8337254177942088,0.0004117986773719043,0.0004117986773719043,4.844690322022403
28000,0.0011544503057359348,0.0027787434480248904,0.9340314111008033,0.007886795614671767,0.013534244745505805,0.9098651929751801,0.017444183230516597,0.014884488850812179,0.8338649216141277,0.00041194580087221575,0.00041194580087221575,4.846421186731949
28010,0.0011528961493920283,0.0027790076546033546,0.9341202200347409,0.007877574126348612,0.013535812398520742,0.909970581413159,0.017429545784539383,0.014886977216628305,0.8340043258615297,0.0004120929243725273,0.0004120929243725273,4.848152051441497
28020,0.0011513435780246954,0.0027792715917358012,0.9342089383985885,0.007868361309402137,0.013537378577401643,0.9100758707496902,0.017414918789862913,0.014889463805723306,0.8341436305727343,0.0004122400478728388,0.0004122400478728388,4.849882916151044
28030,0.0011497925918366693,0.0027795352593877657,0.9342975661807614,0.007859157162931063,0.013538943282301725,0.9101810609950738,0.01740030224267367,0.014891948618745477,0.8342828357840604,0.0004123871713731503,0.0004123871713731503,4.851613780860592
28040,0.0011482431910306828,0.0027797986575247833,0.934386103369675,0.00784996168603411,0.013540506513374207,0.9102861521596105,0.01738569613915814,0.014894431656343117,0.8344219415318272,0.0004125342948734618,0.0004125342948734618,4.853344645570139
28050,0.0011466953758094691,0.0027800617861123895,0.9344745499537442,0.007840774877810007,0.013542068270772305,0.9103911442536002,0.01737110047550281,0.014896912919164522,0.8345609478523541,0.0004126814183737733,0.0004126814183737733,4.855075510279685
28060,0.001145149146375761,0.00278032464511612,0.9345629059213848,0.00783159673735747,0.013543628554649235,0.9104960372873434,0.017356515247894163,0.014899392407857993,0.8346998547819604,0.00041282854187408484,0.00041282854187408484,4.856806374989233
28070,0.0011436045029322916,0.0027805872345015095,0.9346511712610116,0.007822427263775227,0.013545187365158216,0.9106008312711406,0.017341940452518682,0.014901870123071825,0.834838662356965,0.0004129756653743963,0.0004129756653743963,4.85853723969878
28080,0.0011420614456817944,0.002780849554234094,0.9347393459610399,0.007813266456161998,0.013546744702452465,0.9107055262152917,0.01732737608556285,0.014904346065454316,0.8349773706136872,0.00041312278887470783,0.00041312278887470783,4.860268104408327
28090,0.0011405199748270019,0.002781111604279409,0.9348274300098852,0.007804114313616508,0.0135483005666852,0.9108101221300973,0.017312822143213155,0.014906820235653763,0.8351159795884462,0.0004132699123750193,0.0004132699123750193,4.861998969117874
28100,0.0011389800905706473,0.0027813733846029894,0.9349154233959627,0.007794970835237477,0.013549854958009635,0.9109146190258577,0.017298278621656085,0.014909292634318467,0.8352544893175612,0.0004134170358753308,0.0004134170358753308,4.8637298338274215
28110,0.0011374417931154634,0.0027816348951703704,0.9350033261076874,0.007785836020123628,0.013551407876578988,0.9110190169128729,0.017283745517078113,0.01491176326209672,0.8353928998373513,0.00041356415937564235,0.00041356415937564235,4.865460698536968
28120,0.0011359050826641836,0.002781896135947088,0.9350911381334749,0.0077767098673736865,0.013552959322546479,0.9111233158014438,0.017269222825665738,0.014914232119636824,0.8355312111841359,0.00041371128287595387,0.00041371128287595387,4.867191563246516
28130,0.001134369959419541,0.0027821571068986774,0.9351788594617402,0.007767592376086372,0.013554509296065323,0.9112275157018703,0.01725471054360543,0.014916699207587078,0.8356694233942341,0.00041385840637626534,0.00041385840637626534,4.868922427956062
28140,0.0011328364235842683,0.0027824178079906736,0.9352664900808987,0.00775848354536041,0.013556057797288735,0.9113316166244526,0.01724020866708368,0.014919164526595774,0.835807536503965,0.00041400552987657687,0.00041400552987657687,4.87065329266561
28150,0.0011313044753610987,0.0027826782391886123,0.9353540299793653,0.007749383374294521,0.013557604826369937,0.9114356185794914,0.01722571719228698,0.014921628077311214,0.8359455505496478,0.0004141526533768884,0.0004141526533768884,4.872384157375157
28160,0.0011297741149527652,0.002782938400458029,0.935441479145556,0.007740291861987428,0.013559150383462143,0.9115395215772868,0.0172112361154018,0.014924089860381694,0.8360834655676019,0.00041429977687719986,0.00041429977687719986,4.874115022084704
28170,0.0011282453425620008,0.002783198291764459,0.9355288375678854,0.007731209007537857,0.01356069446871857,0.9116433256281391,0.017196765432614634,0.014926549876455513,0.8362212815941464,0.0004144469003775114,0.0004144469003775114,4.875845886794251
28180,0.0011267181583915387,0.0027834579130734376,0.9356161052347688,0.007722134810044526,0.013562237082292436,0.9117470307423485,0.017182305140111966,0.014929008126180966,0.8363589986656003,0.0004145940238778229,0.0004145940238778229,4.877576751503798
28190,0.0011251925626441115,0.0027837172643505005,0.935703282134622,0.0077130692686061585,0.013563778224336959,0.9118506369302156,0.017167855234080275,0.014931464610206353,0.836496616818283,0.0004147411473781344,0.0004147411473781344,4.879307616213345
28200,0.0011236685555224529,0.002783976345561182,0.9357903682558595,0.0077040123823214806,0.013565317895005353,0.9119541442020404,0.01715341571070605,0.014933919329179972,0.8366341360885139,0.0004148882708784459,0.0004148882708784459,4.881038480922893
28210,0.0011221461372292955,0.002784235156671019,0.9358773635868971,0.007694964150289213,0.01356685609445084,0.9120575525681236,0.017138986566175775,0.014936372283750119,0.8367715565126117,0.0004150353943787574,0.0004150353943787574,4.88276934563244
28220,0.0011206253079673724,0.002784493697645546,0.9359642681161497,0.007685924571608076,0.013568392822826632,0.912160862038765,0.017124567796675934,0.01493882347456509,0.8369088781268958,0.0004151825178790689,0.0004151825178790689,4.884500210341987
28230,0.0011191060679394166,0.0027847519684502985,0.936051081832033,0.007676893645376797,0.01356992808028595,0.9122640726242655,0.017110159398393013,0.014941272902273189,0.8370461009676856,0.0004153296413793804,0.0004153296413793804,4.886231075051534
28240,0.0011175884173481613,0.002785009969050812,0.9361378047229619,0.007667871370694096,0.013571461866982009,0.9123671843349248,0.017095761367513493,0.014943720567522707,0.8371832250713,0.00041547676487969194,0.00041547676487969194,4.887961939761081
28250,0.0011160723563963392,0.0027852676994126217,0.9362244367773517,0.007658857746658696,0.013572994183068027,0.9124701971810437,0.017081373700223862,0.014946166470961943,0.8373202504740584,0.0004156238883800034,0.0004156238883800034,4.889692804470628
28260,0.0011145578852866838,0.002785525159501263,0.9363109779836176,0.00764985277236932,0.01357452502869722,0.9125731111729223,0.0170669963927106,0.014948610613239198,0.8374571772122801,0.00041577101188031493,0.00041577101188031493,4.891423669180175
28270,0.0011130450042219277,0.0027857823492822716,0.9363974283301753,0.0076408564469246905,0.013576054404022809,0.912675926320861,0.017052629441160195,0.014951052995002767,0.8375940053222839,0.00041591813538062645,0.00041591813538062645,4.893154533889723
28280,0.001111533713404804,0.0027860392687211826,0.9364837878054395,0.00763186876942353,0.013577582309198005,0.91277864263516,0.01703827284175913,0.014953493616900947,0.8377307348403892,0.0004160652588809379,0.0004160652588809379,4.8948853985992695
28290,0.0011100240130380462,0.0027862959177835313,0.9365700563978256,0.007622889738964561,0.01357910874437603,0.9128812601261196,0.01702392659069389,0.014955932479582039,0.8378673658029153,0.00041621238238124945,0.00041621238238124945,4.896616263308816
28300,0.0011085159033243869,0.0027865522964348535,0.9366562340957489,0.007613919354646509,0.0135806337097101,0.9129837788040401,0.017009590684150967,0.014958369583694337,0.8380038982461813,0.00041635950588156097,0.00041635950588156097,4.898347128018364
28310,0.0011070093844665592,0.0027868084046406842,0.9367423208876249,0.007604957615568094,0.01358215720535343,0.913086198679222,0.01699526511831683,0.01496080492988614,0.8381403322065065,0.00041650662938187244,0.00041650662938187244,4.900077992727911
28320,0.0011055044566672962,0.002787064242366559,0.9368283167618684,0.007596004520828037,0.013583679231459238,0.9131885197619655,0.016980949889377973,0.014963238518805745,0.8382766677202098,0.00041665375288218396,0.00041665375288218396,4.901808857437458
28330,0.0011040011201293308,0.002787319809578013,0.936914221706895,0.007587060069525065,0.013585199788180744,0.9132907420625709,0.01696664499352088,0.01496567035110145,0.8384129048236107,0.0004168008763824955,0.0004168008763824955,4.903539722147006
28340,0.001102499375055396,0.002787575106240582,0.9370000357111199,0.007578124260757897,0.013586718875671163,0.9133928655913386,0.016952350426932036,0.014968100427421555,0.8385490435530283,0.00041694799988280695,0.00041694799988280695,4.9052705868565525
28350,0.0011009992216482255,0.0027878301323198008,0.9370857587629582,0.007569197093625259,0.013588236494083712,0.9134948903585687,0.01693806618579792,0.014970528748414353,0.8386850839447817,0.0004170951233831185,0.0004170951233831185,4.907001451566099
28360,0.0010995006601105515,0.0027880848877812055,0.9371713908508252,0.007560278567225874,0.013589752643571608,0.9135968163745618,0.016923792266305027,0.014972955314728146,0.8388210260351903,0.00041724224688343,0.00041724224688343,4.908732316275647
28370,0.0010980036906451072,0.002788339372590331,0.9372569319631363,0.00755136868065846,0.013591267324288068,0.9136986436496178,0.01690952866463983,0.01497538012701123,0.838956869860573,0.00041738937038374147,0.00041738937038374147,4.910463180985193
28380,0.001096508313454626,0.002788593586712713,0.9373423820883068,0.007542467433021743,0.013592780536386309,0.9138003721940374,0.016895275376988816,0.014977803185911902,0.8390926154572493,0.000417536493884053,0.000417536493884053,4.912194045694741
28390,0.0010950145287418403,0.0027888475301138865,0.9374277412147517,0.007533574823414446,0.01359429228001955,0.9139020020181209,0.016881032399538476,0.01498022449207846,0.8392282628615383,0.0004176836173843645,0.0004176836173843645,4.913924910404288
28400,0.001093522336709484,0.002789101202759387,0.9375130093308863,0.007524690850935292,0.013595802555341006,0.9140035331321684,0.01686679972847529,0.014982644046159201,0.8393638121097592,0.000417830740884676,0.000417830740884676,4.915655775113835
28410,0.0010920317375602896,0.00278935460461475,0.937598186425126,0.007515815514683001,0.013597311362503896,0.9141049655464802,0.016852577359985743,0.014985061848802425,0.8394992632382311,0.0004179778643849875,0.0004179778643849875,4.917386639823382
28420,0.00109054273149699,0.002789607735645511,0.937683272485886,0.0075069488137563,0.013598818701661434,0.9142062992713568,0.016838365290256316,0.014987477900656427,0.8396346162832732,0.00041812498788529903,0.00041812498788529903,4.919117504532929
28430,0.0010890553187223187,0.002789860595817205,0.9377682675015815,0.007498090747253907,0.013600324572966841,0.9143075343170984,0.0168241635154735,0.014989892202369506,0.8397698712812048,0.0004182721113856105,0.0004182721113856105,4.920848369242476
28440,0.0010875694994390084,0.0027901131850953677,0.9378531714606277,0.007489241314274549,0.013601828976573332,0.9144086706940053,0.016809972031823776,0.014992304754589958,0.839905028268345,0.000418419234885922,0.000418419234885922,4.922579233952024
28450,0.001086085273849792,0.0027903655034455348,0.9379379843514403,0.0074804005139169445,0.013603331912634124,0.914509708412378,0.016795790835493627,0.014994715557966084,0.8400400872810131,0.00041856635838623355,0.00041856635838623355,4.924310098661571
28460,0.0010846026421574033,0.0027906175508332406,0.9380227061624338,0.007471568345279821,0.013604833381302436,0.9146106474825165,0.01678161992266954,0.014997124613146178,0.8401750483555283,0.000418713481886545,0.000418713481886545,4.9260409633711175
28470,0.0010831216045645742,0.002790869327224022,0.9381073368820241,0.007462744807461896,0.013606333382731484,0.9147114879147215,0.016767459289537996,0.01499953192077854,0.8403099115282096,0.00041886060538685654,0.00041886060538685654,4.927771828080665
28480,0.0010816421612740387,0.0027911208325834126,0.938191876498626,0.007453929899561896,0.013607831917074483,0.9148122297192929,0.016753308932285486,0.015001937481511468,0.8404446768353764,0.00041900772888716807,0.00041900772888716807,4.929502692790212
28490,0.0010801643124885294,0.002791372066876949,0.938276325000655,0.007445123620678544,0.013609328984484652,0.9149128729065311,0.016739168847098487,0.015004341295993257,0.8405793443133478,0.00041915485238747953,0.00041915485238747953,4.931233557499759
28500,0.0010786880584107792,0.002791623030070167,0.9383606823765266,0.00743632596991056,0.01361082458511521,0.9150134174867367,0.01672503903016349,0.015006743364872207,0.840713913998443,0.00041930197588779106,0.00041930197588779106,4.932964422209306
28510,0.0010772133992435215,0.0027918737221286007,0.9384449486146557,0.0074275369463566695,0.013612318719119372,0.9151138634702097,0.016710919477666977,0.015009143688796614,0.8408483859269812,0.0004194490993881026,0.0004194490993881026,4.934695286918854
28520,0.0010757403351894892,0.002792124143017786,0.9385291237034573,0.007418756549115593,0.013613811386650354,0.9152142108672505,0.016696810185795427,0.015011542268414777,0.8409827601352817,0.00041959622288841405,0.00041959622288841405,4.9364261516284005
28530,0.0010742688664514151,0.0027923742927032586,0.9386132076313473,0.007409984777286054,0.013615302587861377,0.9153144596881597,0.016682711150735333,0.015013939104374993,0.8411170366596635,0.0004197433463887256,0.0004197433463887256,4.938157016337947
28540,0.0010727989932320327,0.002792624171150554,0.9386972003867408,0.007401221629966775,0.013616792322905653,0.915414609943237,0.016668622368673176,0.01501633419732556,0.8412512155364459,0.0004198904698890371,0.0004198904698890371,4.939887881047495
28550,0.0010713307157340746,0.0027928737783252068,0.9387811019580526,0.007392467106256481,0.013618280591936404,0.9155146616427834,0.01665454383579544,0.015018727547914775,0.8413852968019482,0.00042003759338934857,0.00042003759338934857,4.941618745757042
28560,0.0010698640341602738,0.0027931231141927527,0.9388649123336983,0.007383721205253891,0.013619767395106844,0.9156146147970986,0.016640475548288607,0.015021119156790937,0.8415192804924895,0.0004201847168896601,0.0004201847168896601,4.943349610466589
28570,0.001068398948713364,0.0027933721787187274,0.9389486315020933,0.0073749839260577295,0.01362125273257019,0.9157144694164833,0.016626417502339168,0.015023509024602342,0.8416531666443889,0.0004203318403899716,0.0004203318403899716,4.945080475176137
28580,0.0010669354595960775,0.002793620971868666,0.9390322594516524,0.0073662552677667215,0.013622736604479662,0.9158142255112377,0.016612369694133603,0.015025897151997288,0.8417869552939657,0.0004204789638902831,0.0004204789638902831,4.946811339885683
28590,0.0010654735670111478,0.002793869493608104,0.9391157961707912,0.007357535229479586,0.013624219010988476,0.9159138830916621,0.016598332119858394,0.015028283539624073,0.8419206464775392,0.0004206260873905946,0.0004206260873905946,4.94854220459523
28600,0.0010640132711613075,0.002794117743902577,0.939199241647925,0.0073488238102950455,0.013625699952249848,0.9160134421680569,0.01658430477570003,0.015030668188130996,0.8420542402314283,0.00042077321089090613,0.00042077321089090613,4.950273069304778
28610,0.0010625545722492903,0.0027943657227176197,0.9392825958714687,0.007340121009311826,0.013627179428416994,0.9161129027507222,0.016570287657844997,0.01503305109816635,0.8421877365919525,0.0004209203343912176,0.0004209203343912176,4.952003934014324
28620,0.0010610974704778283,0.0027946134300187685,0.9393658588298381,0.00733142682562865,0.013628657439643135,0.9162122648499585,0.016556280762479773,0.015035432270378438,0.8423211355954308,0.0004210674578915291,0.0004210674578915291,4.953734798723872
28630,0.0010596419660496553,0.002794860865771558,0.939449030511448,0.007322741258344237,0.013630133986081485,0.9163115284760661,0.016542284085790847,0.015037811705415556,0.8424544372781824,0.00042121458139184065,0.00042121458139184065,4.955465663433419
28640,0.001058188059167504,0.0027951080299415234,0.9395321109047136,0.007314064306557312,0.013631609067885263,0.9164106936393454,0.016528297623964704,0.015040189403926001,0.8425876416765267,0.0004213617048921521,0.0004213617048921521,4.9571965281429655
28650,0.0010567357500341078,0.002795354922494201,0.9396150999980507,0.0073053959693665975,0.013633082685207683,0.9165097603500963,0.016514321373187826,0.01504256536655807,0.8427207488267826,0.00042150882839246364,0.00042150882839246364,4.958927392852513
28660,0.0010552850388521992,0.0027956015433951253,0.939697997779874,0.007296736245870817,0.013634554838201966,0.9166087286186195,0.016500355329646697,0.015044939593960062,0.8428537587652696,0.00042165595189277516,0.00042165595189277516,4.96065825756206
28670,0.0010538359258245116,0.002795847892609832,0.9397808042385989,0.007288085135168692,0.013636025527021327,0.9167075984552152,0.016486399489527806,0.015047312086780274,0.8429866715283066,0.00042180307539308663,0.00042180307539308663,4.962389122271607
28680,0.0010523884111537777,0.002796093970103857,0.9398635193626409,0.007279442636358945,0.013637494751818986,0.9168063698701838,0.01647245384901763,0.015049682845667003,0.8431194871522131,0.00042195019889339815,0.00042195019889339815,4.964119986981155
28690,0.0010509424950427308,0.002796339775842735,0.939946143140415,0.007270808748540299,0.013638962512748154,0.9169050428738253,0.01645851840430266,0.015052051871268547,0.8432522056733079,0.0004220973223937097,0.0004220973223937097,4.965850851690702
28700,0.0010494981776941043,0.0027965853097920014,0.9400286755603365,0.0072621834708114785,0.013640428809962054,0.9170036174764405,0.01644459315156938,0.015054419164233206,0.8433848271279107,0.00042224444589402115,0.00042224444589402115,4.9675817164002485
28710,0.0010480554593106303,0.002796830571917192,0.9401111166108208,0.007253566802271204,0.0136418936436139,0.9171020936883293,0.01643067808700427,0.015056784725209275,0.8435173515523403,0.00042239156939433267,0.00042239156939433267,4.969312581109795
28720,0.0010466143400950428,0.002797075562183842,0.940193466280283,0.007244958742018198,0.013643357013856912,0.9172004715197923,0.016416773206793817,0.015059148554845051,0.843649778982916,0.0004225386928946442,0.0004225386928946442,4.971043445819343
28730,0.0010451748202500743,0.002797320280557487,0.9402757245571383,0.007236359289151187,0.013644818920844303,0.9172987509811296,0.016402878507124505,0.015061510653788834,0.8437821094559571,0.00042268581639495566,0.00042268581639495566,4.97277431052889
28740,0.0010437368999784576,0.0027975647270036615,0.9403578914298021,0.007227768442768887,0.013646279364729294,0.9173969320826415,0.016388993984182823,0.01506387102268892,0.8439143430077826,0.0004228329398952672,0.0004228329398952672,4.974505175238437
28750,0.0010423005794829264,0.002797808901487902,0.9404399668866895,0.007219186201970027,0.0136477383456651,0.9174950148346284,0.01637511963415525,0.015066229662193608,0.8440464796747119,0.0004229800633955787,0.0004229800633955787,4.976236039947985
28760,0.0010408658589662135,0.002798052803975743,0.940521950916216,0.0072106125658533285,0.01364919586380494,0.9175929992473908,0.01636125545322827,0.015068586572951195,0.8441785194930641,0.0004231271868958902,0.0004231271868958902,4.977966904657531
28770,0.0010394327386310516,0.0027982964344327207,0.9406038435067968,0.00720204753351751,0.013650651919302028,0.9176908853312287,0.01634740143758837,0.015070941755609977,0.8443104624991583,0.00042327431039620176,0.00042327431039620176,4.979697769367079
28780,0.001038001218680174,0.0027985397928243696,0.9406856446468468,0.007193491104061301,0.013652106512309584,0.9177886730964425,0.016333557583422035,0.015073295210818254,0.8444423087293139,0.0004234214338965132,0.0004234214338965132,4.981428634076626
28790,0.0010365712993163137,0.002798782879116226,0.9407673543247818,0.0071849432765834186,0.013653559642980824,0.9178863625533326,0.016319723886915747,0.015075646939224323,0.8445740582198501,0.0004235685573968247,0.0004235685573968247,4.983159498786173
28800,0.0010351429807422038,0.0027990256932738248,0.9408489725290166,0.007176404050182586,0.013655011311468965,0.9179839537121992,0.016305900344255993,0.015077996941476482,0.8447057110070858,0.0004237156808971362,0.0004237156808971362,4.98489036349572
28810,0.0010337162631605772,0.002799268235262701,0.9409304992479667,0.007167873423957531,0.013656461517927225,0.9180814465833428,0.01629208695162926,0.015080345218223027,0.8448372671273405,0.00042386280439744774,0.00042386280439744774,4.9866212282052675
28820,0.0010322911467741673,0.002799510505048391,0.9410119344700473,0.00715935139700697,0.01365791026250882,0.9181788411770635,0.016278283705222024,0.015082691770112256,0.8449687266169331,0.0004240099278977592,0.0004240099278977592,4.9883520929148135
28830,0.0010308676317857064,0.0027997525025964293,0.9410932781836737,0.007150837968429631,0.013659357545366969,0.9182761375036617,0.016264490601220774,0.015085036597792468,0.8451000895121831,0.00042415705139807073,0.00042415705139807073,4.990082957624361
28840,0.0010294457183979283,0.0027999942278723513,0.9411745303772608,0.007142333137324233,0.013660803366654886,0.9183733355734377,0.016250707635811996,0.01508737970191196,0.8452313558494096,0.00042430417489838226,0.00042430417489838226,4.991813822333908
28850,0.0010280254068135658,0.0028002356808416932,0.9412556910392246,0.0071338369027895004,0.01366224772652579,0.9184704353966916,0.016236934805182176,0.015089721083119031,0.8453625256649318,0.0004244512983986937,0.0004244512983986937,4.993544687043455
28860,0.0010266066972353515,0.0028004768614699896,0.9413367601579796,0.007125349263924155,0.0136636906251329,0.9185674369837241,0.01622317210551779,0.015092060742061975,0.8454935989950686,0.0004245984218990053,0.0004245984218990053,4.995275551753004
28870,0.001025189589866019,0.002800717769722776,0.9414177377219414,0.007116870219826919,0.01366513206262943,0.9186643403448355,0.01620941953300533,0.015094398679389094,0.8456245758761397,0.0004247455453993168,0.0004247455453993168,4.99700641646255
28880,0.0010237740849083012,0.002800958405565588,0.9414986237195253,0.007108399769596519,0.013666572039168597,0.9187611454903257,0.01619567708383128,0.015096734895748682,0.845755456344464,0.00042489266889962824,0.00042489266889962824,4.9987372811720965
28890,0.0010223601825649308,0.002801198768963961,0.9415794181391465,0.007099937912331672,0.01366801055490362,0.9188578524304953,0.016181944754182123,0.015099069391789038,0.8458862404363606,0.00042503979239993977,0.00042503979239993977,5.000468145881644
28900,0.0010209478830386413,0.0028014388598834304,0.9416601209692202,0.007091484647131105,0.013669447609987718,0.9189544611756447,0.016168222540244345,0.015101402168158461,0.846016928188149,0.0004251869159002513,0.0004251869159002513,5.002199010591191
28910,0.0010195371865321656,0.002801678678289531,0.9417407321981617,0.00708303997309354,0.013670883204574104,0.9190509717360741,0.016154510438204428,0.015103733225505248,0.8461475196361483,0.00042533403940056276,0.00042533403940056276,5.003929875300738
28920,0.0010181280932482365,0.002801918224147799,0.9418212518143861,0.007074603889317698,0.013672317338815998,0.9191473841220837,0.016140808444248856,0.015106062564477694,0.8462780148166775,0.00042548116290087434,0.00042548116290087434,5.005660740010286
28930,0.0010167206033895875,0.0028021574974237693,0.9419016798063089,0.007066176394902304,0.013673750012866614,0.9192436983439739,0.016127116554564117,0.0151083901857241,0.846408413766056,0.0004256282864011858,0.0004256282864011858,5.007391604719833
28940,0.001015314717158951,0.0028023964980829776,0.9419820161623453,0.0070577574889460785,0.013675181226879171,0.919339914412045,0.016113434765336693,0.015110716089892763,0.846538716520603,0.0004257754099014973,0.0004257754099014973,5.009122469429379
28950,0.0010139104347590606,0.002802635226090959,0.9420622608709104,0.007049347170547745,0.013676610981006889,0.9194360323365974,0.016099763072753064,0.01511304027763198,0.8466689231166374,0.00042592253340180885,0.00042592253340180885,5.010853334138927
28960,0.0010125077563926488,0.002802873681413249,0.9421424139204198,0.007040945438806029,0.013678039275402981,0.9195320521279313,0.016086101472999725,0.015115362749590047,0.8467990335904788,0.0004260696569021203,0.0004260696569021203,5.012584198848474
28970,0.0010111066822624491,0.0028031118640153827,0.9422224752992882,0.007032552292819648,0.013679466110220665,0.9196279737963471,0.016072449962263154,0.015117683506415264,0.8469290479784461,0.00042621678040243185,0.00042621678040243185,5.014315063558021
28980,0.0010097072125711945,0.002803349773862896,0.9423024449959314,0.007024167731687329,0.01368089148561316,0.919723797352145,0.016058808536729835,0.015120002548755928,0.8470589663168587,0.0004263639039027433,0.0004263639039027433,5.016045928267568
28990,0.0010083093475216178,0.0028035874109213245,0.9423823229987645,0.007015791754507792,0.013682315401733681,0.9198195228056255,0.016045177192586253,0.015122319877260338,0.8471887886420357,0.00042651102740305484,0.00042651102740305484,5.0177767929771155
29000,0.0010069130873164522,0.0028038247751562026,0.9424621092962024,0.007007424360379763,0.013683737858735445,0.9199151501670886,0.016031555926018896,0.015124635492576788,0.8473185149902962,0.0004266581509033663,0.0004266581509033663,5.019507657686662
29010,0.0010055184321584305,0.0028040618665330663,0.9425418038766608,0.00699906554840196,0.013685158856771672,0.9200106794468349,0.016017944733214242,0.015126949395353579,0.8474481453979595,0.0004268052744036779,0.0004268052744036779,5.02123852239621
29020,0.001004125382250286,0.0028042986850174505,0.9426214067285548,0.00699071531767311,0.013686578395995576,0.9201061106551647,0.01600434361035878,0.015129261586239007,0.8475776799013449,0.00042695239790398935,0.00042695239790398935,5.022969387105757
29030,0.0010027339377947518,0.0028045352305748916,0.9427009178402995,0.006982373667291934,0.013687996476560377,0.9202014438023782,0.015990752553638996,0.015131572065881371,0.8477071185367715,0.0004270995214043008,0.0004270995214043008,5.024700251815303
29040,0.0010013440989945607,0.002804771503170924,0.9427803372003105,0.0069740405963571546,0.013689413098619289,0.9202966788987756,0.01597717155924137,0.015133880834928967,0.8478364613405585,0.0004272466449046124,0.0004272466449046124,5.026431116524852
29050,0.0009999558660524458,0.0028050075027710834,0.9428596647970028,0.0069657161039674955,0.013690828262325531,0.9203918159546575,0.01596360062335239,0.015136187894030094,0.8479657083490248,0.00042739376840492387,0.00042739376840492387,5.0281619812343985
29060,0.0009985692391711403,0.0028052432293409054,0.9429389006187917,0.006957400189221678,0.01369224196783232,0.9204868549803239,0.01595003974215854,0.015138493243833049,0.8480948595984901,0.0004275408919052354,0.0004275408919052354,5.029892845943945
29070,0.0009971842185533767,0.0028054786828459253,0.9430180446540924,0.006949092851218425,0.013693654215292873,0.9205817959860754,0.0159364889118463,0.01514079688498613,0.8482239151252734,0.00042768801540554686,0.00042768801540554686,5.031623710653492
29080,0.0009958008044018887,0.002805713863251678,0.9430970968913203,0.006940794089056461,0.013695065004860407,0.9206766389822121,0.015922948128602163,0.015143098818137633,0.8483528749656937,0.0004278351389058584,0.0004278351389058584,5.033354575363039
29090,0.000994418996919409,0.0028059487705236995,0.9431760573188905,0.0069325039018345086,0.01369647433668814,0.9207713839790345,0.015909417388612603,0.015145399043935859,0.8484817391560705,0.00042798226240616986,0.00042798226240616986,5.035085440072586
29100,0.0009930387963086708,0.0028061834046275254,0.9432549259252185,0.006924222288651287,0.013697882210929286,0.9208660309868426,0.01589589668806411,0.0151476975630291,0.8486105077327227,0.00042812938590648143,0.00042812938590648143,5.036816304782134
29110,0.000991660202772407,0.00280641776552869,0.9433337026987193,0.0069159492486055235,0.013699288627737066,0.9209605800159371,0.01588238602314317,0.015149994376065661,0.8487391807319699,0.0004282765094067929,0.0004282765094067929,5.038547169491681
29120,0.0009902832165133507,0.0028066518531927294,0.9434123876278081,0.006907684780795937,0.013700693587264697,0.9210550310766181,0.015868885390036266,0.015152289483693836,0.8488677581901309,0.00042842363290710437,0.00042842363290710437,5.040278034201227
29130,0.0009889078377342347,0.0028068856675851793,0.9434909807009005,0.006899428884321252,0.013702097089665393,0.921149384179186,0.01585539478492988,0.015154582886561921,0.848996240143525,0.00042857075640741595,0.00042857075640741595,5.042008898910775
29140,0.0009875340666377925,0.0028071192086715747,0.9435694819064115,0.006891181558280193,0.013703499135092372,0.9212436393339408,0.0158419142040105,0.015156874585318215,0.8491246266284714,0.0004287178799077274,0.0004287178799077274,5.043739763620322
29150,0.0009861619034267567,0.0028073524764174506,0.9436478912327564,0.0068829428017714795,0.013704899723698854,0.9213377965511833,0.015828443643464613,0.015159164580611017,0.8492529176812895,0.00042886500340803894,0.00042886500340803894,5.04547062832987
29160,0.0009847913483038604,0.002807585470788343,0.9437262086683504,0.006874712613893836,0.013706298855638054,0.9214318558412136,0.015814983099478694,0.015161452873088623,0.8493811133382982,0.00042901212690835046,0.00042901212690835046,5.047201493039417
29170,0.000983422401471837,0.002807818191749787,0.9438044342016091,0.006866490993745984,0.013707696531063188,0.9215258172143318,0.015801532568239237,0.01516373946339933,0.8495092136358168,0.00042915925040866193,0.00042915925040866193,5.0489323577489635
29180,0.000982055063133419,0.002808050639267318,0.9438825678209471,0.006858277940426649,0.013709092750127475,0.9216196806808385,0.01578809204593272,0.015166024352191438,0.8496372186101646,0.0004293063739089734,0.0004293063739089734,5.05066322245851
29190,0.0009806893334913397,0.0028082828133064717,0.9439606095147803,0.00685007345303455,0.013710487512984131,0.9217134462510339,0.01577466152874563,0.015168307540113243,0.8497651282976607,0.000429453497409285,0.000429453497409285,5.052394087168058
29200,0.0009793252127483325,0.0028085147138327826,0.9440385592715235,0.0068418775306684125,0.013711880819786375,0.9218071139352184,0.01576124101286445,0.015170589027813043,0.8498929427346242,0.00042960062090959645,0.00042960062090959645,5.054124951877605
29210,0.00097796270110713,0.002808746340811787,0.9441164170795923,0.006833690172426959,0.013713272670687423,0.9219006837436922,0.015747830494475673,0.015172868815939137,0.8500206619573746,0.000429747744409908,0.000429747744409908,5.055855816587152
29220,0.0009766017987704648,0.0028089776942090204,0.9441941829274018,0.00682551137740891,0.013714663065840491,0.9219941556867556,0.01573442996976577,0.01517514690513982,0.8501482860022308,0.0004298948679102195,0.0004298948679102195,5.0575866812967
29230,0.0009752425059410711,0.002809208773990017,0.944271856803367,0.006817341144712992,0.013716052005398797,0.922087529774709,0.01572103943492123,0.015177423296063391,0.8502758149055121,0.00043004199141053097,0.00043004199141053097,5.0593175460062465
29240,0.0009738848228216811,0.0028094395801203133,0.9443494386959035,0.006809179473437922,0.013717439489515558,0.9221808060178525,0.015707658886128545,0.015179697989358148,0.8504032487035377,0.0004301891149108425,0.0004301891149108425,5.061048410715793
29250,0.000972528749615028,0.0028096701125654446,0.9444269285934267,0.006801026362682429,0.013718825518343993,0.9222739844264868,0.01569428831957419,0.015181970985672387,0.8505305874326268,0.000430336238411154,0.000430336238411154,5.062779275425341
29260,0.0009711742865238446,0.0028099003712909456,0.9445043264843515,0.006792881811545233,0.013720210092037315,0.9223670650109118,0.01568092773144466,0.015184242285654409,0.8506578311290985,0.0004304833619114655,0.0004304833619114655,5.064510140134888
29270,0.0009698214337508643,0.002810130356262352,0.9445816323570931,0.006784745819125054,0.013721593210748746,0.9224600477814282,0.015667577117926424,0.015186511889952509,0.8507849798292723,0.000430630485411777,0.000430630485411777,5.066241004844435
29280,0.0009684701914988202,0.0028103600674451996,0.944658846200067,0.006776618384520619,0.0137229748746315,0.9225529327483359,0.01565423647520598,0.015188779799214984,0.8509120335694669,0.00043077760891208853,0.00043077760891208853,5.067971869553983
29290,0.0009671205599704451,0.002810589504805024,0.9447359680016886,0.006768499506830651,0.013724355083838794,0.9226457199219357,0.015640905799469806,0.015191046014090133,0.8510389923860019,0.0004309247324124,0.0004309247324124,5.0697027342635295
29300,0.0009657725393684721,0.002810818668307359,0.9448129977503728,0.006760389185153868,0.013725733838523848,0.9227384093125275,0.015627585086904386,0.015193310535226254,0.8511658563151964,0.0004310718559127115,0.0004310718559127115,5.071433598973076
29310,0.0009644261298956343,0.0028110475579177416,0.944889935434535,0.006752287418588998,0.013727111138839876,0.9228310009304116,0.015614274333696212,0.015195573363271644,0.8512926253933695,0.00043121897941302305,0.00043121897941302305,5.073164463682624
29320,0.0009630813317546644,0.0028112761736017065,0.9449667810425904,0.0067441942062347595,0.013728486984940096,0.9229234947858886,0.015600973536031758,0.015197834498874602,0.8514192996568404,0.0004313661029133345,0.0004313661029133345,5.07489532839217
29330,0.0009617381451482958,0.002811504515324789,0.9450435345629543,0.006736109547189877,0.013729861376977726,0.9230158908892587,0.015587682690097516,0.015200093942683422,0.8515458791419284,0.00043151322641364604,0.00043151322641364604,5.076626193101718
29340,0.0009603965702792615,0.0028117325830525246,0.9451201959840418,0.0067280334405530745,0.013731234315105983,0.9231081892508223,0.015574401792079967,0.015202351695346407,0.8516723638849527,0.00043166034991395756,0.00043166034991395756,5.078357057811265
29350,0.0009590566073502945,0.002811960376750449,0.9451967652942684,0.006719965885423073,0.013732605799478083,0.9232003898808794,0.015561130838165597,0.015204607757511849,0.8517987539222324,0.00043180747341426903,0.00043180747341426903,5.0800879225208115
29360,0.0009577182565641278,0.0028121878963840974,0.9452732424820495,0.006711906880898597,0.013733975830247245,0.9232924927897307,0.01554786982454089,0.01520686212982805,0.8519250492900868,0.00043195459691458055,0.00043195459691458055,5.081818787230359
29370,0.0009563815181234945,0.002812415141919005,0.9453496275357999,0.006703856426078367,0.013735344407566684,0.9233844979876761,0.015534618747392332,0.015209114812943304,0.852051250024835,0.0004321017204148921,0.0004321017204148921,5.083549651939906
29380,0.0009550463922311273,0.0028126421133207076,0.9454259204439353,0.006695814520061107,0.013736711531589618,0.9234764054850163,0.015521377602906405,0.015211365807505912,0.8521773561627962,0.00043224884391520355,0.00043224884391520355,5.085280516649453
29390,0.0009537128790897597,0.00281286881055474,0.9455021211948705,0.006687781161945539,0.013738077202469265,0.9235682152920514,0.015508146387269592,0.01521361511416417,0.8523033677402896,0.00043239596741551507,0.00043239596741551507,5.087011381359001
29400,0.0009523809789021247,0.002813095233586638,0.9455782297770212,0.006679756350830386,0.01373944142035884,0.9236599274190815,0.015494925096668381,0.015215862733566374,0.8524292847936344,0.0004325430909158266,0.0004325430909158266,5.088742246068548
29410,0.0009510506918709549,0.002813321382381937,0.9456542461788022,0.006671740085814371,0.013740804185411562,0.9237515418764074,0.015481713727289256,0.015218108666360827,0.85255510735915,0.00043269021441613806,0.00043269021441613806,5.0904731107780945
29420,0.0009497220181989837,0.002813547256906172,0.9457301703886292,0.006663732365996216,0.013742165497780649,0.9238430586743293,0.015468512275318699,0.01522035291319582,0.8526808354731552,0.0004328373379164496,0.0004328373379164496,5.092203975487642
29430,0.0009483949580889442,0.002813772857124879,0.9458060023949172,0.006655733190474645,0.013743525357619316,0.9239344778231472,0.015455320736943197,0.015222595474719656,0.8528064691719696,0.0004329844614167611,0.0004329844614167611,5.093934840197189
29440,0.0009470695117435691,0.0028139981830035926,0.9458817421860815,0.006647742558348381,0.013744883765080781,0.9240257993331616,0.015442139108349236,0.01522483635158063,0.852932008491912,0.0004331315849170726,0.0004331315849170726,5.095665704906736
29450,0.0009457456793655915,0.0028142232345078487,0.9459573897505372,0.0066397604687161455,0.013746240720318261,0.9241170232146729,0.015428967385723294,0.01522707554442704,0.853057453469302,0.0004332787084173841,0.0004332787084173841,5.097396569616283
29460,0.0009444234611577448,0.0028144480116031826,0.9460329450767,0.006631786920676661,0.013747596223484973,0.9242081494779812,0.015415805565251862,0.015229313053907184,0.8531828041404586,0.0004334258319176956,0.0004334258319176956,5.099127434325831
29470,0.000943102857322762,0.0028146725142551296,0.9461084081529847,0.00662382191332865,0.013748950274734134,0.9242991781333871,0.015402653643121423,0.015231548880669358,0.8533080605417007,0.0004335729554180071,0.0004335729554180071,5.1008582990353775
29480,0.0009417838680633755,0.0028148967424292256,0.9461837789678068,0.006615865445770836,0.013750302874218964,0.9243901091911907,0.015389511615518457,0.015233783025361863,0.8534332227093481,0.0004337200789183186,0.0004337200789183186,5.102589163744924
29490,0.0009404664935823188,0.002815120696091005,0.9462590575095815,0.006607917517101945,0.013751654022092675,0.9244809426616923,0.015376379478629456,0.015236015488632994,0.8535582906797196,0.00043386720241863014,0.00043386720241863014,5.104320028454472
29500,0.000939150734082325,0.002815344375206004,0.9463342437667239,0.006599978126420694,0.013753003718508487,0.9245716785551923,0.0153632572286409,0.015238246271131047,0.8536832644891342,0.0004340143259189416,0.0004340143259189416,5.106050893164019
29510,0.000937836589766127,0.0028155677797397577,0.9464093377276496,0.006592047272825807,0.013754351963619618,0.924662316881991,0.015350144861739268,0.015240475373504325,0.8538081441739118,0.00043416144941925313,0.00043416144941925313,5.107781757873566
29520,0.000936524060836458,0.002815790909657801,0.9464843393807735,0.00658412495541601,0.013755698757579284,0.9247528576523887,0.015337042374111057,0.01524270279640112,0.8539329297703708,0.00043430857291956466,0.00043430857291956466,5.109512622583114
29530,0.0009352131474960509,0.0028160137649256706,0.9465592487145111,0.006576211173290023,0.013757044100540702,0.9248433008766858,0.015323949761942741,0.015244928540469735,0.8540576213148311,0.0004344556964198761,0.0004344556964198761,5.1112434872926595
29540,0.0009339038499476385,0.0028162363455089007,0.9466340657172774,0.006568305925546571,0.013758387992657089,0.9249336465651823,0.015310867021420812,0.015247152606358463,0.8541822188436113,0.00043460281992018765,0.00043460281992018765,5.112974352002207
29550,0.0009325961683939543,0.002816458651373027,0.946708790377488,0.006560409211284373,0.013759730434081663,0.9250238947281789,0.015297794148731747,0.015249374994715603,0.854306722393031,0.0004347499434204992,0.0004347499434204992,5.114705216711755
29560,0.0009312901030377308,0.002816680682483585,0.946783422683558,0.006552521029602155,0.013761071424967639,0.9251140453759756,0.015284731140062036,0.015251595706189454,0.8544311319994091,0.00043489706692081064,0.00043489706692081064,5.116436081421301
29570,0.0009299856540817016,0.00281690243880611,0.9468579626239024,0.0065446413795986385,0.013762410965468238,0.925204098518873,0.015271677991598162,0.015253814741428312,0.8545554476990651,0.00043504419042112217,0.00043504419042112217,5.118166946130849
29580,0.0009286828217285995,0.0028171239203061372,0.9469324101869367,0.0065367702603725455,0.013763749055736673,0.9252940541671711,0.015258634699526607,0.015256032101080477,0.8546796695283181,0.0004351913139214337,0.0004351913139214337,5.119897810840396
29590,0.0009273816061811574,0.0028173451269492026,0.9470067653610764,0.0065289076710226,0.013765085695926164,0.9253839123311706,0.01524560126003386,0.015258247785794245,0.8548037975234871,0.00043533843742174516,0.00043533843742174516,5.1216286755499425
29600,0.0009260820076421082,0.0028175660587008407,0.9470810281347363,0.006521053610647524,0.013766420886189927,0.9254736730211715,0.0152325776693064,0.015260461796217912,0.8549278317208915,0.0004354855609220567,0.0004354855609220567,5.12335954025949
29610,0.0009247840263141857,0.0028177867155265877,0.9471551984963319,0.006513208078346042,0.013767754626681178,0.925563336247474,0.015219563923530717,0.015262674132999778,0.8550517721568504,0.0004356326844223682,0.0004356326844223682,5.125090404969037
29620,0.000923487662400122,0.0028180070973919786,0.9472292764342785,0.006505371073216874,0.013769086917553137,0.9256529020203789,0.015206560018893292,0.01526488479678814,0.855175618867683,0.0004357798079226797,0.0004357798079226797,5.126821269678584
29630,0.0009221929161026507,0.0028182272042625487,0.9473032619369911,0.006497542594358743,0.013770417758959019,0.925742370350186,0.015193565951580612,0.015267093788231297,0.8552993718897084,0.0004359269314229912,0.0004359269314229912,5.128552134388132
29640,0.0009208997876245048,0.0028184470361038334,0.9473771549928851,0.006489722640870375,0.013771747151052042,0.9258317412471959,0.01518058171777916,0.015269301107977543,0.8554230312592461,0.0004360740549233027,0.0004360740549233027,5.130282999097679
29650,0.000919608277168417,0.002818666592881368,0.9474509555903758,0.006481911211850489,0.013773075093985423,0.925921014721709,0.015167607313675419,0.015271506756675178,0.8555465970126152,0.0004362211784236142,0.0004362211784236142,5.1320138638072255
29660,0.0009183183849371208,0.0028188858745606888,0.9475246637178785,0.006474108306397809,0.013774401587912377,0.9260101907840252,0.015154642735455874,0.015273710734972502,0.8556700691861346,0.0004363683019239257,0.0004363683019239257,5.133744728516772
29670,0.0009170301111333489,0.00281910488110733,0.9475982793638084,0.006466313923611059,0.013775726632986126,0.9260992694444453,0.015141687979307013,0.015275913043517808,0.8557934478161237,0.00043651542542423724,0.00043651542542423724,5.13547559322632
29680,0.0009157434559598341,0.002819323612486827,0.9476718025165805,0.00645852806258896,0.013777050229359883,0.9261882507132694,0.015128743041415316,0.015278113682959397,0.8559167329389018,0.0004366625489245487,0.0004366625489245487,5.137206457935867
29690,0.00091445841961931,0.0028195420686647167,0.9477452331646106,0.006450750722430235,0.013778372377186866,0.9262771346007976,0.015115807917967268,0.015280312653945565,0.856039924590788,0.00043680967242486023,0.00043680967242486023,5.138937322645414
29700,0.0009131750023145095,0.0028197602496065326,0.9478185712963133,0.006442981902233608,0.013779693076620293,0.9263659211173305,0.015102882605149357,0.01528250995712461,0.8561630228081014,0.00043695679592517175,0.00043695679592517175,5.140668187354962
29710,0.0009118932042481656,0.0028199781552778113,0.9478918169001045,0.0064352216010978005,0.01378101232781338,0.9264546102731682,0.015089967099148064,0.01528470559314483,0.8562860276271613,0.0004371039194254832,0.0004371039194254832,5.142399052064508
29720,0.0009106130256230111,0.0028201957856440873,0.9479649699643989,0.006427469818121536,0.013782330130919344,0.9265432020786112,0.015077061396149876,0.015286899562654522,0.856408939084287,0.00043725104292579475,0.00043725104292579475,5.144129916774055
29730,0.0009093344666417794,0.0028204131406708967,0.9480380304776123,0.006419726552403535,0.013783646486091405,0.9266316965439599,0.015064165492341276,0.015289091866301983,0.8565317572157973,0.00043739816642610627,0.00043739816642610627,5.145860781483603
29740,0.0009080575275072028,0.0028206302203237746,0.9481109984281594,0.006411991803042524,0.013784961393482776,0.9267200936795142,0.015051279383908746,0.015291282504735514,0.856654482058012,0.00043754528992641774,0.00043754528992641774,5.14759164619315
29750,0.0009067822084220153,0.0028208470245682567,0.9481838738044559,0.006404265569137223,0.013786274853246678,0.9268083934955749,0.015038403067038773,0.015293471478603408,0.8567771136472498,0.00043769241342672926,0.00043769241342672926,5.149322510902697
29760,0.0009055085095889493,0.002821063553369878,0.948256656594917,0.006396547849786355,0.013787586865536324,0.9268965960024418,0.015025536537917846,0.015295658788553967,0.8568996520198301,0.0004378395369270408,0.0004378395369270408,5.1510533756122445
29770,0.0009042364312107383,0.0028212798066941736,0.9483293467879574,0.006388838644088644,0.013788897430504937,0.9269847012104158,0.015012679792732443,0.015297844435235484,0.8570220972120719,0.00043798666042735226,0.00043798666042735226,5.1527842403217905
29780,0.0009029659734901148,0.00282149578450668,0.9484019443719931,0.0063811379511428115,0.013790206548305728,0.9270727091297967,0.014999832827669047,0.015300028419296263,0.8571444492602949,0.0004381337839276638,0.0004381337839276638,5.154515105031338
29790,0.0009016971366298124,0.002821711486772931,0.9484744493354389,0.006373445770047581,0.013791514219091916,0.9271606197708849,0.014986995638914149,0.015302210741384594,0.8572667082008177,0.0004382809074279753,0.0004382809074279753,5.156245969740885
29800,0.0009004299208325635,0.0028219269134584636,0.9485468616667103,0.006365762099901675,0.013792820443016721,0.9272484331439811,0.014974168222654231,0.01530439140214878,0.8573888740699597,0.00043842803092828677,0.00043842803092828677,5.157976834450432
29810,0.0008991643263011016,0.002822142064528812,0.9486191813542225,0.006358086939803814,0.013794125220233357,0.9273361492593852,0.014961350575075773,0.015306570402237119,0.8575109469040403,0.0004385751544285983,0.0004385751544285983,5.15970769915998
29820,0.0008979003532381597,0.002822356939949512,0.9486914083863905,0.006350420288852727,0.013795428550895042,0.9274237681273976,0.014948542692365266,0.015308747742297905,0.8576329267393785,0.0004387222779289098,0.0004387222779289098,5.161438563869527
29830,0.000896638001846471,0.002822571539686099,0.9487635427516299,0.006342762146147129,0.013796730435154994,0.9275112897583188,0.014935744570709194,0.015310923422979437,0.8577548136122933,0.0004388694014292213,0.0004388694014292213,5.1631694285790735
29840,0.0008953772723287678,0.0028227858637041086,0.9488355844383558,0.006335112510785748,0.013798030873166429,0.9275987141624489,0.014922956206294035,0.015313097444930014,0.8578766075591044,0.0004390165249295328,0.0004390165249295328,5.164900293288621
29850,0.0008941181648877838,0.002822999911969076,0.9489075334349835,0.0063274713818673054,0.013799329865082564,0.9276860413500881,0.01491017759530628,0.015315269808797933,0.8579983086161306,0.00043916364842984433,0.00043916364842984433,5.166631157998168
29860,0.0008928606797262519,0.0028232136844465365,0.9489793897299282,0.0063198387584905225,0.013800627411056617,0.9277732713315372,0.01489740873393241,0.015317440515231491,0.8581199168196915,0.0004393107719301558,0.0004393107719301558,5.168362022707715
29870,0.0008916048170469049,0.0028234271811020256,0.9490511533116052,0.006312214639754125,0.013801923511241805,0.9278604041170959,0.01488464961835891,0.015319609564878985,0.8582414322061055,0.0004394578954304673,0.0004394578954304673,5.170092887417263
29880,0.0008903505770524764,0.0028236404019010785,0.9491228241684296,0.00630459902475683,0.013803218165791345,0.9279474397170651,0.014871900244772267,0.015321776958388714,0.8583628548116926,0.00043960501893077885,0.00043960501893077885,5.17182375212681
29890,0.0008890979599456987,0.0028238533468092305,0.9491944022888169,0.006296991912597367,0.013804511374858454,0.9280343781417446,0.014859160609358964,0.015323942696408976,0.8584841846727718,0.0004397521424310903,0.0004397521424310903,5.173554616836356
29900,0.0008878469659293054,0.0028240660157920175,0.9492658876611823,0.006289393302374455,0.013805803138596348,0.928121219401435,0.014846430708305484,0.015326106779588069,0.8586054218256621,0.00043989926593140184,0.00043989926593140184,5.175285481545903
29910,0.0008865975952060294,0.0028242784088149744,0.9493372802739409,0.006281803193186816,0.013807093457158246,0.9282079635064366,0.014833710537798313,0.015328269208574287,0.8587265663066826,0.00044004638943171337,0.00044004638943171337,5.177016346255451
29920,0.0008853498479786035,0.0028244905258436367,0.9494085801155081,0.0062742215841331776,0.013808382330697365,0.9282946104670496,0.014821000094023932,0.015330429984015933,0.858847618152153,0.0004401935129320249,0.0004401935129320249,5.178747210964998
29930,0.0008841037244497606,0.00282470236684354,0.949479787174299,0.006266648474312257,0.013809669759366922,0.9283811602935744,0.014808299373168833,0.015332589106561299,0.858968577398392,0.00044034063643233636,0.00044034063643233636,5.180478075674545
29940,0.0008828592248222344,0.0028249139317802195,0.9495509014387291,0.006259083862822779,0.013810955743320133,0.9284676129963113,0.014795608371419492,0.015334746576858686,0.8590894440817192,0.0004404877599326479,0.0004404877599326479,5.1822089403840925
29950,0.0008816163492987577,0.0028251252206192103,0.9496219228972136,0.006251527748763467,0.013812240282710216,0.9285539685855606,0.014782927084962398,0.015336902395556393,0.8592102182384533,0.00044063488343295935,0.00044063488343295935,5.183939805093639
29960,0.0008803750980820633,0.0028253362333260485,0.9496928515381675,0.0062439801312330415,0.013813523377690389,0.9286402270716226,0.014770255509984037,0.015339056563302714,0.859330899904914,0.0004407820069332709,0.0004407820069332709,5.185670669803186
29970,0.0008791354713748841,0.002825546969866269,0.9497636873500063,0.006236441009330229,0.013814805028413866,0.9287263884647976,0.014757593642670888,0.01534120908074595,0.8594514891174201,0.0004409291304335824,0.0004409291304335824,5.187401534512734
29980,0.0008778974693799536,0.0028257574302054072,0.9498344303211452,0.006228910382153749,0.013816085235033868,0.9288124527753859,0.014744941479209442,0.015343359948534396,0.8595719859122911,0.0004410762539338939,0.0004410762539338939,5.189132399222281
29990,0.0008766610923000045,0.0028259676143089986,0.9499050804399994,0.0062213882488023255,0.01381736399770361,0.9288984200136879,0.014732299015786177,0.01534550916731635,0.859692390325846,0.0004412233774342054,0.0004412233774342054,5.190863263931828
30000,0.0008754263403377699,0.0028261775221425783,0.9499756376949842,0.006213874608374681,0.01381864131657631,0.9289842901900038,0.014719666248587586,0.015347656737740112,0.859812702394404,0.0004413705009345169,0.0004413705009345169,5.1925941286413755
30010,0.000874193213695983,0.0028263871536716822,0.950046102074515,0.006206369459969537,0.013819917191805184,0.929070063314634,0.014707043173800142,0.015349802660453975,0.8599329221542844,0.00044151762443482844,0.00044151762443482844,5.194324993350922
